BLLac_allsed_1d_2_min11.ecsv
# %ECSV 1.0
# ---
# datatype:
# - {name: e_min, unit: MeV, datatype: float64}
# - {name: e_ref, unit: MeV, datatype: float64}
# - {name: e_max, unit: MeV, datatype: float64}
# - {name: ref_dnde_e_min, unit: ph / (cm2 MeV s), datatype: float64}
# - {name: ref_dnde_e_max, unit: ph / (cm2 MeV s), datatype: float64}
# - {name: ref_dnde, unit: ph / (cm2 MeV s), datatype: float64}
# - {name: ref_flux, unit: ph / (cm2 s), datatype: float64}
# - {name: ref_eflux, unit: MeV / (cm2 s), datatype: float64}
# - {name: ref_npred, datatype: float64}
# - {name: dnde, unit: ph / (cm2 MeV s), datatype: float64}
# - {name: dnde_err, unit: ph / (cm2 MeV s), datatype: float64}
# - {name: dnde_errp, unit: ph / (cm2 MeV s), datatype: float64}
# - {name: dnde_errn, unit: ph / (cm2 MeV s), datatype: float64}
# - {name: dnde_ul, unit: ph / (cm2 MeV s), datatype: float64}
# - {name: e2dnde, unit: MeV / (cm2 s), datatype: float64}
# - {name: e2dnde_err, unit: MeV / (cm2 s), datatype: float64}
# - {name: e2dnde_errp, unit: MeV / (cm2 s), datatype: float64}
# - {name: e2dnde_errn, unit: MeV / (cm2 s), datatype: float64}
# - {name: e2dnde_ul, unit: MeV / (cm2 s), datatype: float64}
# - {name: norm, datatype: float64}
# - {name: norm_err, datatype: float64}
# - {name: norm_errp, datatype: float64}
# - {name: norm_errn, datatype: float64}
# - {name: norm_ul, datatype: float64}
# - {name: ts, datatype: float64}
# - {name: loglike, datatype: float64}
# - {name: norm_scan, datatype: string, subtype: 'float64[20]'}
# - {name: dloglike_scan, datatype: string, subtype: 'float64[20]'}
# - {name: ShowUL, datatype: bool}
# - {name: tstart, datatype: float64}
# - {name: tend, datatype: float64}
# meta: !!omap
# - {UL_CONF: 0.95}
# - {EXTNAME: SED}
# - {CONFIG: '{"bin_index": 2.0, "use_local_index": true, "free_background": false, "free_radius": null, "free_pars": [], "ul_confidence":
#     0.95, "cov_scale": 3.0, "make_plots": false, "write_fits": true, "write_npy": true, "optimizer": {"optimizer": "MINUIT", "tol":
#     0.001, "max_iter": 100, "init_lambda": 0.0001, "retries": 3, "min_fit_quality": 2, "verbosity": 0}, "prefix": "", "outfile": null,
#     "loge_bins": []}'}
# - {SRCNAME: 4FGL J2202.7+4216}
# - {CREATOR: fermipy 1.2.0}
# - {STVER: 2.2.0}
# schema: astropy-2.0
e_min e_ref e_max ref_dnde_e_min ref_dnde_e_max ref_dnde ref_flux ref_eflux ref_npred dnde dnde_err dnde_errp dnde_errn dnde_ul e2dnde e2dnde_err e2dnde_errp e2dnde_errn e2dnde_ul norm norm_err norm_errp norm_errn norm_ul ts loglike norm_scan dloglike_scan ShowUL tstart tend
[from data line 1460]
413.52331434760555 476.5900816815941 549.2752115212968 5.218744620645108e-13 3.0681626932678345e-13 4.001494414685037e-13 5.427714899140831e-11 2.580358167161619e-08 0.0075545442726457565 6.260248372697364e-10 2.101201028176732e-10 2.2820049496974513e-10 1.9203971066560134e-10 1.0325991049817228e-09 0.00014219409581965516 4.772628217755281e-05 5.1833028205939086e-05 4.3619536149166544e-05 0.00023454260491871917 1564.477598599901 525.104076233509 570.2881756682574 479.9199767987607 2580.5336656030295 31.388463323609415 -222.17630134049924 [0.0,604.8209543996214,724.7780349246565,844.7351154496911,964.6921959747264,1084.649276499761,1204.6063570247968,1324.5634375498305,1444.520518074866,1564.477598599901,1716.7051512234275,1868.932703846956,2021.1602564704822,2173.3878090940098,2325.6153617175364,2477.842914341064,2630.070466964591,2782.2980195881173,2934.5255722116462,3086.7531248351734] [-15.694231661804707,-2.6968765512052073,-1.908244395455199,-1.3078355969690563,-0.854010992442312,-0.5178375711904266,-0.2783484912181109,-0.11983850567477816,-0.030224120985309355,0.0,-0.035353259934481684,-0.14180010089179973,-0.30958484039098266,-0.5308853619714,-0.7993293335601095,-1.1096534892841987,-1.4574578908745366,-1.8390249826568947,-2.2511839083051086,-2.6912071126238004] False 59948.99999055518 59949.99999055518
549.2752115212968 633.0528961793416 729.6086933380817 3.200089786162276e-13 1.8441322363592322e-13 2.4292774098290553e-13 4.379130784428369e-11 2.76401816519597e-08 0.006673318135242773 3.0310619595014717e-10 1.2014962130736313e-10 1.3453112078522718e-10 1.0576812182949907e-10 5.388298880971971e-10 0.00012147161737734229 4.815067795539565e-05 5.391414971951252e-05 4.238720619127877e-05 0.00021593929412509953 1247.7216258783567 494.58995840173674 553.790687884814 435.38922891865946 2218.0665160637777 23.36007852527615 -164.30603055625542 [0.0,385.4250836749463,493.2121514503725,600.9992192257989,708.786287001225,816.5733547766516,924.3604225520779,1032.1474903275036,1139.9345581029306,1247.7216258783567,1394.4559340404317,1541.1902422025073,1687.9245503645816,1834.6588585266568,1981.3931666887308,2128.127474850806,2274.861783012881,2421.5960911749553,2568.3303993370314,2715.064707499106] [-11.680039262638076,-2.6995350469536845,-1.8609366064408732,-1.248899707672365,-0.8007203158034031,-0.4770422345647205,-0.2514480913977195,-0.10529942252122737,-0.02492873279757646,0.0,-0.041019580910784725,-0.15465105487513142,-0.3292598623549736,-0.5558756863483154,-0.8274279484249121,-1.1382386594481488,-1.4836748847179706,-1.8599039075215842,-2.263716577821299,-2.692397178032337] False 59948.99999055518 59949.99999055518
729.6086933380817 840.8915725798939 969.1477682383326 1.8854390413327276e-13 1.0650703810699466e-13 1.4170833702490506e-13 3.394737178438309e-11 2.84481719431748e-08 0.005579678461735488 1.4648192644776812e-10 6.837295878459085e-11 7.565959016660343e-11 6.108632740257824e-11 2.8576973720260055e-10 0.00010357717051231153 4.834642595302048e-05 5.349879307036717e-05 4.319405883567378e-05 0.00020206739162490856 1033.6860168080589 482.4907286335199 533.91064883717 431.0708084298696 2016.6049733007374 18.065975854410624 -109.00763097193001 [0.0,233.0477374655244,333.12752238334116,433.2073073011579,533.2870922189746,633.366877136791,733.4466620546086,833.5264469724252,933.606231890242,1033.6860168080589,1184.3831163719435,1335.080215935829,1485.7773154997135,1636.474415063599,1787.1715146274837,1937.86861419137,2088.5657137552553,2239.2628133191406,2389.959912883026,2540.657012446911] [-9.032987927205312,-2.7087336970754876,-1.8057125599674038,-1.1857976679946631,-0.7489406467337858,-0.4415603144442457,-0.23123890295343585,-0.09671320049731946,-0.02320781791846116,0.0,-0.042724924867897585,-0.16148953617087614,-0.3419987787895309,-0.5737315014791875,-0.8487035154735594,-1.1607030287117084,-1.504796148261363,-1.8769949017669205,-2.2740272886735795,-2.6931737101316173] False 59948.99999055518 59949.99999055518
969.1477682383326 1116.9661194245136 1287.3303254983532 1.0674183371605577e-13 5.910665563263825e-14 7.943017567052981e-14 2.52877725636078e-11 2.8135463489425956e-08 0.004410624608395239 1.0571078957407711e-10 4.495581273932323e-11 4.9764083399524297e-11 4.014754207912217e-11 1.9739871604949933e-10 0.00013188618828854532 5.608747042276295e-05 6.208633290585119e-05 5.008860793967472e-05 0.00024627726590366496 1330.8643557903893 565.9790169141315 626.5135759732151 505.4444578550481 2485.185439703594 31.06826927213109 -76.73410517110841 [0.0,392.3803152514114,509.69082031878344,627.0013253861556,744.311830453528,861.6223355209,978.9328405882728,1096.2433456556448,1213.5538507230174,1330.8643557903893,1508.1593627667382,1685.4543697430863,1862.7493767194346,2040.0443836957832,2217.3393906721317,2394.6343976484804,2571.9294046248297,2749.224411601177,2926.519418577525,3103.814425553875] [-15.534134636065545,-2.6955986295622836,-1.8170558222821285,-1.1996703650824543,-0.759834537698012,-0.44873820966255096,-0.2353448892074823,-0.0986718511578033,-0.023860598542569278,0.0,-0.04284645647327068,-0.1626772768420608,-0.3446088303777657,-0.5777048146770056,-0.8536921030556783,-1.1661600010211401,-1.5100396597464965,-1.8812536347808617,-2.2764729121263656,-2.692944117626368] False 59948.99999055518 59949.99999055518
1287.3303254983532 1483.6791717563765 1709.9759409858673 5.806690179470983e-14 3.151855494996167e-14 4.2780659590410635e-14 1.8100941621253238e-11 2.6738683561825294e-08 0.0032954795871446563 4.6608974928326516e-11 2.6490553731987162e-11 2.9875069218650385e-11 2.310603824532394e-11 1.0339593828342184e-10 0.00010260051757178193 5.8313758838175106e-05 6.576410592680665e-05 5.086341174954356e-05 0.0002276058806058792 1089.4870573424726 619.2179827429559 698.3311969632871 540.1047685226247 2416.885089508957 14.079059034961062 -79.21223145149152 [0.0,171.7955313015108,286.50697205663107,401.21841281175125,515.9298535668718,630.6412943219916,745.3527350771121,860.0641758322321,974.7756165873519,1089.4870573424726,1297.0811148736238,1504.6751724047747,1712.2692299359248,1919.8632874670764,2127.4573449982277,2335.0514025293796,2542.645460060529,2750.2395175916813,2957.833575122831,3165.427632653982] [-7.039529517480531,-2.6889401774843833,-1.679208853304317,-1.058573951142563,-0.6495658250712353,-0.3746457957670941,-0.19274331235402542,-0.07937942387300723,-0.01874174014209018,0.0,-0.04888269545344315,-0.17944745812053498,-0.3719538584632147,-0.6131361679497616,-0.8936324090136623,-1.2065794920619624,-1.5467908060296196,-1.9102478389677486,-2.2937717239975086,-2.6948031211614136] False 59948.99999055518 59949.99999055518
1709.9759409858673 1970.7884119509856 2271.3810595726877 3.035250095102645e-14 1.6149833177869117e-14 2.2140185791681824e-14 1.2450245645148808e-11 2.4418119027111386e-08 0.002324629129120792 2.883636505389827e-11 1.7509270493801197e-11 1.989749666534444e-11 1.5121044322257954e-11 6.710569375708136e-11 0.00011200064270540413 6.800612854439491e-05 7.72820156279006e-05 5.87302414608892e-05 0.0002606389819222065 1302.4445831313776 790.8366559588455 898.7050448700402 682.9682670476507 3030.9453763614442 14.66685138661434 -59.079174725630786 [0.0,174.83419740340847,315.7854956194046,456.7367938354008,597.688092051397,738.6393902673929,879.5906884833893,1020.5419866993853,1161.4932849153813,1302.4445831313776,1574.8890128528503,1847.333442574323,2119.777872295795,2392.2223020172673,2664.66673173874,2937.111161460211,3209.5555911816864,3482.0000209031577,3754.44445062463,4026.888880346103] [-7.33342569330717,-2.704735531605799,-1.6365615250893129,-1.0144518316488345,-0.6153715389415382,-0.3516994090194814,-0.17942899730137896,-0.0731876625730763,-0.016967125186631904,0.0,-0.052001912681504336,-0.18752642027965294,-0.38467753014682415,-0.6292536261023614,-0.9115069712341111,-1.2244500531565166,-1.5628987205825382,-1.922897765262583,-2.3013588621151726,-2.6958230226609103] False 59948.99999055518 59949.99999055518
4007.6519721450045 4618.915317184078 5323.411028602609 3.4121094370502253e-15 1.710032083067829e-15 2.415536505270497e-15 3.1895179394505476e-12 1.4640171529731994e-08 0.0006094081937000895 7.562678369384242e-12 6.3288070709460495e-12 7.49617681124759e-12 5.161437330644512e-12 2.222130965865699e-11 0.00016134504437408326 0.00013502116681711303 0.00015992627494816917 0.00011011605868605692 0.00047407783563036465 3130.84830342374 2620.041989486446 3103.3175424555016 2136.766436517391 9199.326779028994 10.86833945235081 -41.11817184675058 [0.0,93.53491441591117,473.19908804188975,852.8632616678683,1232.527435293846,1612.191608919825,1991.8557825458038,2371.5199561717827,2751.1841297977608,3130.84830342374,4070.2644389687225,5009.680574513707,5949.096710058685,6888.512845603672,7827.928981148656,8767.345116693637,9706.76125223862,10646.177387783604,11585.59352332859,12525.009658873567] [-5.434169726175405,-2.7532082758058536,-1.2310839177816177,-0.7080244795066761,-0.4157461958647204,-0.23365689746888307,-0.11808672229712869,-0.047889069585714594,-0.011048406101373587,0.0,-0.054079136894344515,-0.19084359632064718,-0.38564844913896223,-0.623840165087195,-0.8958827602028308,-1.1951714704394405,-1.5169177375146745,-1.8575259531498887,-2.214220222648727,-2.584808509731566] False 59948.99999055518 59949.99999055518
7071.149185711414 8149.575733880153 9392.473966813408 6.51033761602747e-16 3.1353262488618316e-16 4.517967730792634e-16 1.0539703575047278e-12 8.527795386483283e-09 0.00020479865562531008 4.722174993376823e-12 3.3865408457908352e-12 3.958597093801013e-12 2.814484597780657e-12 1.2625275876209303e-11 0.0003136260129681264 0.00022491909018805217 0.00026291254034789904 0.00018692564002820522 0.0008385150785881137 10451.989201233991 7495.717206454459 8761.897670983399 6229.536741925518 27944.59064008038 18.99801507583137 -20.76605553596255 [0.0,1123.0447254728945,2289.1627849430306,3455.280844413167,4621.398903883305,5787.516963353441,6953.635022823574,8119.753082293717,9285.871141763855,10451.989201233991,13219.233770781175,15986.478340328375,18753.72290987555,21520.96747942275,24288.212048969937,27055.456618517124,29822.70118806432,32589.94575761151,35357.190327158685,38124.434896705876] [-9.499007537915684,-2.6445684974434194,-1.489362017419424,-0.8979456800435948,-0.5395156040352802,-0.3094628774792767,-0.16097725792030815,-0.0690122536223754,-0.018581841945213284,0.0,-0.04839722729437668,-0.18799034435730633,-0.3901767114968777,-0.6381378617360127,-0.9211229917760342,-1.231829757180332,-1.565063496182983,-1.9169918992011539,-2.284703307778809,-2.6659311932612795] False 59948.99999055518 59949.99999055518
9392.473966813408 10825.05221838098 12476.13311942254 2.678735858380325e-16 1.2645023712876016e-16 1.8404531629397772e-16 5.707810718522874e-13 6.13152485324226e-09 0.00011101692354270609 1.6391565629947638e-12 1.6644524867720524e-12 2.0865652522855285e-12 1.242339721258576e-12 6.0289815367774445e-12 0.00019207924364135395 0.00019504346439734677 0.00024450737929212406 0.00014557954950256943 0.000706486640541608 8906.266108812686 9043.710105142818 11337.236362769665 6750.183847515969 32758.136192649872 14.827319182160592 -3.254320747926413 [0.0,989.5851232014088,1979.1702464028176,2968.755369604227,3958.340492805635,4947.925616007044,5937.510739208454,6927.095862409862,7916.68098561127,8906.266108812686,12831.025226620266,16755.784344427844,20680.543462235444,24605.302580043022,28530.061697850604,32454.820815658175,36379.579933465764,40304.339051273375,44229.09816908092,48153.8572868885] [-7.413659591080296,-1.3165460022329318,-0.7342676886935955,-0.43899955956182346,-0.26134636699582536,-0.14816443557654235,-0.07577086302549052,-0.03152894499008463,-0.00789429921602558,0.0,-0.07067230468152541,-0.23954601445709134,-0.46483353265054284,-0.7267949846877437,-1.014524483358966,-1.3213569704634125,-1.642919662846376,-1.9761881890069315,-2.3189835012767563,-2.6696835238317007] False 59948.99999055518 59949.99999055518
132.83117061068992 153.091119887046 176.4411988580621 3.7127309016128235e-12 2.2332130130382163e-12 2.8794650481280164e-12 1.2541565015970743e-10 1.9162608711417412e-08 0.0094618728541736 4.491872763475236e-09 1.6573612850811863e-09 1.7689602565075206e-09 1.5457623136548522e-09 7.560960351314668e-09 0.00010527553229074774 3.8843395766626665e-05 4.1458928694348706e-05 3.6227862838904625e-05 0.0001772054035203927 1559.9678024900738 575.5795807136683 614.3364225440237 536.8227388833129 2625.821194193749 12.734548159923406 -266.41800295676455 [0.0,425.3756339782236,567.199655042205,709.0236761061863,850.8476971701673,992.6717182341481,1134.4957392981303,1276.3197603621109,1418.1437814260923,1559.9678024900738,1717.4846200505308,1875.0014376109866,2032.5182551714433,2190.035072731901,2347.551890292358,2505.0687078528144,2662.5855254132703,2820.102342973727,2977.619160534184,3135.13597809464] [-6.367274079961703,-2.697391543533513,-1.9503352533147336,-1.3601672272614564,-0.9003234359343537,-0.5510909262117707,-0.29731777763464606,-0.12703475327634806,-0.030577233351607447,0.0,-0.03523513984271176,-0.13596436113925847,-0.2957835969765483,-0.5092465650958502,-0.7716749772307026,-1.0790148676308036,-1.4277259421094755,-1.8146950583761736,-2.237167662196555,-2.692692799642373] False 59949.99999055518 59950.99999055518
176.4411988580621 203.35272664697808 234.36890988269914 2.4224609206848406e-12 1.4378446581262705e-12 1.8663125392940855e-12 1.0800293296057809e-10 2.1912994764947524e-08 0.010105005271830472 3.1255539834473788e-09 9.524111586177078e-10 1.0211085226648296e-09 8.837137945705862e-10 4.906530082324582e-09 0.00012924894424075226 3.9384421893323805e-05 4.222521806009479e-05 3.6543625726552826e-05 0.00020289645815890932 1674.721632974501 510.317076355254 547.1262187688317 473.5079339416764 2628.997008282669 24.444186281878615 -256.72468703397755 [0.0,668.375754427865,794.1689892461949,919.9622240645243,1045.7554588828539,1171.5486937011835,1297.3419285195125,1423.1351633378424,1548.928398156171,1674.721632974501,1816.5681006462173,1958.414568317934,2100.2610359896503,2242.1075036613674,2383.9539713330832,2525.8004390048013,2667.646906676516,2809.493374348234,2951.3398420199496,3093.186309691667] [-12.222093140939307,-2.701335011362005,-1.9472785414274085,-1.3534918762002235,-0.8926333139524445,-0.5441247323120706,-0.2920461299164572,-0.12379964240017216,-0.029226027751917627,0.0,-0.03682795653088533,-0.13972022655337923,-0.3017909865202455,-0.5172343541213991,-0.7811045930144473,-1.0891502155957369,-1.437686742451433,-1.8234977062264193,-2.2437566368051876,-2.6959648660393896] False 59949.99999055518 59950.99999055518
