BLLac_allsed_1d_2_min11.ecsv
# %ECSV 1.0
# ---
# datatype:
# - {name: e_min, unit: MeV, datatype: float64}
# - {name: e_ref, unit: MeV, datatype: float64}
# - {name: e_max, unit: MeV, datatype: float64}
# - {name: ref_dnde_e_min, unit: ph / (cm2 MeV s), datatype: float64}
# - {name: ref_dnde_e_max, unit: ph / (cm2 MeV s), datatype: float64}
# - {name: ref_dnde, unit: ph / (cm2 MeV s), datatype: float64}
# - {name: ref_flux, unit: ph / (cm2 s), datatype: float64}
# - {name: ref_eflux, unit: MeV / (cm2 s), datatype: float64}
# - {name: ref_npred, datatype: float64}
# - {name: dnde, unit: ph / (cm2 MeV s), datatype: float64}
# - {name: dnde_err, unit: ph / (cm2 MeV s), datatype: float64}
# - {name: dnde_errp, unit: ph / (cm2 MeV s), datatype: float64}
# - {name: dnde_errn, unit: ph / (cm2 MeV s), datatype: float64}
# - {name: dnde_ul, unit: ph / (cm2 MeV s), datatype: float64}
# - {name: e2dnde, unit: MeV / (cm2 s), datatype: float64}
# - {name: e2dnde_err, unit: MeV / (cm2 s), datatype: float64}
# - {name: e2dnde_errp, unit: MeV / (cm2 s), datatype: float64}
# - {name: e2dnde_errn, unit: MeV / (cm2 s), datatype: float64}
# - {name: e2dnde_ul, unit: MeV / (cm2 s), datatype: float64}
# - {name: norm, datatype: float64}
# - {name: norm_err, datatype: float64}
# - {name: norm_errp, datatype: float64}
# - {name: norm_errn, datatype: float64}
# - {name: norm_ul, datatype: float64}
# - {name: ts, datatype: float64}
# - {name: loglike, datatype: float64}
# - {name: norm_scan, datatype: string, subtype: 'float64[20]'}
# - {name: dloglike_scan, datatype: string, subtype: 'float64[20]'}
# - {name: ShowUL, datatype: bool}
# - {name: tstart, datatype: float64}
# - {name: tend, datatype: float64}
# meta: !!omap
# - {UL_CONF: 0.95}
# - {EXTNAME: SED}
# - {CONFIG: '{"bin_index": 2.0, "use_local_index": true, "free_background": false, "free_radius": null, "free_pars": [], "ul_confidence":
#     0.95, "cov_scale": 3.0, "make_plots": false, "write_fits": true, "write_npy": true, "optimizer": {"optimizer": "MINUIT", "tol":
#     0.001, "max_iter": 100, "init_lambda": 0.0001, "retries": 3, "min_fit_quality": 2, "verbosity": 0}, "prefix": "", "outfile": null,
#     "loge_bins": []}'}
# - {SRCNAME: 4FGL J2202.7+4216}
# - {CREATOR: fermipy 1.2.0}
# - {STVER: 2.2.0}
# schema: astropy-2.0
e_min e_ref e_max ref_dnde_e_min ref_dnde_e_max ref_dnde ref_flux ref_eflux ref_npred dnde dnde_err dnde_errp dnde_errn dnde_ul e2dnde e2dnde_err e2dnde_errp e2dnde_errn e2dnde_ul norm norm_err norm_errp norm_errn norm_ul ts loglike norm_scan dloglike_scan ShowUL tstart tend
[from data line 1074]
413.52331434760555 476.5900816815941 549.2752115212968 4.959764815661087e-13 2.9640113732415953e-13 3.834162140836377e-13 5.199047566280397e-11 2.4726051670806133e-08 0.006773850776407353 6.34758639261504e-10 2.072753139747807e-10 2.2506659047168296e-10 1.8948403747787847e-10 1.0355813022887114e-09 0.0001441778750618711 4.708012222792984e-05 5.112119907399829e-05 4.30390453818614e-05 0.00023521997556661948 1655.5341582999376 540.6013266031729 587.0033196420518 494.1993335642941 2700.932470380117 34.866558502999794 -133.20406443705033 [0.0,663.5774679228153,787.5720542199563,911.5666405170958,1035.5612268142368,1159.5558131113764,1283.5503994085166,1407.5449857056578,1531.5395720027982,1655.5341582999376,1812.3598752330436,1969.185592166147,2126.011309099252,2282.8370260323572,2439.6627429654627,2596.4884598985664,2753.314176831671,2910.139893764775,3066.965610697879,3223.7913276309855] [-17.433279251499897,-2.698036338564094,-1.9102443080032572,-1.3093505968377315,-0.8546884942244901,-0.5177616000165415,-0.2777902472830647,-0.11913442008673769,-0.02971483156707677,0.0,-0.03614161341238287,-0.14328188446359036,-0.3116570803691445,-0.5334200534233844,-0.8021657645091125,-1.1125957181803585,-1.4602750606597112,-1.841453151255223,-2.252928633344993,-2.6919463484344135] False 59904.99999055518 59905.99999055518
549.2752115212968 633.0528961793416 729.6086933380817 3.0931764540273513e-13 1.8114543289535784e-13 2.367096930390708e-13 4.265558810045288e-11 2.6933588389283292e-08 0.006075762238947173 4.030365305825786e-10 1.4224449202091025e-10 1.5855235391046472e-10 1.2593663013135578e-10 6.777190639471762e-10 0.00016151929550153668 5.700532928611035e-05 6.35408022858649e-05 5.046985628635579e-05 0.00027159996042661554 1702.6617094047522 600.9238159817633 669.8177496444744 532.029882319052 2863.0811659888946 33.902178799027865 -162.21675365395447 [0.0,623.512172973747,758.4058650276229,893.2995570814986,1028.1932491353741,1163.0869411892502,1297.9806332431256,1432.8743252970016,1567.7680173508763,1702.6617094047522,1876.8209167727405,2050.9801241407285,2225.1393315087157,2399.2985388767042,2573.457746244692,2747.6169536126804,2921.776160980666,3095.9353683486543,3270.0945757166423,3444.2537830846304] [-16.951089399513933,-2.698558726446606,-1.8888835946561358,-1.2828614947818267,-0.830665902627743,-0.4992182024110434,-0.2653606272819502,-0.11220537161969446,-0.02703134414198871,0.0,-0.03865940566510062,-0.14826986114053398,-0.3186451144025,-0.5417168978931386,-0.8109768052940183,-1.1210921565971717,-1.4676342740244195,-1.8468816768538545,-2.2556745700808563,-2.691305288846479] False 59904.99999055518 59905.99999055518
729.6086933380817 840.8915725798939 969.1477682383326 1.8525701394971539e-13 1.0632099751838947e-13 1.4034496970113315e-13 3.360838839304852e-11 2.8174645527911043e-08 0.0051573082841528395 3.1644495658948756e-10 1.0192137027016892e-10 1.1316090828790406e-10 9.068183225243379e-11 5.132622829603485e-10 0.00022375779743801817 7.206846198248215e-05 8.001592399348781e-05 6.412099997147652e-05 0.0003629270606205378 2254.7652207511396 726.2203304273185 806.305409655095 646.135251199542 3657.147698655311 43.77608882396362 -146.35169761047024 [0.0,937.4376844427672,1102.103626481313,1266.7695685198598,1431.4355105584063,1596.1014525969522,1760.7673946354992,1925.4333366740461,2090.0992787125915,2254.7652207511396,2464.0660636336256,2673.3669065161107,2882.6677493985976,3091.968592281087,3301.2694351635705,3510.5702780460597,3719.871120928545,3929.171963811031,4138.472806693517,4347.773649576004] [-21.88804441198181,-2.695148029784292,-1.9123918932055233,-1.3141757422038438,-0.8605772740589543,-0.523598604893948,-0.28280306000920064,-0.12279204761048845,-0.031659462606342004,0.0,-0.03384528062022696,-0.13925601748172767,-0.3064339964881242,-0.5275018030924628,-0.7960271354806991,-1.1066865606144631,-1.4550222036361617,-1.8372620533020552,-2.2501848450946227,-2.6910168321505523] False 59904.99999055518 59905.99999055518
969.1477682383326 1116.9661194245136 1287.3303254983532 1.0655847655712042e-13 5.993135204105031e-14 7.991366323416023e-14 2.543182666639985e-11 2.8306154385636712e-08 0.004136936459304255 1.031841504583567e-10 4.612384645823903e-11 5.113519902429595e-11 4.111249389218212e-11 1.9771262860885572e-10 0.00012873391969329853 5.7544724839279727e-05 6.379695501152832e-05 5.1292494667031135e-05 0.0002466689073915039 1291.1953511129896 577.1709691631647 639.8805530220955 514.4613853042341 2474.0779061713774 28.122615307068045 -50.15486434331934 [0.0,347.45355203350084,465.4212769184366,583.3890018033728,701.356726688309,819.3244515732451,937.2921764581816,1055.259901343117,1173.227626228053,1291.1953511129896,1473.5951785458708,1655.9950059787518,1838.3948334116326,2020.7946608445143,2203.194488277396,2385.594315710278,2567.994143143158,2750.39397057604,2932.793798008921,3115.1936254418015] [-14.061307653534023,-2.692926424670212,-1.7917034512209895,-1.1720984436914463,-0.7368866136898546,-0.4321658073123089,-0.22484771472475273,-0.09312129041817485,-0.021829375233878068,0.0,-0.0451426497024201,-0.16737307223530706,-0.3513136380527939,-0.5858086657167476,-0.8625010484992615,-1.1749638651337833,-1.5181455919840658,-1.8880018985494473,-2.2812433153524267,-2.6951575146887805] False 59904.99999055518 59905.99999055518
1287.3303254983532 1483.6791717563765 1709.9759409858673 5.886331618558502e-14 3.244385766942166e-14 4.370072141595935e-14 1.8482704842590277e-11 2.7312499705998623e-08 0.003135505174841763 1.3154299701951511e-10 4.528467728150859e-11 4.941557215613443e-11 4.1153782406882744e-11 2.2025496605387016e-10 0.00028956611034462417 9.968533601733768e-05 0.00010877869095215409 9.059198108252125e-05 0.0004848481123996632 3010.087539915898 1036.2455312916363 1130.7724576392927 941.7186049439798 5040.076202802314 55.888045967217636 -103.37223187042358 [0.0,1155.8999830755959,1387.6734276806337,1619.446872285671,1851.2203168907095,2082.993761495747,2314.767206100787,2546.5406507058224,2778.314095310861,3010.087539915898,3317.5573379966254,3625.027136077356,3932.4969341580822,4239.96673223881,4547.436530319539,4854.906328400266,5162.376126480993,5469.84592456172,5777.315722642449,6084.785520723178] [-27.944022983608818,-2.6964130288401833,-1.8763702379934841,-1.2677629487374702,-0.8169221131630167,-0.4885936255794263,-0.2583264364713074,-0.10843880679800577,-0.02571336650149192,0.0,-0.040461958982945134,-0.1529395540253944,-0.3263784566192669,-0.5521329370457551,-0.8233078864365382,-1.1343121567854269,-1.4805464671379127,-1.8581798520325918,-2.2639860380452888,-2.695221392855615] False 59904.99999055518 59905.99999055518
1709.9759409858673 1970.7884119509856 2271.3810595726877 3.122804718962899e-14 1.6867638262986556e-14 2.295089112984798e-14 1.2900650157548182e-11 2.5310469194263265e-08 0.0022435219097871606 2.0159237376075194e-11 1.446056363164629e-11 1.6859683442574267e-11 1.2061443820718317e-11 5.37929371191592e-11 7.829861837131921e-05 5.6164929858516655e-05 6.548312791326337e-05 4.684673180376995e-05 0.00020893214242142304 878.3640365867019 630.0654536607561 734.5982056726327 525.5327016488797 2343.827819792177 12.950807443081906 -20.74413724555323 [0.0,81.8643361036893,181.4267986640658,280.9892612244424,380.55172378481905,480.1141863451953,579.6766489055722,679.2391114659487,778.8015740263253,878.3640365867019,1112.9883117757931,1347.6125869648843,1582.2368621539756,1816.8611373430667,2051.485412532158,2286.10968772125,2520.73396291034,2755.3582380994308,2989.9825132885235,3224.6067884776153] [-6.475403721540953,-2.6670985206015168,-1.4709891804959092,-0.8727820427778603,-0.5153667459939975,-0.2890563993295956,-0.1453870430744395,-0.05862304217847836,-0.013447248201575945,0.0,-0.058856380819563014,-0.20619795744358882,-0.41374789765335507,-0.6649349230667738,-0.9492090002472615,-1.2594368513979184,-1.59056925182281,-1.9389007559957392,-2.301631472036494,-2.676594087375719] False 59904.99999055518 59905.99999055518
2271.3810595726877 2617.821317854317 3017.1020504598932 1.5910664125792964e-14 8.422081684361228e-15 1.1575876334855368e-14 8.648001481738402e-12 2.252667581381558e-08 0.0015271638873073923 3.700808673909751e-11 1.7746335173470167e-11 1.9776007399747837e-11 1.57166629471925e-11 7.381303558583327e-11 0.00025361599106151427 0.0001216154300128838 0.00013552475034134113 0.00010770610968442647 0.0005058398804924667 3197.000872207391 1533.0446404334273 1708.381018221626 1357.7082626452286 6376.4533630667465 44.247823100385546 -46.30628225419629 [0.0,783.8031300808597,1085.4528478466761,1387.1025656124925,1688.7522833783094,1990.402001144125,2292.051718909942,2593.7014366757585,2895.351154441575,3197.000872207391,3688.9777115254137,4180.954550843434,4672.931390161458,5164.908229479482,5656.885068797503,6148.861908115523,6640.838747433547,7132.8155867515725,7624.792426069589,8116.769265387621] [-22.123911550192773,-2.7015969443502,-1.7542614262945904,-1.130317173773399,-0.7032982431874899,-0.4093914103947611,-0.21180164229605936,-0.08733439269720122,-0.020400048399842774,0.0,-0.046464298885133815,-0.1712075948177727,-0.35759786772782576,-0.5939043166585236,-0.8715266063491498,-1.1839610186318765,-1.5261629432157662,-1.8941358793879175,-2.2846564895564114,-2.6950848356046606] False 59904.99999055518 59905.99999055518
3017.1020504598932 3477.2827010020824 4007.6519721450045 7.785296693458094e-15 4.0385735715543224e-15 5.607271482005222e-15 5.567727732049946e-12 1.925538413541266e-08 0.0009910670905503016 1.0178570224939821e-11 8.537913397256422e-12 1.0152013383907136e-11 6.92381341060571e-12 3.0219281394898795e-11 0.00012307413080580074 0.00010323613700555358 0.000122753018895698 8.371925511540917e-05 0.00036539628936686585 1815.2447687979343 1522.6502630836005 1810.508625538613 1234.7919006285883 5389.302353538275 11.792158848693632 -31.12078265108525 [0.0,70.59453894953917,288.67581768058847,506.7570964116384,724.8383751426877,942.9196538737372,1161.0009326047862,1379.082211335836,1597.1634900668846,1815.2447687979343,2365.5642231679444,2915.8836775379577,3466.2031319079697,4016.52258627798,4566.842040647993,5117.161495018004,5667.480949388014,6217.800403758026,6768.11985812804,7318.439312498049] [-5.896079424346816,-2.5848542366012808,-1.2249147593238874,-0.7116979987582432,-0.4197902462826626,-0.23678492078614966,-0.12030077202684453,-0.049338663286484064,-0.011798470319220655,0.0,-0.05337849176599718,-0.19032122796823714,-0.3847533287391123,-0.6214555866490699,-0.8906980919877228,-1.1858501080425086,-1.5021730751674838,-1.8361536169805461,-2.185108939649716,-2.546940519578648] False 59904.99999055518 59905.99999055518
4007.6519721450045 4618.915317184078 5323.411028602609 3.658519778939822e-15 1.859858602723274e-15 2.6085109706678426e-15 3.4426929516206405e-12 1.58075814264398e-08 0.0006142295713034707 1.244296508540548e-11 7.323967784538098e-12 8.347824644182486e-12 6.300110924893708e-12 2.8619729628483515e-11 0.00026546292937397215 0.00015625230235553032 0.0001780956523412687 0.0001344089523697919 0.000610584150395108 4770.140982853437 2807.719755406274 3200.2260055840356 2415.2135052285116 10971.673092544504 24.70551540789088 -16.268085321549588 [0.0,800.27315879888,1296.5066368057005,1792.7401148125189,2288.973592819341,2785.2070708261585,3281.4405488329785,3777.674026839799,4273.907504846619,4770.140982853437,5748.573638652503,6727.0062944515685,7705.438950250635,8683.8716060497,9662.304261848765,10640.736917647835,11619.169573446894,12597.60222924597,13576.034885045032,14554.467540844103] [-12.35275770394544,-2.7001290222757213,-1.65281059163868,-1.0303043005161996,-0.6281793779444165,-0.36144213906896283,-0.1864402479920919,-0.07774217281938078,-0.01922019375517081,0.0,-0.04939091123743111,-0.18463912701317398,-0.3825781147233229,-0.6283137527826916,-0.9117010675797061,-1.2255175996366852,-1.5644384971898404,-1.9244249228475319,-2.302340596349648,-2.69570140251216] False 59904.99999055518 59905.99999055518
5323.411028602609 6135.359285332078 7071.149185711414 1.6511214744787454e-15 8.225744884927239e-16 1.1654056814297342e-15 2.0444507180224345e-12 1.2463408447224942e-08 0.000366361973599294 3.2188632078673787e-12 3.2056254468328742e-12 4.018470733915332e-12 2.3927801597504164e-12 1.159725150720979e-11 0.00012116648821387368 0.00012066818402609553 0.00015126582130880334 9.00705467433877e-05 0.00043655108879033796 2762.0109110146404 2750.651981462947 3448.1303789298695 2053.1735839960243 9951.257053236723 12.547295442800817 -13.921075684642563 [0.0,306.89010122384894,613.7802024476979,920.6703036715464,1227.5604048953958,1534.4505061192444,1841.3406073430929,2148.2307085669445,2455.1208097907916,2762.0109110146404,3944.65862317148,5127.306335328321,6309.954047485165,7492.601759642003,8675.249471798843,9857.897183955685,11040.544896112526,12223.192608269364,13405.840320426205,14588.488032583045] [-6.273647721400408,-1.2941143743863233,-0.716249275437967,-0.4240161444048294,-0.2490523768771169,-0.13842150281065102,-0.06850978270483132,-0.026710176523186746,-0.005493141757115794,0.0,-0.07619838493425846,-0.24648795342887553,-0.47140678412202774,-0.7320647393071411,-1.0179402513144122,-1.3225674355367119,-1.6416870446652787,-1.9723441645088329,-2.3124046245349383,-2.6602766352506464] False 59904.99999055518 59905.99999055518
7071.149185711414 8149.575733880153 9392.473966813408 7.156463754537551e-16 3.4941535479258245e-16 5.000578288410252e-16 1.1659703775172877e-12 9.437051992772568e-09 0.00021155536953015863 2.3305257931254624e-12 2.3766899458996253e-12 2.9799959543574056e-12 1.7733839374418446e-12 8.609105754674767e-12 0.00015478323307426686 0.00015784925227027693 0.00019791817354018157 0.00011778033100037228 0.0005717787919436683 4660.512562170817 4752.830190476241 5959.3026695814115 3546.3577113710708 17216.220321213514 13.801260642497045 -13.753250615427318 [0.0,517.8347291300908,1035.6694582601815,1553.5041873902724,2071.338916520363,2589.173645650453,3107.0083747805447,3624.8431039106354,4142.677833040726,4660.512562170817,6722.945954500161,8785.37934682951,10847.812739158855,12910.246131488204,14972.679523817555,17035.112916146896,19097.546308476234,21159.979700805583,23222.41309313495,25284.846485464288] [-6.9006303212485225,-1.3193147428743988,-0.7372204260433648,-0.44168213364424247,-0.2636450341876486,-0.1500336826970159,-0.07718794085490366,-0.03248086530714289,-0.008372955941036153,0.0,-0.0692861579586097,-0.23735721636201568,-0.46209342936963793,-0.7236348340006966,-1.011021571635876,-1.3175607322319305,-1.6388637047716248,-1.9718964571772144,-2.314473711162522,-2.664969191992343] False 59904.99999055518 59905.99999055518
