BLLac_allsed_1d_2_min11.ecsv
# %ECSV 1.0
# ---
# datatype:
# - {name: e_min, unit: MeV, datatype: float64}
# - {name: e_ref, unit: MeV, datatype: float64}
# - {name: e_max, unit: MeV, datatype: float64}
# - {name: ref_dnde_e_min, unit: ph / (cm2 MeV s), datatype: float64}
# - {name: ref_dnde_e_max, unit: ph / (cm2 MeV s), datatype: float64}
# - {name: ref_dnde, unit: ph / (cm2 MeV s), datatype: float64}
# - {name: ref_flux, unit: ph / (cm2 s), datatype: float64}
# - {name: ref_eflux, unit: MeV / (cm2 s), datatype: float64}
# - {name: ref_npred, datatype: float64}
# - {name: dnde, unit: ph / (cm2 MeV s), datatype: float64}
# - {name: dnde_err, unit: ph / (cm2 MeV s), datatype: float64}
# - {name: dnde_errp, unit: ph / (cm2 MeV s), datatype: float64}
# - {name: dnde_errn, unit: ph / (cm2 MeV s), datatype: float64}
# - {name: dnde_ul, unit: ph / (cm2 MeV s), datatype: float64}
# - {name: e2dnde, unit: MeV / (cm2 s), datatype: float64}
# - {name: e2dnde_err, unit: MeV / (cm2 s), datatype: float64}
# - {name: e2dnde_errp, unit: MeV / (cm2 s), datatype: float64}
# - {name: e2dnde_errn, unit: MeV / (cm2 s), datatype: float64}
# - {name: e2dnde_ul, unit: MeV / (cm2 s), datatype: float64}
# - {name: norm, datatype: float64}
# - {name: norm_err, datatype: float64}
# - {name: norm_errp, datatype: float64}
# - {name: norm_errn, datatype: float64}
# - {name: norm_ul, datatype: float64}
# - {name: ts, datatype: float64}
# - {name: loglike, datatype: float64}
# - {name: norm_scan, datatype: string, subtype: 'float64[20]'}
# - {name: dloglike_scan, datatype: string, subtype: 'float64[20]'}
# - {name: ShowUL, datatype: bool}
# - {name: tstart, datatype: float64}
# - {name: tend, datatype: float64}
# meta: !!omap
# - {UL_CONF: 0.95}
# - {EXTNAME: SED}
# - {CONFIG: '{"bin_index": 2.0, "use_local_index": true, "free_background": false, "free_radius": null, "free_pars": [], "ul_confidence":
#     0.95, "cov_scale": 3.0, "make_plots": false, "write_fits": true, "write_npy": true, "optimizer": {"optimizer": "MINUIT", "tol":
#     0.001, "max_iter": 100, "init_lambda": 0.0001, "retries": 3, "min_fit_quality": 2, "verbosity": 0}, "prefix": "", "outfile": null,
#     "loge_bins": []}'}
# - {SRCNAME: 4FGL J2202.7+4216}
# - {CREATOR: fermipy 1.2.0}
# - {STVER: 2.2.0}
# schema: astropy-2.0
e_min e_ref e_max ref_dnde_e_min ref_dnde_e_max ref_dnde ref_flux ref_eflux ref_npred dnde dnde_err dnde_errp dnde_errn dnde_ul e2dnde e2dnde_err e2dnde_errp e2dnde_errn e2dnde_ul norm norm_err norm_errp norm_errn norm_ul ts loglike norm_scan dloglike_scan ShowUL tstart tend
[from data line 930]
549.2752115212968 633.0528961793416 729.6086933380817 3.2597215508743875e-13 1.8621339789499047e-13 2.4637447639312124e-13 4.442141990722981e-11 2.803209839135452e-08 0.00411224952007995 1.043048685001457e-09 2.665386786182075e-10 2.920044030404156e-10 2.410729541959994e-10 1.5404091572300687e-09 0.00041800798684852973 0.00010681696652185374 0.00011702250759815716 9.66114254455503e-05 0.0006173281650183778 4233.590671694181 1081.8437141715597 1185.2055753311317 978.4818530119875 6252.308192721041 74.27352761015891 -132.5996613183782 [0.0,2148.841040593536,2409.4347444811156,2670.0284483686987,2930.6221522562796,3191.215856143858,3451.8095600314405,3712.403263919022,3972.9969678066027,4233.590671694181,4532.926716835101,4832.262761976018,5131.598807116934,5430.934852257853,5730.270897398773,6029.60694253969,6328.942987680606,6628.279032821521,6927.615077962442,7226.95112310336] [-37.136763805079454,-2.699515147709178,-1.9473621253378894,-1.3544524913286295,-0.8940952665334976,-0.5459121434427345,-0.2939716654300639,-0.12556981645309406,-0.030404529516232515,0.0,-0.03590324208215634,-0.13905880598929343,-0.3020517923094701,-0.5186472590266931,-0.7835502811070398,-1.092224413671147,-1.4407522177367298,-1.825726621223481,-2.2441652464945605,-2.6934420902819625] False 59892.99999055518 59893.99999055518
729.6086933380817 840.8915725798939 969.1477682383326 1.8633892729867285e-13 1.0638256061295419e-13 1.4079492969529825e-13 3.3720173458132584e-11 2.8264853770448064e-08 0.0034055189134925903 3.608001497555487e-10 1.295087005622919e-10 1.415121755929339e-10 1.1750522553164986e-10 6.15473885181206e-10 0.00025512129406233245 9.157542562598371e-05 0.00010006306645744428 8.308778479452311e-05 0.0004352007452197181 2562.5933443510744 919.8392359907315 1005.0942594253066 834.5842125561562 4371.420806936624 44.46828755615272 -85.41188567489999 [0.0,936.8618341227241,1140.0782729012687,1343.2947116798118,1546.5111504583556,1749.7275892368993,1952.9440280154427,2156.160466793988,2359.376905572531,2562.5933443510744,2837.1488700862606,3111.7043958214454,3386.259921556632,3660.815447291816,3935.3709730270016,4209.926498762186,4484.482024497374,4759.0375502325605,5033.593075967746,5308.148601702932] [-22.23414377807636,-2.6971041387069192,-1.8668756296741549,-1.256067966770786,-0.8065563241343483,-0.4808913728812456,-0.25347800469977244,-0.10602003275904792,-0.024968611422266918,0.0,-0.041314359612286466,-0.15519304175370507,-0.3300661597640584,-0.5569692978556162,-0.8288106066029854,-1.1398796650275926,-1.4855080835637864,-1.8618287176308144,-2.2656009085271904,-2.6940810970467624] False 59892.99999055518 59893.99999055518
969.1477682383326 1116.9661194245136 1287.3303254983532 1.0638968743766375e-13 6.070197322154593e-14 8.036208034819464e-14 2.556583792973182e-11 2.8464970956863743e-08 0.0027715555969394373 3.012229402690768e-10 9.847094052926443e-11 1.0759817545299028e-10 8.934370560553859e-11 4.946991346615775e-10 0.0003758097501420875 0.0001228536562437846 0.00013424091603584924 0.00011146639645171997 0.0006171932258100992 3748.3218324355357 1225.3408585567636 1338.917247870967 1111.7644692425602 6155.877654213703 51.3795965906142 -99.14513535538367 [0.0,1528.675049752399,1806.1308975877905,2083.586745423184,2361.042593258576,2638.4984410939696,2915.9542889293584,3193.410136764752,3470.8659846001447,3748.3218324355357,4110.836325878046,4473.3508193205535,4835.865312763063,5198.379806205573,5560.894299648083,5923.408793090591,6285.923286533099,6648.437779975612,7010.952273418118,7373.466766860629] [-25.6897982953071,-2.694899176742183,-1.8952453827132842,-1.2925224932874642,-0.8405742748287821,-0.5079625037410267,-0.2722816780350712,-0.11698355012835293,-0.02948785534857734,0.0,-0.03615647557475654,-0.14455032169391302,-0.3145968353440054,-0.5379193574170671,-0.80777040129135,-1.1186315504625526,-1.465929580683735,-1.8458304204825708,-2.2550866054304777,-2.690922338556419] False 59892.99999055518 59893.99999055518
1287.3303254983532 1483.6791717563765 1709.9759409858673 6.066920856677202e-14 3.45945776394542e-14 4.581294190605357e-14 1.9359900943600844e-11 2.863173165785034e-08 0.0022042829646794354 1.762208162318055e-10 6.290506728166195e-11 6.906252661703422e-11 5.6747607946289677e-11 3.014249556959037e-10 0.00038791556733672807 0.00013847316897466929 0.00015202760812952924 0.0001249187298198093 0.0006635279259200297 3846.5291443883525 1373.0850861020538 1507.4894504408269 1238.6807217632806 6579.471720327885 63.22578148286843 -81.61179879847809 [0.0,1452.2510729110138,1751.5358318456817,2050.820590780348,2350.105349715015,2649.3901086496817,2948.67486758435,3247.959626519019,3547.244385453686,3846.5291443883525,4260.026644842058,4673.524145295763,5087.021645749469,5500.519146203176,5914.01664665688,6327.5141471105835,6741.011647564294,7154.509148017995,7568.006648471698,7981.504148925409] [-31.612890741434214,-2.697002441748367,-1.8747629043191694,-1.2678677006826575,-0.8196675231194064,-0.4935162325272273,-0.26429455948911595,-0.11400684522321569,-0.029303858457822685,0.0,-0.03620239678561177,-0.1470575689793776,-0.32042388910272734,-0.5469323768028289,-0.8191971246399561,-1.131289168073451,-1.4783746486005498,-1.8564591649366236,-2.262202892099637,-2.6927841322845296] False 59892.99999055518 59893.99999055518
1709.9759409858673 1970.7884119509856 2271.3810595726877 3.4554927078750815e-14 1.9691831515566274e-14 2.608543275599311e-14 1.4642630327950504e-11 2.8764534695542283e-08 0.0017116007145894646 9.47555257168445e-11 3.9721128244919324e-11 4.386029169221061e-11 3.558196479762804e-11 1.751575626006711e-10 0.00036803112182616607 0.00015427713874822553 0.00017035367840545493 0.0001382005990909961 0.00068031319305743 3632.5073309383556 1522.7321937295987 1681.409394372947 1364.0549930862505 6714.7654493264545 37.31343051644397 -57.32938001339027 [0.0,1084.0028664538204,1402.5659245143868,1721.1289825749534,2039.6920406355207,2358.2550986960887,2676.8181567566558,2995.381214817223,3313.944272877789,3632.5073309383556,4104.177976690855,4575.848622443356,5047.519268195852,5519.189913948355,5990.860559700852,6462.531205453355,6934.201851205857,7405.872496958357,7877.543142710854,8349.213788463358] [-18.656715258221986,-2.698439385311289,-1.8240690131603756,-1.2076309454057608,-0.7668888585110452,-0.4540366075337161,-0.23870468823918145,-0.1003394508447144,-0.02435289142552932,0.0,-0.041871416398457484,-0.1598023934074675,-0.33969506966837315,-0.571078575785009,-0.8459550303611181,-1.1580727150959973,-1.5024491630164718,-1.8750473556598521,-2.2725494190917246,-2.692194482334429] False 59892.99999055518 59893.99999055518
2271.3810595726877 2617.821317854317 3017.1020504598932 1.9657328110138484e-14 1.1195333735823059e-14 1.48347682336994e-14 1.1061344884205284e-11 2.886289963525662e-08 0.001302951055803414 6.690411551686474e-11 2.7713035798376317e-11 3.062981694572938e-11 2.4796254651023257e-11 1.2319633990421673e-10 0.000458493131042566 0.00018991711430202488 0.00020990578182246658 0.00016992844678158318 0.0008442630947184448 4509.95354041878 1868.113836481921 2064.7317479587687 1671.4959250050733 8304.56788831778 55.4348294967938 -25.844382006067224 [0.0,1408.3883545447868,1796.0840027790357,2183.7796510132857,2571.4752992475364,2959.1709474817844,3346.8665957160333,3734.5622439502836,4122.257892184533,4509.95354041878,5093.489953107828,5677.026365796874,6260.562778485917,6844.099191174964,7427.635603864003,8011.172016553051,8594.708429242104,9178.244841931148,9761.781254620188,10345.317667309233] [-27.7174147483969,-2.6965193426410217,-1.814447481316062,-1.1955477245313482,-0.7553440673005198,-0.44456261191373514,-0.23190518120589942,-0.09623290859150657,-0.022589495821410566,0.0,-0.0445188386037394,-0.1655035854441742,-0.34816764279450396,-0.5816409265831766,-0.8576974333526834,-1.1699612045235916,-1.5133897817964517,-1.8839263066946117,-2.278258201641151,-2.6936454905737186] False 59892.99999055518 59893.99999055518
3017.1020504598932 3477.2827010020824 4007.6519721450045 1.1168937155297051e-14 6.357126190911232e-15 8.426288798431985e-15 8.345831971027206e-12 2.8926469654827077e-08 0.0009777582164733553 1.53318696681537e-11 1.2371880562665723e-11 1.4606668359609854e-11 1.013709276572159e-11 4.435720917573518e-11 0.00018538522516771196 0.00014959453174989197 0.00017661645718401503 0.00012257260631576885 0.0005363449721944591 1819.5281499260686 1468.2478679069197 1733.464008773109 1203.0317270407302 5264.145371327581 11.121934398208332 -31.57445004322597 [0.0,79.49574569019698,296.999796219681,514.5038467491648,732.0078972786487,949.5119478081332,1167.0159983376172,1384.5200488671014,1602.0240993965845,1819.5281499260686,2361.6445638793725,2903.760977832679,3445.877391785983,3987.9938057392887,4530.110219692593,5072.226633645898,5614.343047599204,6156.459461552508,6698.575875505813,7240.692289459114] [-5.560967199104166,-2.614901183715471,-1.2934713831600142,-0.7565370968557339,-0.44603850163133885,-0.25058311533118527,-0.1263508786753782,-0.05107894257666956,-0.011742433749461156,0.0,-0.057546508757969406,-0.20129067439218673,-0.40359889937217375,-0.6483972188352247,-0.9254786897205527,-1.2279449684184662,-1.550910233961833,-1.8907850678228364,-2.244853679770838,-2.6110108840991266] False 59892.99999055518 59893.99999055518
5323.411028602609 6135.359285332078 7071.149185711414 3.5925691189096815e-15 2.042334963396502e-15 2.708732087152178e-15 4.733818984602151e-12 2.8948428020207744e-08 0.0005445155041213165 9.932322709548612e-12 7.044284650892573e-12 8.218400998478732e-12 5.870168303306413e-12 2.635372053178539e-11 0.00037387878415630273 0.00026516542580666037 0.0003093622572357816 0.00022096859437753917 0.0009920234449235592 3666.7792863896507 2600.5837507165843 3034.0398142213976 2167.127687211771 9729.172056839458 24.149960848606632 -18.082322061219145 [0.0,389.7495966444773,799.3783078626237,1209.0070190807708,1618.635730298918,2028.2644415170648,2437.893152735211,2847.5218639533587,3257.1505751715026,3666.7792863896507,4637.035151010523,5607.291015631394,6577.546880252268,7547.802744873142,8518.058609494015,9488.314474114886,10458.570338735766,11428.826203356633,12399.082067977506,13369.337932598379] [-12.074980424303316,-2.6777791685577945,-1.4792122040219162,-0.8791281236102186,-0.5203052200205178,-0.2928245403081817,-0.14811715320347218,-0.06039581933734439,-0.014315443987168663,0.0,-0.057453389249488396,-0.20420585835213245,-0.41162370840624973,-0.6629614064139986,-0.9475737150482004,-1.2582709396918155,-1.5899682965808069,-1.938936813329029,-2.3023604094642955,-2.6780602665379547] False 59892.99999055518 59893.99999055518
12476.13311942254 14379.0435808939 16572.19366947696 6.494737711918154e-16 3.685468978946585e-16 4.892458928153499e-16 2.003924380015165e-12 2.8718779610171985e-08 0.00023309175087487394 2.0697857666393586e-12 2.1147441444415037e-12 2.6513607829604835e-12 1.5781275059225244e-12 7.662505405929041e-12 0.0004279424769792774 0.000437237931546471 0.0005481871211570296 0.00032628874193591244 0.0015842758202963972 4230.5633977402285 4322.456612302407 5419.280615118325 3225.6326094864894 15661.869661971812 16.82646881313179 -14.610455990546036 [0.0,470.0625997489145,940.125199497829,1410.1877992467432,1880.250398995658,2350.312998744572,2820.3755984934865,3290.4381982424024,3760.500797991316,4230.5633977402285,6110.973350195542,7991.383302650847,9871.793255106159,11752.203207561473,13632.61316001678,15513.023112472087,17393.433064927398,19273.843017382715,21154.252969838017,23034.662922293333] [-8.413234406565895,-1.3235268460990106,-0.7398819275085806,-0.44367010689111197,-0.265179205315917,-0.15120209087971048,-0.07803469927765683,-0.03303125423142994,-0.008642836655438302,0.0,-0.06883288368680773,-0.23712987014679676,-0.4623849037602632,-0.7245987355495558,-1.0127490071736194,-1.3201105877490829,-1.6422765666889738,-1.9762017462699646,-2.3196936473602427,-2.671121141610577] False 59892.99999055518 59893.99999055518
22013.03884703687 25370.556878452422 29240.177187505025 2.0638756817104596e-16 1.1697351262359645e-16 1.5537657098420345e-16 1.1229284986807038e-12 2.839385093770074e-08 0.00013173464272250163 4.716861156847752e-12 2.349924661198837e-12 2.6367478216524627e-12 2.0631015007452114e-12 9.693802776550432e-12 0.003036079173875302 0.0015125646243973276 0.0016971826988077072 0.0013279465499869483 0.006239563079530625 30357.60878856888 15124.060508696288 16970.04770378496 13278.073313607618 62389.08939196479 74.37679632025991 -11.729574731543025 [0.0,7238.662738645073,10128.530994885543,13018.39925112603,15908.267507366505,18798.135763606988,21688.00401984745,24577.87227608795,27467.74053232842,30357.60878856888,35355.73023829929,40353.85168802967,45351.97313776007,50350.094587490465,55348.21603722086,60346.33748695123,65344.45893668165,70342.58038641204,75340.70183614241,80338.82328587284] [-37.18839816012996,-2.687671895015356,-1.7251397143690923,-1.1020568953398033,-0.6810114379585244,-0.3941428474878812,-0.2029134285048766,-0.08332233634594388,-0.019404307011313904,0.0,-0.048825925067575326,-0.17838633186655883,-0.3697760139259483,-0.6100395826874099,-0.8899101536041041,-1.2025297229273804,-1.5426804363791007,-1.906299978752271,-2.290163700143527,-2.691669047519383] False 59892.99999055518 59893.99999055518
100.0 115.25240587974294 132.83117061068992 2.345552051912611e-12 1.589621973288717e-12 1.9309430548860626e-12 6.321180596484122e-11 7.291664134029581e-09 0.0016534883853416074 1.832103061858876e-08 5.540538764897942e-09 5.944284536141774e-09 5.1367929936541095e-09 2.870648174274927e-08 0.00024336039438614397 7.359562499553004e-05 7.895862733787345e-05 6.823262265318663e-05 0.0003813115574003787 9488.125800618094 2869.343428268457 3078.435959621048 2660.2508969158657 14866.560497530118 24.8896667125627 -174.1555082763973 [0.0,3833.119203742004,4539.995028351516,5246.870852961027,5953.746677570538,6660.622502180049,7367.498326789559,8074.374151399072,8781.249976008578,9488.125800618094,10287.392194771624,11086.65858892516,11885.924983078685,12685.191377232211,13484.457771385749,14283.72416553928,15082.990559692806,15882.25695384635,16681.52334799987,17480.789742153403] [-12.44483335628135,-2.7037120949522375,-1.9521664120628088,-1.3591668223435818,-0.8980831547776233,-0.5487816796405127,-0.29562126589490845,-0.12617686453191368,-0.03039252369734413,0.0,-0.035789015524215984,-0.13808009302621826,-0.2999203543281226,-0.5154341552209871,-0.7796061931077816,-1.088117423881556,-1.4372189171878915,-1.8236334799423446,-2.2444779454737045,-2.6972010740495875] False 59893.99999055518 59894.99999055518
