BLLac_allsed_1d_2_min11.ecsv
# %ECSV 1.0
# ---
# datatype:
# - {name: e_min, unit: MeV, datatype: float64}
# - {name: e_ref, unit: MeV, datatype: float64}
# - {name: e_max, unit: MeV, datatype: float64}
# - {name: ref_dnde_e_min, unit: ph / (cm2 MeV s), datatype: float64}
# - {name: ref_dnde_e_max, unit: ph / (cm2 MeV s), datatype: float64}
# - {name: ref_dnde, unit: ph / (cm2 MeV s), datatype: float64}
# - {name: ref_flux, unit: ph / (cm2 s), datatype: float64}
# - {name: ref_eflux, unit: MeV / (cm2 s), datatype: float64}
# - {name: ref_npred, datatype: float64}
# - {name: dnde, unit: ph / (cm2 MeV s), datatype: float64}
# - {name: dnde_err, unit: ph / (cm2 MeV s), datatype: float64}
# - {name: dnde_errp, unit: ph / (cm2 MeV s), datatype: float64}
# - {name: dnde_errn, unit: ph / (cm2 MeV s), datatype: float64}
# - {name: dnde_ul, unit: ph / (cm2 MeV s), datatype: float64}
# - {name: e2dnde, unit: MeV / (cm2 s), datatype: float64}
# - {name: e2dnde_err, unit: MeV / (cm2 s), datatype: float64}
# - {name: e2dnde_errp, unit: MeV / (cm2 s), datatype: float64}
# - {name: e2dnde_errn, unit: MeV / (cm2 s), datatype: float64}
# - {name: e2dnde_ul, unit: MeV / (cm2 s), datatype: float64}
# - {name: norm, datatype: float64}
# - {name: norm_err, datatype: float64}
# - {name: norm_errp, datatype: float64}
# - {name: norm_errn, datatype: float64}
# - {name: norm_ul, datatype: float64}
# - {name: ts, datatype: float64}
# - {name: loglike, datatype: float64}
# - {name: norm_scan, datatype: string, subtype: 'float64[20]'}
# - {name: dloglike_scan, datatype: string, subtype: 'float64[20]'}
# - {name: ShowUL, datatype: bool}
# - {name: tstart, datatype: float64}
# - {name: tend, datatype: float64}
# meta: !!omap
# - {UL_CONF: 0.95}
# - {EXTNAME: SED}
# - {CONFIG: '{"bin_index": 2.0, "use_local_index": true, "free_background": false, "free_radius": null, "free_pars": [], "ul_confidence":
#     0.95, "cov_scale": 3.0, "make_plots": false, "write_fits": true, "write_npy": true, "optimizer": {"optimizer": "MINUIT", "tol":
#     0.001, "max_iter": 100, "init_lambda": 0.0001, "retries": 3, "min_fit_quality": 2, "verbosity": 0}, "prefix": "", "outfile": null,
#     "loge_bins": []}'}
# - {SRCNAME: 4FGL J2202.7+4216}
# - {CREATOR: fermipy 1.2.0}
# - {STVER: 2.2.0}
# schema: astropy-2.0
e_min e_ref e_max ref_dnde_e_min ref_dnde_e_max ref_dnde ref_flux ref_eflux ref_npred dnde dnde_err dnde_errp dnde_errn dnde_ul e2dnde e2dnde_err e2dnde_errp e2dnde_errn e2dnde_ul norm norm_err norm_errp norm_errn norm_ul ts loglike norm_scan dloglike_scan ShowUL tstart tend
[from data line 1424]
5323.411028602609 6135.359285332078 7071.149185711414 3.436319727619315e-15 1.9388155258793762e-15 2.5811605993804233e-15 4.511680206582105e-12 2.7585074420162632e-08 0.0008268040825882561 3.0943024985198157e-12 3.135328335335851e-12 3.930958307695931e-12 2.3396983629757707e-12 1.1352171049098912e-11 0.00011647769507591594 0.00011802201561767884 0.0001479716231166702 8.807240811868745e-05 0.00042732561491292607 1198.8027785882693 1214.697115742604 1522.9421635521287 906.4520679330791 4398.087841501945 12.52929517301899 -3.9541221568750533 [0.0,133.20030873203,266.40061746406,399.6009261960899,532.80123492812,666.0015436601504,799.2018523921798,932.4021611242104,1065.60246985624,1198.8027785882693,1724.2860954974333,2249.7694124065956,2775.252729315758,3300.7360462249226,3826.2193631340842,4351.702680043247,4877.185996952408,5402.669313861573,5928.152630770734,6453.635947679901] [-6.264647586509495,-1.310547586659549,-0.7306953520339619,-0.43641782771799154,-0.25939524597658625,-0.14669974705434452,-0.0747204675572064,-0.030851601550777374,-0.007564224072873493,0.0,-0.07119721409512536,-0.23976903233885682,-0.4643979575168977,-0.7255146132111907,-1.0122898829197622,-1.3180983754546896,-1.6385898700829795,-1.9707537754497846,-2.312419935872426,-2.661972270238044] False 59943.99999055518 59944.99999055518
12476.13311942254 14379.0435808939 16572.19366947696 5.682497402060148e-16 3.1764596918246014e-16 4.248555512941083e-16 1.7408169010237217e-12 2.49392570996672e-08 0.0003220662591714163 1.310373800885756e-12 1.3254441219242717e-12 1.6621696756543344e-12 9.88718568194209e-13 4.794902433409588e-12 0.0002709288174448583 0.00027404471021890456 0.0003436650399399997 0.00020442438049780943 0.0009913791356092538 3084.2807558812938 3119.752390870201 3912.3171877862305 2327.1875939541715 11285.959236743724 10.094333603862957 -6.026272714783927 [0.0,342.697861764588,685.395723529176,1028.0935852937637,1370.791447058352,1713.489308822941,2056.1871705875274,2398.885032352116,2741.582894116704,3084.2807558812938,4427.610173445346,5770.939591009404,7114.26900857346,8457.598426137516,9800.927843701566,11144.257261265622,12487.586678829684,13830.916096393736,15174.24551395779,16517.574931521845] [-5.047166801931478,-1.2953895091820389,-0.7231807713908793,-0.4316343834169949,-0.25610211015734663,-0.14439852575314838,-0.07316138787948212,-0.029891723954588834,-0.007114118341718267,0.0,-0.07182204766763878,-0.239874524074569,-0.46348853578670024,-0.7233309859649077,-1.008679430608339,-1.312963694155739,-1.6318650028840747,-1.9623919907536056,-2.302386917271578,-2.6502420764917556] False 59943.99999055518 59944.99999055518
16572.19366947696 19099.851911122612 22013.03884703687 3.080554989678151e-16 1.716669766213346e-16 2.299629451441725e-16 1.2517084709982553e-12 2.381780856810592e-08 0.0002316809567784045 9.749095328448073e-13 9.962370796918914e-13 1.2492474373419733e-12 7.432267220418096e-13 3.608441463749257e-12 0.0003556512316400282 0.00036343161335595234 0.00045573089065746965 0.0002711323360544349 0.0013163751175337632 4239.420104111117 4332.163510374737 5432.3857983240405 3231.9412224254324 15691.40394113055 12.639539190630412 -5.133126362918352 [0.0,471.0466782345686,942.0933564691372,1413.1400347037056,1884.1867129382745,2355.233391172842,2826.2800694074112,3297.326747641979,3768.373425876549,4239.420104111117,6118.852244610966,7998.284385110814,9877.716525610676,11757.148666110514,13636.580806610365,15516.012947110212,17395.44508761007,19274.87722810991,21154.30936860976,23033.74150910961] [-6.319769595315206,-1.318784995878901,-0.7377926107562152,-0.4424694977184451,-0.26442507773049684,-0.1507172584442893,-0.07773042244922301,-0.0328567239652644,-0.008566217315606472,0.0,-0.06868770061323382,-0.2363736013718798,-0.4608159595208132,-0.7221107828342692,-1.0092784461533908,-1.3156158467563115,-1.6367285847155628,-1.9695790964923603,-2.3119798272692798,-2.66230296886409] False 59943.99999055518 59944.99999055518
29240.177187505025 33700.007692099294 38840.06964680279 8.886495915441387e-17 4.921479932310569e-17 6.613222460828341e-17 6.352235118561122e-13 2.1323650728232977e-08 0.00011925067194491767 5.460734090112144e-13 5.5655294003886e-13 6.9761459005376e-13 4.1549129002396e-13 2.0167635763003405e-12 0.0006201703929903679 0.000632071897016242 0.0007922742754547308 0.0004718695185777531 0.0022904192715546717 8257.296835933386 8415.760143189691 10548.784562834442 6282.735723544941 30495.92824445422 18.83260082807191 -2.7842735112386263 [0.0,917.4774262148204,1834.9548524296408,2752.4322786444613,3669.9097048592816,4587.387131074104,5504.864557288923,6422.341983503743,7339.819409718563,8257.296835933386,11924.02413013408,15590.751424334783,19257.478718535473,22924.20601273617,26590.93330693687,30257.660601137566,33924.38789533826,37591.11518953895,41257.84248373965,44924.56977794034] [-9.416300414035955,-1.3217029910498557,-0.7381023970023373,-0.4420926882701641,-0.2638432160713604,-0.15012314498664292,-0.07722050830646587,-0.03248614277438122,-0.00836943579169347,0.0,-0.06981111761149705,-0.23895308126117776,-0.4649942317698508,-0.7279621173236013,-1.0168463999535362,-1.3249281468606222,-1.647803970064671,-1.9824308239280084,-2.3266176199255346,-2.678734169596405] False 59943.99999055518 59944.99999055518
132.83117061068992 153.091119887046 176.4411988580621 1.5923932096169515e-12 1.078928611202728e-12 1.3107549710531995e-12 5.699689252537773e-11 8.733274678679345e-09 0.004257304214247769 5.420837766624557e-09 1.671469238621751e-09 1.7878156940959965e-09 1.5551227831475057e-09 8.531808857496185e-09 0.00012704758380147616 3.9174042335824457e-05 4.1900841529645944e-05 3.644724314200297e-05 0.0001999590741258936 4135.660658428691 1275.195803589984 1363.9587364368153 1186.4328707431528 6509.079916470449 21.702441910626476 -259.3401374559955 [0.0,1600.1428578481773,1917.0825829207417,2234.0223079933066,2550.96203306587,2867.901758138433,3184.8414832109984,3501.781208283562,3818.7209333561273,4135.660658428691,4487.216172666758,4838.77168690483,5190.327201142899,5541.882715380972,5893.438229619039,6244.993743857104,6596.5492580951795,6948.10477233325,7299.660286571316,7651.215800809387] [-10.851220955313238,-2.7050283634655443,-1.9593222760314575,-1.368012270961401,-0.9062447257083477,-0.5550715458748527,-0.299665255363891,-0.12817148068933193,-0.030941235084810614,0.0,-0.03516310054709493,-0.1360348427054987,-0.29616714967357893,-0.5100730250400716,-0.7730389647942957,-1.0809817825112304,-1.4303376621367647,-1.8179750125119654,-2.2411251803114283,-2.697326753710229] False 59944.99999055518 59945.99999055518
176.4411988580621 203.35272664697808 234.36890988269914 1.246386077478898e-12 8.247839219767247e-13 1.0139029525946897e-12 5.857687206794058e-11 1.1915425057997427e-08 0.005389660026261046 3.0727727905999807e-09 1.0134686497726918e-09 1.0845144315497573e-09 9.424228679956265e-10 4.960430366298355e-09 0.00012706631886060462 4.190929150413967e-05 4.484720021922655e-05 3.8971382789052785e-05 0.0002051253605662205 3030.637974508721 999.5716524733591 1069.6432323965178 929.5000725502003 4892.411402495737 18.09545915894057 -292.46071846039735 [0.0,1056.440367850269,1303.215068682575,1549.9897695148818,1796.7644703471892,2043.5391711794941,2290.3138720118022,2537.0885728441076,2783.8632736764143,3030.637974508721,3306.6014464271566,3582.564918345594,3858.528390264031,4134.491862182468,4410.455334100904,4686.418806019338,4962.382277937778,5238.345749856216,5514.30922177465,5790.2726936930885] [-9.047729579470285,-2.6991953747860293,-1.9492301367581035,-1.3573932801047022,-0.8969964356088553,-0.5480108438939624,-0.2949545578550783,-0.12557054446477878,-0.02996116413794425,0.0,-0.03595849522974959,-0.13766746381048733,-0.2985051946242834,-0.5128644514797429,-0.7759487838822565,-1.0836184649854772,-1.4322720466032592,-1.8187539667862893,-2.240281538943009,-2.6943865798178877] False 59944.99999055518 59945.99999055518
234.36890988269914 270.1158072739371 311.3149665447022 9.305619055380093e-13 6.014202839247584e-13 7.481034724142341e-13 5.742642094033655e-11 1.550788336592236e-08 0.006164349299923211 2.518071669313761e-09 6.699515864262591e-10 7.137750248938556e-10 6.261281479586626e-10 3.750479646657325e-09 0.00018372492841207475 4.888137567953523e-05 5.2078845470942855e-05 4.56839058881276e-05 0.00027364455626509066 3365.940357404829 895.5333200957242 954.1127012689891 836.9539389224593 5013.31672015103 34.026845198058254 -271.54816188149783 [0.0,1557.1020019731577,1783.2067964021162,2009.3115908310756,2235.4163852600345,2461.5211796889944,2687.6259741179506,2913.7307685469104,3139.835562975869,3365.940357404829,3609.9832108667865,3854.026064328746,4098.068917790706,4342.111771252664,4586.154624714623,4830.1974781765875,5074.240331638547,5318.283185100506,5562.326038562467,5806.368892024423] [-17.013422599029127,-2.7017882155102484,-1.9613656551801455,-1.3705821215064589,-0.9072583117614954,-0.5540380011145203,-0.2970488016506465,-0.12500526146652646,-0.028587735724158847,0.0,-0.037685344965836975,-0.1396744417515947,-0.2999607604228345,-0.5133785809429128,-0.7754495154205188,-1.082263003790274,-1.4303820557573204,-1.8167680383929223,-2.238720027938598,-2.69382543658935] False 59944.99999055518 59945.99999055518
311.3149665447022 358.7979888064861 413.52331434760555 6.627173781922524e-13 4.1831781931383035e-13 5.265230179837929e-13 5.370415535645631e-11 1.9253340267892427e-08 0.006553261571557129 7.897759382127539e-10 3.3139890240975913e-10 3.5974598389164764e-10 3.030518209278705e-10 1.4292978379589853e-09 0.00010167259263202813 4.2662968030727686e-05 4.631225782086378e-05 3.901367824059158e-05 0.00018400208185311324 1499.9836877731036 629.4100943179658 683.2483511722199 575.5718374637115 2714.5970625029368 13.273479839257163 -234.7753175563186 [0.0,349.18867776081277,493.03805401234905,636.8874302638852,780.7368065154216,924.5861827669579,1068.4355590184944,1212.2849352700312,1356.1343115215666,1499.9836877731036,1682.961173732618,1865.9386596921333,2048.9161456516467,2231.8936316111617,2414.871117570675,2597.848603530191,2780.826089489706,2963.803575449221,3146.7810614087366,3329.75854736825] [-6.636739919628582,-2.694567824299696,-1.8670198067794672,-1.2586845321994815,-0.8096065607294065,-0.48283687159323563,-0.2537380712959134,-0.10492499681177492,-0.023594913709018783,0.0,-0.04157110726623614,-0.1521063117045287,-0.3221343405932089,-0.5441511891709467,-0.8120925989794614,-1.120975392692202,-1.466646004756484,-1.8455994980811852,-2.254846341516526,-2.6918124010615543] False 59944.99999055518 59945.99999055518
413.52331434760555 476.5900816815941 549.2752115212968 4.5019489236171125e-13 2.775499971184518e-13 3.5348492340937943e-13 4.7905091729181445e-11 2.279987244782386e-08 0.006539208469949397 6.301723552927983e-10 2.0832695264115198e-10 2.262737844535732e-10 1.903801208287308e-10 1.0331474497336258e-09 0.0001431361552078371 4.731898944276084e-05 5.1395398828567846e-05 4.324258005695385e-05 0.00023466715490707809 1782.7418188440834 589.3517342460558 640.1228722038593 538.5805962882524 2922.7482738694143 34.661433717250475 -194.3317488871352 [0.0,694.3429026355254,830.3927671615952,966.4426316876646,1102.4924962137347,1238.5423607398038,1374.592225265874,1510.642089791944,1646.6919543180131,1782.7418188440834,1953.7205160088079,2124.699213173532,2295.6779103382564,2466.656607502982,2637.635304667707,2808.614001832432,2979.592698997155,3150.5713961618803,3321.550093326604,3492.528790491326] [-17.330716858625237,-2.696834204244226,-1.906128023798118,-1.3049503895207124,-0.8509122702368757,-0.5148297702139928,-0.27567725026034395,-0.11776032591976104,-0.02902615454937063,0.0,-0.036644212388182495,-0.1436776363422041,-0.3116022575644877,-0.5327743615758038,-0.8009442190270306,-1.1109316019807522,-1.4583914089030543,-1.8396407577924663,-2.2515290413332423,-2.6913386576706273] False 59944.99999055518 59945.99999055518
549.2752115212968 633.0528961793416 729.6086933380817 2.917305276418274e-13 1.7565120096840666e-13 2.2636876449597421e-13 4.0769778924176257e-11 2.575974049750917e-08 0.006085986387305911 3.4424847208122616e-10 1.2808931228534095e-10 1.4305611477424696e-10 1.1312250979643498e-10 5.921182616762088e-10 0.00013795963012997294 5.133255650970236e-05 5.733059194937929e-05 4.5334521070025435e-05 0.0002372949279344303 1520.7419311923145 565.8435808073641 631.960487537984 499.72667407674425 2615.7242276539405 29.13231677324319 -146.71294316619202 [0.0,517.1581066709373,642.6060847361093,768.0540628012817,893.502040866454,1018.9500189316261,1144.397996996798,1269.8459750619706,1395.2939531271427,1520.7419311923145,1685.2390512251982,1849.7361712580812,2014.2332912909633,2178.730411323847,2343.227531356731,2507.724651389613,2672.2217714224957,2836.71889145538,3001.216011488262,3165.713131521146] [-14.566158386621595,-2.6988895550352083,-1.8779625828199187,-1.2694109398702835,-0.8185095615641842,-0.48985830002766306,-0.25911609382208667,-0.10876333350307732,-0.02573360377422773,0.0,-0.04011830456508392,-0.15153275633753083,-0.3236171725664576,-0.5480209222739916,-0.8180532214132654,-1.1282642525633548,-1.474151718690905,-1.8519500483283196,-2.2584756463622853,-2.691011108239138] False 59944.99999055518 59945.99999055518
729.6086933380817 840.8915725798939 969.1477682383326 1.8031749097638182e-13 1.060357484100449e-13 1.3827545012438834e-13 3.3095413382430325e-11 2.7760574928222722e-08 0.005321750501864231 2.404617281082042e-10 8.235773309591046e-11 9.013914864841909e-11 7.457631754340182e-11 4.0305805402821485e-10 0.00017003016015651294 5.823504080501212e-05 6.373726913484454e-05 5.273281247517969e-05 0.0002850018005690761 1739.0052094706052 595.6063279622231 651.8810719280442 539.3315839964018 2914.8923664008053 46.64854460358049 -109.12306780093633 [0.0,672.2078017186469,805.5574776876414,938.9071536566361,1072.2568296256313,1205.6065055946253,1338.956181563621,1472.3058575326158,1605.6555335016105,1739.0052094706052,1916.9846985535958,2094.964187636586,2272.943676719576,2450.9231658025674,2628.902654885559,2806.8821439685476,2984.8616330515383,3162.8411221345295,3340.82061121752,3518.800100300511] [-23.324272301790245,-2.699489466526302,-1.8827225374210173,-1.274659006435229,-0.8232247883729968,-0.49384077119289316,-0.26234059144977095,-0.11115285154990318,-0.027090997712249987,0.0,-0.039004145947984625,-0.15066333226292272,-0.3236886216753163,-0.5492581124781282,-0.8203438006038084,-1.1312539519727807,-1.4773130280874653,-1.8546322782624713,-2.259941778399451,-2.690465136415739] False 59944.99999055518 59945.99999055518
