GB6J1040+0617_allsed_10min_min11.ecsv
# %ECSV 1.0
# ---
# datatype:
# - {name: e_min, unit: MeV, datatype: float64}
# - {name: e_ref, unit: MeV, datatype: float64}
# - {name: e_max, unit: MeV, datatype: float64}
# - {name: ref_dnde_e_min, unit: ph / (cm2 MeV s), datatype: float64}
# - {name: ref_dnde_e_max, unit: ph / (cm2 MeV s), datatype: float64}
# - {name: ref_dnde, unit: ph / (cm2 MeV s), datatype: float64}
# - {name: ref_flux, unit: ph / (cm2 s), datatype: float64}
# - {name: ref_eflux, unit: MeV / (cm2 s), datatype: float64}
# - {name: ref_npred, datatype: float64}
# - {name: dnde, unit: ph / (cm2 MeV s), datatype: float64}
# - {name: dnde_err, unit: ph / (cm2 MeV s), datatype: float64}
# - {name: dnde_errp, unit: ph / (cm2 MeV s), datatype: float64}
# - {name: dnde_errn, unit: ph / (cm2 MeV s), datatype: float64}
# - {name: dnde_ul, unit: ph / (cm2 MeV s), datatype: float64}
# - {name: e2dnde, unit: MeV / (cm2 s), datatype: float64}
# - {name: e2dnde_err, unit: MeV / (cm2 s), datatype: float64}
# - {name: e2dnde_errp, unit: MeV / (cm2 s), datatype: float64}
# - {name: e2dnde_errn, unit: MeV / (cm2 s), datatype: float64}
# - {name: e2dnde_ul, unit: MeV / (cm2 s), datatype: float64}
# - {name: norm, datatype: float64}
# - {name: norm_err, datatype: float64}
# - {name: norm_errp, datatype: float64}
# - {name: norm_errn, datatype: float64}
# - {name: norm_ul, datatype: float64}
# - {name: ts, datatype: float64}
# - {name: loglike, datatype: float64}
# - {name: norm_scan, datatype: string, subtype: 'float64[20]'}
# - {name: dloglike_scan, datatype: string, subtype: 'float64[20]'}
# - {name: ShowUL, datatype: bool}
# - {name: tstart, datatype: float64}
# - {name: tend, datatype: float64}
# meta: !!omap
# - {UL_CONF: 0.95}
# - {EXTNAME: SED}
# - {CONFIG: '{"bin_index": 2.0, "use_local_index": true, "free_background": false, "free_radius": null, "free_pars": [], "ul_confidence":
#     0.95, "cov_scale": 3.0, "make_plots": false, "write_fits": true, "write_npy": true, "optimizer": {"optimizer": "MINUIT", "tol":
#     0.001, "max_iter": 100, "init_lambda": 0.0001, "retries": 3, "min_fit_quality": 2, "verbosity": 0}, "prefix": "", "outfile": null,
#     "loge_bins": []}'}
# - {SRCNAME: 4FGL J1040.5+0617}
# - {CREATOR: fermipy 1.2.0}
# - {STVER: 2.2.0}
# schema: astropy-2.0
e_min e_ref e_max ref_dnde_e_min ref_dnde_e_max ref_dnde ref_flux ref_eflux ref_npred dnde dnde_err dnde_errp dnde_errn dnde_ul e2dnde e2dnde_err e2dnde_errp e2dnde_errn e2dnde_ul norm norm_err norm_errp norm_errn norm_ul ts loglike norm_scan dloglike_scan ShowUL tstart tend
[from data line 13]
311.3149665447022 358.7979888064861 413.52331434760555 3.419794425137093e-11 8.269895085679336e-12 1.681705714757332e-11 1.8066541718328237e-09 6.334031485121907e-07 0.001059625075517056 4.871136359537477e-06 2.7681293480734893e-07 2.8416656633690616e-07 2.694593032777917e-07 5.343749187472855e-06 0.6270905946553393 0.035635789081690274 0.036582466166538735 0.03468911199684181 0.6879328781466352 289654.50475622463 16460.248209794107 16897.52040700599 16022.976012582223 317757.6873635083 4994.376187457459 -1328.436582629919 [0.0,252888.4319938116,257484.19108911324,262079.9501844149,266675.7092797165,271271.4683750181,275867.2274703197,280462.98656562145,285058.7456609229,289654.50475622463,293668.63853734825,297682.7723184719,301696.90609959577,305711.0398807195,309725.17366184323,313739.3074429672,317753.4412240908,321767.5750052145,325781.7087863383,329795.8425674621] [-2497.1880937287297,-2.7053798044039468,-2.0473388707969207,-1.48707361808124,-1.0211851810054213,-0.6464488971867013,-0.35980260218502735,-0.15833589144699545,-0.03928025483355668,0.0,-0.028990103841124437,-0.11532326306723917,-0.25746355705041424,-0.4539359594682537,-0.7033231612276722,-1.0042625979235709,-1.3554436662302578,-1.7556051149988434,-2.2035325980634752,-2.6980563768761385] False 56901.46526833296 56901.47221277741
413.52331434760555 476.5900816815941 549.2752115212968 8.269895085679336e-12 2.000092125493533e-12 4.067007750118627e-12 5.803047121391051e-10 2.702451381131754e-07 0.00040835075941785676 1.5327806606301467e-06 1.2279562044836827e-07 1.272535352292908e-07 1.1833770566744575e-07 1.745961809806902e-06 0.34815289610346234 0.027891564648490002 0.028904126968347658 0.02687900232863235 0.39657445855326445 376881.66701561824 30193.11198627211 31289.2286043908 29096.99536815342 429298.86468890443 2338.4129397333077 -778.1306829928731 [0.0,310668.29815976816,318944.96926674945,327221.6403737306,335498.31148071203,343774.98258769326,352051.65369467455,360328.32480165595,368604.99590863695,376881.66701561824,384393.6320170053,391905.5970183922,399417.56201977923,406929.52702116605,414441.4920225532,421953.45702394,429465.422025327,436977.387026714,444489.35202810116,452001.3170294881] [-1169.2064698666538,-2.7042371345783067,-2.0365742907650883,-1.4725684997390545,-1.007042660139632,-0.6351980915762852,-0.35257852917698074,-0.155038301076047,-0.03871411891225307,0.0,-0.02921557858496726,-0.11721657811381192,-0.2617713334097971,-0.46077289640720664,-0.7122299127211136,-1.014258317513395,-1.3650737639234194,-1.7629847078543435,-2.2063860820018135,-2.693753499881609] False 56901.46526833296 56901.47221277741
549.2752115212968 633.0528961793416 729.6086933380817 2.0000921254232412e-12 4.836709457632368e-13 9.835580562005766e-13 1.8642966888581778e-10 1.1532148277813055e-07 0.0001487663786518198 4.950809154617283e-07 5.673957279850316e-08 5.9540178585160846e-08 5.3938967011845475e-08 5.959275754856159e-07 0.1984066321880221 0.02273872249799613 0.0238610819848263 0.021616363011165957 0.23882153318271965 503357.08435371355 57688.07691707045 60535.49987192504 54840.65396221586 605889.5778736712 1080.8172012719465 -426.70081995023185 [0.0,380240.7524094637,395630.2939024948,411019.8353955259,426409.3768885572,441798.9183815887,457188.45987461985,472578.00136765116,487967.5428606827,503357.08435371355,518138.9258279821,532920.7673022505,547702.6087765186,562484.4502507867,577266.2917250554,592048.1331993234,606829.9746735918,621611.8161478603,636393.6576221287,651175.4990963968] [-540.4086006359732,-2.703528556074616,-2.020175973288417,-1.4501786082562944,-0.9852083767917748,-0.6178225521650802,-0.34134255173859174,-0.14975278294383543,-0.03761569239225082,0.0,-0.029863277589015524,-0.1207048912940536,-0.2691900129436817,-0.47225011530736083,-0.7270553519137479,-1.0309904274402584,-1.3816334423398189,-1.7767372823404344,-2.2142131940707372,-2.6921162457126115] False 56901.46526833296 56901.47221277741
729.6086933380817 840.8915725798939 969.1477682383326 4.836709457721805e-13 1.1696340423640763e-13 2.3784827169386265e-13 5.988458279417007e-11 4.9205111223615734e-08 5.285706538107199e-05 1.7486745426456987e-07 2.7727160727481482e-08 2.954972747244794e-08 2.5904593982515015e-08 2.258324511210915e-07 0.1236485385374392 0.0196058375537317 0.020894572014639904 0.018317103092823493 0.15968581834103093 735205.9067708676 116574.99350329289 124237.72206544242 108912.26494114335 949481.1524708624 518.3673197118857 -254.31858640968773 [0.0,495990.5545660557,525892.4735916574,555794.3926172588,585696.3116428602,615598.2306684619,645500.1496940629,675402.0687196646,705303.9877452662,735205.9067708676,766285.3484760085,797364.7901811487,828444.2318862899,859523.6735914306,890603.1152965715,921682.5570017119,952761.9987068526,983841.4404119945,1014920.8821171349,1046000.3238222757] [-259.18365985594284,-2.690499928101758,-1.9906679420561773,-1.4168371347747666,-0.9558091922744438,-0.5963567423609959,-0.3288494572624927,-0.14496481896208024,-0.03746153592337009,0.0,-0.02931023787709819,-0.12272709110754931,-0.27535040576094616,-0.482821241083883,-0.741244990107333,-1.0471276843082364,-1.3973228589313749,-1.7889869450901301,-2.2195415975775745,-2.6866417032684353] False 56901.46526833296 56901.47221277741
969.1477682383326 1116.9661194245136 1287.3303254983532 1.1696340423633597e-13 2.8284597307775107e-14 5.751749984631857e-14 1.9236011509157498e-11 2.099472632625629e-08 1.8389744601346458e-05 5.2930331754768124e-08 1.2791319675335727e-08 1.3752873294168701e-08 1.1829766056502751e-08 7.708738189874514e-08 0.06603658650276867 0.015958620704257756 0.017158267799260028 0.014758973609255486 0.096175243839651 920247.4359315515 222390.05015017945 239107.6338664772 205672.46643388167 1340242.22375304 199.80625069139438 -128.13819720905857 [0.0,494705.83358409157,547898.5338775244,601091.2341709567,654283.9344643891,707476.6347578217,760669.3350512543,813862.0353446866,867054.7356381193,920247.4359315515,982722.1895571077,1045196.9431826647,1107671.6968082206,1170146.450433776,1232621.2040593328,1295095.9576848887,1357570.7113104453,1420045.4649360012,1482520.218561558,1544994.9721871132] [-99.90312534569719,-2.6994301492109685,-1.9470339301999502,-1.3546500954964813,-0.8951768442275068,-0.5478635295133074,-0.296469155858631,-0.12804342926432355,-0.03209371771595215,0.0,-0.034232257935968846,-0.13707572726963235,-0.30057141961916045,-0.5180696362424158,-0.7839576562668071,-1.0934547352825916,-1.4424553858546574,-1.8274079059665098,-2.2452190503101406,-2.693178370432861] False 56901.46526833296 56901.47221277741
1287.3303254983532 1483.6791717563765 1709.9759409858673 2.8284597308054455e-14 6.839903900738614e-15 1.3909131082069202e-14 6.178954941692179e-12 8.957982668088602e-09 6.312451994436308e-06 1.0981783615273798e-08 4.903338346283317e-09 5.455681305240136e-09 4.3509953873264976e-09 2.113053505662379e-08 0.024174242933277516 0.01079373774969002 0.012009612450930395 0.009577863048449644 0.04651472890601341 789537.7180987844 352526.575337578 392237.3923323841 312815.75834277197 1519184.4071312249 52.35055003219048 -42.755498497792004 [0.0,224477.09304170497,295109.67117383995,365742.249305975,436374.8274381102,507007.40557024506,577639.9837023802,648272.5618345147,718905.1399666497,789537.7180987844,902457.7284065724,1015377.7387143588,1128297.7490221462,1241217.7593299327,1354137.7696377207,1467057.7799455083,1579977.7902532946,1692897.800561082,1805817.8108688686,1918737.8211766565] [-26.17527501609524,-2.6946230942502964,-1.7815748603675985,-1.1600352396506324,-0.7267629228260617,-0.42519766892947786,-0.22096981258281545,-0.09162341766969462,-0.02167597597071591,0.0,-0.045768784432965504,-0.17014086308567045,-0.3565285745868607,-0.5930974300739535,-0.8711073897847399,-1.1839199908293097,-1.5263742832217275,-1.8943784875116592,-2.28463364879385,-2.6944411803568613] False 56901.46526833296 56901.47221277741
1709.9759409858673 1970.7884119509856 2271.3810595726877 6.839903900523384e-15 1.6540552039524901e-15 3.363566357483613e-15 1.9847921255245812e-12 3.822171922195316e-09 2.092199850894927e-06 6.3495129670569804e-09 3.2007182236098137e-09 3.592747262987049e-09 2.808689184232578e-09 1.3138184815653494e-08 0.024661552586377106 0.012431611872479634 0.013954255391777737 0.010908968353181527 0.051028801327254965 1887732.3329536587 951584.6822788325 1068136.2818942254 835033.0826634396 3906028.131843539 31.08597183380317 -40.803502969362704 [0.0,433251.57804720773,615061.672410514,796871.7667738205,978681.8611371267,1160491.9555004328,1342302.0498637399,1524112.1442270454,1705922.2385903518,1887732.3329536587,2202608.0901681357,2517483.8473826144,2832359.6045970935,3147235.361811569,3462111.1190260486,3776986.876240525,4091862.633455004,4406738.390669481,4721614.147883956,5036489.905098437] [-15.542985916901586,-2.693355977934523,-1.7289469298013955,-1.104873580170782,-0.6831558460859526,-0.39575851433401255,-0.2040751417238269,-0.08407316812012056,-0.019770962142153792,0.0,-0.04834434932923415,-0.17763526418752917,-0.3688961574563763,-0.6091290537518717,-0.8890400896099706,-1.2017533413145074,-1.542038586329646,-1.9058246977831672,-2.289880578176742,-2.6915988480498427] False 56901.46526833296 56901.47221277741
100.0 115.25240587974294 132.83117061068992 9.99999267565563e-09 2.418241785115182e-09 4.9175603848977916e-09 1.6969721938106026e-07 1.911084616459631e-05 0.0003539370620470187 6.912913491588984e-05 3.091827118992617e-05 3.4452234096446724e-05 2.738430828340562e-05 0.000133348522564284 0.9182503914181974 0.41069101554166654 0.45763305851845476 0.3637489725648784 1.7712840351419858 14057.607737403847 6287.319070830034 7005.960557648097 5568.677584011973 27116.804294626992 66.96285164703141 -43.58909882175891 [0.0,4026.737323827047,5280.596125524145,6534.4549272212425,7788.313728918344,9042.172530615448,10296.031332312541,11549.89013400965,12803.748935706744,14057.607737403847,16076.219620678534,18094.831503953214,20113.44338722791,22132.0552705026,24150.667153777285,26169.279037051983,28187.890920326667,30206.502803601346,32225.114686876044,34243.726570150735] [-33.48142582351571,-2.6944516937690537,-1.784917411382736,-1.164744073664835,-0.7317283712721121,-0.42977196677916396,-0.22474197550791075,-0.0943163738049293,-0.02309408801194479,0.0,-0.043891695613737625,-0.16717366280772694,-0.353021852638129,-0.5894514453121573,-0.867622232521029,-1.1808264334652918,-1.5238536029865273,-1.8925756761293542,-2.2836664909155076,-2.694406659909589] False 56901.47221277741 56901.47915722185
132.83117061068992 153.091119887046 176.4411988580621 2.4182417849243127e-09 5.847897614082005e-10 1.1891858712721218e-09 5.450982218334413e-08 8.154173648129921e-06 0.0002747669468764063 1.7210550816118336e-05 8.618581019306634e-06 9.689648807398139e-06 7.547513231215128e-06 3.555679025603505e-05 0.4033618033254449 0.20199274382306162 0.22709524281360957 0.17689024483251362 0.8333406171234707 14472.549020202776 7247.463350777098 8148.136503701239 6346.790197852954 29900.111593151094 52.067662156866334 -34.90689704805912 [0.0,3458.5740232745648,4835.320897890588,6212.067772506616,7588.8146471226455,8965.561521738671,10342.308396354698,11719.055270970723,13095.802145586751,14472.549020202776,16876.212987322695,19279.876954442614,21683.540921562537,24087.204888682452,26490.868855802382,28894.53282292229,31298.196790042228,33701.86075716215,36105.52472428206,38509.188691401985] [-26.033831078433167,-2.6907126006626285,-1.7318475408025051,-1.10973815330793,-0.6884382522209762,-0.4006529207245819,-0.20810892276180937,-0.08694561205873441,-0.021278972977796684,0.0,-0.046226899456044634,-0.1743363341600741,-0.3650425100739767,-0.6051609352336556,-0.8852785581789462,-1.1984397300172702,-1.5393588817798616,-1.9039252623045968,-2.288878659402215,-2.6915898208353894] False 56901.47221277741 56901.47915722185
176.4411988580621 203.35272664697808 234.36890988269914 5.847897614280331e-10 1.414164072383123e-10 2.875741070592097e-10 1.7509542735262604e-08 3.4792048096121508e-06 0.00017701843178207259 1.7849024916767476e-05 5.355598675631527e-06 5.813381641776233e-06 4.89781570948682e-06 2.8195231103339394e-05 0.7380987941454689 0.2214664914662798 0.2403968844074835 0.20253609852507615 1.1659385414649615 62067.566163362826 18623.368878369994 20215.247127862225 17031.490628877764 98045.09658977807 162.42640221957555 -84.87367039031983 [0.0,28102.557750943713,32348.1838024961,36593.80985404847,40839.43590560088,45085.061957153266,49330.688008705656,53576.31406025804,57821.94011181044,62067.566163362826,67486.75741013115,72905.94865689949,78325.13990366785,83744.33115043618,89163.52239720449,94582.71364397282,100001.90489074119,105421.09613750952,110840.28738427788,116259.4786310462] [-81.21320110978778,-2.697809488136059,-1.9030719866007502,-1.2991516082435481,-0.844084724271525,-0.5083891882902947,-0.2705578924734482,-0.11441880918904701,-0.0275043994548696,0.0,-0.0388930336345652,-0.14888803065409206,-0.31978302406966463,-0.5434255522345666,-0.8131979698287921,-1.1236548247825056,-1.4702613822615689,-1.8492012214632183,-2.2572321037218472,-2.6915762709524813] False 56901.47221277741 56901.47915722185
234.36890988269914 270.1158072739371 311.3149665447022 1.41416407230289e-10 3.419793155482718e-11 6.954242313286918e-11 5.624382441376847e-09 1.4844994267354907e-06 9.600423857624644e-05 1.0861304093888547e-05 2.789037006776246e-06 3.0005851571756555e-06 2.5774888563768366e-06 1.6129731665128936e-05 0.7924684358389491 0.20349525021590806 0.2189303425770522 0.1880601578547639 1.176866342445845 156182.42224802426 40105.548255738155 43147.54968262576 37063.54682885055 231940.89217039707 240.12353529438968 -107.6085342118578 [0.0,80161.19393626074,89663.84747523117,99166.5010142016,108669.15455317212,118171.8080921425,127674.46163111295,137177.11517008336,146679.76870905387,156182.42224802426,167506.6628226112,178830.9033971982,190155.14397178515,201479.384546372,212803.62512095898,224127.86569554594,235452.10627013276,246776.34684471966,258100.58741930668,269424.82799389353] [-120.06176764719484,-2.703030152719194,-1.9356407451006987,-1.3375426166740993,-0.8777137047352994,-0.5329478442627646,-0.2854314013932111,-0.1211919370746557,-0.02906749928020247,0.0,-0.03744016025756025,-0.14356284874382652,-0.3099297652147186,-0.52956810546263,-0.7966496978499293,-1.1062534156707784,-1.4541862044417542,-1.8368461840846635,-2.251116487418443,-2.6942819085187324] False 56901.47221277741 56901.47915722185
