GB6J1040+0617_allsed_10min_min11.ecsv
# %ECSV 1.0
# ---
# datatype:
# - {name: e_min, unit: MeV, datatype: float64}
# - {name: e_ref, unit: MeV, datatype: float64}
# - {name: e_max, unit: MeV, datatype: float64}
# - {name: ref_dnde_e_min, unit: ph / (cm2 MeV s), datatype: float64}
# - {name: ref_dnde_e_max, unit: ph / (cm2 MeV s), datatype: float64}
# - {name: ref_dnde, unit: ph / (cm2 MeV s), datatype: float64}
# - {name: ref_flux, unit: ph / (cm2 s), datatype: float64}
# - {name: ref_eflux, unit: MeV / (cm2 s), datatype: float64}
# - {name: ref_npred, datatype: float64}
# - {name: dnde, unit: ph / (cm2 MeV s), datatype: float64}
# - {name: dnde_err, unit: ph / (cm2 MeV s), datatype: float64}
# - {name: dnde_errp, unit: ph / (cm2 MeV s), datatype: float64}
# - {name: dnde_errn, unit: ph / (cm2 MeV s), datatype: float64}
# - {name: dnde_ul, unit: ph / (cm2 MeV s), datatype: float64}
# - {name: e2dnde, unit: MeV / (cm2 s), datatype: float64}
# - {name: e2dnde_err, unit: MeV / (cm2 s), datatype: float64}
# - {name: e2dnde_errp, unit: MeV / (cm2 s), datatype: float64}
# - {name: e2dnde_errn, unit: MeV / (cm2 s), datatype: float64}
# - {name: e2dnde_ul, unit: MeV / (cm2 s), datatype: float64}
# - {name: norm, datatype: float64}
# - {name: norm_err, datatype: float64}
# - {name: norm_errp, datatype: float64}
# - {name: norm_errn, datatype: float64}
# - {name: norm_ul, datatype: float64}
# - {name: ts, datatype: float64}
# - {name: loglike, datatype: float64}
# - {name: norm_scan, datatype: string, subtype: 'float64[20]'}
# - {name: dloglike_scan, datatype: string, subtype: 'float64[20]'}
# - {name: ShowUL, datatype: bool}
# - {name: tstart, datatype: float64}
# - {name: tend, datatype: float64}
# meta: !!omap
# - {UL_CONF: 0.95}
# - {EXTNAME: SED}
# - {CONFIG: '{"bin_index": 2.0, "use_local_index": true, "free_background": false, "free_radius": null, "free_pars": [], "ul_confidence":
#     0.95, "cov_scale": 3.0, "make_plots": false, "write_fits": true, "write_npy": true, "optimizer": {"optimizer": "MINUIT", "tol":
#     0.001, "max_iter": 100, "init_lambda": 0.0001, "retries": 3, "min_fit_quality": 2, "verbosity": 0}, "prefix": "", "outfile": null,
#     "loge_bins": []}'}
# - {SRCNAME: 4FGL J1040.5+0617}
# - {CREATOR: fermipy 1.2.0}
# - {STVER: 2.2.0}
# schema: astropy-2.0
e_min e_ref e_max ref_dnde_e_min ref_dnde_e_max ref_dnde ref_flux ref_eflux ref_npred dnde dnde_err dnde_errp dnde_errn dnde_ul e2dnde e2dnde_err e2dnde_errp e2dnde_errn e2dnde_ul norm norm_err norm_errp norm_errn norm_ul ts loglike norm_scan dloglike_scan ShowUL tstart tend
[from data line 37]
176.4411988580621 203.35272664697808 234.36890988269914 1.4241631031268403e-11 6.325753612531253e-12 9.49152511161315e-12 5.543599977595928e-10 1.1170930435073356e-07 0.0010834602605908896 6.806406080363773e-08 2.4506993595070156e-08 2.6866238158085988e-08 2.2147749032054324e-08 1.1671385306467982e-07 0.002814607601147725 0.0010134213216128963 0.0011109815847183838 0.0009158610585074086 0.004826389934958588 7171.035213335675 2581.986910099954 2830.5501847342093 2333.423635465698 12296.638495100973 50.3612229452158 -61.65562858633465 [0.0,2640.7629255464403,3207.046961520094,3773.3309974937483,4339.615033467401,4905.89906944106,5472.183105414712,6038.467141388364,6604.751177362019,7171.035213335675,7951.821146279295,8732.60707922292,9513.393012166545,10294.178945110161,11074.964878053792,11855.750810997415,12636.536743941033,13417.322676884658,14198.108609828283,14978.894542771899] [-25.1806114726079,-2.6987460802775374,-1.8620950529349969,-1.2491510200833602,-0.7998908613390157,-0.47565312707943264,-0.25005594567114287,-0.10428573384394468,-0.024450786934991697,0.0,-0.04226950408200736,-0.1580044577843509,-0.3348849662674809,-0.5634530789404835,-0.8362893885563238,-1.14746607402153,-1.4921719580420714,-1.8664484712738556,-2.2669993371178023,-2.69105057340753] False 56901.52776833296 56901.53471277741
234.36890988269914 270.1158072739371 311.3149665447022 6.325753612172384e-12 2.8097314610082573e-12 4.215882937026055e-12 3.2707279823060634e-10 8.754712517125688e-08 0.0007424318287824793 6.032069271538913e-08 1.8634939388079446e-08 2.0246141105463397e-08 1.7023737670695494e-08 9.639657959333714e-08 0.004401151518424362 0.0013596526845366936 0.0014772100693368057 0.0012420952997365814 0.0070333401947138725 14307.961965836803 4420.1747691848395 4802.348975976387 4038.000562393292 22865.09873097584 66.37726252091616 -87.77772665089758 [0.0,6218.063193086983,7229.300539680712,8240.53788627444,9251.775232868169,10263.012579461893,11274.249926055623,12285.487272649349,13296.724619243078,14307.961965836803,15598.289274655395,16888.616583474,18178.94389229258,19469.271201111176,20759.598509929776,22049.925818748357,23340.253127566953,24630.58043638555,25920.907745204146,27211.23505402274] [-33.18863126045808,-2.6955527793316207,-1.8995180842418051,-1.2954738708442335,-0.8408201513897922,-0.5057639198258528,-0.26864095408824085,-0.11319889636681069,-0.026929813173424577,0.0,-0.039486762243669205,-0.14990305781181235,-0.32106224415701945,-0.5448279428358944,-0.8145978285180888,-1.1249404092594233,-1.4713333891167082,-1.8499713027458,-2.257621505329425,-2.691514620825771] False 56901.52776833296 56901.53471277741
311.3149665447022 358.7979888064861 413.52331434760555 2.809731461136477e-12 1.2480079635193156e-12 1.8725830392399363e-12 1.9297318671223076e-10 6.861110783104995e-08 0.0004982236762241573 2.9443497295098745e-08 1.0514747402070128e-08 1.153147256473935e-08 9.498022239400908e-09 5.0337336465106e-08 0.0037904379727258367 0.0013536264876068721 0.0014845156148658406 0.0012227373603479039 0.006480227184661788 15723.466825294745 5615.1034062222225 6158.05671796529 5072.150094479156 26881.2305837916 51.970253194819875 -63.814919484438555 [0.0,5874.991294709088,7106.050736032295,8337.110177355502,9568.169618678709,10799.229060001915,12030.28850132512,13261.347942648326,14492.40738397153,15723.466825294745,17422.597794504145,19121.728763713545,20820.85973292294,22519.99070213234,24219.121671341745,25918.252640551163,27617.383609760553,29316.51457896994,31015.645548179364,32714.776517388753] [-25.985126597409938,-2.6998217211072912,-1.8639933951590635,-1.2511847889408259,-0.8017570548878368,-0.47721311455669735,-0.25124729527322387,-0.10508325053863388,-0.02484802185884405,0.0,-0.0418188401571129,-0.1572610186006287,-0.33397408937636186,-0.5624757334724606,-0.8353280048237863,-1.1465887614753782,-1.4914356059298015,-1.865901063152883,-2.2666817036365288,-2.6909977375989413] False 56901.52776833296 56901.53471277741
549.2752115212968 633.0528961793416 729.6086933380817 5.543684211547781e-13 2.462357039830679e-13 3.6946623451816034e-13 6.717700502993965e-11 4.2141316671350646e-08 0.00021282198449925054 4.782308135752466e-09 2.9792928989532175e-09 3.395746522647369e-09 2.562839275259066e-09 1.1343762586283323e-08 0.0019165385327267262 0.001193969413730496 0.0013608656893879688 0.0010270731380730236 0.00454608057146761 12943.830014640755 8063.775849066869 9190.952258671037 6936.599439462701 30703.110396751952 14.2729608379152 -28.12931079658532 [0.0,1615.9177983990683,3031.9068254292793,4447.895852459489,5863.884879489701,7279.8739065199115,8695.862933550121,10111.851960580338,11527.840987610545,12943.830014640755,15750.044970679517,18556.259926718263,21362.474882757026,24168.689838795774,26974.904794834525,29781.119750873284,32587.334706912035,35393.549662950776,38199.764618989546,41005.97957502829] [-7.1364804189576,-2.7049354483864683,-1.6140493265125535,-0.9946439970703587,-0.6013522041784505,-0.34290465565801753,-0.17462100570521244,-0.07109666583536622,-0.016435170872128424,0.0,-0.05298184372366066,-0.1902309216212501,-0.38901654699320076,-0.6347479265380436,-0.917490438309148,-1.230169876962929,-1.5675680728669406,-1.9257245743357494,-2.301561831215704,-2.6926405220690732] False 56901.52776833296 56901.53471277741
729.6086933380817 840.8915725798939 969.1477682383326 2.4623570399672766e-13 1.093713487324401e-13 1.6410707191405278e-13 3.9634481389188263e-11 3.302635485305857e-08 0.00013450678847329832 3.6057621224253193e-09 2.1050542492528293e-09 2.393501950348418e-09 1.8166065481572407e-09 8.227096868252721e-09 0.0025496294815214185 0.0014884809901122675 0.0016924419663554037 0.0012845200138691313 0.005817368980658296 21972.009373939425 12827.321971568063 14585.001867573132 11069.642075562993 50132.494427549536 20.370960234865855 -25.867863746988245 [0.0,3661.509790659836,5950.322238569783,8239.134686479734,10527.947134389686,12816.759582299634,15105.572030209583,17394.384478119533,19683.196926029486,21972.009373939425,26423.473753848142,30874.938133756852,35326.402513665584,39777.866893574304,44229.33127348302,48680.79565339173,53132.26003330045,57583.72441320917,62035.188793117864,66486.65317302663] [-10.185480117432927,-2.6998623987884542,-1.6469807848191174,-1.022387016210459,-0.6199998678616154,-0.35401723268854823,-0.1803862279469186,-0.07345882392341707,-0.016980983434425667,0.0,-0.05281217152573703,-0.18984729045516957,-0.3885582107914338,-0.6343923301340268,-0.9174084297280025,-1.2305131410888634,-1.5684673686689798,-1.9272914722716266,-2.3038913525980114,-2.695813763349758] False 56901.52776833296 56901.53471277741
100.0 115.25240587974294 132.83117061068992 6.666580731233343e-11 2.990307741859442e-11 4.464877150867423e-11 1.477340563156673e-09 1.687633505354965e-07 0.0012337019798436067 2.1138598393851293e-07 8.787324222115387e-08 9.717818980037847e-08 7.856829464192929e-08 3.903063938420034e-07 0.0028078647697245196 0.0011672305629592582 0.0012908292709012093 0.0010436318550173075 0.005184485519087034 4734.418815922975 1968.0998883492712 2176.503104491889 1759.6966722066536 8741.705105283263 35.38943516620796 -48.321993639998155 [0.0,1452.526348347268,1862.7629067942316,2272.999465241195,2683.2360236881586,3093.4725821351226,3503.7091405820843,3913.9456990290482,4324.182257476013,4734.418815922975,5350.955605336065,5967.492394749153,6584.029184162244,7200.565973575331,7817.102762988424,8433.639552401512,9050.176341814606,9666.713131227696,10283.249920640783,10899.786710053875] [-17.69471758310398,-2.69553586826882,-1.8157333284325503,-1.1971437482600393,-0.756655669134993,-0.4454596416150167,-0.23242477774839188,-0.09647003010494615,-0.022654083310193585,0.0,-0.044477447306789486,-0.16540630229800257,-0.3480240657634539,-0.581470708225595,-0.8575237276263934,-1.1698075784156998,-1.513278793705858,-1.883878906377312,-2.2782935385023393,-2.6937809223581795] False 56901.53471277741 56901.54165722185
132.83117061068992 153.091119887046 176.4411988580621 2.990307741623369e-11 1.3413083484498018e-11 2.0027293222683653e-11 8.802243223860969e-10 1.3356445042801248e-07 0.001026728516896336 1.3093622066909883e-07 5.091354289291328e-08 5.6255317733554774e-08 4.5571768052271804e-08 2.3420424665621314e-07 0.003068737930237721 0.001193255154607812 0.0013184497492318094 0.0010680605599838148 0.005489019397871542 6537.8890303955595 2542.2078923399754 2808.9326454679317 2275.4831392120195 11694.253639375727 35.67531182396682 -58.91834515211111 [0.0,2200.7962228768233,2742.9328238166663,3285.069424756507,3827.206025696348,4369.342626636194,4911.479227576034,5453.615828515876,5995.752429455721,6537.8890303955595,7326.036821893226,8114.184613390889,8902.332404888557,9690.48019638623,10478.627987883892,11266.775779381558,12054.92357087922,12843.071362376888,13631.219153874557,14419.36694537222] [-17.83765591198341,-2.6926252501031698,-1.8451677849605446,-1.233331933482809,-0.7891838157793956,-0.47052983713539476,-0.2493491093983522,-0.10607637161792383,-0.02650685671129338,0.0,-0.039738859279701444,-0.15577493609539061,-0.3343292835525489,-0.5650492375766376,-0.8399586654445201,-1.1527818646285155,-1.4984920442459995,-1.8730004073385587,-2.272936355288671,-2.6954885311298824] False 56901.53471277741 56901.54165722185
176.4411988580621 203.35272664697808 234.36890988269914 1.3413083484953003e-11 6.016464662247372e-12 8.983281293547104e-12 5.244524364474832e-10 1.057069699291938e-07 0.0007735550010687471 6.647854466039398e-08 2.8131364326475812e-08 3.1176793649448985e-08 2.5085935003502636e-08 1.2407957096575326e-07 0.0027490428120971466 0.0011632975013404286 0.0012892331040651537 0.0010373618986157032 0.0051309795428587275 7400.251922217671 3131.5243736921843 3470.5351675722304 2792.513579812138 13812.277152545857 30.10646716929371 -51.72188250650438 [0.0,2193.631428358508,2844.4589900909054,3495.286551823299,4146.114113555694,4796.941675288087,5447.769237020486,6098.5967987528775,6749.424360485276,7400.251922217671,8385.59337296896,9370.934823720243,10356.276274471536,11341.617725222828,12326.959175974112,13312.300626725404,14297.64207747669,15282.983528227984,16268.324978979277,17253.66642973056] [-15.053233584646854,-2.697524960267266,-1.8195040409164989,-1.2018691903607603,-0.7616146279008476,-0.45009620600426103,-0.2363175709695824,-0.09929710744737719,-0.02416587896541955,0.0,-0.04253385024229317,-0.16226561589610355,-0.344219241543648,-0.5773954447912928,-0.853477063995328,-1.166021970055695,-1.509938503155027,-1.8811324574255437,-2.2762623931181096,-2.6925656759892505] False 56901.53471277741 56901.54165722185
234.36890988269914 270.1158072739371 311.3149665447022 6.016464661906017e-12 2.698696915666469e-12 4.029468280840802e-12 3.1247757086026853e-10 8.365971225740452e-08 0.0005446018389813753 3.5926613079341266e-08 1.6422455420675306e-08 1.8341846139336404e-08 1.4503064702014205e-08 7.025458402836092e-08 0.002621297279393608 0.0011982242139026676 0.001338267853914278 0.0010581805738910572 0.00512595355347782 8915.968702412694 4075.588707016337 4551.92716779722 3599.2502462354532 17435.19966701447 30.8766638373326 -40.92300933354367 [0.0,2431.9431400325134,3242.446335330036,4052.9495306275594,4863.452725925082,5673.955921222605,6484.459116520127,7294.9623118176505,8105.465507115174,8915.968702412694,10231.50712221252,11547.04554201235,12862.58396181217,14178.12238161201,15493.660801411837,16809.19922121166,18124.73764101148,19440.276060811317,20755.814480611152,22071.352900410973] [-15.4383319186663,-2.6983369933051833,-1.7910742435398888,-1.171583593510384,-0.7383490974753855,-0.4356165968727268,-0.22944287323291945,-0.09761858582040617,-0.024813687018628627,0.0,-0.04160293754491562,-0.1635577096258345,-0.34874844939676564,-0.5850057532760786,-0.8633669511555695,-1.177039816608982,-1.5207537856189717,-1.8903368296999545,-2.282429893656108,-2.6942884890396854] False 56901.53471277741 56901.54165722185
311.3149665447022 358.7979888064861 413.52331434760555 2.698696915789622e-12 1.2105057458397773e-12 1.8074258277570935e-12 1.8617938542192402e-10 6.621084172973057e-08 0.00037204331236985076 1.4109109536449074e-08 8.376199202600974e-09 9.545889622938482e-09 7.206508782263464e-09 3.2611427373086005e-08 0.0018163502797341672 0.0010783183535041443 0.0012288996156804611 0.0009277370913278273 0.004198264609018194 7806.190063111816 4634.32527850691 5281.48346468212 3987.1670923316983 18043.02388084983 17.873778524523836 -25.663523715248207 [0.0,1246.983950829009,2066.8847148643613,2886.7854788997115,3706.6862429350617,4526.587006970413,5346.487771005767,6166.388535041117,6986.289299076464,7806.190063111816,9421.327733204487,11036.465403297156,12651.603073389824,14266.740743482498,15881.87841357517,17497.01608366783,19112.1537537605,20727.291423853178,22342.429093945848,23957.566764038515] [-8.936889262261918,-2.702591370643386,-1.6545261150426676,-1.0313059012284924,-0.6287089393825056,-0.36168027603003594,-0.18651127824943714,-0.07773279951207712,-0.019192585351387237,0.0,-0.04945062858743654,-0.18471027836857346,-0.38263315778534945,-0.6283356293671218,-0.9116785416700672,-1.2254429076795965,-1.56430606611357,-1.9242306252835384,-2.3020812952881826,-2.6953746608780413] False 56901.53471277741 56901.54165722185
413.52331434760555 476.5900816815941 549.2752115212968 1.2105057458606784e-12 5.43010011495577e-13 8.107507255471749e-13 1.1092193744851024e-10 5.239750244245098e-08 0.0002504938118363118 9.433594813707346e-09 5.582274074171953e-09 6.347303158575107e-09 4.817244989768801e-09 2.1692181886486006e-08 0.002142728858353798 0.0012679471601417822 0.0014417144173753378 0.001094179902908227 0.004927121107777 11635.629197051434 6885.314928832758 7828.9207256537675 5941.70913201175 26755.673726774618 16.61184516607822 -26.944172011521363 [0.0,1806.274313581507,3034.9436740152505,4263.61303444899,5492.282394882731,6720.951755316471,7949.621115750214,9178.290476183955,10406.95983661769,11635.629197051434,14025.569812454392,16415.510427857353,18805.45104326031,21195.391658663255,23585.332274066208,25975.27288946915,28365.213504872125,30755.154120275074,33145.09473567803,35535.03535108097] [-8.30592258303911,-2.7040505448073127,-1.6478607958810763,-1.0225831047489677,-0.6200300996650938,-0.35401527765244367,-0.18038642773522895,-0.07346530459044587,-0.016988284108961693,0.0,-0.05278828794029167,-0.18979293882019377,-0.3884655585943939,-0.6342543115049892,-0.917219099187573,-1.2302675949062483,-1.5681615739671386,-1.9269220995060472,-2.3034556346844646,-2.6953093831248296] False 56901.53471277741 56901.54165722185
