GB6J1040+0617_allsed_10min_min11.ecsv
# %ECSV 1.0
# ---
# datatype:
# - {name: e_min, unit: MeV, datatype: float64}
# - {name: e_ref, unit: MeV, datatype: float64}
# - {name: e_max, unit: MeV, datatype: float64}
# - {name: ref_dnde_e_min, unit: ph / (cm2 MeV s), datatype: float64}
# - {name: ref_dnde_e_max, unit: ph / (cm2 MeV s), datatype: float64}
# - {name: ref_dnde, unit: ph / (cm2 MeV s), datatype: float64}
# - {name: ref_flux, unit: ph / (cm2 s), datatype: float64}
# - {name: ref_eflux, unit: MeV / (cm2 s), datatype: float64}
# - {name: ref_npred, datatype: float64}
# - {name: dnde, unit: ph / (cm2 MeV s), datatype: float64}
# - {name: dnde_err, unit: ph / (cm2 MeV s), datatype: float64}
# - {name: dnde_errp, unit: ph / (cm2 MeV s), datatype: float64}
# - {name: dnde_errn, unit: ph / (cm2 MeV s), datatype: float64}
# - {name: dnde_ul, unit: ph / (cm2 MeV s), datatype: float64}
# - {name: e2dnde, unit: MeV / (cm2 s), datatype: float64}
# - {name: e2dnde_err, unit: MeV / (cm2 s), datatype: float64}
# - {name: e2dnde_errp, unit: MeV / (cm2 s), datatype: float64}
# - {name: e2dnde_errn, unit: MeV / (cm2 s), datatype: float64}
# - {name: e2dnde_ul, unit: MeV / (cm2 s), datatype: float64}
# - {name: norm, datatype: float64}
# - {name: norm_err, datatype: float64}
# - {name: norm_errp, datatype: float64}
# - {name: norm_errn, datatype: float64}
# - {name: norm_ul, datatype: float64}
# - {name: ts, datatype: float64}
# - {name: loglike, datatype: float64}
# - {name: norm_scan, datatype: string, subtype: 'float64[20]'}
# - {name: dloglike_scan, datatype: string, subtype: 'float64[20]'}
# - {name: ShowUL, datatype: bool}
# - {name: tstart, datatype: float64}
# - {name: tend, datatype: float64}
# meta: !!omap
# - {UL_CONF: 0.95}
# - {EXTNAME: SED}
# - {CONFIG: '{"bin_index": 2.0, "use_local_index": true, "free_background": false, "free_radius": null, "free_pars": [], "ul_confidence":
#     0.95, "cov_scale": 3.0, "make_plots": false, "write_fits": true, "write_npy": true, "optimizer": {"optimizer": "MINUIT", "tol":
#     0.001, "max_iter": 100, "init_lambda": 0.0001, "retries": 3, "min_fit_quality": 2, "verbosity": 0}, "prefix": "", "outfile": null,
#     "loge_bins": []}'}
# - {SRCNAME: 4FGL J1040.5+0617}
# - {CREATOR: fermipy 1.2.0}
# - {STVER: 2.2.0}
# schema: astropy-2.0
e_min e_ref e_max ref_dnde_e_min ref_dnde_e_max ref_dnde ref_flux ref_eflux ref_npred dnde dnde_err dnde_errp dnde_errn dnde_ul e2dnde e2dnde_err e2dnde_errp e2dnde_errn e2dnde_ul norm norm_err norm_errp norm_errn norm_ul ts loglike norm_scan dloglike_scan ShowUL tstart tend
100.0 115.25240587974294 132.83117061068992 9.999999999999997e-09 2.41824333793041e-09 4.917563764640373e-09 1.696973374309948e-07 1.9110859420172782e-05 0.009960810810127719 2.6642234323019372e-05 3.587569480327048e-06 3.7861796047713425e-06 3.388959355882753e-06 3.307630556110646e-05 0.3538919172810968 0.04765410537190267 0.05029226690440972 0.04501594383939562 0.4393564387158648 5417.770993553705 729.5420358599887 769.9299462054317 689.1541255145456 6726.156923259616 720.482200493304 -337.3657730637893 [0.0,3879.3214051350383,4071.627603687371,4263.933802239705,4456.240000792037,4648.546199344371,4840.852397896706,5033.158596449038,5225.464795001374,5417.770993553705,5607.365598094032,5796.960202634353,5986.55480717468,6176.149411715007,6365.744016255327,6555.338620795651,6744.933225335977,6934.527829876304,7124.1224344166285,7313.71703895695] [-360.241100246652,-2.699601564950001,-2.0047132511320456,-1.4302174776416336,-0.9654970762317703,-0.601280225070866,-0.3294223310871871,-0.1427303994072986,-0.03482032990160633,0.0,-0.03225401433542174,-0.12620256949941222,-0.27787628946015275,-0.4836769684461615,-0.7403326895976647,-1.0448595287696776,-1.3945287170278675,-1.7868383539680508,-2.219488935408151,-2.690362094399859] False 56901.45832388852 56901.46526833296
132.83117061068992 153.091119887046 176.4411988580621 2.4182433378349665e-09 5.847900841246466e-10 1.1891865812253272e-09 5.450985518240863e-08 8.154178567894975e-06 0.006909368543018803 1.8406843798268135e-05 1.765904702832119e-06 1.8401904909805321e-06 1.6916189146837055e-06 2.1497678201739564e-05 0.431399191538122 0.04138731601594951 0.04312834393476158 0.03964628809713743 0.5038387405150762 15478.516230230152 1484.968574916601 1547.4363064914644 1422.5008433417374 18077.632678623526 1499.4514453462493 -603.4887226975288 [0.0,12252.611938852859,12655.849975275025,13059.088011697182,13462.326048119347,13865.564084541506,14268.80212096367,14672.040157385836,15075.278193807986,15478.516230230152,15852.427267616027,16226.338305001917,16600.249342387797,16974.16037977367,17348.071417159554,17721.982454545436,18095.893491931314,18469.804529317204,18843.71556670308,19217.626604088953] [-749.7257226731247,-2.704569184489742,-2.028101918431389,-1.4601826923783392,-0.9942121558974577,-0.6241750732352784,-0.3445733601945449,-0.15036845010661182,-0.036931471443949704,0.0,-0.030681615381695337,-0.12085164235179491,-0.26780056809354846,-0.4689998803321487,-0.7220862963046102,-1.024847672886267,-1.3752103873059696,-1.7712280080226037,-2.2110711006487236,-2.693018035132468] False 56901.45832388852 56901.46526833296
176.4411988580621 203.35272664697808 234.36890988269914 5.847900841444812e-10 1.4141647250701557e-10 2.875742527709893e-10 1.750955175378937e-08 3.4792065945429647e-06 0.003958403915087651 7.76729683278726e-06 7.454617881759075e-07 7.770908256068232e-07 7.138327507449919e-07 9.07458913699813e-06 0.321195832981585 0.030826582936599428 0.032134517375405104 0.02951864849779376 0.37525541762742487 27009.708824568403 2592.241068151391 2702.226705342992 2482.255430959791 31555.63841184596 1508.6273009992624 -585.0866387217752 [0.0,21387.899007268697,22090.625234431172,22793.35146159363,23496.07768875609,24198.80391591856,24901.530143081018,25604.256370243485,26306.98259740596,27009.708824568403,27663.265744199227,28316.822663830037,28970.379583460846,29623.93650309166,30277.493422722477,30931.050342353297,31584.60726198409,32238.16418161491,32891.72110124571,33545.27802087654] [-754.3136504996312,-2.704559290451698,-2.029083790800769,-1.4618209589023081,-0.9962015423809589,-0.6262369066079145,-0.34645256510532363,-0.15183095775796573,-0.03776197457989383,0.0,-0.029925803919240934,-0.11953867023794373,-0.2661156582973945,-0.4671160115243538,-0.7201652588136085,-1.023041013224315,-1.3736602550833368,-1.7700679171101683,-2.2104266148010083,-2.693007386892532] False 56901.45832388852 56901.46526833296
234.36890988269914 270.1158072739371 311.3149665447022 1.4141647249899186e-10 3.41979442498103e-11 6.954245208881683e-11 5.624384830326137e-09 1.48450005425357e-06 0.0019353129522494995 4.1998798259199364e-06 3.858061846081762e-07 4.0168572717257344e-07 3.699266420437789e-07 4.875943899581446e-06 0.3064339390176071 0.02814940277986213 0.029308014687701698 0.026990790872022566 0.35576129734862993 60393.03619256934 5547.779421344533 5776.122571282884 5319.436271406183 70114.63865775234 1718.55781298673 -609.6571694567735 [0.0,48348.480630989085,49854.050076186606,51359.61952138414,52865.18896658169,54370.758411779214,55876.32785697675,57381.89730217428,58887.466747371815,60393.03619256934,61788.5427752098,63184.04935785025,64579.55594049077,65975.06252313124,67370.56910577166,68766.07568841217,70161.58227105263,71557.08885369312,72952.59543633358,74348.10201897404] [-859.278906493365,-2.704516144548279,-2.03211087019929,-1.4663633364100406,-1.0011120219345457,-0.6307143689382428,-0.3499900904049582,-0.15417201370109979,-0.03886328922044413,0.0,-0.028961173327047618,-0.11757475763033653,-0.2632351229459573,-0.4635037185088322,-0.7160950864862343,-1.018864309256287,-1.3697957174481417,-1.7669927097776963,-2.2086685558530235,-2.6931380702070555] False 56901.45832388852 56901.46526833296
311.3149665447022 358.7979888064861 413.52331434760555 3.419794425137093e-11 8.269895085679336e-12 1.681705714757332e-11 1.8066541718328237e-09 6.334031485121907e-07 0.0008245973747992123 1.670621553245228e-06 1.8302135211027023e-07 1.916779142827704e-07 1.7436478993777004e-07 1.994344759439303e-06 0.2150691308851085 0.023561436194397833 0.024675847354289793 0.022447025034505876 0.2567439605125943 99340.89767223613 10883.078442572812 11397.82737257507 10368.329512570555 118590.59179846365 1136.4384771565149 -467.7359097064999 [0.0,75981.21970287173,78901.1794490423,81821.13919521282,84741.0989413834,87661.05868755392,90581.01843372444,93500.978179895,96420.93792606556,99340.89767223613,102115.42870480301,104889.95973736995,107664.49076993688,110439.0218025038,113213.55283507069,115988.08386763764,118762.6149002045,121537.14593277144,124311.67696533832,127086.20799790524] [-568.2192385782574,-2.7040264466647272,-2.022035106355929,-1.4522524537438812,-0.9868133281141809,-0.618651596163545,-0.3413954559408694,-0.14927934611205274,-0.037069397048810515,0.0,-0.030427799412905188,-0.12134114241030147,-0.269583149984328,-0.4722378177717701,-0.7266061171620777,-1.0301849887819117,-1.380648818203838,-1.7758330500153647,-2.2137196507102317,-2.692424175592805] False 56901.45832388852 56901.46526833296
413.52331434760555 476.5900816815941 549.2752115212968 8.269895085679336e-12 2.000092125493533e-12 4.067007750118627e-12 5.803047121391051e-10 2.702451381131754e-07 0.0003207758716842965 6.841264286716201e-07 9.215077179906356e-08 9.726475554040808e-08 8.703678805771902e-08 8.494998013179126e-07 0.15539118124378218 0.020930951768939773 0.022092532349845033 0.01976937118803451 0.1929537758824266 168213.7017446465 22658.125447726452 23915.55696877417 21400.69392667873 208875.87472463862 754.3711158072665 -316.22617600517424 [0.0,120472.86650296478,126440.47090817508,132408.07531338523,138375.67971859543,144343.2841238057,150310.88852901576,156278.49293422603,162246.0973394363,168213.7017446465,174104.19044184274,179994.6791390391,185885.16783623534,191775.6565334316,197666.14523062794,203556.63392782418,209447.12262502042,215337.6113222168,221228.10001941302,227118.58871660932] [-377.18555790363325,-2.69960736808315,-2.005134806577871,-1.4309036337004386,-0.9663162253065138,-0.6021170734526322,-0.3301753096151856,-0.14330956824790064,-0.0351456684555842,0.0,-0.03194619989693592,-0.12567317124876354,-0.2772033464352148,-0.4829313338107113,-0.7395788866073758,-1.0441564829729373,-1.3939303855719913,-1.7863942688878751,-2.2192446746311703,-2.6903596917085224] False 56901.45832388852 56901.46526833296
549.2752115212968 633.0528961793416 729.6086933380817 2.0000921254232425e-12 4.83670945763237e-13 9.83558056200577e-13 1.8642966888581788e-10 1.1532148277813061e-07 0.0001171328302663234 1.1711090562370957e-07 3.113877173953794e-08 3.3610533571366044e-08 2.8667009907709845e-08 1.764024496894563e-07 0.046932894505980434 0.012479048653191068 0.013469621962134989 0.011488475344247148 0.07069433472296231 119068.62526865132 31659.312374324974 34172.394155563554 29146.230593086395 179351.33424750532 144.0140397274358 -110.91273006650572 [0.0,59415.90758243857,66872.49729321519,74329.08700399174,81785.67671476833,89242.26642554492,96698.8561363215,104155.44584709812,111612.03555787465,119068.62526865132,128096.19729578057,137123.76932290994,146151.34135003938,155178.91337716868,164206.485404298,173234.05743142744,182261.6294585568,191289.20148568615,200316.77351281533,209344.34553994477] [-72.0070198637179,-2.6999357760733176,-1.9281135493981765,-1.329465712014425,-0.8709825462942007,-0.5282768614653577,-0.2828199538366363,-0.12020342133358497,-0.029001345735025552,0.0,-0.03743173297455371,-0.1441573303908541,-0.3113576559099016,-0.53179696057596,-0.7994651481899808,-1.1093156911635447,-1.4570700585510679,-1.8390693754108867,-2.252160253987668,-2.693605765072718] False 56901.45832388852 56901.46526833296
729.6086933380817 840.8915725798939 969.1477682383326 4.836709457721805e-13 1.1696340423640763e-13 2.3784827169386265e-13 5.988458279417007e-11 4.9205111223615734e-08 4.161838798861367e-05 5.135322723423497e-08 1.7041005679154804e-08 1.8601112935789475e-08 1.548089842252013e-08 8.477330781047726e-08 0.036311796974451103 0.012049671886042973 0.013152821600527127 0.01094652217155882 0.05994309039285754 215907.50636326827 71646.53986255778 78205.79398504602 65087.28574006953 356417.5901163999 113.32015539489923 -63.573251400289216 [0.0,88752.06007860543,104646.4908641883,120540.92164977109,136435.35243535397,152329.78322093692,168224.2140065196,184118.64479210254,200013.07557768532,215907.50636326827,237219.96273213677,258532.41910100522,279844.8754698737,301157.3318387422,322469.78820761055,343782.2445764792,365094.7009453476,386407.1573142162,407719.6136830845,429032.07005195325] [-56.660077697449616,-2.695104376612939,-1.877520722235566,-1.2690515866127114,-0.8178255582048521,-0.4891591496691987,-0.2587127897386736,-0.10874697762930907,-0.025932565170336375,0.0,-0.0406247868258518,-0.15404554393093406,-0.3287256205018778,-0.5556706261409303,-0.8277323111879653,-1.1391355210627196,-1.4851475853702496,-1.8618415872427008,-2.26592323495786,-2.694601871723556] False 56901.45832388852 56901.46526833296
1287.3303254983532 1483.6791717563765 1709.9759409858673 2.828459730805445e-14 6.839903900738612e-15 1.3909131082069199e-14 6.178954941692177e-12 8.957982668088599e-09 4.984953137578824e-06 2.6978088384236523e-09 2.7989583304119457e-09 3.512899645274437e-09 2.085017015549455e-09 1.0129249470666482e-08 0.005938697076209928 0.006161357845859564 0.007732959635716824 0.004589756056002305 0.0222975562089109 193959.55236208127 201231.717056732 252560.68294611532 149902.75116734873 728244.5906146137 9.04286924227479 -9.409788164269209 [0.0,21551.06137356459,43102.12274712918,64653.18412069375,86204.24549425836,107755.3068678229,129306.3682413875,150857.42961495207,172408.4909885167,193959.55236208127,281085.0673764173,368210.58239075355,455336.09740508924,542461.6124194253,629587.1274337614,716712.6424480976,803838.1574624333,890963.6724767699,978089.1874911058,1065214.7025054414] [-4.521434621137395,-1.3052331690744232,-0.7376920622285823,-0.4457904885482833,-0.26861985956726464,-0.15476015174540514,-0.08110674421086017,-0.03527168924338575,-0.009835286915373942,0.0,-0.06459135278462469,-0.22958651774492722,-0.45193997666416763,-0.7114586845252564,-0.9970335223867863,-1.3018947067842586,-1.6216100034882395,-1.953118784583605,-2.294218634233818,-2.6432717372761445] False 56901.45832388852 56901.46526833296
100.0 115.25240587974294 132.83117061068992 9.999999999999997e-09 2.41824333793041e-09 4.917563764640373e-09 1.696973374309948e-07 1.9110859420172782e-05 0.013723293497484704 6.878578580000566e-05 4.936049926434604e-06 5.097384312576455e-06 4.774715540292751e-06 7.729107750650228e-05 0.9136896449190932 0.0655661289921119 0.06770915252920981 0.06342310545501395 1.0266664302950272 13987.77709698616 1003.7592114060941 1036.5669987299561 970.9514240822318 15717.351356430183 2966.4180261988977 -938.9054628785475 [0.0,11769.190238053006,12046.51359541965,12323.836952786296,12601.160310152944,12878.483667519584,13155.807024886231,13433.130382252877,13710.453739619516,13987.77709698616,14235.445955995923,14483.114815005672,14730.78367401543,14978.452533025182,15226.121392034942,15473.790251044698,15721.459110054448,15969.127969064204,16216.796828073957,16464.465687083703] [-1483.2090130994488,-2.7040632457136553,-2.039269768856002,-1.4762064225899394,-1.0103462002592778,-0.6374577084773136,-0.35357997643154704,-0.15499989259365066,-0.03823194669746499,0.0,-0.029726976206120526,-0.11755501801576429,-0.2615141159093355,-0.45973278682436103,-0.7104316115835445,-1.011917293652914,-1.3625771895657408,-1.7608742667782735,-2.205342449491468,-2.6945823171577103] False 56901.46526833296 56901.47221277741
132.83117061068992 153.091119887046 176.4411988580621 2.4182433378349798e-09 5.847900841246494e-10 1.1891865812253332e-09 5.4509855182408916e-08 8.154178567895014e-06 0.00936236278345827 3.644664625921096e-05 2.1410883067294447e-06 2.1998976463561465e-06 2.0822789671027434e-06 4.0106221746664927e-05 0.854196075265162 0.05018045324107737 0.05155876132300052 0.04880214515915423 0.9399651470279652 30648.383386277757 1800.4645700957 1849.9179868724893 1751.0111533189108 33725.76043141996 4521.051067396831 -1297.838683304578 [0.0,26630.47558082413,27132.714056505836,27634.952532187534,28137.19100786926,28639.429483550946,29141.66795923265,29643.906434914363,30146.14491059606,30648.383386277757,31088.138042367504,31527.892698457246,31967.647354546996,32407.402010636724,32847.15666672646,33286.9113228162,33726.665978905956,34166.42063499567,34606.175291085434,35045.92994717517] [-2260.5255336984155,-2.7049626422065103,-2.045981703762436,-1.485312097745009,-1.019413023153902,-0.644931589387852,-0.35868975049788787,-0.1576723556675006,-0.039016203414121264,0.0,-0.029191518005291073,-0.11579392930661925,-0.2582169923653055,-0.45493563693798933,-0.7044864508802675,-1.0054644005385853,-1.356519766339943,-1.7563552768490354,-2.2037234260685636,-2.69742396010065] False 56901.46526833296 56901.47221277741
176.4411988580621 203.35272664697808 234.36890988269914 5.847900841444793e-10 1.414164725070152e-10 2.875742527709885e-10 1.7509551753789316e-08 3.4792065945429567e-06 0.005265407772283383 2.549575831258467e-05 1.1759797972301119e-06 1.2021226051716985e-06 1.149836989288525e-06 2.7495187439437066e-05 1.0543090479225539 0.048629506335642156 0.04971057239427794 0.04754844027700637 1.1369901038564683 88658.0007316871 4089.3083643569807 4180.21639137846 3998.4003373355013 95610.74113729168 7835.393529171105 -1834.1217412856581 [0.0,79467.86211579738,80616.6294427836,81765.39676976982,82914.164096756,84062.93142374228,85211.6987507285,86360.46607771468,87509.23340470089,88658.0007316871,89648.40976464956,90638.81879761202,91629.22783057447,92619.63686353697,93610.04589649948,94600.45492946195,95590.86396242441,96581.27299538685,97571.68202834931,98562.09106131182] [-3917.6967645855525,-2.7087022897019324,-2.0558820370254125,-1.4978714902122192,-1.0320254013852264,-0.6558077072704691,-0.36678560175482744,-0.16262400530308696,-0.041080399767452036,0.0,-0.027583822778296962,-0.11215476874940578,-0.25247432845389994,-0.44734393385510884,-0.6956032591297117,-0.9961286108705281,-1.3478314021099322,-1.749656704986137,-2.200581877235436,-2.6996152580352373] False 56901.46526833296 56901.47221277741
