GB6J1040+0617_allsed_10min_min11.ecsv
# %ECSV 1.0
# ---
# datatype:
# - {name: e_min, unit: MeV, datatype: float64}
# - {name: e_ref, unit: MeV, datatype: float64}
# - {name: e_max, unit: MeV, datatype: float64}
# - {name: ref_dnde_e_min, unit: ph / (cm2 MeV s), datatype: float64}
# - {name: ref_dnde_e_max, unit: ph / (cm2 MeV s), datatype: float64}
# - {name: ref_dnde, unit: ph / (cm2 MeV s), datatype: float64}
# - {name: ref_flux, unit: ph / (cm2 s), datatype: float64}
# - {name: ref_eflux, unit: MeV / (cm2 s), datatype: float64}
# - {name: ref_npred, datatype: float64}
# - {name: dnde, unit: ph / (cm2 MeV s), datatype: float64}
# - {name: dnde_err, unit: ph / (cm2 MeV s), datatype: float64}
# - {name: dnde_errp, unit: ph / (cm2 MeV s), datatype: float64}
# - {name: dnde_errn, unit: ph / (cm2 MeV s), datatype: float64}
# - {name: dnde_ul, unit: ph / (cm2 MeV s), datatype: float64}
# - {name: e2dnde, unit: MeV / (cm2 s), datatype: float64}
# - {name: e2dnde_err, unit: MeV / (cm2 s), datatype: float64}
# - {name: e2dnde_errp, unit: MeV / (cm2 s), datatype: float64}
# - {name: e2dnde_errn, unit: MeV / (cm2 s), datatype: float64}
# - {name: e2dnde_ul, unit: MeV / (cm2 s), datatype: float64}
# - {name: norm, datatype: float64}
# - {name: norm_err, datatype: float64}
# - {name: norm_errp, datatype: float64}
# - {name: norm_errn, datatype: float64}
# - {name: norm_ul, datatype: float64}
# - {name: ts, datatype: float64}
# - {name: loglike, datatype: float64}
# - {name: norm_scan, datatype: string, subtype: 'float64[20]'}
# - {name: dloglike_scan, datatype: string, subtype: 'float64[20]'}
# - {name: ShowUL, datatype: bool}
# - {name: tstart, datatype: float64}
# - {name: tend, datatype: float64}
# meta: !!omap
# - {UL_CONF: 0.95}
# - {EXTNAME: SED}
# - {CONFIG: '{"bin_index": 2.0, "use_local_index": true, "free_background": false, "free_radius": null, "free_pars": [], "ul_confidence":
#     0.95, "cov_scale": 3.0, "make_plots": false, "write_fits": true, "write_npy": true, "optimizer": {"optimizer": "MINUIT", "tol":
#     0.001, "max_iter": 100, "init_lambda": 0.0001, "retries": 3, "min_fit_quality": 2, "verbosity": 0}, "prefix": "", "outfile": null,
#     "loge_bins": []}'}
# - {SRCNAME: 4FGL J1040.5+0617}
# - {CREATOR: fermipy 1.2.0}
# - {STVER: 2.2.0}
# schema: astropy-2.0
e_min e_ref e_max ref_dnde_e_min ref_dnde_e_max ref_dnde ref_flux ref_eflux ref_npred dnde dnde_err dnde_errp dnde_errn dnde_ul e2dnde e2dnde_err e2dnde_errp e2dnde_errn e2dnde_ul norm norm_err norm_errp norm_errn norm_ul ts loglike norm_scan dloglike_scan ShowUL tstart tend
[from data line 25]
413.52331434760555 476.5900816815941 549.2752115212968 8.269892762759542e-12 2.0000917443023485e-12 4.067006791371411e-12 5.803045704829894e-10 2.702450726944649e-07 1.7670919678744847e-05 9.191401258579408e-07 4.584472823096176e-07 5.144974251467492e-07 4.023971394724861e-07 1.8907118751316998e-06 0.2087717472966981 0.10413084738506373 0.11686197066772416 0.09139972410240332 0.4294527142283299 225999.16179338444 112723.51039153966 126505.17974012495 98941.84104295439 464890.267491819 48.6795471056937 -36.040097216866165 [0.0,53701.40387242753,75238.62361254718,96775.8433526668,118313.06309278635,139850.282832906,161387.50257302553,182924.72231314526,204461.9420532647,225999.16179338444,263270.69492672075,300542.2280600572,337813.76119339356,375085.2943267299,412356.82746006636,449628.360593403,486899.8937267393,524171.4268600756,561442.959993412,598714.4931267485] [-24.33977355284685,-2.691213154468336,-1.727579299506047,-1.103834229352131,-0.6823261973612986,-0.3951025303736415,-0.20358252560727408,-0.08374257316269507,-0.01960423059598071,0.0,-0.048568888971296076,-0.17798465208972658,-0.3693049120780145,-0.6095518730399974,-0.8894443389418214,-1.2021147369748846,-1.5423385721287133,-1.906048776239139,-2.290017207927825,-2.6916386916974844] False 56901.47221277741 56901.47915722185
549.2752115212968 633.0528961793416 729.6086933380817 2.000091744208623e-12 4.836708972588796e-13 9.835579131507493e-13 1.8642964021075256e-10 1.1532146527503185e-07 6.498600171300859e-06 7.308919183920922e-07 3.360378787695249e-07 3.801978420196146e-07 2.918779155194351e-07 1.4520597569575415e-06 0.292909299253382 0.1346691858483127 0.15236655472755087 0.11697181696907454 0.5819216154696935 743110.2008530827 341655.40663798264 386553.58971357485 296757.2235623904 1476333.7649391522 71.70267253785002 -41.497814946375144 [0.0,219344.6665806855,284815.35836473526,350286.0501487848,415756.7419328346,481227.43371688406,546698.1255009336,612168.8172849835,677639.509069033,743110.2008530827,855306.9108244994,967503.6207959155,1079700.3307673328,1191897.0407387496,1304093.750710166,1416290.460681583,1528487.170653,1640683.8806244177,1752880.590595834,1865077.300567249] [-35.85133626892501,-2.691684724530404,-1.81298491422978,-1.2050456678158525,-0.7745421641004171,-0.4693794523081465,-0.2574952116977869,-0.11774600361155052,-0.03545098709669503,0.0,-0.026347938132730064,-0.13941087163776444,-0.32012069770910045,-0.5550803454448285,-0.8345164141355355,-1.1510797271599245,-1.4991044528386581,-1.8741302745132344,-2.272582928074229,-2.691554018289203] False 56901.47221277741 56901.47915722185
729.6086933380817 840.8915725798939 969.1477682383326 4.836708972857104e-13 1.1696340307082372e-13 2.3784825858697364e-13 5.988457899308306e-11 4.920510820049499e-08 2.324173094832142e-06 2.038850434786003e-07 1.4437586352101214e-07 1.6837536928547659e-07 1.2037635775654772e-07 5.399899437133569e-07 0.14416683631494387 0.10208797628771177 0.1190579940984996 0.08511795847692395 0.3818261531048021 857206.3747275493 607008.2849407048 707910.8768160562 506105.6930653535 2270312.7906900337 22.805122001705087 -19.79828267098124 [0.0,90628.78495598109,186450.98367742708,282273.18239887326,378095.38112031925,473917.57984176517,569739.7785632113,665561.9772846573,761384.1760061033,857206.3747275493,1083428.241310205,1309650.107892862,1535871.9744755183,1762093.8410581748,1988315.7076408311,2214537.5742234876,2440759.440806145,2666981.3073888007,2893203.173971457,3119425.0405541123] [-11.402561000852543,-2.6758232536312256,-1.4764813836851367,-0.8765121843164501,-0.5180137011266304,-0.290938918916261,-0.14667727778036266,-0.059423952185934326,-0.013825137334055881,0.0,-0.058276009483329005,-0.20539205515861525,-0.4129153612181149,-0.6641981860640449,-0.9486486014432138,-1.2591084525193388,-1.590512811601446,-1.9391458326102509,-2.3022004619856595,-2.6775042948845744] False 56901.47221277741 56901.47915722185
969.1477682383326 1116.9661194245136 1287.3303254983532 1.1696340307032205e-13 2.828459958032101e-14 5.751750187026315e-14 1.923601202502466e-11 2.0994726932015487e-08 8.23040166341338e-07 6.39866945843037e-08 6.983027399026521e-08 8.780900173423366e-08 5.185154624629676e-08 2.535502621659373e-07 0.0798306519505608 0.08712117940683001 0.10955167947199061 0.06469067934166939 0.3163326823246725 1112473.464661809 1214070.0085997272 1526648.3918633359 901491.6253361184 4408227.998807161 14.66070817097324 -8.776381940805406 [0.0,123608.16274020098,247216.32548040195,370824.48822060286,494432.6509608039,618040.8137010047,741648.9764412057,865257.1391814066,988865.3019216078,1112473.464661809,1650684.2528333277,2188895.041004847,2727105.829176366,3265316.6173478845,3803527.4055194063,4341738.193690926,4879948.981862444,5418159.770033963,5956370.558205486,6494581.346377001] [-7.33035408548662,-1.381252393454961,-0.7910183356639173,-0.4876808992722452,-0.30192996207939515,-0.18063890361500157,-0.10013051073278412,-0.04777051829662149,-0.0160157639942895,0.0,-0.04845061106478887,-0.20925621263284278,-0.43240758204555796,-0.6952784989421747,-0.9856880742475926,-1.2963208108187736,-1.6224373299007961,-1.9607909012031133,-2.3090597686586936,-2.665526064840771] False 56901.47221277741 56901.47915722185
100.0 115.25240587974294 132.83117061068992 1.0723546887599838e-09 3.4150551657060574e-10 6.051570390666279e-10 2.041794395277674e-08 2.3138978983790767e-06 0.015665867668532066 2.6222158484529934e-07 1.0135165908164789e-07 1.1166817533645274e-07 9.103514282684304e-08 4.6619839786084815e-07 0.0034831200074391493 0.0013462659519150862 0.0014833014449900804 0.0012092304588400922 0.006192567892468468 433.31163304278925 167.47993089193673 184.52759883399136 150.4322629498821 770.375898758272 39.109810200575794 -58.04733127572335 [0.0,147.5419689969384,183.26317700266975,218.9843850084011,254.7055930141324,290.42680101986366,326.1480090255951,361.86921703132634,397.5904250370578,433.31163304278925,484.8024566114295,536.2932801800702,587.7841037487105,639.274927317351,690.7657508859921,742.2565744546322,793.7473980232731,845.2382215919135,896.7290451605537,948.2198687291946] [-19.554905100287897,-2.699351945164473,-1.8467697748403396,-1.2320404611025921,-0.7864247606201573,-0.4672677583242475,-0.24626617573701992,-0.10367250017135632,-0.02515919029733027,0.0,-0.04139410905844443,-0.15827572010392998,-0.33707842686538925,-0.5675937247091625,-0.8419467063868851,-1.1539348335345636,-1.4985855099786392,-1.871850936618202,-2.270392101676606,-2.691422377459112] False 56901.52082388852 56901.52776833296
132.83117061068992 153.091119887046 176.4411988580621 3.4150551654364865e-10 1.0875694307366287e-10 1.9272025327422008e-10 8.637166185075716e-09 1.3001799367296572e-06 0.009704220323399744 1.566163210509109e-07 5.5579284119316775e-08 6.094776419324051e-08 5.0210804045393034e-08 2.670284859071092e-07 0.003670599643454078 0.0013026056231105075 0.001428426105375757 0.0011767851408452576 0.006258317514967682 812.6614530132587 288.39358175932585 316.2499174724435 260.53724604620817 1385.5756277320606 53.981992062919005 -62.22045768513861 [0.0,306.7560175642719,369.99419699539527,433.2323764265185,496.47055585764195,559.7087352887652,622.9469147198889,686.1850941510122,749.4232735821353,812.6614530132587,899.9016397269693,987.1418264406807,1074.3820131543916,1161.6221998681024,1248.8623865818136,1336.1025732955247,1423.3427600092357,1510.5829467229466,1597.8231334366576,1685.0633201503688] [-26.990996031459503,-2.7004004118357585,-1.8646870406027887,-1.2517627109594471,-0.8021667274914961,-0.4774663007563831,-0.2513781396756798,-0.10513187953738878,-0.02485403050519608,0.0,-0.04182450885465272,-0.15726051334215185,-0.3339627054192533,-0.5624526225373643,-0.8352943962171651,-1.1465469709191751,-1.491388473190277,-1.8658516302514556,-2.266633031283021,-2.690952802462391] False 56901.52082388852 56901.52776833296
176.4411988580621 203.35272664697808 234.36890988269914 1.0875694307735126e-10 3.4635085215531676e-11 6.137431051559579e-11 3.653680306394591e-09 7.305715041512145e-07 0.0053093717163934274 1.372010514040974e-07 3.9567850255675663e-08 4.291547028724781e-08 3.622023022410353e-08 2.134473038742179e-07 0.005673583350859862 0.0016362228579336771 0.0017746547509968921 0.001497790964870462 0.008826543653662719 2235.4801259923465 644.6972670368509 699.2415870210483 590.1529470526536 3477.7955480245914 93.06756035669977 -87.97608896063271 [0.0,1038.1418980543306,1187.8091765465826,1337.4764550388338,1487.143733531086,1636.8110120233378,1786.4782905155903,1936.1455690078415,2085.812847500094,2235.4801259923465,2422.38286677949,2609.285607566633,2796.1883483537767,2983.0910891409208,3169.9938299280643,3356.8965707152074,3543.7993115023505,3730.702052289493,3917.6047930766367,4104.507533863782] [-46.533780178349886,-2.6980501602267566,-1.9113562502132737,-1.3090380708020746,-0.8525479786305112,-0.5142928923795438,-0.27383982999873524,-0.11563438701384143,-0.027561363589455823,0.0,-0.03887496588305339,-0.14796730859981722,-0.3176398459856813,-0.5401127381596922,-0.8090148641143031,-1.1190629749003733,-1.4658272938653596,-1.8455570364028944,-2.2550483586883843,-2.691542926095579] False 56901.52082388852 56901.52776833296
234.36890988269914 270.1158072739371 311.3149665447022 3.463508521356669e-11 1.1030000420103906e-11 1.9545459944856172e-11 1.5455740336701528e-09 4.1050835161550585e-07 0.0026759129934910246 8.62973919490287e-08 2.4991581112744408e-08 2.711787191089508e-08 2.286529031459374e-08 1.3451314521624564e-07 0.006296477717929665 0.0018234494700045008 0.001978589067274164 0.001668309872734838 0.00981442199461812 4415.214182347233 1278.638680453335 1387.4256214692844 1169.8517394373857 6882.06599362456 90.31185232842813 -90.9797785428795 [0.0,2042.2528456584291,2338.8730127445297,2635.4931798306293,2932.1133469167303,3228.73351400283,3525.353681088931,3821.9738481750323,4118.594015261133,4415.214182347233,4786.259018295356,5157.303854243479,5528.348690191603,5899.393526139723,6270.438362087851,6641.483198035971,7012.528033984093,7383.572869932221,7754.617705880343,8125.662541828465] [-45.155926164214065,-2.6980360151227814,-1.9118733435075654,-1.3098766354340086,-0.853533149328797,-0.5152807776701422,-0.2747120398050811,-0.1162930218848004,-0.027924893618731517,0.0,-0.03846856922186248,-0.14730124796918176,-0.31682962338022946,-0.5392508599817063,-0.8081765394411207,-1.1183101576214938,-1.4652116130069288,-1.8451219615363357,-2.2548308275525812,-2.6915745867484304] False 56901.52082388852 56901.52776833296
311.3149665447022 358.7979888064861 413.52331434760555 1.1030000420607265e-11 3.5126493415999635e-12 6.224509917679726e-12 6.538062702483574e-10 2.3066476834364694e-07 0.001293716380740155 1.3655927299606171e-08 8.290461305305313e-09 9.427424514905646e-09 7.15349809570498e-09 3.18748569202211e-08 0.001758009412755022 0.0010672807998346882 0.001213648891915201 0.0009209127077541752 0.004103441477576137 2193.8959822071606 1331.9058712972057 1514.564944001222 1149.2467985931892 5120.862098666702 12.355918038887118 -28.672394369399388 [0.0,293.11464316186607,530.712310542528,768.3099779231899,1005.9076453038515,1243.5053126845135,1481.1029800651754,1718.7006474458367,1956.298314826499,2193.8959822071606,2656.1977192729223,3118.499456338686,3580.801193404448,4043.1029304702106,4505.404667535973,4967.706404601735,5430.008141667497,5892.309878733259,6354.611615799026,6816.913352864786] [-6.177959019443559,-2.69946080966616,-1.6441922523058885,-1.020249856542847,-0.6186503239446637,-0.35326272083895205,-0.1800279827518665,-0.07333566355282528,-0.01696782288350107,0.0,-0.05267889322823294,-0.18945650863360086,-0.3878233202721013,-0.6332511297620407,-0.9158149524899422,-1.2284325457896195,-1.5658726588643255,-1.9241613264900366,-2.3002086491290434,-2.6915645515779367] False 56901.52082388852 56901.52776833296
413.52331434760555 476.5900816815941 549.2752115212968 3.5126493416606054e-12 1.1187534030791671e-12 1.982369391613635e-12 2.7655793952914134e-10 1.2960283203507412e-07 0.0006188343688819514 1.795806502304503e-08 7.734380050086724e-09 8.560632850892906e-09 6.908127249280541e-09 3.3731578642717356e-08 0.00407896087599192 0.0017567724353303822 0.0019444459315473865 0.0015690989391133774 0.007661726883855471 9058.889377033462 3901.5836719467266 4318.384296644436 3484.7830472490164 17015.788674612297 36.2157650122319 -52.8198483868537 [0.0,2632.159195731211,3435.5004683939906,4238.841741056773,5042.183013719557,5845.524286382334,6648.865559045116,7452.206831707895,8255.548104370677,9058.889377033462,10283.858134209064,11508.826891384671,12733.79564856027,13958.764405735881,15183.733162911489,16408.701920087093,17633.670677262697,18858.6394344383,20083.6081916139,21308.576948789516] [-18.10788250611595,-2.690375394140027,-1.8003156140929448,-1.1822535089928294,-0.7453299225641317,-0.43804674134052135,-0.2283051358892365,-0.09470608755591314,-0.022248906345801345,0.0,-0.04470363300146829,-0.16614932554232809,-0.3493062186143021,-0.5831880600439732,-0.8595163097673719,-1.1718948812024834,-1.5152778088959096,-1.885613110076541,-2.2795970768059206,-2.6945002354412324] False 56901.52082388852 56901.52776833296
100.0 115.25240587974294 132.83117061068992 7.218627731700759e-11 3.2063223903789056e-11 4.810950812881189e-11 1.5925269845253387e-09 1.8187971413873725e-07 0.0018757198703338099 2.7345806998588907e-07 8.377823394095417e-08 9.117538121450516e-08 7.638108666740315e-08 4.363403392269365e-07 0.0036323755549165647 0.0011128360886073186 0.0012110932617598641 0.001014578915454773 0.0057959598044179566 5684.075365179632 1741.4069941567525 1895.1634460777605 1587.6505422357445 9069.731872099943 63.86584995034033 -85.30862840316075 [0.0,2477.8560249766897,2878.6334425020596,3279.410860027426,3680.1882775527934,4080.9656950781628,4481.743112603532,4882.520530128898,5283.297947654268,5684.075365179632,6194.969737617012,6705.864110054392,7216.758482491772,7727.6528549291515,8238.54722736653,8749.441599803908,9260.335972241284,9771.23034467867,10282.124717116048,10793.019089553422] [-31.932924975170167,-2.695505737895431,-1.9001501659962088,-1.2962206176352566,-0.8414488733055094,-0.5062012231897484,-0.2688913903325556,-0.11330464417775943,-0.0269500194781358,0.0,-0.03948221108306882,-0.14986953136687475,-0.3209933156959863,-0.5447275954800546,-0.8144759595340361,-1.1248101227728569,-1.4712093500446315,-1.8498687336581554,-2.2575555792953566,-2.6915001011849853] False 56901.52776833296 56901.53471277741
