PKS1502+106_allsed_1d_min11.ecsv
# %ECSV 1.0
# ---
# datatype:
# - {name: e_min, unit: MeV, datatype: float64}
# - {name: e_ref, unit: MeV, datatype: float64}
# - {name: e_max, unit: MeV, datatype: float64}
# - {name: ref_dnde_e_min, unit: ph / (MeV s cm2), datatype: float64}
# - {name: ref_dnde_e_max, unit: ph / (MeV s cm2), datatype: float64}
# - {name: ref_dnde, unit: ph / (MeV s cm2), datatype: float64}
# - {name: ref_flux, unit: ph / (s cm2), datatype: float64}
# - {name: ref_eflux, unit: MeV / (s cm2), datatype: float64}
# - {name: ref_npred, datatype: float64}
# - {name: dnde, unit: ph / (MeV s cm2), datatype: float64}
# - {name: dnde_err, unit: ph / (MeV s cm2), datatype: float64}
# - {name: dnde_errp, unit: ph / (MeV s cm2), datatype: float64}
# - {name: dnde_errn, unit: ph / (MeV s cm2), datatype: float64}
# - {name: dnde_ul, unit: ph / (MeV s cm2), datatype: float64}
# - {name: e2dnde, unit: MeV / (s cm2), datatype: float64}
# - {name: e2dnde_err, unit: MeV / (s cm2), datatype: float64}
# - {name: e2dnde_errp, unit: MeV / (s cm2), datatype: float64}
# - {name: e2dnde_errn, unit: MeV / (s cm2), datatype: float64}
# - {name: e2dnde_ul, unit: MeV / (s cm2), datatype: float64}
# - {name: norm, datatype: float64}
# - {name: norm_err, datatype: float64}
# - {name: norm_errp, datatype: float64}
# - {name: norm_errn, datatype: float64}
# - {name: norm_ul, datatype: float64}
# - {name: ts, datatype: float64}
# - {name: loglike, datatype: float64}
# - {name: norm_scan, datatype: string, subtype: 'float64[20]'}
# - {name: dloglike_scan, datatype: string, subtype: 'float64[20]'}
# - {name: ShowUL, datatype: bool}
# - {name: tstart, datatype: float64}
# - {name: tend, datatype: float64}
# meta: !!omap
# - {UL_CONF: 0.95}
# - {EXTNAME: SED}
# - {CONFIG: '{"bin_index": 2.0, "use_local_index": true, "free_background": false, "free_radius": null, "free_pars": [], "ul_confidence":
#     0.95, "cov_scale": 3.0, "make_plots": false, "write_fits": true, "write_npy": true, "optimizer": {"optimizer": "MINUIT", "tol":
#     0.001, "max_iter": 100, "init_lambda": 0.0001, "retries": 3, "min_fit_quality": 2, "verbosity": 0}, "prefix": "", "outfile": null,
#     "loge_bins": []}'}
# - {SRCNAME: 4FGL J1504.4+1029}
# - {CREATOR: fermipy 1.2.0}
# - {STVER: 2.2.0}
# schema: astropy-2.0
e_min e_ref e_max ref_dnde_e_min ref_dnde_e_max ref_dnde ref_flux ref_eflux ref_npred dnde dnde_err dnde_errp dnde_errn dnde_ul e2dnde e2dnde_err e2dnde_errp e2dnde_errn e2dnde_ul norm norm_err norm_errp norm_errn norm_ul ts loglike norm_scan dloglike_scan ShowUL tstart tend
[from data line 229]
4007.6519721450045 4618.915317184078 5323.411028602609 5.448467145364109e-15 3.0048554415266834e-15 4.046215039975845e-15 5.327446581258638e-12 2.4508752265967953e-08 0.000525755818965648 1.5288472618946766e-11 1.0854505651000665e-11 1.2669827572309162e-11 9.039183729692167e-12 4.0630559252627543e-11 0.0003261700647090674 0.00023157413423916814 0.0002703028995840592 0.0001928453688942771 0.0008668277381856668 3778.462703514155 2682.63192730989 3131.27884878427 2233.9850058355105 10041.621330355714 27.721083557000572 -6.958747685527106 [0.0,406.88171805874384,828.3293412406708,1249.7769644225973,1671.2245876045235,2092.672210786448,2514.1198339683756,2935.5674571503027,3357.0150803322285,3778.462703514155,4780.338334644509,5782.2139657748585,6784.089596905205,7785.96522803556,8787.84085916591,9789.716490296267,10791.59212142662,11793.467752556964,12795.343383687316,13797.21901481767] [-13.860541778500286,-2.6775786158373798,-1.4813072853850837,-0.8815471914963036,-0.5225776950025756,-0.29476525833048406,-0.14963411813065264,-0.06143649057356981,-0.01484685531696961,0.0,-0.0565284872385039,-0.20283397087677812,-0.4100694651310395,-0.6613858125865093,-0.9460813663811827,-1.2569330996277746,-1.5888352701435284,-1.9380450690427136,-2.3017369149638736,-2.6777252510344667] False 54948.699990555186 54949.699990555186
7071.149185711414 8149.575733880153 9392.473966813408 1.400671578474892e-15 7.538873100319487e-16 1.0275935619371317e-15 2.3885603653325902e-12 1.9376854526226784e-08 0.00023920112691108025 4.262493498600315e-12 4.316754581445556e-12 5.414076180788462e-12 3.2194329821026508e-12 1.5609731372632195e-11 0.000283095997743322 0.0002866997792838102 0.00035957903484473615 0.00021382052372288424 0.0010367294352218112 4148.034453003993 4200.838484534663 5268.694142635837 3132.9828264334883 15190.569453555217 9.325588149564313 -6.655391967868636 [0.0,460.89271700044355,921.7854340008871,1382.6781510013313,1843.5708680017742,2304.463585002218,2765.3563020026627,3226.249019003105,3687.1417360035484,4148.034453003993,5954.3214059051215,7760.608358806252,9566.895311707387,11373.18226460851,13179.46921750964,14985.75617041078,16792.043123311905,18598.33007621302,20404.61702911416,22210.90398201529] [-4.662794074782156,-1.287641395388758,-0.7201796168188288,-0.4301604443483473,-0.2553345431624381,-0.14400639388978664,-0.07297849413906121,-0.029822829628116665,-0.007099581159281776,0.0,-0.07164552563199234,-0.2393361746502638,-0.4625078842811936,-0.7218658607811017,-1.006704983843469,-1.310464055840848,-1.628829420748791,-1.958812843347455,-2.298258606002457,-2.64556036794579] False 54948.699990555186 54949.699990555186
100.0 115.25240587974294 132.83117061068992 5.538492309311998e-12 3.376224973850316e-12 4.324256705166455e-12 1.4175753589152504e-10 1.631121426391799e-08 0.004499590016488111 1.443750426002606e-08 4.144406969143717e-09 4.460377987615165e-09 3.828435950672268e-09 2.227058882863573e-08 0.00019177505915560857 5.5050642919846196e-05 5.924772294610764e-05 5.0853562893584746e-05 0.0002958228384297041 3338.7250675420546 958.409098190711 1031.47853879398 885.3396575874418 5150.154199224041 33.26636414620373 -140.51692412311377 [0.0,1476.9801497594074,1709.6982644822385,1942.416379205069,2175.1344939279006,2407.8526086507327,2640.5707233735625,2873.288838096392,3106.006952819225,3338.7250675420546,3608.075017108104,3877.4249666741534,4146.774916240202,4416.124865806254,4685.474815372301,4954.824764938349,5224.174714504397,5493.524664070448,5762.874613636496,6032.224563202545] [-16.633182073101864,-2.690953997172471,-1.9407013182234039,-1.350049978894674,-0.8917597593890036,-0.5451940772682349,-0.29431154000678816,-0.1263748144031922,-0.031087793330726754,0.0,-0.03499731837013087,-0.13756377418047805,-0.30018470646152196,-0.5165538341242382,-0.7813242413837145,-1.0899209269363155,-1.4383973945744515,-1.823324346190617,-2.2417021691374543,-2.6908913267032233] False 54961.699990555186 54962.6900715737
132.83117061068992 153.091119887046 176.4411988580621 4.019909575670594e-12 2.3910994365475426e-12 3.100323131765146e-12 1.350640858841879e-10 2.0631365292213782e-08 0.006061933436116896 4.29605104845527e-09 1.7400940687235551e-09 1.9027708705521186e-09 1.5774172668949914e-09 7.720919914351833e-09 0.00010068608010268874 4.078239499800898e-05 4.459503346878541e-05 3.696975652723255e-05 0.00018095435836182602 1385.6784812005528 561.2621635773963 613.733081902592 508.7912452522007 2490.359741939539 15.031625688977556 -96.59798153054538 [0.0,369.93561366883296,496.90347211029774,623.8713305517629,750.8391889932277,877.807047434693,1004.774905876158,1131.7427643176234,1258.7106227590884,1385.6784812005528,1551.8151200346333,1717.9517588687145,1884.0883977027943,2050.2250365368736,2216.3616753709557,2382.498314205035,2548.6349530391153,2714.771591873196,2880.908230707276,3047.0448695413575] [-7.515812844488778,-2.6949250245648955,-1.8903198628827766,-1.2883114057520402,-0.8382979708212588,-0.507371978397515,-0.27272283197051195,-0.1177852755196227,-0.030093727896712608,0.0,-0.035084880234165894,-0.1424020541709865,-0.3115259520009772,-0.5341956791050535,-0.8037437815184347,-1.1147041773152893,-1.4625351696390823,-1.8434188837048282,-2.2541129224543823,-2.6918385924511483] False 54961.699990555186 54962.6900715737
176.4411988580621 203.35272664697808 234.36890988269914 2.7779477649343863e-12 1.6123041067361886e-12 2.1163403766176927e-12 1.2252886711516922e-10 2.4847031393683567e-08 0.007092877494771008 4.599807989192543e-09 1.3122314536103865e-09 1.4088783126008572e-09 1.2155845946199156e-09 7.065825277805638e-09 0.00019021278450534972 5.4263829988814384e-05 5.82604029339169e-05 5.0267257043711855e-05 0.00029218834874792813 2173.472679543116 620.0474498849649 665.7144229570991 574.3804768128305 3338.699840475636 41.11973253155139 -150.44542541650074 [0.0,976.5194654517987,1126.138617213213,1275.7577689746279,1425.3769207360422,1574.9960724974562,1724.6152242588726,1874.234376020286,2023.8535277817007,2173.472679543116,2346.7655979231135,2520.058516303113,2693.3514346831103,2866.644353063107,3039.9372714431065,3213.230189823103,3386.5231082031014,3559.8160265831,3733.108944963097,3906.4018633430965] [-20.559866265775696,-2.6978563768176684,-1.9405453307252571,-1.3468567048208797,-0.8877028519956696,-0.5414124665734903,-0.29135058477248776,-0.12443570716058616,-0.030172994052179547,0.0,-0.03589324114173564,-0.1391799687226012,-0.3023238147246161,-0.5190181531337146,-0.7839277111195884,-1.0924954982214956,-1.440796012660627,-1.8254219037960127,-2.24339525901334,-2.6920973069677814] False 54961.699990555186 54962.6900715737
234.36890988269914 270.1158072739371 311.3149665447022 1.8277421622458666e-12 1.035092941729731e-12 1.3754573826340595e-12 1.0583802952407332e-10 2.8492195446722007e-08 0.0073586527532761604 2.8682761928983616e-09 8.040745956902962e-10 8.656808825444141e-10 7.424683088361781e-10 4.392114793443204e-09 0.00020927674324294497 5.866733236049132e-05 6.316228410469294e-05 5.4172380616289695e-05 0.0003204598923202528 2085.3253827504946 584.5870659768891 629.3767393116887 539.7973926420894 3193.203111122292 50.36608330078133 -145.91517185692072 [0.0,972.8471145884483,1111.9068981087034,1250.9666816289593,1390.026465149215,1529.0862486694703,1668.1460321897266,1807.2058157099825,1946.2655992302386,2085.3253827504946,2249.9336501527596,2414.5419175550255,2579.1501849572905,2743.758452359555,2908.366719761821,3072.974987164087,3237.5832545663516,3402.191521968618,3566.7997893708825,3731.408056773148] [-25.183041650390663,-2.697456044375656,-1.9409051059803062,-1.3484769677509405,-0.8906057631078568,-0.545254129072049,-0.29552362516187713,-0.1281511223301095,-0.032522072238378996,0.0,-0.03336646719367309,-0.1354840768146346,-0.2983604919841696,-0.5153522901715917,-0.7808737982834089,-1.0901810767549875,-1.4392087971452838,-1.8244451147939458,-2.2428343330900873,-2.6917002279736266] False 54961.699990555186 54962.6900715737
311.3149665447022 358.7979888064861 413.52331434760555 1.1449561368187982e-12 6.326955764906989e-13 8.511220141913446e-13 8.704620702240383e-11 3.110872326442139e-08 0.00699355306057365 1.0223230845099458e-09 3.8855847296134667e-10 4.358161895920322e-10 3.4130075633066116e-10 1.7814164643936807e-09 0.0001316097813069834 5.002146232072172e-05 5.6105231576321865e-05 4.393769306512157e-05 0.00022933242420902314 1201.1475058382323 456.5249946337225 512.0490156820857 401.00097358535925 2093.0212527591752 28.654278188393732 -90.16920772259813 [0.0,398.1822135067408,498.55287504817716,598.9235365896136,699.2941981310504,799.6648596724863,900.0355212139231,1000.406182755359,1100.776844296796,1201.1475058382323,1335.8638826518502,1470.580259465466,1605.2966362790837,1740.013013092701,1874.7293899063175,2009.445766719936,2144.162143533554,2278.87852034717,2413.5948971607872,2548.3112739744047] [-14.327139094196866,-2.6996628851508575,-1.8685105100858976,-1.257673217054517,-0.8080893601145362,-0.48216142435968834,-0.25435979421601473,-0.10649680292387131,-0.02512452237201046,0.0,-0.0409454597386798,-0.15408976764375382,-0.3281177143702507,-0.5542337357457399,-0.8254575796693331,-1.1361516448757527,-1.4816937759473774,-1.8582446687982639,-2.2625787039645076,-2.69195843087563] False 54961.699990555186 54962.6900715737
413.52331434760555 476.5900816815941 549.2752115212968 6.828801483699182e-13 3.6822575124194324e-13 5.01451947490209e-13 6.816036510869956e-11 3.23376043351984e-08 0.00619788147297913 7.813326594097155e-10 2.6326554175932434e-10 2.8695398957510375e-10 2.3957709394354493e-10 1.2954614034792044e-09 0.00017747042038087838 5.979763651902711e-05 6.517818568897084e-05 5.441708734908339e-05 0.0002942486495270113 1558.1406420302542 525.0065197213431 572.2462361774088 477.76680326527753 2583.4208241947226 50.662373642560226 -74.94800944984593 [0.0,614.533623830326,732.4845011053172,850.435378380308,968.386255655299,1086.33713293029,1204.2880102052811,1322.238887480272,1440.1897647552635,1558.1406420302542,1713.1397500058006,1868.1388579813467,2023.1379659568931,2178.137073932439,2333.136181907986,2488.135289883532,2643.134397859079,2798.133505834623,2953.1326138101713,3108.1317217857168] [-25.331186821280113,-2.6955698721074413,-1.88420066936294,-1.2776104261778016,-0.8258468146011637,-0.4954544004176995,-0.2628945272814889,-0.11095808376346383,-0.0266705294149574,0.0,-0.03946406791706636,-0.1508464336890114,-0.3233261946545838,-0.5483906724157634,-0.8192179690730654,-1.130253768676738,-1.4769132427772718,-1.855366062407171,-2.262378118714736,-2.6951928591607555] False 54961.699990555186 54962.6900715737
549.2752115212968 633.0528961793416 729.6086933380817 3.8779899130286305e-13 2.040311852022406e-13 2.812882646250219e-13 5.082665608148313e-11 3.2011833688301235e-08 0.005101922522404989 4.014023885978653e-10 1.6001962459041308e-10 1.7577998369985142e-10 1.4425926548097475e-10 7.208062673052772e-10 0.0001608644033463793 6.412881976952267e-05 7.044487776190392e-05 5.781276177714142e-05 0.0002888674143754481 1427.014344636682 568.8812677760699 624.9104772791683 512.8520582729715 2562.518092484823 28.598204018528065 -71.67037248409564 [0.0,439.1717663581619,562.6520886429773,686.1324109277924,809.612733212607,933.0930554974221,1056.5733777822372,1180.0537000670513,1303.5340223518665,1427.014344636682,1600.0933362369037,1773.1723278371278,1946.2513194373498,2119.3303110375723,2292.409302637796,2465.4882942380186,2638.5672858382427,2811.646277438463,2984.725269038688,3157.8042606389085] [-14.299102009264033,-2.6931097495931766,-1.8428353215942792,-1.2301868569150258,-0.7855301392678626,-0.46649734077712424,-0.24526406211300866,-0.1025126877274829,-0.024251092677573638,0.0,-0.04186823047083976,-0.15744333040977665,-0.3342774863310609,-0.5628916198223664,-0.8358914119309446,-1.1473915065901963,-1.492626867372465,-1.867682456380109,-2.2693003142684773,-2.69473877827231] False 54961.699990555186 54962.6900715737
729.6086933380817 840.8915725798939 969.1477682383326 2.0966769209134567e-13 1.0763733188560729e-13 1.502267318399943e-13 3.608407754006188e-11 3.017054409222295e-08 0.00393501751798038 2.103904061163863e-10 9.251184162724706e-11 1.0254209251177022e-10 8.248159074272393e-11 3.9977596878932654e-10 0.00014876676936824545 6.541499710580388e-05 7.250737383337215e-05 5.832262037823562e-05 0.000282681042570679 1400.4858092797494 615.8147787291341 682.582195963547 549.0473614947214 2661.1506746690447 34.145917099060526 -44.759101359472254 [0.0,394.95361882374,520.6451426307414,646.3366664377421,772.0281902447434,897.7197140517446,1023.411237858746,1149.1027616657477,1274.794285472748,1400.4858092797494,1594.7381973303054,1788.990585380862,1983.2429734314176,2177.4953614819733,2371.7477495325293,2566.0001375830843,2760.252525633641,2954.5049136841963,3148.7573017347527,3343.009689785308] [-17.072958549530263,-2.6902926637486075,-1.7915367064978511,-1.172705965755597,-0.7376731877965668,-0.43289414657764524,-0.22542016996575143,-0.09350230863395126,-0.02201406170122766,0.0,-0.0448612569146718,-0.1668173158953934,-0.3505196259686514,-0.5848308060458223,-0.8614058401924396,-1.1738260411954684,-1.5170455801817724,-1.8870240725158283,-2.280474747516095,-2.6946870629334114] False 54961.699990555186 54962.6900715737
969.1477682383326 1116.9661194245136 1287.3303254983532 1.079293143888914e-13 5.4064520979838475e-14 7.638813181455469e-14 2.4391829994807124e-11 2.7074508947861524e-08 0.0028422138761758364 6.029916847392522e-11 4.227671827224889e-11 4.919663321522045e-11 3.535680332927732e-11 1.5759571409221148e-10 7.523004528711796e-05 5.2744996501690154e-05 6.137837450204962e-05 4.411161850133069e-05 0.00019661851080648895 789.3787561176621 553.4461606533706 644.0350358960699 462.85728541067135 2063.0916131684194 17.643990467955888 -36.16158193823908 [0.0,84.24788530064419,172.38924415277143,260.53060300489875,348.67196185702585,436.81332070915346,524.9546795612804,613.0960384134074,701.2373972655349,789.3787561176621,991.6467723115883,1193.9147885055138,1396.18280469944,1598.4508208933664,1800.718837087292,2002.9868532812177,2205.2548694751454,2407.52288566907,2609.7909018629957,2812.058918056922] [-8.821995233977944,-2.6389108309189666,-1.4676098946718028,-0.8743331857588785,-0.5177515679586406,-0.2910488759052541,-0.14666604944113715,-0.059233406555534884,-0.013603215643939848,0.0,-0.056987491558246006,-0.20067159482590569,-0.4043860898195888,-0.6522756350511827,-0.9341262056590551,-1.242960452351042,-1.5737932728936954,-1.922934318238596,-2.2875719727215937,-2.665512513023941] False 54961.699990555186 54962.6900715737
