PKS1502+106_allsed_1d_min11.ecsv
# %ECSV 1.0
# ---
# datatype:
# - {name: e_min, unit: MeV, datatype: float64}
# - {name: e_ref, unit: MeV, datatype: float64}
# - {name: e_max, unit: MeV, datatype: float64}
# - {name: ref_dnde_e_min, unit: ph / (MeV s cm2), datatype: float64}
# - {name: ref_dnde_e_max, unit: ph / (MeV s cm2), datatype: float64}
# - {name: ref_dnde, unit: ph / (MeV s cm2), datatype: float64}
# - {name: ref_flux, unit: ph / (s cm2), datatype: float64}
# - {name: ref_eflux, unit: MeV / (s cm2), datatype: float64}
# - {name: ref_npred, datatype: float64}
# - {name: dnde, unit: ph / (MeV s cm2), datatype: float64}
# - {name: dnde_err, unit: ph / (MeV s cm2), datatype: float64}
# - {name: dnde_errp, unit: ph / (MeV s cm2), datatype: float64}
# - {name: dnde_errn, unit: ph / (MeV s cm2), datatype: float64}
# - {name: dnde_ul, unit: ph / (MeV s cm2), datatype: float64}
# - {name: e2dnde, unit: MeV / (s cm2), datatype: float64}
# - {name: e2dnde_err, unit: MeV / (s cm2), datatype: float64}
# - {name: e2dnde_errp, unit: MeV / (s cm2), datatype: float64}
# - {name: e2dnde_errn, unit: MeV / (s cm2), datatype: float64}
# - {name: e2dnde_ul, unit: MeV / (s cm2), datatype: float64}
# - {name: norm, datatype: float64}
# - {name: norm_err, datatype: float64}
# - {name: norm_errp, datatype: float64}
# - {name: norm_errn, datatype: float64}
# - {name: norm_ul, datatype: float64}
# - {name: ts, datatype: float64}
# - {name: loglike, datatype: float64}
# - {name: norm_scan, datatype: string, subtype: 'float64[20]'}
# - {name: dloglike_scan, datatype: string, subtype: 'float64[20]'}
# - {name: ShowUL, datatype: bool}
# - {name: tstart, datatype: float64}
# - {name: tend, datatype: float64}
# meta: !!omap
# - {UL_CONF: 0.95}
# - {EXTNAME: SED}
# - {CONFIG: '{"bin_index": 2.0, "use_local_index": true, "free_background": false, "free_radius": null, "free_pars": [], "ul_confidence":
#     0.95, "cov_scale": 3.0, "make_plots": false, "write_fits": true, "write_npy": true, "optimizer": {"optimizer": "MINUIT", "tol":
#     0.001, "max_iter": 100, "init_lambda": 0.0001, "retries": 3, "min_fit_quality": 2, "verbosity": 0}, "prefix": "", "outfile": null,
#     "loge_bins": []}'}
# - {SRCNAME: 4FGL J1504.4+1029}
# - {CREATOR: fermipy 1.2.0}
# - {STVER: 2.2.0}
# schema: astropy-2.0
e_min e_ref e_max ref_dnde_e_min ref_dnde_e_max ref_dnde ref_flux ref_eflux ref_npred dnde dnde_err dnde_errp dnde_errn dnde_ul e2dnde e2dnde_err e2dnde_errp e2dnde_errn e2dnde_ul norm norm_err norm_errp norm_errn norm_ul ts loglike norm_scan dloglike_scan ShowUL tstart tend
[from data line 976]
1709.9759409858673 1970.7884119509856 2271.3810595726877 3.201694719251981e-14 1.752360201545148e-14 2.3686541333665468e-14 1.3309399035809318e-11 2.6120558562234792e-08 0.0013565836136855067 7.413658095940676e-11 3.682402882433377e-11 4.12537956519431e-11 3.239426199672445e-11 1.5174747917250722e-10 0.0002879469967839198 0.0001430247844213 0.00016023002963164434 0.00012581953921095572 0.0005893882659786948 3129.9031764522356 1554.6393331809954 1741.655527956268 1367.6231384057232 6406.485313110272 39.456326619053144 -36.515972169976834 [0.0,736.8576211990498,1035.9883156056987,1335.119010012347,1634.2497044189943,1933.3803988256439,2232.511093232291,2531.6417876389382,2830.772482045588,3129.9031764522356,3640.0865657131812,4150.269954974124,4660.45334423507,5170.636733496013,5680.820122756956,6191.0035120179,6701.186901278842,7211.370290539787,7721.553679800738,8231.737069061672] [-19.728163309526572,-2.6964608769470217,-1.7337155766932568,-1.10904820759189,-0.6861234869986319,-0.3974955149895294,-0.20480988908728648,-0.08415187761470122,-0.019596254848494254,0.0,-0.048250943568710625,-0.17658106656431727,-0.3666707073100781,-0.6058893324797694,-0.885154644119865,-1.1977133384500362,-1.5384048099211611,-1.9031949336051994,-2.288869081943112,-2.6928232328271946] False 54893.699990555186 54894.699990555186
2271.3810595726877 2617.821317854317 3017.1020504598932 1.698552691752909e-14 9.196768155866387e-15 1.2498478029974021e-14 9.33126163809037e-12 2.4319446297587133e-08 0.0009628889423810433 2.5813214675943908e-11 1.830992363091584e-11 2.1361709368229766e-11 1.5258137893601915e-11 6.849368446339314e-11 0.00017689766208872615 0.00012547769520355925 0.00014639154761999842 0.00010456384278712006 0.00046938642867712073 2065.308641103206 1464.9722619829975 1709.1448508370236 1220.7996731289713 5480.162008456601 22.169481176813633 -8.802805091041122 [0.0,219.2401759491336,449.99873409339267,680.7572922376514,911.5158503819105,1142.2744085261695,1373.0329666704288,1603.7915248146874,1834.5500829589466,2065.308641103206,2611.7871680336893,3158.2656949641755,3704.74422189466,4251.222748825146,4797.701275755629,5344.179802686116,5890.658329616601,6437.136856547087,6983.615383477569,7530.093910408054] [-11.084740588406817,-2.6760127357997536,-1.478414583288961,-0.8786522737416966,-0.519995097546758,-0.29261824254445656,-0.14798361728512255,-0.06031706991535657,-0.014280007793791683,0.0,-0.057496768261534825,-0.2042473728982248,-0.4116362940288152,-0.6629268438168925,-0.9474786095555725,-1.258104755439998,-1.589722302163949,-1.9386034747935241,-2.3019330206847286,-2.6775327136410603] False 54893.699990555186 54894.699990555186
3017.1020504598932 3477.2827010020824 4007.6519721450045 8.81868101754428e-15 4.723594424372941e-15 6.4541360757885764e-15 6.402535378850743e-12 2.215922808714894e-08 0.0006628568655782929 9.655792410425539e-12 9.812988280066934e-12 1.2308528490416576e-11 7.317448069717293e-12 3.5499079052911905e-11 0.00011675296548454052 0.00011865369855360879 0.0001488285104861485 8.847888662106911e-05 0.000429236936258341 1496.0627258305497 1520.418560259123 1907.0760743005717 1133.7610462176747 5500.206167960996 9.824467473799835 -15.39639549007385 [0.0,166.22919175894984,332.4583835178997,498.68757527684954,664.9167670357994,831.1459587947492,997.3751505536991,1163.6043423126491,1329.8335340715987,1496.0627258305497,2150.7294460350217,2805.3961662394927,3460.062886443965,4114.729606648437,4769.396326852908,5424.063047057381,6078.729767261852,6733.396487466327,7388.063207670799,8042.7299278752735] [-4.912233736899918,-1.2969830527872404,-0.725786372194726,-0.434218850117265,-0.25840279674043565,-0.14630972864365077,-0.07463011867456437,-0.03088768544810705,-0.007618391529689461,0.0,-0.07038278294102263,-0.23761134735775613,-0.46066940774920084,-0.7200971613080327,-1.0051149163252084,-1.3091228477235433,-1.627785287114719,-1.9581005348654443,-2.2979041739387824,-2.6455839918728365] False 54893.699990555186 54894.699990555186
4007.6519721450045 4618.915317184078 5323.411028602609 4.480781327519402e-15 2.3742993311416404e-15 3.2617044790908454e-15 4.299255993189603e-12 1.9759925122502724e-08 0.0004423161178036261 7.405935616842452e-12 7.429012464606684e-12 9.315111489701216e-12 5.542913439512153e-12 2.6869919260166725e-11 0.00015800103513172932 0.00015849336534130257 0.000198732116222172 0.00011825461446043315 0.0005732530333314465 2270.572231273004 2277.6473197465816 2855.9029640532217 1699.3916754399413 8237.999313676737 10.573256355017776 -15.780395857862835 [0.0,252.2858034747782,504.5716069495564,756.8574104243343,1009.1432138991128,1261.4290173738914,1513.7148208486685,1766.0006243234477,2018.2864277982255,2270.572231273004,3249.0547625856466,4227.537293898294,5206.019825210938,6184.5023565235815,7162.984887836228,8141.467419148875,9119.94995046152,10098.432481774167,11076.915013086807,12055.397544399453] [-5.286628177508888,-1.2916099614312202,-0.7180889442008258,-0.4267534791825156,-0.25181839990636945,-0.14086743218042486,-0.07046089571037761,-0.028066509746167867,-0.0061921648731235734,0.0,-0.07412919573844334,-0.24307710050134546,-0.466972389917764,-0.7267741921166291,-1.011892450885778,-1.3158256770420778,-1.634294281708918,-1.9643308850881276,-2.3037932515749944,-2.6510841427905483] False 54893.699990555186 54894.699990555186
7071.149185711414 8149.575733880153 9392.473966813408 1.0842559366710539e-15 5.622925830293476e-16 7.80813083455748e-16 1.8169265148415704e-12 1.4726634665781576e-08 0.00018970902397096034 4.0725804951698e-12 4.132216011761741e-12 5.179551293882365e-12 3.084880729641118e-12 1.496953221386724e-11 0.0002704828145893191 0.00027444354228921535 0.00034400292736771055 0.00020488415721072015 0.0009942102338049612 5215.819997719864 5292.1961725759575 6633.535481960084 3950.856863191831 19171.723080784708 16.857902636510087 -3.1995241179230796 [0.0,579.5355553022071,1159.0711106044141,1738.6066659066207,2318.1422212088282,2897.677776511035,3477.2133318132414,4056.7488871154496,4636.2844424176565,5215.819997719864,7515.587300170925,9815.354602621988,12115.121905073052,14414.88920752412,16714.656509975175,19014.423812426245,21314.191114877307,23613.958417328362,25913.725719779428,28213.493022230497] [-8.428951318255043,-1.317030090615881,-0.7341913209939555,-0.4387911292250788,-0.2611130827822814,-0.14794919867499434,-0.07559512894516063,-0.031404975827910686,-0.007829759572844708,0.0,-0.07102860551356249,-0.2403596367554104,-0.46614797870596636,-0.7286329388480195,-1.0168992678300937,-1.3242770741213148,-1.6463908270500074,-1.9802144778202617,-2.323567896836871,-2.674828279085075] False 54893.699990555186 54894.699990555186
9392.473966813408 10825.05221838098 12476.13311942254 5.163969183752758e-16 2.649134454883588e-16 3.6986549837253593e-16 1.143699998155933e-12 1.2310120905410037e-08 0.00011952018636735007 3.093852375412861e-12 3.1090421996326425e-12 3.8963218690477646e-12 2.3217625302175215e-12 1.12589964588502e-11 0.0003625430527036281 0.0003643230229719045 0.00045657783672757796 0.00027206820921623113 0.00131934897056172 8364.80393285202 8405.872440962723 10534.429099746176 6277.315782179272 30440.785929997488 18.12942766030045 -3.0352786446352886 [0.0,929.4226592057794,1858.8453184115588,2788.2679776173395,3717.6906368231175,4647.113296028901,5576.535955234679,6505.958614440458,7435.381273646235,8364.80393285202,12009.296558557025,15653.789184262036,19298.281809967026,22942.774435672043,26587.26706137704,30231.75968708206,33876.252312787066,37520.74493849207,41165.23756419709,44809.73018990209] [-9.064713830150225,-1.3082059592564552,-0.7263350440551122,-0.4320185455112693,-0.2554531640912092,-0.1434135356620847,-0.07218951747610491,-0.029132728023605114,-0.006692945595326183,0.0,-0.07395518736193907,-0.24452058284171807,-0.4708122577405218,-0.7334186454504907,-1.021581838888166,-1.32871329339013,-1.6504837681971884,-1.983895495741359,-2.326786600354241,-2.6775465858636376] False 54893.699990555186 54894.699990555186
100.0 115.25240587974294 132.83117061068992 5.530665023310985e-12 3.3720414727502298e-12 4.318521949752453e-12 1.415691056957971e-10 1.6289599877882784e-08 0.003970142826036842 1.5375995349004726e-08 5.14753137921925e-09 5.532270523247255e-09 4.762792235191245e-09 2.506467310217744e-08 0.00020424114615128232 6.837526188569527e-05 7.348579697379476e-05 6.32647267975958e-05 0.0003329369869136505 3560.476368514492 1191.9660103879562 1281.0564789567356 1102.875541819177 5803.993448178306 19.409274337222882 -188.2063886518185 [0.0,1238.6394460091606,1528.8690613223268,1819.098676635493,2109.3282919486605,2399.557907261826,2689.787522574991,2980.0171378881573,3270.246753201325,3560.476368514492,3893.8668172919456,4227.257266069406,4560.6477148468575,4894.038163624317,5227.428612401774,5560.819061179235,5894.209509956687,6227.599958734145,6560.990407511603,6894.380856289059] [-9.704637168611441,-2.6994027007006025,-1.9380074783054226,-1.3435983755602763,-0.8849289805475848,-0.5393967925807601,-0.2900128124069852,-0.12361698576893332,-0.029764847939560468,0.0,-0.03594003356911912,-0.13858494112250241,-0.3007383999207036,-0.5163759471371066,-0.7803945104660954,-1.0884269928614003,-1.4367023310816194,-1.8219380659047033,-2.241256622578277,-2.692119189837058] False 54904.699990555186 54905.699990555186
132.83117061068992 153.091119887046 176.4411988580621 3.640999678439845e-12 2.1960839888118373e-12 2.827709514269598e-12 1.231551508624668e-10 1.8818441710499397e-08 0.004731558503496119 6.948645773720331e-09 2.3076998613315933e-09 2.495914649333499e-09 2.119485073329688e-09 1.1360833808370209e-08 0.0001628546535147857 5.4085310083674105e-05 5.8496479552455096e-05 4.9674140614893114e-05 0.0002662626235026237 2457.3407341366105 816.1021666780636 882.6630305334592 749.541302822668 4017.6806532069586 23.530535866158232 -116.31266181951221 [0.0,906.0084095542563,1099.9249501270508,1293.8414906998446,1487.7580312726395,1681.6745718454338,1875.5911124182276,2069.507652991022,2263.424193563815,2457.3407341366105,2691.108435868317,2924.876137600022,3158.6438393317276,3392.411541063433,3626.179242795139,3859.9469445268446,4093.71464625855,4327.482347990256,4561.250049721962,4795.017751453668] [-11.765267933079116,-2.6984872226545207,-1.9209990539246888,-1.321450586531924,-0.8639880627318064,-0.5229177156819844,-0.2791296910680501,-0.11798673585904851,-0.028006248370346043,0.0,-0.03810460077035316,-0.14484350221360387,-0.31162926030422966,-0.5314216505529714,-0.7983724187400867,-1.1075673603618696,-1.4548351799794261,-1.8366032694935939,-2.249787144817006,-2.691704477563988] False 54904.699990555186 54905.699990555186
176.4411988580621 203.35272664697808 234.36890988269914 2.3457916269565548e-12 1.399685584349808e-12 1.8120073741956916e-12 1.0484950504337891e-10 2.1275835370107243e-08 0.005093223663403838 3.142395591534827e-09 1.279109339731804e-09 1.394313146232576e-09 1.163905533231032e-09 5.639474315315875e-09 0.00012994538400027875 5.289415335788735e-05 5.7658099346853304e-05 4.81302073689214e-05 0.00023320541100476167 1734.2068450078273 705.9073588481234 769.4853597665294 642.3293579297175 3112.280002623669 16.36723930824411 -120.82557392988784 [0.0,464.06998746677056,622.8370946594026,781.6042018520345,940.3713090446663,1099.138416237299,1257.9055234299315,1416.6726306225623,1575.4397378151948,1734.2068450078273,1941.8397906158837,2149.472736223941,2357.105681831996,2564.738627440053,2772.3715730481094,2980.004518656166,3187.6374642642213,3395.2704098722784,3602.9033554803345,3810.536301088395] [-8.183619654122054,-2.6974222448515945,-1.8725690477259178,-1.26529628448003,-0.8165978731187806,-0.4897048510673869,-0.25993916058067157,-0.10982090765682528,-0.026451191889123038,0.0,-0.038712725450338326,-0.14840608007705214,-0.31881526592894716,-0.5418640377787938,-0.8110671889487691,-1.1211270669187456,-1.4676524003434537,-1.8469570452315907,-2.255912576470209,-2.691838131732709] False 54904.699990555186 54905.699990555186
234.36890988269914 270.1158072739371 311.3149665447022 1.479052973214288e-12 8.730468298378489e-13 1.1363461221947218e-12 8.735945173788394e-11 2.3540696377549115e-08 0.0050505769530509274 2.820415282984679e-09 9.15295807383051e-10 9.883002909528842e-10 8.422913238132178e-10 4.564126393371452e-09 0.00020578468924194648 6.67823155061952e-05 7.210890874064566e-05 6.145572227174472e-05 0.0003330102971669411 2482.003702830764 805.4727248202004 869.7176605347108 741.2277891056899 4016.4931302413092 29.51879707745894 -137.91328727850114 [0.0,962.4253600983587,1152.372652939909,1342.3199457814594,1532.2672386230101,1722.21453146456,1912.1618243061112,2102.1091171476623,2292.0564099892117,2482.003702830764,2711.317686689294,2940.6316705478253,3169.9456544063537,3399.2596382648853,3628.5736221234147,3857.8876059819463,4087.201589840478,4316.5155736990055,4545.829557557536,4775.143541416067] [-14.75939853872947,-2.6974848736703905,-1.9198723593306113,-1.3212314590723508,-0.864733794907778,-0.5243081842699269,-0.2807344308355084,-0.11938583159908944,-0.028842875166816384,0.0,-0.03695901061647078,-0.1426067862589946,-0.308449349408761,-0.5275296615189404,-0.7940708477594853,-1.1032184998819048,-1.4508505113473404,-1.8334340943523273,-2.2479164822201767,-2.6916401459356223] False 54904.699990555186 54905.699990555186
311.3149665447022 358.7979888064861 413.52331434760555 9.126484734968966e-13 5.329299104898286e-13 6.97407821356614e-13 7.123330995136851e-11 2.549069712682233e-08 0.004728021617302295 1.0631898107416101e-09 4.4979563543570455e-10 5.050427290136899e-10 3.9454854185771924e-10 1.950502131247723e-09 0.00013687080004320796 5.790488947132134e-05 6.501717913181599e-05 5.0792599810826676e-05 0.0002510998360712655 1524.487936876688 644.9535288559734 724.1713005616555 565.7357571502914 2796.788437866327 19.453253304596302 -85.33217019980111 [0.0,416.5791608068955,555.0677578156195,693.5563548243435,832.0449518330674,970.5335488417915,1109.022145850516,1247.5107428592398,1385.9993398679637,1524.487936876688,1717.4350929696454,1910.382249062604,2103.32940515556,2296.276561248518,2489.223717341476,2682.170873434434,2875.1180295273894,3068.065185620349,3261.012341713304,3453.9594978062623] [-9.726626652298151,-2.684226603678866,-1.83616464476097,-1.2259256758539436,-0.7830297291125845,-0.46510542486090856,-0.24450474647508713,-0.10209726702379385,-0.024048038104155012,0.0,-0.04181726545570541,-0.15686798636987476,-0.3330084111189251,-0.5609617387719936,-0.8334692436717717,-1.1447365348374205,-1.4900591388768305,-1.865561567178304,-2.268010716634805,-2.6946794178764435] False 54904.699990555186 54905.699990555186
