PKS1502+106_allsed_1d_min11.ecsv
# %ECSV 1.0
# ---
# datatype:
# - {name: e_min, unit: MeV, datatype: float64}
# - {name: e_ref, unit: MeV, datatype: float64}
# - {name: e_max, unit: MeV, datatype: float64}
# - {name: ref_dnde_e_min, unit: ph / (MeV s cm2), datatype: float64}
# - {name: ref_dnde_e_max, unit: ph / (MeV s cm2), datatype: float64}
# - {name: ref_dnde, unit: ph / (MeV s cm2), datatype: float64}
# - {name: ref_flux, unit: ph / (s cm2), datatype: float64}
# - {name: ref_eflux, unit: MeV / (s cm2), datatype: float64}
# - {name: ref_npred, datatype: float64}
# - {name: dnde, unit: ph / (MeV s cm2), datatype: float64}
# - {name: dnde_err, unit: ph / (MeV s cm2), datatype: float64}
# - {name: dnde_errp, unit: ph / (MeV s cm2), datatype: float64}
# - {name: dnde_errn, unit: ph / (MeV s cm2), datatype: float64}
# - {name: dnde_ul, unit: ph / (MeV s cm2), datatype: float64}
# - {name: e2dnde, unit: MeV / (s cm2), datatype: float64}
# - {name: e2dnde_err, unit: MeV / (s cm2), datatype: float64}
# - {name: e2dnde_errp, unit: MeV / (s cm2), datatype: float64}
# - {name: e2dnde_errn, unit: MeV / (s cm2), datatype: float64}
# - {name: e2dnde_ul, unit: MeV / (s cm2), datatype: float64}
# - {name: norm, datatype: float64}
# - {name: norm_err, datatype: float64}
# - {name: norm_errp, datatype: float64}
# - {name: norm_errn, datatype: float64}
# - {name: norm_ul, datatype: float64}
# - {name: ts, datatype: float64}
# - {name: loglike, datatype: float64}
# - {name: norm_scan, datatype: string, subtype: 'float64[20]'}
# - {name: dloglike_scan, datatype: string, subtype: 'float64[20]'}
# - {name: ShowUL, datatype: bool}
# - {name: tstart, datatype: float64}
# - {name: tend, datatype: float64}
# meta: !!omap
# - {UL_CONF: 0.95}
# - {EXTNAME: SED}
# - {CONFIG: '{"bin_index": 2.0, "use_local_index": true, "free_background": false, "free_radius": null, "free_pars": [], "ul_confidence":
#     0.95, "cov_scale": 3.0, "make_plots": false, "write_fits": true, "write_npy": true, "optimizer": {"optimizer": "MINUIT", "tol":
#     0.001, "max_iter": 100, "init_lambda": 0.0001, "retries": 3, "min_fit_quality": 2, "verbosity": 0}, "prefix": "", "outfile": null,
#     "loge_bins": []}'}
# - {SRCNAME: 4FGL J1504.4+1029}
# - {CREATOR: fermipy 1.2.0}
# - {STVER: 2.2.0}
# schema: astropy-2.0
e_min e_ref e_max ref_dnde_e_min ref_dnde_e_max ref_dnde ref_flux ref_eflux ref_npred dnde dnde_err dnde_errp dnde_errn dnde_ul e2dnde e2dnde_err e2dnde_errp e2dnde_errn e2dnde_ul norm norm_err norm_errp norm_errn norm_ul ts loglike norm_scan dloglike_scan ShowUL tstart tend
[from data line 434]
132.83117061068992 153.091119887046 176.4411988580621 1.3587556893537823e-12 9.414021671571672e-13 1.1309887491017686e-12 4.917131981667798e-11 7.538189310916733e-09 0.0016913855132983599 1.0391326736176954e-08 2.845819244344263e-09 3.0589329030224485e-09 2.6327055856660774e-09 1.5751636320986782e-08 0.00024354039193927367 6.66971554020171e-05 7.169187698856909e-05 6.17024338154651e-05 0.00036916938334183985 9187.825028701434 2516.2224174240578 2704.65369832534 2327.791136522775 13927.314779653409 40.145829655671776 -132.31464896366455 [0.0,4285.436603842794,4898.235156950127,5511.033710057456,6123.832263164786,6736.630816272117,7349.429369379445,7962.227922486773,8575.026475594103,9187.825028701434,9893.320845778406,10598.816662855383,11304.312479932358,12009.808297009338,12715.304114086308,13420.799931163285,14126.295748240253,14831.791565317228,15537.287382394208,16242.78319947118] [-20.072914827835888,-2.6965473329194936,-1.9449634338647002,-1.3525527758071405,-0.8926525670343324,-0.5448892684861164,-0.2933218165612743,-0.1252288169815472,-0.030287364266087025,0.0,-0.03603943716726121,-0.13941964065588763,-0.30265372408300095,-0.5194479226445026,-0.7844591785335808,-1.0931116486860049,-1.4414556694973442,-1.82605786175273,-2.243914440802996,-2.692382067768307] False 57208.699990555186 57209.699990555186
176.4411988580621 203.35272664697808 234.36890988269914 1.1774678817805366e-12 7.864653575606776e-13 9.62308525713423e-13 5.559071255879255e-11 1.1310485335627037e-08 0.0025344306643442695 4.3067601772692e-09 1.47365909071179e-09 1.5944083598741654e-09 1.3529098215494146e-09 7.127170472186288e-09 0.00017809457426046427 6.0939239140961876e-05 6.593250293986954e-05 5.594597534205421e-05 0.0002947251155578866 4475.446348224249 1531.3790238107565 1656.8577719833927 1405.9002756381203 7406.325811051549 22.078207149790558 -126.8175388428516 [0.0,1575.5869227707556,1938.0693509524426,2300.55177913413,2663.0342073158163,3025.5166354975026,3387.999063679189,3750.4814918608763,4112.96392004256,4475.446348224249,4914.397409352146,5353.348470480043,5792.2995316079405,6231.250592735842,6670.201653863735,7109.152714991628,7548.103776119523,7987.054837247423,8426.005898375317,8864.956959503217] [-11.039103574895279,-2.6988957910716636,-1.9184713501761905,-1.318615970627377,-0.8618366602852916,-0.5216784405137247,-0.27867544142903,-0.118031845141644,-0.028205753809146472,0.0,-0.0377486890864418,-0.14426731273638893,-0.3109209760370959,-0.5306461242948899,-0.7975847514281611,-1.106820434009876,-1.4541836791652827,-1.83610565259184,-2.2495064227444743,-2.691708310092878] False 57208.699990555186 57209.699990555186
234.36890988269914 270.1158072739371 311.3149665447022 9.483096783982723e-13 6.106289924662527e-13 7.609634573790874e-13 5.841636646772857e-11 1.5773836512089862e-08 0.0032697146115648838 3.938733836987506e-09 1.0124724787914302e-09 1.0852008940851656e-09 9.397440634976945e-10 5.834348678984002e-09 0.0002873800619153773 7.387257318845322e-05 7.91790237776879e-05 6.856612259921852e-05 0.0004256889533527626 5175.982892205239 1330.5139280650753 1426.0880513537638 1234.9398047763868 7667.054997724442 62.461200107644345 -133.2815936568869 [0.0,2597.129432820853,2919.4861152439003,3241.8427976669495,3564.199480089999,3886.5561625130467,4208.912844936092,4531.269527359143,4853.62620978219,5175.982892205239,5546.288408114716,5916.593924024192,6286.89943993367,6657.204955843145,7027.510471752626,7397.815987662099,7768.121503571579,8138.427019481057,8508.732535390527,8879.038051300007] [-31.230600053822172,-2.699454327982579,-1.9481335243302738,-1.355436869420089,-0.894999524287897,-0.5466183395648443,-0.29445422632468876,-0.12584925974945804,-0.030521356387083642,0.0,-0.035826288765861136,-0.13895872563625744,-0.301966858616197,-0.5185996028669706,-0.7835464703230741,-1.0922565975355951,-1.4407995013159507,-1.825756487083538,-2.2441349275062805,-2.693299846320116] False 57208.699990555186 57209.699990555186
311.3149665447022 358.7979888064861 413.52331434760555 7.098142533457439e-13 4.4062452207380833e-13 5.592508973096467e-13 5.705697447081225e-11 2.044727079793677e-08 0.003737441365030243 1.5281175496007209e-09 5.150931454183104e-10 5.730260237474904e-10 4.571602670891304e-10 2.5271817804240083e-09 0.00019672373593199212 6.631102950563425e-05 7.376907634318785e-05 5.885298266808064e-05 0.00032533926552585923 2732.4364734181754 921.0412498151308 1024.6313890672518 817.4511105630097 4518.869424405689 43.67481889266503 -88.44228759434364 [0.0,1082.7922854711894,1288.997808964563,1495.2033324579363,1701.408855951309,1907.614379444683,2113.819902938056,2320.0254264314294,2526.2309499248013,2732.4364734181754,3000.212118969038,3267.9877645199012,3535.7634100707646,3803.53905562163,4071.3147011724923,4339.090346723357,4606.865992274221,4874.641637825085,5142.417283375946,5410.192928926811] [-21.837409446332515,-2.696563220751102,-1.8965049831476932,-1.2935985382829216,-0.8414061303166136,-0.5084797836745452,-0.27248295472922734,-0.11694839057979323,-0.029366990285780048,0.0,-0.036234970002993805,-0.14437102715939432,-0.31402533204558836,-0.5369579935254478,-0.8065136239320196,-1.1172349042092549,-1.4645880021053443,-1.8447629474534324,-2.2545255690340866,-2.691105721502595] False 57208.699990555186 57209.699990555186
413.52331434760555 476.5900816815941 549.2752115212968 4.937767790869812e-13 2.9550854848934065e-13 3.819885590770172e-13 5.1795469476776184e-11 2.463414138064208e-08 0.0038549549030753166 1.2372811166197303e-09 3.59277912797595e-10 3.8982308096783314e-10 3.2873274462735693e-10 1.9303553216174592e-09 0.0002810336893656998 8.160570462512642e-05 8.854367626946055e-05 7.46677329807923e-05 0.0004384572515767236 3239.0528124960592 940.5462657460292 1020.5098338802244 860.5826976118341 5053.437533002808 69.64377607319813 -86.94504405208642 [0.0,1478.4859023198096,1698.556766091841,1918.6276298638725,2138.698493635904,2358.769357407935,2578.8402211799657,2798.9110849519952,3018.981948724029,3239.0528124960592,3511.031016185738,3783.009219875419,4054.9874235650973,4326.965627254781,4598.9438309444595,4870.92203463414,5142.900238323819,5414.878442013503,5686.856645703179,5958.8348493928615] [-34.82188803659906,-2.695708155575801,-1.9187721292484667,-1.32032353124697,-0.8642245440911722,-0.5244122485626548,-0.28145133981792014,-0.12045028800257285,-0.029739647227714272,0.0,-0.03633390304563022,-0.1427981556191611,-0.31016403194119846,-0.5309271426191202,-0.7989008764931071,-1.1089233829116267,-1.456641972606377,-1.8383515687704914,-2.250871688174044,-2.6914514022998333] False 57208.699990555186 57209.699990555186
549.2752115212968 633.0528961793416 729.6086933380817 3.1924984290354603e-13 1.841829178689601e-13 2.4248787102694867e-13 4.371092254974145e-11 2.759017803653871e-08 0.0036017669425900574 3.809489810701066e-10 1.6292808822176385e-10 1.8030209395642818e-10 1.4555408248709952e-10 7.134245504999152e-10 0.00015266757818585574 6.529440393145602e-05 7.22571404413359e-05 5.833166742157613e-05 0.0002859091473015665 1571.002209128101 671.9020111470111 743.5509792421349 600.2530430518873 2942.104062683735 28.100128630468177 -40.663250868478876 [0.0,450.51663742016297,590.577333883655,730.6380303471473,870.6987268106398,1010.7594232741322,1150.820119737624,1290.8808162011169,1430.941512664609,1571.002209128101,1781.9930690093518,1992.9839288906037,2203.974788771855,2414.9656486531057,2625.9565085343565,2836.9473684156083,3047.9382282968586,3258.929088178112,3469.919948059362,3680.9108079406124] [-14.050064315234088,-2.699991291680668,-1.8146861769768279,-1.1949502030635202,-0.754680728312195,-0.44406535087475874,-0.2316094586311337,-0.09610080875752658,-0.02255784584419729,0.0,-0.04451582642538909,-0.16548260851769925,-0.3481024062955882,-0.5815024163672362,-0.857457459918777,-1.1695937623353885,-1.512871448340789,-1.8832362233216529,-2.277377883178339,-2.692558577489713] False 57208.699990555186 57209.699990555186
729.6086933380817 840.8915725798939 969.1477682383326 1.9182626161770347e-13 1.0668992984434955e-13 1.4305918493510536e-13 3.428405900413326e-11 2.8719768829807864e-08 0.003085410351686302 3.3575348303916016e-10 1.2750042127982567e-10 1.4015576576635506e-10 1.148450767932963e-10 5.906696858318134e-10 0.00023741083016989132 9.015537408296608e-05 9.910395091807958e-05 8.120679724785261e-05 0.000417661729671957 2346.9550954834867 891.2424695951017 979.704769252898 802.7801699373056 4128.8483930602115 51.40088347596469 -48.92521636454997 [0.0,814.5407418023395,1006.0925360124836,1197.644330222627,1389.1961244327701,1580.7479186429134,1772.299712853057,1963.8515070632009,2155.403301273344,2346.9550954834867,2618.5505382347214,2890.145980985957,3161.741423737191,3433.336866488424,3704.9323092396603,3976.527751990896,4248.123194742131,4519.7186374933635,4791.3140802446,5062.909522995837] [-25.700441737982345,-2.6979576368827196,-1.8498488848313954,-1.2362070676296995,-0.7900818477998399,-0.4697930483017885,-0.24759398093709706,-0.10406410755157225,-0.025070089664183115,0.0,-0.04128898325959085,-0.15720635170239916,-0.33476651570396143,-0.5641257043059511,-0.8376403496732223,-1.1492543791074326,-1.494086370815218,-1.8681430246734578,-2.2681151798755437,-2.6912293552439124] False 57208.699990555186 57209.699990555186
969.1477682383326 1116.9661194245136 1287.3303254983532 1.0712204466280544e-13 5.743689175709472e-14 7.843951353811551e-14 2.4994026851405117e-11 2.7787490967471334e-08 0.0024178077696333303 1.679240564322677e-10 8.027685556503944e-11 8.928830118474044e-11 7.126540994533843e-11 3.3351961002594873e-10 0.00020950428820023994 0.00010015447364380903 0.00011139727315879173 8.891167412882632e-05 0.0004161035052621638 2140.8095085988725 1023.4236795213056 1138.3076864870313 908.5396725555798 4251.933687272093 27.46687254953339 -62.977371974022795 [0.0,503.5555681055657,708.2123106672292,912.869053228893,1117.525795790556,1322.1825383522187,1526.8392809138827,1731.4960234755463,1936.15276603721,2140.8095085988725,2465.509060456504,2790.2086123141366,3114.9081641717694,3439.6077160294017,3764.3072678870344,4089.0068197446662,4413.7063716022985,4738.405923459932,5063.105475317562,5387.805027175194] [-13.733436274766696,-2.7080744683916507,-1.7819628056460104,-1.1604559179605118,-0.7289968153182897,-0.42856158301065506,-0.22444222371796485,-0.09437792446773585,-0.023181462381252516,0.0,-0.042721584849310545,-0.1635631707467482,-0.34667650434650454,-0.5806912954680996,-0.8571576215106589,-1.169614950718774,-1.513006764608086,-1.8832969326659779,-2.277209485169301,-2.692046861409672] False 57208.699990555186 57209.699990555186
1287.3303254983532 1483.6791717563765 1709.9759409858673 5.559593819191569e-14 2.8737689579966504e-14 3.997122482069171e-14 1.693643152942608e-11 2.498962162334959e-08 0.0017243731451636046 1.1535177684165758e-10 5.157862105026599e-11 5.740902280991288e-11 4.5748219290619106e-11 2.222017327711372e-10 0.00025392431446901364 0.00011354021888560991 0.00012637470492850381 0.00010070573284271601 0.0004891335375369949 2885.870457037982 1290.39380908752 1436.2587853498608 1144.528832825179 5559.042380310326 51.55947257814837 -24.31168363998031 [0.0,819.529151484033,1077.821814678277,1336.1144778725206,1594.4071410667648,1852.699804261008,2110.992467455252,2369.2851306494963,2627.5777938437386,2885.870457037982,3299.4613076844853,3713.0521583309887,4126.643008977492,4540.233859623993,4953.824710270495,5367.415560916998,5781.006411563501,6194.597262210003,6608.188112856505,7021.7789635030085] [-25.779736289074187,-2.6947979278990672,-1.782467072632798,-1.161192766016466,-0.7279502841097951,-0.4262766755409828,-0.221852459755155,-0.09225021006776757,-0.022004813858533367,0.0,-0.0453371124366555,-0.16945862421872349,-0.3557225130337578,-0.5922597064248549,-0.8703071141000223,-1.1832103180620699,-1.525796973580988,-1.8939669461561444,-2.2844150153002403,-2.6944378034430763] False 57208.699990555186 57209.699990555186
1709.9759409858673 1970.7884119509856 2271.3810595726877 2.6816413442021483e-14 1.336306830542366e-14 1.893012320435906e-14 1.066716976496904e-11 2.0888726528015165e-08 0.0011154159051484924 6.705496342349252e-11 3.379714650256257e-11 3.792208105762569e-11 2.967221194749947e-11 1.3865162254872122e-10 0.0002604419449532268 0.00013126835240227306 0.00014728962694298856 0.00011524707786155756 0.0005385238676434556 3542.2359748853455 1785.363261385434 2003.266468381639 1567.4600543892295 7324.390921914009 37.573443491622285 -22.868833448523013 [0.0,811.5405576259118,1152.8774847833415,1494.2144119407708,1835.5513390982005,2176.888266255628,2518.2251934130586,2859.5621205704892,3200.8990477279167,3542.2359748853455,4132.451421318556,4722.666867751765,5312.882314184975,5903.097760618184,6493.313207051396,7083.528653484604,7673.744099917816,8263.959546351025,8854.174992784232,9444.390439217443] [-18.786721745811143,-2.692679767330514,-1.7269535091873252,-1.1027464559649118,-0.6812411683818098,-0.3941778174624275,-0.20287446199362336,-0.08326951572467323,-0.019369270577463737,0.0,-0.048884761779227404,-0.17848175700593316,-0.36988886778620156,-0.6101540820624081,-0.8900134320948894,-1.2026112748499926,-1.5427316293295412,-1.9063136622758918,-2.2901339007461345,-2.691590732930152] False 57208.699990555186 57209.699990555186
2271.3810595726877 2617.821317854317 3017.1020504598932 1.2021308474260442e-14 5.775026040695887e-15 8.33206873964038e-15 6.244793060298288e-12 1.6229538353992117e-08 0.0006579596749663186 1.2650485478267195e-11 1.2725927932603898e-11 1.5954351025300364e-11 9.497504839907432e-12 4.605599714567374e-11 8.669363089744716e-05 8.721063716582318e-05 0.00010933498333892826 6.508629099271807e-05 0.0003156212165944346 1518.2886595836223 1527.3431281308851 1914.81269824341 1139.87355801836 5527.558471350485 11.872079319373825 -5.010974404052128 [0.0,168.6987399537358,337.3974799074716,506.0962198612075,674.7949598149432,843.4936997686791,1012.192439722415,1180.8911796761504,1349.5899196298865,1518.2886595836223,2176.927111961233,2835.5655643388445,3494.204016716456,4152.842469094068,4811.480921471681,5470.119373849291,6128.757826226902,6787.396278604515,7446.034730982125,8104.673183359739] [-5.936039659686912,-1.3014940901378491,-0.7236985183282032,-0.4306861494040781,-0.2547297260960111,-0.14302060651567938,-0.07198776660201922,-0.029042498987710275,-0.006664436068020585,0.0,-0.07332152221755273,-0.24250965800104396,-0.46710127413586555,-0.7278384848696096,-1.0140328708627386,-1.3191318925836661,-1.6388268305816922,-1.970132470205776,-2.310895045727313,-2.6595095338260553] False 57208.699990555186 57209.699990555186
