PKS1502+106_allsed_1d_min11.ecsv
# %ECSV 1.0
# ---
# datatype:
# - {name: e_min, unit: MeV, datatype: float64}
# - {name: e_ref, unit: MeV, datatype: float64}
# - {name: e_max, unit: MeV, datatype: float64}
# - {name: ref_dnde_e_min, unit: ph / (MeV s cm2), datatype: float64}
# - {name: ref_dnde_e_max, unit: ph / (MeV s cm2), datatype: float64}
# - {name: ref_dnde, unit: ph / (MeV s cm2), datatype: float64}
# - {name: ref_flux, unit: ph / (s cm2), datatype: float64}
# - {name: ref_eflux, unit: MeV / (s cm2), datatype: float64}
# - {name: ref_npred, datatype: float64}
# - {name: dnde, unit: ph / (MeV s cm2), datatype: float64}
# - {name: dnde_err, unit: ph / (MeV s cm2), datatype: float64}
# - {name: dnde_errp, unit: ph / (MeV s cm2), datatype: float64}
# - {name: dnde_errn, unit: ph / (MeV s cm2), datatype: float64}
# - {name: dnde_ul, unit: ph / (MeV s cm2), datatype: float64}
# - {name: e2dnde, unit: MeV / (s cm2), datatype: float64}
# - {name: e2dnde_err, unit: MeV / (s cm2), datatype: float64}
# - {name: e2dnde_errp, unit: MeV / (s cm2), datatype: float64}
# - {name: e2dnde_errn, unit: MeV / (s cm2), datatype: float64}
# - {name: e2dnde_ul, unit: MeV / (s cm2), datatype: float64}
# - {name: norm, datatype: float64}
# - {name: norm_err, datatype: float64}
# - {name: norm_errp, datatype: float64}
# - {name: norm_errn, datatype: float64}
# - {name: norm_ul, datatype: float64}
# - {name: ts, datatype: float64}
# - {name: loglike, datatype: float64}
# - {name: norm_scan, datatype: string, subtype: 'float64[20]'}
# - {name: dloglike_scan, datatype: string, subtype: 'float64[20]'}
# - {name: ShowUL, datatype: bool}
# - {name: tstart, datatype: float64}
# - {name: tend, datatype: float64}
# meta: !!omap
# - {UL_CONF: 0.95}
# - {EXTNAME: SED}
# - {CONFIG: '{"bin_index": 2.0, "use_local_index": true, "free_background": false, "free_radius": null, "free_pars": [], "ul_confidence":
#     0.95, "cov_scale": 3.0, "make_plots": false, "write_fits": true, "write_npy": true, "optimizer": {"optimizer": "MINUIT", "tol":
#     0.001, "max_iter": 100, "init_lambda": 0.0001, "retries": 3, "min_fit_quality": 2, "verbosity": 0}, "prefix": "", "outfile": null,
#     "loge_bins": []}'}
# - {SRCNAME: 4FGL J1504.4+1029}
# - {CREATOR: fermipy 1.2.0}
# - {STVER: 2.2.0}
# schema: astropy-2.0
e_min e_ref e_max ref_dnde_e_min ref_dnde_e_max ref_dnde ref_flux ref_eflux ref_npred dnde dnde_err dnde_errp dnde_errn dnde_ul e2dnde e2dnde_err e2dnde_errp e2dnde_errn e2dnde_ul norm norm_err norm_errp norm_errn norm_ul ts loglike norm_scan dloglike_scan ShowUL tstart tend
[from data line 699]
234.36890988269914 270.1158072739371 311.3149665447022 9.373789581842104e-13 6.049614482841301e-13 7.530459030724422e-13 5.780686968707413e-11 1.5610095308658048e-08 0.004236143713444281 2.1671303742629633e-09 7.47277994507097e-10 8.071965009609814e-10 6.873594880532126e-10 3.5916469692787027e-09 0.00015811935685675036 5.452330754436041e-05 5.889511452783616e-05 5.0151500560884654e-05 0.0002620557192051677 2877.8197523165964 992.3405617880504 1071.9087610298438 912.7723625462569 4769.492742241491 23.809935730755342 -167.13780129683664 [0.0,1008.7910719255809,1242.4196569744574,1476.0482420233336,1709.6768270722116,1943.3054121210887,2176.9339971699656,2410.562582218843,2644.1911672677197,2877.8197523165964,3160.6230118842177,3443.4262714518372,3726.2295310194586,4009.032790587079,4291.8360501547,4574.639309722322,4857.44256928994,5140.24582885756,5423.049088425182,5705.852347992802] [-11.904967865377671,-2.698715623080176,-1.9133441553740056,-1.3130177634563154,-0.8573917451082878,-0.5187452989310088,-0.27706859958337304,-0.11736550632249987,-0.028060048641322055,0.0,-0.037509728572615586,-0.1434697096114519,-0.3094153819976668,-0.5284376937024433,-0.7948136737441871,-1.103742352501456,-1.4511515269439599,-1.8335534714432242,-2.24793526773783,-2.69167413117799] False 54918.699990555186 54919.699990555186
311.3149665447022 358.7979888064861 413.52331434760555 6.887124935379864e-13 4.3067599651280884e-13 5.446209135401368e-13 5.555793548804726e-11 1.991352454393076e-08 0.004726630823090154 1.0209562558565279e-09 3.914231082940515e-10 4.269225979074006e-10 3.559236186807024e-10 1.786562541830292e-09 0.0001314338212578697 5.0390244005664554e-05 5.496030618592139e-05 4.5820181825407736e-05 0.00022999490961728904 1874.618161869921 718.7074505636017 783.8894675056172 653.5254336215863 3280.3781445286495 23.04982608933119 -112.27968989684977 [0.0,594.3460346287115,754.380050533863,914.4140664390138,1074.4480823441643,1234.4820982493154,1394.5161141544668,1554.5501300596172,1714.5841459647686,1874.618161869921,2086.9202945220013,2299.2224271740824,2511.524559826163,2723.826692478244,2936.1288251303254,3148.4309577824083,3360.733090434489,3573.0352230865706,3785.33735573865,3997.6394883907337] [-11.524913044665595,-2.699670498956067,-1.8748243266339983,-1.2658474483193487,-0.8158768717646012,-0.48848885345728377,-0.2588332364563257,-0.10913767983767286,-0.026217435894110963,0.0,-0.03946833850143605,-0.1507615871662722,-0.3229936857067912,-0.5476558635821931,-0.817961534449779,-1.128404106834779,-1.4744493156370169,-1.8523155272785203,-2.2588133053903476,-2.691225933449388] False 54918.699990555186 54919.699990555186
549.2752115212968 633.0528961793416 729.6086933380817 3.07681324423998e-13 1.8064059984462403e-13 2.3575355565704465e-13 4.2481068403350044e-11 2.6824987101873926e-08 0.0045219819724590035 5.887489701245485e-10 1.8702575421651405e-10 2.0877256441389024e-10 1.652789440191379e-10 9.47662278747693e-10 0.00023594466423258463 7.4951687426521e-05 8.366685142768131e-05 6.623652342536069e-05 0.0003797813151464354 2497.3068528434546 793.3104283211071 885.5542552986807 701.0666013435336 4019.7157413238597 43.95968781527375 -100.74800410013493 [0.0,1039.927450158441,1222.0998754940679,1404.2723008296948,1586.4447261653222,1768.6171515009476,1950.7895768365759,2132.9620021722,2315.134427507828,2497.3068528434546,2725.4420556867653,2953.577258530077,3181.712461373388,3409.847664216697,3637.9828670600086,3866.1180699033175,4094.25327274663,4322.388475589943,4550.523678433252,4778.658881276561] [-21.979843907636877,-2.695801622157518,-1.9048979605142193,-1.3023974207474112,-0.8472552973345557,-0.5107107746694624,-0.271795536570977,-0.11473169798523486,-0.027336724903747722,0.0,-0.0388036628666697,-0.14767709819260233,-0.31703882918792203,-0.5391748438782997,-0.80777924232369,-1.1176285816876828,-1.464345652752698,-1.8442246614700508,-2.254099548911782,-2.6912432366796537] False 54918.699990555186 54919.699990555186
729.6086933380817 840.8915725798939 969.1477682383326 1.8707999924256928e-13 1.0642454363402789e-13 1.4110245760597074e-13 3.37966255588158e-11 2.832654413452605e-08 0.003914253715793861 3.357281269808733e-10 1.1278893400822898e-10 1.230737035673273e-10 1.0250416444913067e-10 5.566634343699538e-10 0.00023739290093564117 7.975290148739156e-05 8.702524802280119e-05 7.248055495198191e-05 0.00039361595561937773 2379.3216126567813 799.3406771354231 872.2293406895234 726.4520135813227 3945.100913298328 55.21463293248436 -65.95732353704946 [0.0,938.7576244638018,1118.8281229879237,1298.898621512047,1478.969120036169,1659.039618560291,1839.1101170844136,2019.180615608536,2199.2511141326586,2379.3216126567813,2616.524931163443,2853.7282496701064,3090.93156817677,3328.134886683432,3565.3382051900944,3802.541523696758,4039.744842203419,4276.948160710083,4514.151479216746,4751.354797723408] [-27.60731646624218,-2.6959953149817437,-1.8826655626690894,-1.2751651323256823,-0.8231702341001039,-0.4929882320177654,-0.2609132226826887,-0.10961083069213373,-0.026009341405071496,0.0,-0.04038269935226424,-0.15274566325525996,-0.3261163330196837,-0.5518702801687994,-0.8231028634974393,-1.1341985561914782,-1.4805275586853526,-1.8582269675187888,-2.264039649232501,-2.6951934337703563] False 54918.699990555186 54919.699990555186
969.1477682383326 1116.9661194245136 1287.3303254983532 1.0679575636970896e-13 5.886655757384566e-14 7.928870374132654e-14 2.5245707268773257e-11 2.8085625373880234e-08 0.0031358718779673778 9.200421662609056e-11 5.083325273512026e-11 5.7322207941774877e-11 4.434429752846563e-11 2.0072430142021618e-10 0.00011478568541752969 6.342024280166117e-05 7.151594969808048e-05 5.532453590524183e-05 0.00025042631048217176 1160.369791467993 641.1159514091685 722.9555439421016 559.2763588762351 2531.562403581022 23.201060162444534 -33.145908185588624 [0.0,212.00255475035127,330.54845934005647,449.0943639297618,567.6402685194669,686.1861731091725,804.7320776988776,923.2779822885831,1041.823886878288,1160.369791467993,1374.5992765784197,1588.8287616888454,1803.0582467992708,2017.2877319096976,2231.517217020124,2445.74670213055,2659.976187240974,2874.205672351402,3088.4351574618277,3302.664642572253] [-11.600530081222267,-2.690329627118942,-1.6753812373129335,-1.0539597517670103,-0.6454816914972668,-0.371467125925804,-0.1905119573417693,-0.0780146804027595,-0.01812279603435485,0.0,-0.04957603753477713,-0.18032807817774454,-0.37266421658513593,-0.6134259724086633,-0.8933290233461975,-1.2055668079278163,-1.544994064924083,-1.9076226223761168,-2.290295885159736,-2.6904708149063126] False 54918.699990555186 54919.699990555186
1287.3303254983532 1483.6791717563765 1709.9759409858673 5.723755129889668e-14 3.0570032201531826e-14 4.183005840713237e-14 1.7706715262939688e-11 2.6146347934558165e-08 0.0023122413845017564 6.685201886839292e-11 3.679457345357282e-11 4.137491765035479e-11 3.2214229256790844e-11 1.450952087951576e-10 0.00014716160883527753 8.099603747936502e-05 9.107876695302116e-05 7.091330800570887e-05 0.00031939864677267305 1598.181341697436 879.6204178213397 989.1192894748631 770.1215461678164 3468.682911769917 19.576845486940883 -54.77676731971524 [0.0,274.16915620167856,439.67067938864835,605.1722025756181,770.6737257625877,936.1752489495574,1101.6767721365266,1267.1782953234972,1432.6798185104665,1598.181341697436,1889.9803172432003,2181.779292788964,2473.578268334728,2765.3772438804917,3057.176219426255,3348.975194972019,3640.7741705177827,3932.573146063548,4224.372121609311,4516.171097155076] [-9.788422743470441,-2.690518598997528,-1.698864764045993,-1.0787514346767395,-0.6651651553748437,-0.3849152302361176,-0.1984676085879329,-0.08184059923702591,-0.019315685259648774,0.0,-0.048315035131921036,-0.1777280965669732,-0.36909317951080567,-0.6093665832174793,-0.8892531169055147,-1.2018907412906898,-1.5420671198881806,-1.9057287204053708,-2.28966023358916,-2.6912678789917095] False 54918.699990555186 54919.699990555186
2271.3810595726877 2617.821317854317 3017.1020504598932 1.3606185433693542e-14 6.822627324889852e-15 9.634829138466136e-15 7.210204016037613e-12 1.875746671858697e-08 0.0009752504251175631 3.9104450718984e-11 1.9667011654316403e-11 2.2153837860776234e-11 1.7180185447856573e-11 8.116323652063317e-11 0.00026798234920731063 0.0001347778037565592 0.0001518199950320879 0.00011773561248103056 0.0005562107226200919 4058.6553385636284 2041.2413517327188 2299.3493234175944 1783.1333800478435 8423.941447658546 53.08393542131643 -13.693495767158975 [0.0,975.0805009508928,1360.5273556524849,1745.974210354077,2131.4210650556693,2516.8679197572606,2902.314774458853,3287.7616291604445,3673.2084838620376,4058.6553385636284,4737.809642775302,5416.963946986971,6096.11825119864,6775.272555410311,7454.426859621986,8133.5811638336545,8812.735468045326,9491.889772256995,10171.044076468666,10850.198380680335] [-26.541967710658216,-2.6904386187854215,-1.7363941551319542,-1.1159253009815,-0.69481200764805,-0.4064276344573834,-0.21281208149599884,-0.09027094547468018,-0.023016654427971517,0.0,-0.04375450549668258,-0.1704838850036623,-0.3605383161645115,-0.600514859833913,-0.8808614376386199,-1.1945297079767343,-1.5361699253829784,-1.901625495572688,-2.2876025863395384,-2.6914467293174056] False 54918.699990555186 54919.699990555186
3017.1020504598932 3477.2827010020824 4007.6519721450045 6.034824924855901e-15 2.9321092352187448e-15 4.2065146968836576e-15 4.1860706871785524e-12 1.445474301132243e-08 0.0005663229459018232 2.226287840670602e-11 1.2820321314152145e-11 1.457718691898816e-11 1.1063455709316125e-11 5.040001449649471e-11 0.0002691914825548864 0.00015501685084652302 0.00017625998249265544 0.00013377371920039058 0.0006094115224117853 5292.476078402674 3047.730065854736 3465.3835703432783 2630.0765613661933 11981.418853435343 41.14261956184681 -11.10125012319035 [0.0,942.1271068096504,1485.9207282587781,2029.7143497079062,2573.5079711570347,3117.301592606162,3661.0952140552895,4204.888835504416,4748.682456953545,5292.476078402674,6349.868637007236,7407.261195611799,8464.653754216364,9522.046312820925,10579.43887142549,11636.831430030046,12694.223988634612,13751.616547239177,14809.009105843741,15866.401664448293] [-20.571309780923404,-2.7018306218827384,-1.6482487478600039,-1.0231464524656797,-0.6204398043085035,-0.3542575217291759,-0.18050361894781553,-0.07350462632231825,-0.016990963046982444,0.0,-0.0528229867379828,-0.1898839930719074,-0.3886311494720811,-0.6345088631333873,-0.9175739560139533,-1.2307317308772738,-1.5687421624902989,-1.9276249421005112,-2.304285477980116,-2.696270153447113] False 54918.699990555186 54919.699990555186
4007.6519721450045 4618.915317184078 5323.411028602609 2.5130051503731587e-15 1.1830662245076705e-15 1.7242539010889058e-15 2.2819265058488707e-12 1.0458826440921919e-08 0.00030598993357164317 5.583108629357614e-12 5.6583667461937555e-12 7.093096300473048e-12 4.223637191914464e-12 2.0494183401714144e-11 0.00011911215386280873 0.00012071773902819056 0.0001513268026817661 9.010867537461502e-05 0.0004372306699893939 3237.985209621249 3281.6319815894676 4113.719154698502 2449.5448084804334 11885.826900998512 14.875596323591141 -3.7179848385996577 [0.0,359.77613440236087,719.5522688047217,1079.3284032070828,1439.1045376094435,1798.8806720118052,2158.6568064141657,2518.432940816527,2878.209075218887,3237.985209621249,4661.325869033451,6084.666528445649,7508.007187857852,8931.347847270052,10354.688506682252,11778.029166094453,13201.369825506657,14624.71048491886,16048.051144331052,17471.391803743252] [-7.437798161795571,-1.3147748631177167,-0.7326977072301375,-0.43764807213343104,-0.2602177141744493,-0.1472603546287936,-0.07509222287315342,-0.031076242265903886,-0.0076678443618591885,0.0,-0.07124600286409954,-0.2403374356600665,-0.4656892447464642,-0.7276349377805778,-1.0153016487726498,-1.322041374165936,-1.643491028433055,-1.9766321615815796,-2.3192895462451553,-2.6698436817519413] False 54918.699990555186 54919.699990555186
132.83117061068992 153.091119887046 176.4411988580621 2.2131332197229077e-12 1.431674517915868e-12 1.7800242794496906e-12 7.744098814087634e-11 1.1852807123785564e-08 0.004315065239602038 6.340380935349943e-09 1.893405852545894e-09 2.033979243841818e-09 1.7528324612499698e-09 9.900356012387497e-09 0.00014859881680590132 4.437554656267034e-05 4.767014981032432e-05 4.108094331501636e-05 0.0002320335646073882 3561.963175755177 1063.696644144234 1142.6693822797965 984.7239060086712 5561.921894373415 27.19752057112737 -164.90056052603683 [0.0,1475.9066402161686,1736.6637071585453,1997.4207741009202,2258.1778410432976,2518.934907985673,2779.691974928049,3040.4490418704245,3301.206108812802,3561.963175755177,3859.630307093592,4157.297438432008,4454.964569770424,4752.6317011088395,5050.298832447253,5347.965963785671,5645.63309512409,5943.300226462505,6240.967357800919,6538.634489139333] [-13.598760285563685,-2.703069751927501,-1.9487531238085865,-1.354881834387271,-0.894065929313939,-0.5456344015684067,-0.29355825566437943,-0.12512920113866244,-0.030083386782962407,0.0,-0.03615344963998268,-0.1391984200514571,-0.3019186984878388,-0.5182409242121366,-0.7830011429735464,-1.091768747340268,-1.4407115334977334,-1.8264907753876969,-2.246178582497521,-2.6971920499451585] False 54916.699990555186 54917.699990555186
176.4411988580621 203.35272664697808 234.36890988269914 1.6815182780094678e-12 1.0595113636730657e-12 1.3347612984256748e-12 7.716236899099854e-11 1.567781156570456e-08 0.0054935663098861325 2.8415492766766713e-09 1.0426943488344467e-09 1.1280738803051628e-09 9.573148173637308e-10 4.83648598718773e-09 0.00011750468747733796 4.311784229815392e-05 4.664848498127554e-05 3.95871996150323e-05 0.0001999999715217623 2128.8819806419506 781.1841338704415 845.1502764095004 717.2179913313827 3623.4838340700107 17.582063606971644 -178.14528602822995 [0.0,655.7266810575505,839.8710935056005,1024.01550595365,1208.1599184017007,1392.30433084975,1576.4487432977999,1760.5931557458496,1944.7375681938997,2128.8819806419506,2352.478813949792,2576.0756472576354,2799.6724805654776,3023.2693138733193,3246.8661471811597,3470.4629804890046,3694.059813796846,3917.656647104689,4141.25348041253,4364.8503137203725] [-8.791031803485822,-2.698849068664259,-1.9099513984893122,-1.3087874279500227,-0.8535823425390845,-0.5158599114116384,-0.275199457145618,-0.11638227965423198,-0.027717279858308075,0.0,-0.037734285432691195,-0.1438718496187903,-0.3099164502720271,-0.5289557393686266,-0.7952794823457054,-1.1041080384717645,-1.4513946130448971,-1.833678235383104,-2.247972455526053,-2.691679723474664] False 54916.699990555186 54917.699990555186
