data/3C279_allsed_1d_1_min11.ecsv
# %ECSV 1.0
# ---
# datatype:
# - {name: e_min, unit: MeV, datatype: float64}
# - {name: e_ref, unit: MeV, datatype: float64}
# - {name: e_max, unit: MeV, datatype: float64}
# - {name: ref_dnde_e_min, unit: ph / (cm2 MeV s), datatype: float64}
# - {name: ref_dnde_e_max, unit: ph / (cm2 MeV s), datatype: float64}
# - {name: ref_dnde, unit: ph / (cm2 MeV s), datatype: float64}
# - {name: ref_flux, unit: ph / (cm2 s), datatype: float64}
# - {name: ref_eflux, unit: MeV / (cm2 s), datatype: float64}
# - {name: ref_npred, datatype: float64}
# - {name: dnde, unit: ph / (cm2 MeV s), datatype: float64}
# - {name: dnde_err, unit: ph / (cm2 MeV s), datatype: float64}
# - {name: dnde_errp, unit: ph / (cm2 MeV s), datatype: float64}
# - {name: dnde_errn, unit: ph / (cm2 MeV s), datatype: float64}
# - {name: dnde_ul, unit: ph / (cm2 MeV s), datatype: float64}
# - {name: e2dnde, unit: MeV / (cm2 s), datatype: float64}
# - {name: e2dnde_err, unit: MeV / (cm2 s), datatype: float64}
# - {name: e2dnde_errp, unit: MeV / (cm2 s), datatype: float64}
# - {name: e2dnde_errn, unit: MeV / (cm2 s), datatype: float64}
# - {name: e2dnde_ul, unit: MeV / (cm2 s), datatype: float64}
# - {name: norm, datatype: float64}
# - {name: norm_err, datatype: float64}
# - {name: norm_errp, datatype: float64}
# - {name: norm_errn, datatype: float64}
# - {name: norm_ul, datatype: float64}
# - {name: ts, datatype: float64}
# - {name: loglike, datatype: float64}
# - {name: norm_scan, datatype: string, subtype: 'float64[20]'}
# - {name: dloglike_scan, datatype: string, subtype: 'float64[20]'}
# - {name: ShowUL, datatype: bool}
# - {name: tstart, datatype: float64}
# - {name: tend, datatype: float64}
# meta: !!omap
# - {UL_CONF: 0.95}
# - {EXTNAME: SED}
# - {CONFIG: '{"bin_index": 2.0, "use_local_index": true, "free_background": false, "free_radius": null, "free_pars": [], "ul_confidence":
#     0.95, "cov_scale": 3.0, "make_plots": false, "write_fits": true, "write_npy": true, "optimizer": {"optimizer": "MINUIT", "tol":
#     0.001, "max_iter": 100, "init_lambda": 0.0001, "retries": 3, "min_fit_quality": 2, "verbosity": 0}, "prefix": "", "outfile": null,
#     "loge_bins": []}'}
# - {SRCNAME: 4FGL J1256.1-0547}
# - {CREATOR: fermipy 1.2.0}
# - {STVER: 2.2.0}
# schema: astropy-2.0
e_min e_ref e_max ref_dnde_e_min ref_dnde_e_max ref_dnde ref_flux ref_eflux ref_npred dnde dnde_err dnde_errp dnde_errn dnde_ul e2dnde e2dnde_err e2dnde_errp e2dnde_errn e2dnde_ul norm norm_err norm_errp norm_errn norm_ul ts loglike norm_scan dloglike_scan ShowUL tstart tend
[from data line 278]
100.0 115.25240587974294 132.83117061068992 4.896266059784987e-12 3.030432768465342e-12 3.8519871638801044e-12 1.2624310720191012e-10 1.4531281227095738e-08 0.012038665050655753 4.176364318210556e-08 3.9139245802579494e-09 4.067787975658091e-09 3.760061184857808e-09 4.859874836399652e-08 0.0005547513612846245 5.1989118367761705e-05 5.4032903860275336e-05 4.994533287524808e-05 0.0006455428635404015 10842.103414497642 1016.0793413224814 1056.0232427048409 976.1354399401218 12616.539540864676 389.7305023526808 -758.5292134050826 [0.0,8606.98586719141,8886.375560604689,9165.765254017972,9445.154947431245,9724.54464084453,10003.93433425781,10283.324027671084,10562.713721084361,10842.103414497642,11096.729052230443,11351.354689963247,11605.980327696045,11860.605965428842,12115.231603161645,12369.857240894447,12624.482878627243,12879.108516360046,13133.734154092845,13388.359791825644] [-194.8652511763404,-2.7070406043110324,-2.0382398641989994,-1.4736213330611463,-1.0078236009127295,-0.6358948106756088,-0.35325154085762733,-0.15564276216332473,-0.039118130299129916,0.0,-0.028864932150440836,-0.11673902653797086,-0.26133359837956505,-0.4604922220537446,-0.7121806396457941,-1.014477620668913,-1.3655666667791593,-1.7637284689458284,-2.2073340361934015,-2.694838425046214] False 56749.99999055518 56750.99999055518
132.83117061068992 153.091119887046 176.4411988580621 3.663613218520663e-12 2.2078000652874484e-12 2.844033316091408e-12 1.23868096138711e-10 1.8926991921868886e-08 0.014922003382654366 2.847207050450933e-08 2.4460221253094942e-09 2.5332835335892293e-09 2.358760717029759e-09 3.271336153994082e-08 0.0006672968126245198 5.732715390577486e-05 5.9372290019109924e-05 5.5282017792439793e-05 0.0007666994882714539 10011.159272788995 860.0539633168202 890.7362368985023 829.371689735138 11502.453700120228 580.0226096140768 -755.0438054940682 [0.0,8120.613822111072,8356.93200344581,8593.250184780556,8829.56836611529,9065.886547450034,9302.204728784776,9538.522910119515,9774.841091454266,10011.159272788995,10224.867193082357,10438.575113375711,10652.283033669071,10865.990953962426,11079.698874255793,11293.40679454915,11507.114714842504,11720.82263513586,11934.530555429214,12148.23847572257] [-290.0113048070384,-2.706175934719454,-2.038656680336203,-1.474478492706453,-1.0085800196864056,-0.6362672471042288,-0.3531784992123903,-0.15525353545353937,-0.038706178794427615,0.0,-0.02926106762561176,-0.11717335885771263,-0.26156678527081567,-0.4603907395890019,-0.7117054183161144,-1.0136739223590894,-1.3645550530648052,-1.7626967311739463,-2.206529974888099,-2.694563380772479] False 56749.99999055518 56750.99999055518
176.4411988580621 203.35272664697808 234.36890988269914 2.5988139297008773e-12 1.52488042932355e-12 1.9906984957180955e-12 1.1522797363748407e-10 2.337254579096347e-08 0.01652282628569486 1.7449878900121387e-08 1.5148978538426044e-09 1.558797441708331e-09 1.470998265976878e-09 2.00733885618379e-08 0.0007215931757742554 6.26445581419069e-05 6.445990844917981e-05 6.082920783463398e-05 0.0008300814168278531 8765.706578698535 760.9880939283788 783.0404478936592 738.9357399630985 10083.59056131045 641.3130164649342 -691.7482300932572 [0.0,7106.384036003773,7313.799353840619,7521.214671677464,7728.629989514306,7936.0453073511535,8143.460625188006,8350.875943024845,8558.29126086169,8765.706578698535,8954.945417023797,9144.184255349068,9333.42309367433,9522.661931999597,9711.900770324859,9901.139608650125,10090.378446975392,10279.617285300663,10468.856123625925,10658.094961951188] [-320.6565082324671,-2.7058960396409475,-2.039722949064526,-1.4766544078142942,-1.0115462053556712,-0.6396338126481851,-0.3564956305326632,-0.15802060484406866,-0.04037959743004649,0.0,-0.02772950183998546,-0.11461105314697306,-0.25840160617769925,-0.4569844587379066,-0.708359876849272,-1.0106365759676237,-1.3620239677484278,-1.7608250909397611,-2.2054301549397906,-2.6943106331425497] False 56749.99999055518 56750.99999055518
234.36890988269914 270.1158072739371 311.3149665447022 1.747679189134053e-12 9.984648939275647e-13 1.3209830870219908e-12 1.0162558186922042e-10 2.736384858937608e-08 0.01674330753852736 8.465839902436933e-09 8.437128842057967e-10 8.825873427269067e-10 8.04838425684687e-10 9.963650206884973e-09 0.0006176892615797524 6.155944294202698e-05 6.439582253991012e-05 5.8723063344143854e-05 0.0007269733198188807 6408.742084292861 638.7007468111143 668.1291769727359 609.2723166494928 7542.602403295649 540.6047664799605 -515.7607692629639 [0.0,5022.24829140157,5195.560015512983,5368.8717396243965,5542.183463735807,5715.495187847215,5888.806911958628,6062.118636070037,6235.430360181449,6408.742084292861,6571.462080158865,6734.1820760248775,6896.902071890883,7059.622067756889,7222.342063622901,7385.062059488906,7547.782055354913,7710.502051220919,7873.222047086931,8035.942042952937] [-270.30238323998026,-2.7056509731734195,-2.035384366198514,-1.4712767224881418,-1.0070613467122485,-0.6370174470608845,-0.3559080246996018,-0.15892639856315327,-0.04164995838152663,0.0,-0.026365160684804323,-0.11317396225535958,-0.2577267209355796,-0.457502688440627,-0.7101444670022374,-1.0134440934178883,-1.3653305813647876,-1.7638587417112603,-2.20719912610582,-2.693628960597721] False 56749.99999055518 56750.99999055518
311.3149665447022 358.7979888064861 413.52331434760555 1.1142155214364687e-12 6.197988542105048e-13 8.310171499613482e-13 8.49757108935996e-11 3.037351657915567e-08 0.01573108564231407 5.40549786161355e-09 5.537450226487211e-10 5.786118640049375e-10 5.288781812925045e-10 6.380030781859452e-09 0.0006958821552614609 7.128691744798387e-05 7.448817505653713e-05 6.808565983943062e-05 0.0008213396221360352 6504.676662647661 666.346082838936 696.2694621065878 636.4227035712843 7677.375589849375 535.2608058427729 -536.5516504332676 [0.0,5048.519841561758,5230.539444197495,5412.559046833234,5594.57864946897,5776.598252104709,5958.617854740447,6140.637457376181,6322.657060011922,6504.676662647661,6673.631972278565,6842.587281909459,7011.542591540358,7180.497901171259,7349.453210802159,7518.408520433052,7687.363830063962,7856.319139694855,8025.274449325755,8194.229758956653] [-267.63040292138646,-2.705732587820876,-2.028761499301254,-1.4605875919652362,-0.9945114588945216,-0.6244429843712851,-0.34482906580785766,-0.15059179451861837,-0.03707532457940488,0.0,-0.030544746690793545,-0.12063082664701597,-0.2675411488174859,-0.46874309893655663,-0.7218720797221749,-1.0247168554097925,-1.3752064676198188,-1.7713985239997783,-2.2114686898138416,-2.6937012367280886] False 56749.99999055518 56750.99999055518
413.52331434760555 476.5900816815941 549.2752115212968 6.734357875345099e-13 3.6476260219293975e-13 4.956250500841741e-13 6.73600198422077e-11 3.196127183060512e-08 0.013812861237510993 2.862376881061256e-09 3.2664234126625786e-10 3.4270621445372914e-10 3.105784680787866e-10 3.4415743828331993e-09 0.0006501548633001275 7.419292272066555e-05 7.784164045080552e-05 7.054420499052558e-05 0.0007817126868277883 5775.286944384928 659.051315527298 691.4626579014235 626.6399731531725 6943.907258619601 497.81335139086286 -370.90671719725003 [0.0,4350.296720448192,4528.420498440283,4706.544276432376,4884.668054424468,5062.791832416559,5240.915610408651,5419.039388400743,5597.163166392835,5775.286944384928,5944.058432766961,6112.829921148991,6281.601409531024,6450.372897913054,6619.1443862950855,6787.9158746771145,6956.68736305915,7125.458851441181,7294.230339823211,7463.0018282052415] [-248.90667569543143,-2.7045654093865323,-2.021297932271068,-1.450725848591901,-0.9848893381389416,-0.6166505537019589,-0.33958364825286935,-0.14788265900392616,-0.036283870114232286,0.0,-0.03114531631661066,-0.1225759060627638,-0.2711547696611092,-0.47398559438300936,-0.7283886303554823,-1.0318795243739487,-1.382150685799047,-1.7770548287467136,-2.214590391869649,-2.6928885838667043] False 56749.99999055518 56750.99999055518
549.2752115212968 633.0528961793416 729.6086933380817 3.8589363744856507e-13 2.0350312530799642e-13 2.8023304811755104e-13 5.063247616082288e-11 3.189129117377885e-08 0.011289265047709302 1.5028346570838866e-09 1.9493936049770896e-10 2.0557329081294291e-10 1.84305430182475e-10 1.8521268171040704e-09 0.0006022699597890375 7.812311238288299e-05 8.238472343448245e-05 7.386150133128351e-05 0.000742250877968142 5362.803092565597 695.6330161884996 733.5797551140715 657.6862772629275 6609.237666812044 406.0053952119364 -268.2922319718706 [0.0,3879.810892937149,4065.184917890705,4250.558942844263,4435.932967797818,4621.306992751374,4806.681017704928,4992.055042658487,5177.429067612041,5362.803092565597,5543.280412334271,5723.757732102944,5904.235051871617,6084.712371640288,6265.189691408963,6445.667011177635,6626.1443309463075,6806.621650714978,6987.098970483649,7167.576290252325] [-203.0026976059682,-2.701810785316127,-2.011332519392056,-1.4383946382480985,-0.973344957553195,-0.6076798516412509,-0.3338683976159018,-0.1452090086184512,-0.035711598389525534,0.0,-0.03150426314221022,-0.1243083081964187,-0.2747322713805147,-0.47941969016227404,-0.7353005778155648,-1.0395596318936668,-1.3896087420253593,-1.7830631167316824,-2.2177204714578806,-2.6915428179196397] False 56749.99999055518 56750.99999055518
729.6086933380817 840.8915725798939 969.1477682383326 2.0962345180665598e-13 1.0763507393964402e-13 1.5020930641838704e-13 3.6079673779690615e-11 3.016699725996426e-08 0.008650571923914357 8.276830661580965e-10 1.2086581184585994e-10 1.2797801861810121e-10 1.1375360507361869e-10 1.0460003973318266e-09 0.0005852535678125374 8.54640507962704e-05 9.049308250981715e-05 8.043501908272364e-05 0.000739625455083131 5510.19830857018 804.6492905652937 851.9979332148456 757.3006479157417 6963.619114373238 377.1779169932241 -197.48417959972673 [0.0,3819.778783384201,4031.0812240324485,4242.383664680697,4453.686105328943,4664.9885459771895,4876.290986625439,5087.593427273686,5298.895867921931,5510.19830857018,5721.187283215159,5932.176257860137,6143.165232505116,6354.1542071500935,6565.143181795076,6776.132156440051,6987.121131085031,7198.110105730009,7409.09908037499,7620.088055019966] [-188.58895849661204,-2.6968644534888995,-1.9986890964961788,-1.4233906887347132,-0.9593916802630247,-0.5966884430624191,-0.3265772504231279,-0.1414375433001851,-0.03455866657341744,0.0,-0.0323815985639726,-0.12689868691913375,-0.27933230454254954,-0.48588180143681825,-0.7431110994737082,-1.0479033355925935,-1.3974223629062976,-1.789079899889856,-2.2205073600080993,-2.6895315824057207] False 56749.99999055518 56750.99999055518
969.1477682383326 1116.9661194245136 1287.3303254983532 1.0795259298721598e-13 5.3970632031383735e-14 7.633000506319092e-14 2.4374885718521432e-11 2.705445506799025e-08 0.0061856080655576795 3.442570262790496e-10 6.532480331567968e-11 6.996018545497228e-11 6.068942117638707e-11 4.65291517715325e-10 0.0004294996487153976 8.150009421665164e-05 8.728325867957247e-05 7.57169297537308e-05 0.0005805038914354557 4510.114023889443 855.8207648695893 916.5489429360671 795.0925868031115 6095.787853415266 228.87013035595328 -133.68688393646002 [0.0,2768.801397058863,2986.465475412685,3204.1295537665073,3421.79363212033,3639.4577104741525,3857.121788827973,4074.7858671817985,4292.449945535619,4510.114023889443,4742.634489649585,4975.154955409727,5207.67542116987,5440.195886930015,5672.716352690158,5905.2368184502975,6137.757284210442,6370.277749970583,6602.798215730726,6835.318681490867] [-114.43506517797664,-2.702861722065137,-1.977470272045565,-1.3917944489004697,-0.9279248581545971,-0.5712047727878939,-0.30948539395043895,-0.13258307785355328,-0.031876105647739905,0.0,-0.034838858091887914,-0.13432520209588006,-0.29268349277381844,-0.5048826874795225,-0.7665132433049564,-1.073688551660382,-1.4229651969991437,-1.811277879728351,-2.235885878643529,-2.6943286789773424] False 56749.99999055518 56750.99999055518
1287.3303254983532 1483.6791717563765 1709.9759409858673 5.2704445565499907e-14 2.5655598755485777e-14 3.677178412939479e-14 1.5612379456170483e-11 2.300340977623044e-08 0.0041226880632258545 2.0549254340666224e-10 4.303820991812869e-11 4.5891723297060244e-11 4.018469653919713e-11 2.8507546375172063e-10 0.0004523515340787267 9.474017868346945e-05 0.00010102162876956542 8.845872859737346e-05 0.0006275377257903679 5588.321270557952 1170.413971937919 1248.0145955272026 1092.8133483486354 7752.560026692743 227.84557891897504 -112.1143491829738 [0.0,3265.4453286676703,3555.8048214039554,3846.164314140241,4136.523806876525,4426.883299612812,4717.242792349098,5007.602285085383,5297.961777821668,5588.321270557952,5908.648057781754,6228.974845005554,6549.30163222935,6869.628419453148,7189.955206676945,7510.2819939007495,7830.608781124546,8150.935568348341,8471.262355572142,8791.589142795945] [-113.92278945948752,-2.700724143775915,-1.964869612686556,-1.3762673661326232,-0.913794359457512,-0.5605840511415465,-0.3029527383347954,-0.1296447290880849,-0.03128900782525079,0.0,-0.035280126469132256,-0.13640032485844245,-0.2968484404794509,-0.5110365503596199,-0.7741336805002135,-1.0819347699614923,-1.4307568416518421,-1.8173558666128997,-2.2388595589108036,-2.6927125706368855] False 56749.99999055518 56750.99999055518
1709.9759409858673 1970.7884119509856 2271.3810595726877 2.4393964078504462e-14 1.1561861584328986e-14 1.679403573203181e-14 9.480737091889001e-12 1.8543527369112545e-08 0.0025747033232952354 1.0538026631737407e-10 2.6740481241790883e-11 2.8771001667303907e-11 2.4709960816277853e-11 1.5592554896120723e-10 0.00040929768831654437 0.00010386021538201836 0.00011174677085663654 9.597365990740018e-05 0.0006056159181369261 6274.862576145342 1592.2605899181156 1713.167824957526 1471.353354878705 9284.57884984759 161.5345256885693 -79.53677204065382 [0.0,3236.9436879434356,3616.6835489686746,3996.4234099939126,4376.1632710191525,4755.903132044389,5135.6429930696295,5515.382854094865,5895.122715120104,6274.862576145342,6723.456591291719,7172.050606438097,7620.644621584473,8069.238636730852,8517.832651877226,8966.42666702361,9415.020682169983,9863.614697316367,10312.208712462738,10760.802727609118] [-80.76726284428464,-2.699866481452162,-1.9401068397084629,-1.3452326890304107,-0.8859545819857004,-0.5402011884540343,-0.29092080389439445,-0.12466203186411917,-0.03062382870291458,0.0,-0.035663710735931886,-0.13983562571452524,-0.30440184315608576,-0.5226211697337106,-0.788830935816037,-1.0982277564998952,-1.4467014109490037,-1.8307070919067456,-2.247165847125487,-2.6933860536194487] False 56749.99999055518 56750.99999055518
