data/3C279_allsed_1d_2_min11.ecsv
# %ECSV 1.0
# ---
# datatype:
# - {name: e_min, unit: MeV, datatype: float64}
# - {name: e_ref, unit: MeV, datatype: float64}
# - {name: e_max, unit: MeV, datatype: float64}
# - {name: ref_dnde_e_min, unit: ph / (cm2 MeV s), datatype: float64}
# - {name: ref_dnde_e_max, unit: ph / (cm2 MeV s), datatype: float64}
# - {name: ref_dnde, unit: ph / (cm2 MeV s), datatype: float64}
# - {name: ref_flux, unit: ph / (cm2 s), datatype: float64}
# - {name: ref_eflux, unit: MeV / (cm2 s), datatype: float64}
# - {name: ref_npred, datatype: float64}
# - {name: dnde, unit: ph / (cm2 MeV s), datatype: float64}
# - {name: dnde_err, unit: ph / (cm2 MeV s), datatype: float64}
# - {name: dnde_errp, unit: ph / (cm2 MeV s), datatype: float64}
# - {name: dnde_errn, unit: ph / (cm2 MeV s), datatype: float64}
# - {name: dnde_ul, unit: ph / (cm2 MeV s), datatype: float64}
# - {name: e2dnde, unit: MeV / (cm2 s), datatype: float64}
# - {name: e2dnde_err, unit: MeV / (cm2 s), datatype: float64}
# - {name: e2dnde_errp, unit: MeV / (cm2 s), datatype: float64}
# - {name: e2dnde_errn, unit: MeV / (cm2 s), datatype: float64}
# - {name: e2dnde_ul, unit: MeV / (cm2 s), datatype: float64}
# - {name: norm, datatype: float64}
# - {name: norm_err, datatype: float64}
# - {name: norm_errp, datatype: float64}
# - {name: norm_errn, datatype: float64}
# - {name: norm_ul, datatype: float64}
# - {name: ts, datatype: float64}
# - {name: loglike, datatype: float64}
# - {name: norm_scan, datatype: string, subtype: 'float64[20]'}
# - {name: dloglike_scan, datatype: string, subtype: 'float64[20]'}
# - {name: ShowUL, datatype: bool}
# - {name: tstart, datatype: float64}
# - {name: tend, datatype: float64}
# meta: !!omap
# - {UL_CONF: 0.95}
# - {EXTNAME: SED}
# - {CONFIG: '{"bin_index": 2.0, "use_local_index": true, "free_background": false, "free_radius": null, "free_pars": [], "ul_confidence":
#     0.95, "cov_scale": 3.0, "make_plots": false, "write_fits": true, "write_npy": true, "optimizer": {"optimizer": "MINUIT", "tol":
#     0.001, "max_iter": 100, "init_lambda": 0.0001, "retries": 3, "min_fit_quality": 2, "verbosity": 0}, "prefix": "", "outfile": null,
#     "loge_bins": []}'}
# - {SRCNAME: 4FGL J1256.1-0547}
# - {CREATOR: fermipy 1.2.0}
# - {STVER: 2.2.0}
# schema: astropy-2.0
e_min e_ref e_max ref_dnde_e_min ref_dnde_e_max ref_dnde ref_flux ref_eflux ref_npred dnde dnde_err dnde_errp dnde_errn dnde_ul e2dnde e2dnde_err e2dnde_errp e2dnde_errn e2dnde_ul norm norm_err norm_errp norm_errn norm_ul ts loglike norm_scan dloglike_scan ShowUL tstart tend
[from data line 2040]
413.52331434760555 476.5900816815941 549.2752115212968 6.303724763734541e-13 3.48768838720801e-13 4.68886208526467e-13 6.369007976752789e-11 3.0235109003520677e-08 0.00420802406941323 2.8212749346685635e-09 5.803650467744502e-10 6.254723095274518e-10 5.352577840214485e-10 3.881138830307953e-09 0.000640819045045334 0.00013182301748815018 0.00014206859571478384 0.00012157743926151652 0.0008815545228733571 6016.971459951382 1237.752435923247 1333.9533092540214 1141.5515625924727 8277.35761839725 142.60998020519878 -153.07269566866708 [0.0,3556.5446127226473,3864.0979686262367,4171.651324529829,4479.204680433424,4786.758036337013,5094.311392240604,5401.864748144197,5709.418104047788,6016.971459951382,6349.682257669073,6682.393055386765,7015.1038531044605,7347.814650822151,7680.525448539841,8013.236246257535,8345.94704397523,8678.657841692922,9011.368639410613,9344.079437128305] [-71.30499010259939,-2.7037245167103094,-1.9750498493763189,-1.3885380784885228,-0.925156653084656,-0.5694900472271058,-0.30887312448817283,-0.1327702362104617,-0.03232073767406973,0.0,-0.034316936131091325,-0.13382749176051334,-0.29250506279765887,-0.5051284168673362,-0.7671436208006241,-1.074554432784197,-1.423834381150158,-1.8118555658183766,-2.2358304973552663,-2.6932642038973142] False 58273.99999055518 58274.99999055518
549.2752115212968 633.0528961793416 729.6086933380817 3.7695782994821103e-13 2.0100995502998589e-13 2.752676451130623e-13 4.971923652187599e-11 3.132428690035619e-08 0.003619876626373607 8.848807128862034e-10 2.7994875792532696e-10 3.094013415004881e-10 2.5049617435016586e-10 1.4180897611206128e-09 0.0003546212278616094 0.00011219113585378697 0.00012399443453463808 0.00010038783717293587 0.0005683079368588742 3214.619402591798 1017.0056775482713 1124.0018469057848 910.0095081907577 5151.676146094658 49.47618188965643 -100.51482780797828 [0.0,1342.3359474686372,1576.371379359033,1810.4068112494272,2044.4422431398227,2278.477675030217,2512.513106920613,2746.5485388110087,2980.5839707014034,3214.619402591798,3504.7004454984767,3794.7814884051554,4084.862531311832,4374.943574218511,4665.024617125188,4955.105660031865,5245.186702938544,5535.26774584522,5825.3487887519,6115.429831658577] [-24.738090944828215,-2.6954534470638833,-1.906232408369874,-1.3040865697420116,-0.8485926323962616,-0.5114209356765969,-0.2718948173586426,-0.11443106801094416,-0.02697539855178377,0.0,-0.03914160245794562,-0.14780872070380724,-0.3167026055423463,-0.5383062630477013,-0.8064520684199579,-1.1160138592222921,-1.462682658897151,-1.8428000599471943,-2.2532322722237694,-2.691273430374764] False 58273.99999055518 58274.99999055518
729.6086933380817 840.8915725798939 969.1477682383326 2.0940092463080817e-13 1.0762371003330889e-13 1.5012163199610152e-13 3.6057518700662244e-11 3.0149153158015565e-08 0.002853446431587414 7.865156127827508e-10 2.0395560432306002e-10 2.199700733188273e-10 1.8794113532729271e-10 1.173979860394619e-09 0.0005561441176488256 0.00014421672979187533 0.00015554053898843295 0.00013289292059531768 0.0008301195589578203 5239.189065058762 1358.602365369679 1465.2789900694636 1251.9257406698944 7820.191166221174 117.78677937528306 -77.5237510292898 [0.0,2647.1030653978837,2971.1138153554925,3295.124565313103,3619.1353152707125,3943.1460652283236,4267.156815185932,4591.167565143543,4915.178315101152,5239.189065058762,5625.211690476515,6011.2343158942695,6397.256941312021,6783.279566729778,7169.302192147527,7555.324817565283,7941.34744298304,8327.37006840079,8713.392693818541,9099.415319236296] [-58.89338968764153,-2.7023940623532496,-1.9356663146709536,-1.33799180478087,-0.8783748995618197,-0.5336519233106714,-0.2860532713138184,-0.12164673531682979,-0.029305209949583855,0.0,-0.03714496514054133,-0.14297839704110515,-0.30909426429384723,-0.5285450137151599,-0.7955221947230058,-1.1051200334324989,-1.453157365310119,-1.8360414441434614,-2.2506623343164733,-2.694309995087636] False 58273.99999055518 58274.99999055518
969.1477682383326 1116.9661194245136 1287.3303254983532 1.0806213755818668e-13 5.3531262296039776e-14 7.605723259426419e-14 2.4295458760827216e-11 2.69604573623041e-08 0.0020560917828498504 2.9094720562359143e-10 1.0392054005124335e-10 1.1408543121370411e-10 9.37556488887826e-11 4.979320175049857e-10 0.0003629896068083937 0.00012965264915215966 0.0001423345026808899 0.00011697079562342942 0.000621226613481485 3825.371969233773 1366.346585414422 1499.994508376417 1232.698662452427 6546.80693105493 59.84295943076211 -49.68743655536022 [0.0,1443.489805131605,1741.2250756443746,2038.9603461571464,2336.6956166699174,2634.4308871826875,2932.16615769546,3229.901428208228,3527.636698721002,3825.371969233773,4239.162573916447,4652.953178599123,5066.743783281799,5480.5343879644715,5894.324992647148,6308.115597329825,6721.906202012498,7135.696806695176,7549.487411377851,7963.278016060524] [-29.921479715381054,-2.7001749431781974,-1.8670837244697225,-1.255609878558957,-0.8065900614851813,-0.4818094907887769,-0.2551408332373839,-0.10792600239193462,-0.026373577241933788,0.0,-0.03999383507421328,-0.15430099572152756,-0.3304007192686953,-0.5586932920045484,-0.8316563996731148,-1.1432857112140198,-1.488711981877401,-1.8639317755161784,-2.265613599070022,-2.690955441202547] False 58273.99999055518 58274.99999055518
1287.3303254983532 1483.6791717563765 1709.9759409858673 5.180571185314473e-14 2.473524078677834e-14 3.579702161937491e-14 1.5209403427401214e-11 2.239946183676016e-08 0.0013481597968443698 1.541320765786921e-10 6.47202085453183e-11 7.15565914026768e-11 5.7883825687959824e-11 2.857085810654718e-10 0.00033929153893012115 0.00014246884648964198 0.0001575178026308669 0.00012741989034841707 0.0006289314093926015 4305.723482181239 1807.9774690051001 1998.9537722866653 1617.0011657235352 7981.350630322659 50.21517081883846 -39.193842600330996 [0.0,1311.569612980769,1685.838846630827,2060.1080802808856,2434.3773139309455,2808.6465475810037,3182.9157812310614,3557.185014881121,3931.45424853118,4305.723482181239,4871.049155640769,5436.374829100302,6001.70050255983,6567.026176019357,7132.351849478889,7697.677522938416,8263.003196397949,8828.328869857474,9393.654543317003,9958.980216776534] [-25.10758540941923,-2.6944614770419193,-1.8103351342712344,-1.191843685702267,-0.7526546007100237,-0.442883697792098,-0.2310310030929159,-0.09590316726727366,-0.02254441186706657,0.0,-0.044494181617679374,-0.16553785885363936,-0.34828455585282825,-0.581835426155763,-0.8579510653810374,-1.1702499203214956,-1.513687953923693,-1.8842087780226962,-2.2785012897295474,-2.6938274299095255] False 58273.99999055518 58274.99999055518
1709.9759409858673 1970.7884119509856 2271.3810595726877 2.3072298931429218e-14 1.0617785145013433e-14 1.5651731944274978e-14 8.846204732809037e-12 1.7290441261602512e-08 0.0008064464228918489 7.791432996379569e-11 3.890305530606122e-11 4.365851189849809e-11 3.414759871362436e-11 1.603612282272648e-10 0.0003026198002277804 0.00015109973775608417 0.00016956996428134374 0.00013262951123082462 0.0006228441272993815 4978.00053318028 2485.543161904904 2789.3725789539417 2181.713744855867 10245.589995931476 42.451292019034724 -26.387043299772117 [0.0,1177.82389756855,1652.845977020016,2127.8680564714823,2602.89013592295,3077.9122153744142,3552.9342948258814,4027.9563742773494,4502.978453728814,4978.00053318028,5799.837202087505,6621.673870994731,7443.510539901954,8265.347208809177,9087.183877716403,9909.020546623628,10730.857215530852,11552.693884438078,12374.530553345297,13196.36722225252] [-21.225646009517362,-2.6923089111015983,-1.7282260222744306,-1.1042337170209997,-0.6825720095403796,-0.39524739629906946,-0.20366034115005505,-0.08377733553954414,-0.019614230098792262,0.0,-0.04855533530748346,-0.17795036712884382,-0.36925089561409763,-0.6094840035637006,-0.8893715623026281,-1.2020480045811475,-1.542290185246248,-1.9060319635086742,-2.290045843390285,-2.6917271009375554] False 58273.99999055518 58274.99999055518
2271.3810595726877 2617.821317854317 3017.1020504598932 9.545819693114564e-15 4.23409751810378e-15 6.357509848272569e-15 4.780347189380104e-12 1.2400314475742081e-08 0.00044341054460175777 2.779455511539441e-11 2.0216298166330994e-11 2.3603219074936574e-11 1.6829377257725407e-11 7.502490452084392e-11 0.0001904757652401821 0.0001385420578803513 0.00016175258775558246 0.0001153315280051201 0.0005141448043096897 4371.924822569737 3179.9082736496375 3712.651594452492 2647.164952846782 11800.989115452068 11.534049852806703 -14.243698063628361 [0.0,383.3090887992173,881.8860555205321,1380.463022241847,1879.039988963162,2377.616955684476,2876.1939224057915,3374.7708891271077,3873.3478558484244,4371.924822569737,5559.27776033301,6746.630698096283,7933.983635859554,9121.336573622832,10308.689511386105,11496.042449149372,12683.395386912649,13870.74832467592,15058.10126243919,16245.454200202461] [-5.7670249264033515,-2.665637897441247,-1.4759742329044911,-0.8791617413603596,-0.5216099103528045,-0.2945083281541727,-0.14970865463198102,-0.06161622780116538,-0.014986252512606768,0.0,-0.056139376516801676,-0.20210718458938537,-0.4090314988431416,-0.660052023796089,-0.9444614214054781,-1.2550334644864947,-1.5866604773379933,-1.9355984158151394,-2.2990208733093915,-2.6747417210624533] False 58273.99999055518 58274.99999055518
3017.1020504598932 3477.2827010020824 4007.6519721450045 3.66897469557555e-15 1.568544745455416e-15 2.3989478902122687e-15 2.400045361030318e-12 8.262612965352253e-09 0.00022427999737109627 4.1678230463725165e-11 2.134897781133997e-11 2.3962446927631934e-11 1.873550869504801e-11 8.692580779186158e-11 0.000503952114539461 0.00025814105809134194 0.0002897418067983971 0.00022654030938428675 0.0010510629687814253 17373.545558772963 8899.30869213292 9988.731737525002 7809.885646740837 36234.97123323093 40.1020702613298 -31.120689355590834 [0.0,3799.4528668837474,5496.214453369903,7192.976039856055,8889.737626342208,10586.499212828365,12283.260799314512,13980.022385800668,15676.783972286825,17373.545558772963,20316.9676613493,23260.38976392563,26203.811866501965,29147.233969078286,32090.65607165462,35034.07817423092,37977.500276807266,40920.9223793836,43864.34448195992,46807.76658453626] [-20.0510351306649,-2.6932919964311495,-1.7225003967728085,-1.0986054530508227,-0.6783071322429066,-0.3923814228869844,-0.2019371970695083,-0.08289555973503937,-0.019294388355735492,0.0,-0.048890942973542906,-0.17853502343444916,-0.36998791578139745,-0.610282647536728,-0.8901510216842681,-1.2027374699635303,-1.5428277371273182,-1.906363236254208,-2.290122779542415,-2.6915068836452107] False 58273.99999055518 58274.99999055518
100.0 115.25240587974294 132.83117061068992 1.4615341099426295e-11 7.904747672093515e-12 1.074851541062962e-11 3.533091018724525e-10 4.053842524494713e-08 0.007936774713458971 3.376064619164226e-08 7.406404303458988e-09 7.84227858405586e-09 6.970530022862116e-09 4.714434842818775e-08 0.00044844661542091765 9.838013536445097e-05 0.00010416990445752847 9.259036627137348e-05 0.0006262238989394424 3140.9589977658725 689.0630027040302 729.6150477023393 648.5109577057209 4386.126513952326 61.429817365550036 -208.1606854212004 [0.0,1725.8502730342648,1902.7388636257156,2079.627454217165,2256.5160448086185,2433.4046354000684,2610.293225991521,2787.1818165829714,2964.0704071744217,3140.9589977658725,3324.9414252533948,3508.923852740915,3692.906280228437,3876.8887077159557,4060.8711352034784,4244.853562691,4428.835990178518,4612.818417666041,4796.800845153564,4980.7832726410825] [-30.714908682775018,-2.6823374141663407,-1.9548960394535015,-1.3690389799175477,-0.9064116162181222,-0.5520992649611003,-0.2938039264883514,-0.12125623005402986,-0.025785638881160367,0.0,-0.04028805149226855,-0.14290846408681546,-0.30249355524532007,-0.5143518920032477,-0.774357880199716,-1.0788632110306366,-1.4246251336313946,-1.8087478311022664,-2.228634109286901,-2.681945280943978] False 58274.99999055518 58275.99999055518
132.83117061068992 153.091119887046 176.4411988580621 7.964082889074308e-12 4.3028683520372744e-12 5.85392178085764e-12 2.556029399817903e-10 3.895534968309563e-08 0.008239541523022038 1.9694750450833844e-08 4.021503436749906e-09 4.2660361158131455e-09 3.776970757686667e-09 2.7047574033119162e-08 0.0004615837193573721 9.425153765606027e-05 9.9982623398335e-05 8.852045191378555e-05 0.0006339110441113732 3364.3685700133206 686.9759431873939 728.7483973159856 645.2034890588023 4620.41944625309 81.68564468011834 -212.6486258476484 [0.0,1969.2339051529825,2143.6257382605254,2318.0175713680674,2492.409404475609,2666.8012375831513,2841.193070690693,3015.584903798236,3189.976736905776,3364.3685700133206,3548.603403919841,3732.8382378263623,3917.0730717328815,4101.307905639401,4285.5427395459255,4469.777573452442,4654.012407358963,4838.247241265483,5022.482075172007,5206.716909078524] [-40.84282234005917,-2.682697062870602,-1.9695154925674103,-1.390963171257539,-0.9306864686829499,-0.5751938601555366,-0.3132170393308513,-0.13524234681372604,-0.03316045462699435,0.0,-0.03316335241109414,-0.1303267060980886,-0.2860956936292496,-0.49573918780720305,-0.7550838718735235,-1.0604290958483773,-1.4084774853203044,-1.796277913231478,-2.2211782698463196,-2.680786068439346] False 58274.99999055518 58275.99999055518
176.4411988580621 203.35272664697808 234.36890988269914 4.330609763237744e-12 2.3373005954810163e-12 3.181499140092836e-12 1.8452846412902673e-10 3.7355438912472847e-08 0.007713345776445193 8.56000689628445e-09 2.0621454159208992e-09 2.2027545622287754e-09 1.9215362696130227e-09 1.2393470814917074e-08 0.00035397624225899096 8.527452070583325e-05 9.10890367267153e-05 7.946000468495121e-05 0.0005124989127654833 2690.5576645966557 648.1678369590022 692.3637144734539 603.9719594445505 3895.481428467535 58.458579568782625 -181.6382459154587 [0.0,1404.4753183799448,1565.2356116570338,1725.995904934123,1886.7561982112115,2047.5164914883005,2208.2767847653904,2369.0370780424782,2529.797371319567,2690.5576645966557,2868.711299812109,3046.8649350275623,3225.0185702430167,3403.17220545847,3581.3258406739237,3759.479475889377,3937.6331111048335,4115.7867463202865,4293.940381535738,4472.0940167511935] [-29.229289784391312,-2.7059313846832254,-1.9699851323231314,-1.381651742175933,-0.9192830010009629,-0.565790179402228,-0.30742815212695973,-0.13296352970837688,-0.03308888749344874,0.0,-0.03337575651917746,-0.13303135447341674,-0.2924775114237548,-0.5061530054863397,-0.7692535237437141,-1.0775985625041926,-1.4275265973719513,-1.8158115679011075,-2.2395956484760404,-2.696334614900735] False 58274.99999055518 58275.99999055518
