data/3C279_allsed_1d_1_min11.ecsv
# %ECSV 1.0
# ---
# datatype:
# - {name: e_min, unit: MeV, datatype: float64}
# - {name: e_ref, unit: MeV, datatype: float64}
# - {name: e_max, unit: MeV, datatype: float64}
# - {name: ref_dnde_e_min, unit: ph / (cm2 MeV s), datatype: float64}
# - {name: ref_dnde_e_max, unit: ph / (cm2 MeV s), datatype: float64}
# - {name: ref_dnde, unit: ph / (cm2 MeV s), datatype: float64}
# - {name: ref_flux, unit: ph / (cm2 s), datatype: float64}
# - {name: ref_eflux, unit: MeV / (cm2 s), datatype: float64}
# - {name: ref_npred, datatype: float64}
# - {name: dnde, unit: ph / (cm2 MeV s), datatype: float64}
# - {name: dnde_err, unit: ph / (cm2 MeV s), datatype: float64}
# - {name: dnde_errp, unit: ph / (cm2 MeV s), datatype: float64}
# - {name: dnde_errn, unit: ph / (cm2 MeV s), datatype: float64}
# - {name: dnde_ul, unit: ph / (cm2 MeV s), datatype: float64}
# - {name: e2dnde, unit: MeV / (cm2 s), datatype: float64}
# - {name: e2dnde_err, unit: MeV / (cm2 s), datatype: float64}
# - {name: e2dnde_errp, unit: MeV / (cm2 s), datatype: float64}
# - {name: e2dnde_errn, unit: MeV / (cm2 s), datatype: float64}
# - {name: e2dnde_ul, unit: MeV / (cm2 s), datatype: float64}
# - {name: norm, datatype: float64}
# - {name: norm_err, datatype: float64}
# - {name: norm_errp, datatype: float64}
# - {name: norm_errn, datatype: float64}
# - {name: norm_ul, datatype: float64}
# - {name: ts, datatype: float64}
# - {name: loglike, datatype: float64}
# - {name: norm_scan, datatype: string, subtype: 'float64[20]'}
# - {name: dloglike_scan, datatype: string, subtype: 'float64[20]'}
# - {name: ShowUL, datatype: bool}
# - {name: tstart, datatype: float64}
# - {name: tend, datatype: float64}
# meta: !!omap
# - {UL_CONF: 0.95}
# - {EXTNAME: SED}
# - {CONFIG: '{"bin_index": 2.0, "use_local_index": true, "free_background": false, "free_radius": null, "free_pars": [], "ul_confidence":
#     0.95, "cov_scale": 3.0, "make_plots": false, "write_fits": true, "write_npy": true, "optimizer": {"optimizer": "MINUIT", "tol":
#     0.001, "max_iter": 100, "init_lambda": 0.0001, "retries": 3, "min_fit_quality": 2, "verbosity": 0}, "prefix": "", "outfile": null,
#     "loge_bins": []}'}
# - {SRCNAME: 4FGL J1256.1-0547}
# - {CREATOR: fermipy 1.2.0}
# - {STVER: 2.2.0}
# schema: astropy-2.0
e_min e_ref e_max ref_dnde_e_min ref_dnde_e_max ref_dnde ref_flux ref_eflux ref_npred dnde dnde_err dnde_errp dnde_errn dnde_ul e2dnde e2dnde_err e2dnde_errp e2dnde_errn e2dnde_ul norm norm_err norm_errp norm_errn norm_ul ts loglike norm_scan dloglike_scan ShowUL tstart tend
[from data line 25]
100.0 115.25240587974294 132.83117061068992 6.355256381932357e-12 3.808963116222866e-12 4.920054588408577e-12 1.613389734498344e-10 1.855689140715669e-08 0.01187887912605135 1.4157823408717011e-08 2.9409529902626867e-09 3.121202294453195e-09 2.760703686072178e-09 1.9494423026872198e-08 0.00018806002566793106 3.90650228407602e-05 4.145929544849896e-05 3.667075023302144e-05 0.0002589467031039426 2877.574456607086 597.7480406805723 634.383671637832 561.1124097233127 3962.2371411894833 52.287158003665695 -352.1499024456424 [0.0,1623.3695932948726,1780.1452012088985,1936.9208091229254,2093.6964170369524,2250.4720249509796,2407.2476328650064,2564.0232407790327,2720.7988486930594,2877.574456607086,3035.2854182801534,3192.996379953218,3350.7073416262842,3508.4183032993496,3666.1292649724146,3823.8402266454814,3981.551188318545,4139.262149991612,4296.973111664678,4454.684073337744] [-26.143579001832848,-2.6969665286150075,-1.992248561733959,-1.414668894682677,-0.9509196667333981,-0.5898068877899618,-0.3218092734032325,-0.13874890293647013,-0.03354088206071992,0.0,-0.03307312019302344,-0.12827575956549708,-0.28125794714355834,-0.4881332280271522,-0.7454129064956874,-1.0499518089063713,-1.3989031900035798,-1.7896809651791727,-2.2199278636639974,-2.687488405654051] False 56633.99999055518 56634.99999055518
132.83117061068992 153.091119887046 176.4411988580621 4.540909268167581e-12 2.655097866082733e-12 3.4722555361014353e-12 1.513198632923141e-10 2.3105109487066307e-08 0.01500894159560794 7.985127465775946e-09 1.5829758321385263e-09 1.6822179589591992e-09 1.4837337053178535e-09 1.0866613773726648e-08 0.0001871465619428307 3.7100032014896465e-05 3.9425958922636625e-05 3.47741051071563e-05 0.00025467964242646354 2299.6946459595697 455.89266564057476 484.4741239430646 427.3112073380849 3129.554740641992 68.74612177866038 -331.70019718417996 [0.0,1351.9789994309708,1470.4434552470454,1588.9079110631203,1707.3723668791954,1825.8368226952696,1944.3012785113438,2062.76573432742,2181.2301901434953,2299.6946459595697,2420.3074996042637,2540.9203532489564,2661.5332068936495,2782.1460605383436,2902.7589141830385,3023.371767827731,3143.984621472426,3264.5974751171193,3385.210328761813,3505.8231824065074] [-34.37306088933019,-2.69082683158706,-1.985131055931049,-1.4080395359945896,-0.9456172729928767,-0.5861791867750412,-0.31981910841983563,-0.13805761844560038,-0.03357414332145936,0.0,-0.032903924578590704,-0.12834678904198427,-0.28174216030447496,-0.489011059716006,-0.7465080121544929,-1.050960285505198,-1.399417567857654,-1.789209981862939,-2.217912816159867,-2.6833167120020107] False 56633.99999055518 56634.99999055518
176.4411988580621 203.35272664697808 234.36890988269914 3.0880235830842377e-12 1.7614987331823268e-12 2.332284208590373e-12 1.3508361575658187e-10 2.7381736720016534e-08 0.01660645094567121 4.523267491601566e-09 9.063149813484211e-10 9.634715489337833e-10 8.491584137630591e-10 6.174095787089325e-09 0.00018704765648078615 3.747823749300878e-05 3.9841794819471964e-05 3.51146801665456e-05 0.0002553132552976769 1939.415220041051 388.5954284688982 413.10211910927575 364.08873782852066 2647.2313126970635 73.06176788791083 -282.99064973148717 [0.0,1138.8198079655767,1238.8942344750108,1338.9686609844453,1439.0430874938795,1539.117514003314,1639.1919405127474,1739.2663670221827,1839.3407935316175,1939.415220041051,2042.3429393886556,2145.27065873626,2248.1983780838655,2351.126097431468,2454.0538167790723,2556.9815361266765,2659.9092554742815,2762.836974821885,2865.76469416949,2968.6924135170934] [-36.530883943955416,-2.691317567238343,-1.9821581535819064,-1.4037615275174744,-0.9413963768915892,-0.5827819690843512,-0.3175616134440702,-0.13691215529001965,-0.033249047559081646,0.0,-0.03322170525643742,-0.12939187117478923,-0.2836899334018881,-0.4918463661617807,-0.7500601047888722,-1.054931080656445,-1.403404637185588,-1.7927253790519444,-2.2203985793213974,-2.684157693014015] False 56633.99999055518 56634.99999055518
234.36890988269914 270.1158072739371 311.3149665447022 1.9986945458777826e-12 1.1122749891291075e-12 1.4910056855319576e-12 1.1477821975455143e-10 3.0886173430659345e-08 0.016502065252032946 1.6926906054037686e-09 4.77799830062525e-10 5.117792294430452e-10 4.4382043068200486e-10 2.586085594370953e-09 0.00012350302181285866 3.48614936752226e-05 3.7340717279041906e-05 3.2382270071403286e-05 0.00018868739777481622 1135.26770677595 320.4547338074413 343.2443178514465 297.6651497634361 1734.4572320985453 35.498512599701655 -249.6238638571734 [0.0,506.498297072948,585.0944732858231,663.6906494986983,742.2868257115734,820.883001924449,899.4791781373245,978.0753543501996,1056.6715305630744,1135.26770677595,1223.8599259821344,1312.4521451883195,1401.0443643945048,1489.6365836006892,1578.2288028068747,1666.8210220130597,1755.4132412192446,1844.0054604254306,1932.5976796316138,2021.1898988377986] [-17.749256299850828,-2.6932387878127884,-1.9487819185477235,-1.3603418405785135,-0.9017643733448324,-0.5533835028028022,-0.2999784851921561,-0.1294879174279231,-0.03216461670322701,0.0,-0.033563472752774715,-0.13347377823453144,-0.2930460705247242,-0.5066213916175286,-0.7693597700079522,-1.0770840078331787,-1.4261597708882903,-1.8134021809365493,-2.2360020886075063,-2.691467186651579] False 56633.99999055518 56634.99999055518
311.3149665447022 358.7979888064861 413.52331434760555 1.231233097207504e-12 6.684517171273922e-13 9.072044301106735e-13 9.282529700885705e-11 3.31602179882217e-08 0.015204352429139659 1.2248079966538729e-09 2.9996824221902166e-10 3.2025288192533677e-10 2.7968360251270656e-10 1.7819200686234547e-09 0.00015767687830303752 3.86167106618843e-05 4.1228073973629135e-05 3.6005347350139474e-05 0.0002293972562015215 1350.090405207185 330.6512096534045 353.0107121349351 308.291707171874 1964.1880148293271 67.15523935313263 -198.43097483983559 [0.0,702.0299363728112,783.0374949771077,864.0450535814049,945.0526121857012,1026.0601707899984,1107.0677293942952,1188.0752879985919,1269.0828466028884,1350.090405207185,1440.921671270475,1531.752937333766,1622.5842033970564,1713.4154694603476,1804.246735523636,1895.0780015869273,1985.9092676502175,2076.740533713507,2167.5717997767983,2258.403065840088] [-33.577619676566314,-2.7031395829547193,-1.961554227571014,-1.3718308890259152,-0.9104075325012104,-0.5589634874412752,-0.3029516429654677,-0.1306146694414565,-0.03230468001206077,0.0,-0.03396657787550339,-0.13445047134834454,-0.29470264544937663,-0.5089813006765667,-0.7723580532146173,-1.0805689890039787,-1.4298986083678074,-1.817088266207577,-2.23926312014612,-2.6938732462779456] False 56633.99999055518 56634.99999055518
413.52331434760555 476.5900816815941 549.2752115212968 7.218730299700836e-13 3.8236436956458176e-13 5.253746529955418e-13 7.144843260931755e-11 3.388329352303547e-08 0.01314390279288423 9.835211532683905e-10 2.0678189807814252e-10 2.232759713655749e-10 1.902878247907101e-10 1.361531836468437e-09 0.00022339513192229062 4.6968048675718236e-05 5.0714481241746014e-05 4.3221616109690465e-05 0.00030925576253596225 1872.037692836193 393.5894069101526 424.9842852001267 362.1945286201785 2591.544583860978 128.5586574451479 -144.91990564753868 [0.0,1091.5387293078318,1189.1010997488765,1286.6634701899222,1384.2258406309668,1481.7882110720118,1579.3505815130573,1676.9129519541023,1774.475322395148,1872.037692836193,1978.038515825162,2084.03933881413,2190.0401618030996,2296.0409847920673,2402.041807781036,2508.0426307700036,2614.0434537589736,2720.044276747943,2826.0450997369117,2932.04592272588] [-64.27932872257395,-2.7016426130547018,-1.9705924742250147,-1.3834367253218431,-0.9204354690823209,-0.5656901855276146,-0.30620291062936644,-0.1312076768106465,-0.03168464440730645,0.0,-0.03488937357283817,-0.13502166705379182,-0.29426128200489643,-0.5073083003003092,-0.7695525320227432,-1.0769581868354976,-1.4259717543605177,-1.8134476950475573,-2.236587955312217,-2.6928923255468646] False 56633.99999055518 56634.99999055518
549.2752115212968 633.0528961793416 729.6086933380817 4.02840858301676e-13 2.0815755602804935e-13 2.895761877853882e-13 5.2353051012990157e-11 3.295916682296414e-08 0.010555161185577228 3.246283202004592e-10 1.0407031805879522e-10 1.1533356183299396e-10 9.28070742845965e-11 5.248735045916123e-10 0.0001300967371439851 4.17068011953655e-05 4.6220613372244355e-05 3.7192989018486654e-05 0.00021034619012454432 1121.046321809613 359.3883836053682 398.28399812511657 320.4927690856198 1812.557546964492 47.202562216984575 -134.72342994728825 [0.0,467.1854820135874,548.9180869880905,630.650691962594,712.383296937097,794.1159019116,875.8485068861033,957.5811118606065,1039.3137168351097,1121.046321809613,1224.3594866461601,1327.6726514827076,1430.985816319255,1534.2989811558027,1637.6121459923497,1740.9253108288976,1844.2384756654446,1947.5516405019923,2050.864805338539,2154.177970175087] [-23.601281108492287,-2.695377131874295,-1.9098354284039942,-1.310268066829508,-0.8562424836958371,-0.5194607045737882,-0.2792993331025855,-0.12023882544184517,-0.03029243752075672,0.0,-0.03538054393473544,-0.14177355858004148,-0.3094928246345603,-0.5307486489819553,-0.7991788460677185,-1.1095169715384259,-1.4573521137185423,-1.8389514085139353,-2.2511265354555405,-2.691131692165925] False 56633.99999055518 56634.99999055518
729.6086933380817 840.8915725798939 969.1477682383326 2.139504543908235e-13 1.0785391103674818e-13 1.5190586978171646e-13 3.6509060538171085e-11 3.0512773611339313e-08 0.007938263308368082 1.826650580923332e-10 6.390372111003103e-11 6.974544278486823e-11 5.80619994351938e-11 3.0788097624149494e-10 0.00012916221357463695 4.518623408564364e-05 4.931690751869569e-05 4.105556065259159e-05 0.00021770221860806325 1202.488477600086 420.67973542996384 459.13592993536093 382.2235409245667 2026.7878830746263 42.21755618690989 -111.26300779018295 [0.0,443.7889810063721,538.6264180805863,633.4638551548009,728.3012922290155,823.1387293032298,917.9761663774433,1012.8136034516574,1107.651040525872,1202.488477600086,1327.1492940375495,1451.8101104750112,1576.4709269124737,1701.1317433499357,1825.7925597873987,1950.4533762248604,2075.114192662322,2199.775009099786,2324.4358255372476,2449.09664197471] [-21.108778093454944,-2.697344908622142,-1.8816526800429614,-1.2743599734217668,-0.8231280746922067,-0.49356429682444514,-0.2617679657779348,-0.11040794431498568,-0.026489045975822023,0.0,-0.03949914565048118,-0.1507757823124507,-0.32307689500895265,-0.5479465611984153,-0.8186081005760997,-1.1295422806430935,-1.4761910322178409,-1.8547441666437408,-2.261982541748395,-2.695160565790246] False 56633.99999055518 56634.99999055518
969.1477682383326 1116.9661194245136 1287.3303254983532 1.0814861168375365e-13 5.31872641140243e-14 7.584278985631291e-14 2.4233118065284926e-11 2.6886686902771934e-08 0.00559214268545169 1.1036666816885265e-10 3.953686476606033e-11 4.3390804142908663e-11 3.5682925389212e-11 1.8903279828219005e-10 0.0001376949244021743 4.932671879459765e-05 5.413494486457207e-05 4.4518492724623224e-05 0.00023583983553055566 1455.2031693183567 521.3002427912323 572.115084705009 470.4854008774556 2492.4293876889283 49.32604460395669 -64.19438637088847 [0.0,540.3791492543884,654.7321517623844,769.0851542703808,883.4381567783764,997.7911592863728,1112.144161794368,1226.4971643023641,1340.8501668103604,1455.2031693183567,1612.7114656061224,1770.2197618938897,1927.7280581816558,2085.2363544694226,2242.7446507571885,2400.2529470449545,2557.7612433327204,2715.269539620489,2872.7778359082563,3030.2861321960204] [-24.663022301978344,-2.6981617912824305,-1.868991822802471,-1.2588380959712708,-0.809799606148303,-0.48437107294994064,-0.2568448203410014,-0.1088198173876691,-0.02666553135536276,0.0,-0.039505150614317586,-0.15292326925141708,-0.32806578459823754,-0.5555481234534909,-0.8279884309421135,-1.1394738664060498,-1.4851938612675184,-1.8611812904508724,-2.264125533006805,-2.6912346977307635] False 56633.99999055518 56634.99999055518
1287.3303254983532 1483.6791717563765 1709.9759409858673 5.203034664202341e-14 2.496361289371828e-14 3.6039775697102365e-14 1.530974283590846e-11 2.254981725169959e-08 0.003695766567702874 3.84777265743941e-11 1.962341795908917e-11 2.2014094535436985e-11 1.7232741382741362e-11 8.005070465992414e-11 8.470116898278004e-05 4.3197106184507096e-05 4.845971181909165e-05 3.793450054992255e-05 0.00017621592714115857 1067.6461168288504 544.4933432442787 610.827734347052 478.15895214150544 2221.1765503956867 24.273595186670775 -47.32319780385734 [0.0,233.406951886846,337.6868475045964,441.966743122347,546.2466387400974,650.5265343578484,754.8064299755981,859.0863255933488,963.3662212110995,1067.6461168288504,1247.7089648486399,1427.771812868428,1607.8346608882173,1787.8975089080068,1967.9603569277963,2148.0232049475853,2328.0860529673746,2508.148900987165,2688.2117490069513,2868.2745970267415] [-12.136797593335388,-2.694875809109071,-1.727568954716034,-1.1027002714374632,-0.6809066683851412,-0.39374641498631746,-0.20245945888389372,-0.08294501590189185,-0.01918750224798771,0.0,-0.04913816010183325,-0.1788601679953601,-0.37031353922185417,-0.6105762565931485,-0.8904035209202874,-1.2029524908663518,-1.5430160439729974,-1.9065396576478122,-2.2903044639936567,-2.691712279695359] False 56633.99999055518 56634.99999055518
1709.9759409858673 1970.7884119509856 2271.3810595726877 2.382432061129585e-14 1.1151550681473312e-14 1.6299635540358998e-14 9.206115655340622e-12 1.800109354270938e-08 0.002285565471193518 3.161356362620283e-11 1.5533191635018527e-11 1.7408687630213234e-11 1.3657695639823821e-11 6.434459676957118e-11 0.00012278730130253518 6.0331024494125534e-05 6.761546400169176e-05 5.304658498655931e-05 0.00024991486199255915 1939.5257978575964 952.9778501216973 1068.0415268861777 837.9141733572168 3947.6095407317302 30.97512872965862 -37.083480691559416 [0.0,464.49303082410114,648.8721267032878,833.2512225824751,1017.6303184616619,1202.0094143408492,1386.3885102200359,1570.767606099223,1755.1467019784102,1939.5257978575964,2250.275227469935,2561.0246570822724,2871.774086694611,3182.523516306948,3493.2729459192865,3804.022375531622,4114.771805143961,4425.521234756299,4736.270664368635,5047.020093980976] [-15.48756436482931,-2.7019625659972206,-1.7601683995739563,-1.1387235067353956,-0.7125656156621929,-0.41840640874246304,-0.2196773925025184,-0.0932929356164891,-0.023721622062531367,0.0,-0.04239267233678845,-0.1659286558108235,-0.35264151069328875,-0.5899937248315936,-0.8688777567422648,-1.1824625460244889,-1.5254889666494975,-1.8938192289427747,-2.284137521029635,-2.6937446601941275] False 56633.99999055518 56634.99999055518
