data/3C279_allsed_1d_2_min11.ecsv
# %ECSV 1.0
# ---
# datatype:
# - {name: e_min, unit: MeV, datatype: float64}
# - {name: e_ref, unit: MeV, datatype: float64}
# - {name: e_max, unit: MeV, datatype: float64}
# - {name: ref_dnde_e_min, unit: ph / (cm2 MeV s), datatype: float64}
# - {name: ref_dnde_e_max, unit: ph / (cm2 MeV s), datatype: float64}
# - {name: ref_dnde, unit: ph / (cm2 MeV s), datatype: float64}
# - {name: ref_flux, unit: ph / (cm2 s), datatype: float64}
# - {name: ref_eflux, unit: MeV / (cm2 s), datatype: float64}
# - {name: ref_npred, datatype: float64}
# - {name: dnde, unit: ph / (cm2 MeV s), datatype: float64}
# - {name: dnde_err, unit: ph / (cm2 MeV s), datatype: float64}
# - {name: dnde_errp, unit: ph / (cm2 MeV s), datatype: float64}
# - {name: dnde_errn, unit: ph / (cm2 MeV s), datatype: float64}
# - {name: dnde_ul, unit: ph / (cm2 MeV s), datatype: float64}
# - {name: e2dnde, unit: MeV / (cm2 s), datatype: float64}
# - {name: e2dnde_err, unit: MeV / (cm2 s), datatype: float64}
# - {name: e2dnde_errp, unit: MeV / (cm2 s), datatype: float64}
# - {name: e2dnde_errn, unit: MeV / (cm2 s), datatype: float64}
# - {name: e2dnde_ul, unit: MeV / (cm2 s), datatype: float64}
# - {name: norm, datatype: float64}
# - {name: norm_err, datatype: float64}
# - {name: norm_errp, datatype: float64}
# - {name: norm_errn, datatype: float64}
# - {name: norm_ul, datatype: float64}
# - {name: ts, datatype: float64}
# - {name: loglike, datatype: float64}
# - {name: norm_scan, datatype: string, subtype: 'float64[20]'}
# - {name: dloglike_scan, datatype: string, subtype: 'float64[20]'}
# - {name: ShowUL, datatype: bool}
# - {name: tstart, datatype: float64}
# - {name: tend, datatype: float64}
# meta: !!omap
# - {UL_CONF: 0.95}
# - {EXTNAME: SED}
# - {CONFIG: '{"bin_index": 2.0, "use_local_index": true, "free_background": false, "free_radius": null, "free_pars": [], "ul_confidence":
#     0.95, "cov_scale": 3.0, "make_plots": false, "write_fits": true, "write_npy": true, "optimizer": {"optimizer": "MINUIT", "tol":
#     0.001, "max_iter": 100, "init_lambda": 0.0001, "retries": 3, "min_fit_quality": 2, "verbosity": 0}, "prefix": "", "outfile": null,
#     "loge_bins": []}'}
# - {SRCNAME: 4FGL J1256.1-0547}
# - {CREATOR: fermipy 1.2.0}
# - {STVER: 2.2.0}
# schema: astropy-2.0
e_min e_ref e_max ref_dnde_e_min ref_dnde_e_max ref_dnde ref_flux ref_eflux ref_npred dnde dnde_err dnde_errp dnde_errn dnde_ul e2dnde e2dnde_err e2dnde_errp e2dnde_errn e2dnde_ul norm norm_err norm_errp norm_errn norm_ul ts loglike norm_scan dloglike_scan ShowUL tstart tend
[from data line 230]
413.52331434760555 476.5900816815941 549.2752115212968 5.882961424689808e-13 3.3279854738663703e-13 4.424749729045014e-13 6.00695950879315e-11 2.8531349873304493e-08 0.013174867700455048 1.2528194008644908e-09 2.1455984986261857e-10 2.290011100387828e-10 2.0011858968645437e-10 1.6380534660849195e-09 0.0002845630258188804 4.8734717912271085e-05 5.2014878396321155e-05 4.5454557428221016e-05 0.0003720643617432674 2831.390423374034 484.90844228816223 517.5459044283792 452.27098014794524 3702.025123211788 206.7212849691959 -230.229213209665 [0.0,1843.2571305040556,1966.7737921128025,2090.290453721551,2213.8071153302985,2337.3237769390457,2460.8404385477934,2584.357100156539,2707.8737617652887,2831.390423374034,2958.5182446051695,3085.6460658363058,3212.7738870674407,3339.901708298576,3467.029529529709,3594.157350760846,3721.285171991981,3848.412993223115,3975.5408144542494,4102.668635685386] [-103.36064248459795,-2.6898441895640133,-1.9831085774184771,-1.4056511353876147,-0.9433980047223258,-0.5844795401909835,-0.31879070822753874,-0.13765615891131233,-0.033571370889120544,0.0,-0.0330477505518445,-0.12923093884356263,-0.2836960161110085,-0.49213523406945114,-0.7507073300412799,-1.0559721552930625,-1.4048363998898878,-1.7945082239542387,-2.2224590940853375,-2.6863914915877274] False 57850.99999055518 57851.99999055518
549.2752115212968 633.0528961793416 729.6086933380817 3.4783165339077553e-13 1.926825612189044e-13 2.588843252271962e-13 4.67117810377967e-11 2.9456013958721994e-08 0.011161333820735891 8.019773875989177e-10 1.4305892540491056e-10 1.5286847726783238e-10 1.3324937354198874e-10 1.059526286513985e-09 0.0003213972253728486 5.73317183263954e-05 6.126295479221815e-05 5.340048186057265e-05 0.00042461148401542803 3097.8213412307 552.5978650092562 590.4895058195408 514.7062241989717 4092.662951239506 197.32838164370582 -216.70043951519335 [0.0,1976.187090448568,2116.3913717963346,2256.595653144101,2396.7999344918676,2537.0042158396345,2677.208497187401,2817.412778535168,2957.617059882934,3097.8213412307,3243.2363915611268,3388.651441891557,3534.0664922219858,3679.4815425524116,3824.8965928828393,3970.311643213268,4115.726693543696,4261.141743874124,4406.556794204552,4551.971844534982] [-98.66419082185291,-2.6948557586214577,-1.9834543476756608,-1.4037494495369174,-0.9408036448581925,-0.5821135429762307,-0.31710523605138974,-0.13675449928183525,-0.033296379416242416,0.0,-0.03331307886475088,-0.13004545210961282,-0.2851510186661983,-0.4941701874872706,-0.753141859815571,-1.0585313803442205,-1.4071710945503355,-1.7962109489740499,-2.223077160331002,-2.6854374184404435] False 57850.99999055518 57851.99999055518
729.6086933380817 840.8915725798939 969.1477682383326 1.9721432380232699e-13 1.0698412799417839e-13 1.4525426830201428e-13 3.483289643069009e-11 2.9162340684374867e-08 0.008925318273174138 3.6307983990244223e-10 8.012220136824657e-11 8.550089361700908e-11 7.474350911948405e-11 5.114855479509541e-10 0.00025673325985760905 5.66542993677776e-05 6.045756532483733e-05 5.285103341071787e-05 0.00036167073371737643 2499.6156336523104 551.5996349357225 588.6291302589104 514.5701396125346 3521.3116552793317 128.2810177611487 -167.43546293722844 [0.0,1406.6108359377236,1543.2364356520475,1679.8620353663712,1816.4876350806944,1953.1132347950177,2089.738834509342,2226.364434223665,2362.990033937988,2499.6156336523104,2650.8802732757163,2802.1449128991194,2953.409552522525,3104.6741921459284,3255.938831769334,3407.203471392738,3558.4681110161423,3709.7327506395454,3860.997390262953,4012.262029886355] [-64.14050888057434,-2.700837420166323,-1.962799886868737,-1.3736394447016949,-0.9114476791210961,-0.5588747619424623,-0.3019405561418864,-0.12921069883881842,-0.03121071706206635,0.0,-0.0352632709372358,-0.1364400483147108,-0.2969675953472404,-0.5112299907900706,-0.774383306927092,-1.0822194783588088,-1.431059002497335,-1.8176654280805735,-2.239176519688556,-2.6930483347243523] False 57850.99999055518 57851.99999055518
969.1477682383326 1116.9661194245136 1287.3303254983532 1.0723164848286997e-13 5.696544126607309e-14 7.815688180521987e-14 2.4910572351521673e-11 2.768865247414043e-08 0.006733653162554115 2.3925046026276675e-10 5.323024488569069e-11 5.697023536069062e-11 4.949025441069077e-11 3.3851898812122874e-10 0.00029849205911213974 6.641076211733395e-05 7.107682402048109e-05 6.17447002141868e-05 0.0004223407959252677 3061.15667279331 681.0691989778896 728.9215491307606 633.2168488250188 4331.27551025993 169.62275144714118 -106.47088826589834 [0.0,1720.3931956565739,1887.9886302986665,2055.584064940758,2223.17949958285,2390.774934224942,2558.3703688670344,2725.9658035091256,2893.5612381512174,3061.15667279331,3249.6696824404157,3438.1826920875233,3626.6957017346294,3815.2087113817347,4003.7217210288395,4192.2347306759475,4380.747740323054,4569.260749970161,4757.773759617268,4946.286769264374] [-84.81137572357059,-2.703858522099736,-1.9598482078721418,-1.3684343749519883,-0.9061882042654901,-0.5547135288585991,-0.29929946674567987,-0.12799610097323466,-0.030963117039078725,0.0,-0.035571070734206955,-0.13774098160592985,-0.29953629385350666,-0.5150305149202268,-0.7791440856541669,-1.0874899999259071,-1.4362531015959803,-1.822094606456389,-2.2420757733435437,-2.6935962907538737] False 57850.99999055518 57851.99999055518
1287.3303254983532 1483.6791717563765 1709.9759409858673 5.5914273210459014e-14 2.908832772530543e-14 4.032930328766046e-14 1.708475551124865e-11 2.5212290283443437e-08 0.004814142636347718 1.1367537948239934e-10 3.1207670448249724e-11 3.375769218717904e-11 2.8657648709320407e-11 1.7341489805789961e-10 0.0002502340544497715 6.869756619028458e-05 7.431093895026854e-05 6.308419343030063e-05 0.00038173888876034837 2818.679476597368 773.8212144566932 837.0512117799929 710.5912171333933 4299.972573812335 102.0955804378504 -93.62745947408433 [0.0,1361.6357646333945,1543.7662286288914,1725.896692624388,1908.0271566198842,2090.157620615381,2272.2880846108774,2454.4185486063734,2636.549012601871,2818.679476597368,3040.4810438102536,3262.2826110231426,3484.0841782360303,3705.8857454489166,3927.687312661804,4149.488879874692,4371.290447087581,4593.092014300467,4814.893581513353,5036.695148726239] [-51.0477902189252,-2.6980877041536075,-1.925313529751918,-1.3270801566861934,-0.8694869415234052,-0.5276868781724176,-0.282916229701911,-0.12065251873765703,-0.02942207823046772,0.0,-0.036838505482791106,-0.14320088351229288,-0.3101716900933411,-0.5304540441641166,-0.7979992501216913,-1.107736810614739,-1.4553738141934218,-1.837243325173091,-2.250188063900481,-2.6914699467251353] False 57850.99999055518 57851.99999055518
1709.9759409858673 1970.7884119509856 2271.3810595726877 2.796002528838888e-14 1.42443034585492e-14 1.9956730316274752e-14 1.1237372134769626e-11 2.20167804516213e-08 0.0032466636294140594 7.124067536751231e-11 2.1085125976275635e-11 2.285335961731649e-11 1.9316892335234773e-11 1.1180571582260836e-10 0.0002766992792959452 8.18947761430158e-05 8.876260792000047e-05 7.50269443660311e-05 0.0004342541789460758 3569.7568809363243 1056.5421109629704 1145.1454850136213 967.9387369123192 5602.406509017691 104.20687163740874 -57.60678017576839 [0.0,1616.9332372953006,1861.0361927504293,2105.139148205557,2349.2421036606847,2593.3450591158135,2837.44801457094,3081.5509700260686,3325.6539254811955,3569.7568809363243,3875.5426137474637,4181.328346558599,4487.1140793697405,4792.899812180881,5098.685544992018,5404.471277803158,5710.257010614296,6016.042743425435,6321.828476236571,6627.6142090477115] [-52.10343581870437,-2.7020460261437975,-1.9114636920740509,-1.307742964599555,-0.851028684973528,-0.5130581761217954,-0.2730458652596326,-0.11525010908366085,-0.02745785093534181,0.0,-0.03896200025960184,-0.14823173374323062,-0.3181024283309739,-0.5407533045711972,-0.8097896413215651,-1.1199152338098273,-1.4666939377838943,-1.8463726848438,-2.255747861258733,-2.6920628809667946] False 57850.99999055518 57851.99999055518
2271.3810595726877 2617.821317854317 3017.1020504598932 1.3408111400756337e-14 6.689271974876526e-15 9.470507052375921e-15 7.088456495352898e-12 1.84385326298105e-08 0.002081803398046367 1.3627433496182276e-11 7.854488590039962e-12 8.931022535857196e-12 6.77795464422273e-12 3.086697554497957e-11 9.338864438263112e-05 5.38267196055788e-05 6.120419430467908e-05 4.6449244906478535e-05 0.000211531026964471 1438.9338839849645 829.3630474695082 943.0353080848632 715.6907868541532 3259.2738038493717 32.155343575355744 -20.08329911248594 [0.0,255.39673131276774,403.3388753967924,551.2810194808169,699.2231635648417,847.1653076488661,995.1074517328908,1143.0495958169156,1290.99173990094,1438.9338839849645,1726.696860746765,2014.4598375085661,2302.2228142703666,2589.9857910321666,2877.748767793969,3165.5117445557694,3453.2747213175676,3741.0376980793712,4028.8006748411713,4316.563651602973] [-16.077671787677872,-2.6984060157216234,-1.6465996450749074,-1.022268602715183,-0.6199658911446733,-0.3540125459292405,-0.1803905959079728,-0.07346421660830771,-0.016984223820983857,0.0,-0.052817361627475634,-0.18987574525021245,-0.3886221906547469,-0.6345004933894884,-0.9175671058439541,-1.2307270943154904,-1.5687402752347737,-1.9276262298351945,-2.3042902875678344,-2.696278773797019] False 57850.99999055518 57851.99999055518
3017.1020504598932 3477.2827010020824 4007.6519721450045 6.166132224173703e-15 3.0125319717094005e-15 4.309950169910417e-15 4.2881453773426565e-12 1.480914304783358e-08 0.0012704790020617307 1.1071113184882518e-11 6.390161326641887e-12 7.27109702821552e-12 5.509225625068253e-12 2.5083854457895635e-11 0.00013386630952778167 7.726660361965943e-05 8.791843323530804e-05 6.66147740040108e-05 0.00030330130032412957 2568.7334536196345 1482.6531803672124 1687.0489777302116 1278.2573830042131 5819.987115632246 31.366808849471198 -28.660529042612488 [0.0,459.3929716180196,723.0605318682213,986.7280921184234,1250.395652368625,1514.0632126188275,1777.7307728690291,2041.3983331192308,2305.065893369434,2568.7334536196345,3079.2041089893964,3589.6747643591552,4100.145419728916,4610.616075098675,5121.086730468434,5631.557385838195,6142.028041207955,6652.498696577713,7162.969351947472,7673.440007317233] [-15.683404424735599,-2.6871365536595064,-1.6537173262364426,-1.034281740789094,-0.632233012873769,-0.3646166488397,-0.18852122458283205,-0.07883804218726453,-0.01959572164452794,0.0,-0.048036140489443824,-0.18086924638947366,-0.3763128620264027,-0.619973200039567,-0.9019711166996913,-1.2152258897018555,-1.5544848886684939,-1.9157409476853715,-2.295865156725789,-2.6923659914238485] False 57850.99999055518 57851.99999055518
4007.6519721450045 4618.915317184078 5323.411028602609 2.7194008635441495e-15 1.3010669637087392e-15 1.8809897991850774e-15 2.48781576733437e-12 1.1406818287781944e-08 0.0007430111041026866 5.019872674970546e-12 3.57168185122575e-12 4.164411777256164e-12 2.9789519251953352e-12 1.3326453852985047e-11 0.00010709586471033752 7.619961323610368e-05 8.884513794919693e-05 6.355408852301041e-05 0.000284311613325176 2668.739977827291 1898.8310583997586 2213.947028878285 1583.715087921232 7084.809209895034 16.216194496883375 -11.344059290421765 [0.0,268.1266957532326,568.2033560124898,868.2800162717475,1168.356676531004,1468.4333367902618,1768.5099970495198,2068.586657308777,2368.663317568035,2668.739977827291,3375.7302786249843,4082.72057942268,4789.710880220368,5496.701181018066,6203.69148181576,6910.681782613451,7617.67208341114,8324.662384208837,9031.652685006526,9738.642985804225] [-8.108097248441688,-2.667106796835615,-1.471354715739313,-0.8729988214156634,-0.5154777183508212,-0.28910442518668944,-0.14540047658540445,-0.05862055075817452,-0.013441531091547887,0.0,-0.0588684711681875,-0.20620964770765227,-0.4137522504396003,-0.6649274659546336,-0.9491865137813207,-1.2593968178371906,-1.5905095762172792,-1.938819613159561,-2.3015272170748204,-2.6764652006100675] False 57850.99999055518 57851.99999055518
5323.411028602609 6135.359285332078 7071.149185711414 1.1501349555093684e-15 5.388685137619652e-16 7.87255685340548e-16 1.3841967025462144e-12 8.426168431678883e-09 0.00041450109270685376 7.579053045543982e-12 3.78318162205032e-12 4.2447918677727655e-12 3.3215713763278744e-12 1.559251585790298e-11 0.00028529551652605194 0.00014240891949018482 0.00015978514481750742 0.00012503269416286222 0.0005869433607192545 9627.181088270534 4805.531026954484 5391.884678402253 4219.177375506716 19806.164818178517 44.59713776969235 -17.362988219952832 [0.0,2276.051181394581,3194.9424197540766,4113.833658113567,5032.724896473064,5951.616134832559,6870.507373192051,7789.398611551544,8708.289849911047,9627.181088270534,11215.581811814112,12803.982535357687,14392.383258901278,15980.783982444851,17569.184705988435,19157.585429532013,20745.986153075602,22334.386876619174,23922.787600162752,25511.188323706334] [-22.298568884846176,-2.6916918384797235,-1.7272622727096056,-1.1032174906872285,-0.6816309753381304,-0.3944465693206034,-0.20303591361209783,-0.083350400156462,-0.0193972121789443,0.0,-0.04885750635696695,-0.1784339895057485,-0.36982930391307534,-0.6100911357668011,-0.8899545762861933,-1.2025629491926253,-1.542699325106728,-1.9063020529911476,-2.2901469722041767,-2.6916318980839904] False 57850.99999055518 57851.99999055518
7071.149185711414 8149.575733880153 9392.473966813408 4.66489732103239e-16 2.1404815656157827e-16 3.159925113220297e-16 7.385565559749039e-13 5.9689486752528205e-09 0.00022379297007019128 1.4307145518008211e-12 1.420543660861691e-12 1.7808173490088211e-12 1.060269972714561e-12 5.1367927475659996e-12 9.502174341402368e-05 9.434623774596881e-05 0.00011827402537547947 7.041845011645816e-05 0.0003411630935156565 4527.68499422688 4495.49786771373 5635.631495057743 3355.3642403697163 16256.058493522545 11.122019749330619 -4.96604153246458 [0.0,503.0761104696532,1006.1522209393064,1509.2283314089605,2012.3044418786128,2515.3805523482665,3018.456662817921,3521.5327732875735,4024.6088837572256,4527.68499422688,6455.996025328302,8384.307056429721,10312.618087531146,12240.929118632564,14169.240149733987,16097.551180835406,18025.862211936834,19954.17324303825,21882.484274139686,23810.79530524111] [-5.561009874665309,-1.2854407356243138,-0.7111096464596418,-0.4203151584743203,-0.24626247816271096,-0.13633104497309478,-0.06701275123912609,-0.02574590849048164,-0.005023676568794322,0.0,-0.07716090515331508,-0.24757618123819913,-0.47225322700204586,-0.7324753182785901,-1.0177998518205547,-1.321802054328061,-1.6402461916545246,-1.9701917709462915,-2.309513958454165,-2.6566272764107035] False 57850.99999055518 57851.99999055518
