data/3C279_allsed_1d_2_min11.ecsv
# %ECSV 1.0
# ---
# datatype:
# - {name: e_min, unit: MeV, datatype: float64}
# - {name: e_ref, unit: MeV, datatype: float64}
# - {name: e_max, unit: MeV, datatype: float64}
# - {name: ref_dnde_e_min, unit: ph / (cm2 MeV s), datatype: float64}
# - {name: ref_dnde_e_max, unit: ph / (cm2 MeV s), datatype: float64}
# - {name: ref_dnde, unit: ph / (cm2 MeV s), datatype: float64}
# - {name: ref_flux, unit: ph / (cm2 s), datatype: float64}
# - {name: ref_eflux, unit: MeV / (cm2 s), datatype: float64}
# - {name: ref_npred, datatype: float64}
# - {name: dnde, unit: ph / (cm2 MeV s), datatype: float64}
# - {name: dnde_err, unit: ph / (cm2 MeV s), datatype: float64}
# - {name: dnde_errp, unit: ph / (cm2 MeV s), datatype: float64}
# - {name: dnde_errn, unit: ph / (cm2 MeV s), datatype: float64}
# - {name: dnde_ul, unit: ph / (cm2 MeV s), datatype: float64}
# - {name: e2dnde, unit: MeV / (cm2 s), datatype: float64}
# - {name: e2dnde_err, unit: MeV / (cm2 s), datatype: float64}
# - {name: e2dnde_errp, unit: MeV / (cm2 s), datatype: float64}
# - {name: e2dnde_errn, unit: MeV / (cm2 s), datatype: float64}
# - {name: e2dnde_ul, unit: MeV / (cm2 s), datatype: float64}
# - {name: norm, datatype: float64}
# - {name: norm_err, datatype: float64}
# - {name: norm_errp, datatype: float64}
# - {name: norm_errn, datatype: float64}
# - {name: norm_ul, datatype: float64}
# - {name: ts, datatype: float64}
# - {name: loglike, datatype: float64}
# - {name: norm_scan, datatype: string, subtype: 'float64[20]'}
# - {name: dloglike_scan, datatype: string, subtype: 'float64[20]'}
# - {name: ShowUL, datatype: bool}
# - {name: tstart, datatype: float64}
# - {name: tend, datatype: float64}
# meta: !!omap
# - {UL_CONF: 0.95}
# - {EXTNAME: SED}
# - {CONFIG: '{"bin_index": 2.0, "use_local_index": true, "free_background": false, "free_radius": null, "free_pars": [], "ul_confidence":
#     0.95, "cov_scale": 3.0, "make_plots": false, "write_fits": true, "write_npy": true, "optimizer": {"optimizer": "MINUIT", "tol":
#     0.001, "max_iter": 100, "init_lambda": 0.0001, "retries": 3, "min_fit_quality": 2, "verbosity": 0}, "prefix": "", "outfile": null,
#     "loge_bins": []}'}
# - {SRCNAME: 4FGL J1256.1-0547}
# - {CREATOR: fermipy 1.2.0}
# - {STVER: 2.2.0}
# schema: astropy-2.0
e_min e_ref e_max ref_dnde_e_min ref_dnde_e_max ref_dnde ref_flux ref_eflux ref_npred dnde dnde_err dnde_errp dnde_errn dnde_ul e2dnde e2dnde_err e2dnde_errp e2dnde_errn e2dnde_ul norm norm_err norm_errp norm_errn norm_ul ts loglike norm_scan dloglike_scan ShowUL tstart tend
[from data line 978]
100.0 115.25240587974294 132.83117061068992 2.2873127808298648e-11 1.1706328730259388e-11 1.636338452806084e-11 5.387586188137889e-10 6.173625029840576e-08 0.018238122838177096 2.6188396730567955e-08 5.376292853311076e-09 5.736040896351471e-09 5.0165448102706815e-09 3.6077647331623296e-08 0.00034786353941385095 7.14139273251197e-05 7.619250269331576e-05 6.663535195692366e-05 0.00047922361279391595 1600.426652912704 328.5562863899892 350.54122736741834 306.5713454125601 2204.779046153645 64.48127253010887 -241.553738873646 [0.0,926.5061521286307,1010.74621472664,1094.986277324649,1179.2263399226588,1263.4664025206678,1347.7064651186774,1431.9465277166867,1516.1865903146959,1600.426652912704,1688.3399338980491,1776.2532148833923,1864.1664958687365,1952.079776854081,2039.9930578394237,2127.9063388247673,2215.8196198101114,2303.732900795455,2391.6461817807985,2479.5594627661417] [-32.240636265054434,-2.692902863955794,-1.9846069656407508,-1.406933838764445,-0.9450824260985087,-0.5866843886790036,-0.32129052907032474,-0.13998751046923985,-0.03510676882052621,0.0,-0.03149631228208705,-0.1268893749661686,-0.28109985489427913,-0.48963879113881603,-0.7485185766560392,-1.054180246946089,-1.4034335936351852,-1.793407463352878,-2.2215082185018673,-2.6853847928992707] False 58152.99999055518 58153.99999055518
132.83117061068992 153.091119887046 176.4411988580621 1.1820576319927777e-11 6.041441789840465e-12 8.450640434855243e-12 3.695981479729672e-10 5.625508850120869e-08 0.018509413702494672 2.0010564219627034e-08 3.2625080913042576e-09 3.4283875189360895e-09 3.096628663672425e-09 2.5855234122379476e-08 0.0004689854122291728 7.646304648424636e-05 8.035074454685021e-05 7.257534842164252e-05 0.0006059663036024038 2367.9346404435933 386.0663717092755 405.69558548432275 366.4371579342282 3059.5591330259185 126.16771939767898 -317.1635355518069 [0.0,1556.0847253855682,1657.5659647678212,1759.0472041500739,1860.528443532327,1962.0096829145803,2063.4909222968336,2164.9721616790866,2266.453401061338,2367.9346404435933,2468.872780980312,2569.8109215170302,2670.749062053748,2771.6872025904695,2872.6253431271875,2973.5634836639083,3074.5016242006286,3175.439764737347,3276.3779052740647,3377.316045810786] [-63.08385969883949,-2.7035898047422506,-2.004307443972948,-1.4278562612586825,-0.9627165804059246,-0.5989492629383903,-0.32791516987316527,-0.14205484342801356,-0.03471342150368173,0.0,-0.03232786264675269,-0.12671194064461133,-0.27901097095355,-0.48549094651110636,-0.7427728234802657,-1.047788430793105,-1.397743075110725,-1.7900836493353154,-2.2224712944423004,-2.692757851400927] False 58152.99999055518 58153.99999055518
176.4411988580621 203.35272664697808 234.36890988269914 6.092076052131921e-12 3.10938175149534e-12 4.352308594897738e-12 2.5285932782483625e-10 5.112072616261967e-08 0.016714047701810307 7.946242175678918e-09 1.5609464764844089e-09 1.6523204137201893e-09 1.4695725392486287e-09 1.078498480741157e-08 0.00032859564010954777 6.454877604750502e-05 6.832730138457802e-05 6.0770250710432025e-05 0.00044598426627494097 1825.753390969197 358.64793188477597 379.6422927494672 337.65357102008477 2477.99175363046 88.35144988161778 -241.75958893289567 [0.0,1091.8832559790562,1183.617022852824,1275.3507897265915,1367.084556600359,1458.818323474127,1550.5520903478935,1642.2858572216617,1734.0196240954283,1825.753390969197,1921.3349820621474,2016.9165731550986,2112.49816424805,2208.079755341002,2303.6613464339534,2399.242937526905,2494.8245286198535,2590.406119712805,2685.9877108057576,2781.5693018987085] [-44.17572494080889,-2.686133456177913,-1.974726734745559,-1.3961072807303765,-0.9347637281373693,-0.5778092256345531,-0.3144140378048803,-0.13538474901108088,-0.03284661717921722,0.0,-0.03354270378198976,-0.13048910937823166,-0.2857203306671465,-0.4947247594849671,-0.7535046116736623,-1.0584999107624071,-1.4065261263623938,-1.7947226117682362,-2.22050966092516,-2.681552503356329] False 58152.99999055518 58153.99999055518
234.36890988269914 270.1158072739371 311.3149665447022 3.1311620992294826e-12 1.595956558096033e-12 2.2354414970486366e-12 1.7252093735357802e-10 4.632824557260699e-08 0.013804526545370593 4.2608424990601346e-09 8.992748659180657e-10 9.531545882559463e-10 8.453951435801853e-10 5.902367647560766e-09 0.00031088193106445144 6.561338677409495e-05 6.954458867355769e-05 6.168218487463223e-05 0.00043065179070354967 1906.040710385646 402.28065333194456 426.38315049369794 378.1781561701912 2640.358808474042 88.78083289828709 -203.6310819597668 [0.0,1095.2377754277543,1196.5881422974905,1297.9385091672268,1399.2888760369633,1500.6392429067,1601.9896097764363,1703.3399766461725,1804.6903435159081,1906.040710385646,2014.1655142644915,2122.2903181433385,2230.4151220221843,2338.5399259010296,2446.664729779877,2554.7895336587235,2662.9143375375706,2771.039141416415,2879.163945295262,2987.2887491741085] [-44.390416449143544,-2.7044189347431598,-1.9788505732975636,-1.393280767982418,-0.9295082837805069,-0.5727497741835919,-0.3108229623196337,-0.13356208504376355,-0.03239017858550142,0.0,-0.034215254142509366,-0.1330023728366143,-0.2906759414600515,-0.5022851721585937,-0.7634909832383414,-1.0704679653819085,-1.419825389657973,-1.8085429600296266,-2.233918108075187,-2.693522413995595] False 58152.99999055518 58153.99999055518
311.3149665447022 358.7979888064861 413.52331434760555 1.6049420538727138e-12 8.169240019835118e-13 1.1450396000144847e-12 1.1738653312386505e-10 4.1870517778303436e-08 0.01087832368209636 2.1638403622203784e-09 5.150574937613554e-10 5.493309945805678e-10 4.807839929421429e-10 3.1170286362836546e-09 0.0002785641458850157 6.63064398540396e-05 7.071867314485245e-05 6.189420656322674e-05 0.0004012737884575329 1889.751552865949 449.81631530895527 479.74846858887577 419.8841620290347 2722.2016044198162 73.17670474916594 -166.06847808011491 [0.0,1003.4837338725976,1114.267211246766,1225.0506886209348,1335.834165995104,1446.6176433692729,1557.401120743442,1668.1845981176116,1778.9680754917806,1889.751552865949,2013.013241461691,2136.2749300574324,2259.5366186531746,2382.798307248915,2506.059995844657,2629.3216844403973,2752.583373036141,2875.8450616318814,2999.106750227622,3122.368438823365] [-36.58835237458297,-2.703560036700196,-1.9615779286955615,-1.3709738730589436,-0.9086937372201476,-0.5566832020626862,-0.30052589233821436,-0.12851809714015872,-0.03102165568625992,0.0,-0.03538627665182048,-0.13682177441211252,-0.29764848190211524,-0.5121883386188131,-0.7755578183492275,-1.0835246513904053,-1.4323956505599256,-1.8189278447624133,-2.2402573180411025,-2.693841666462532] False 58152.99999055518 58153.99999055518
413.52331434760555 476.5900816815941 549.2752115212968 8.204019004166094e-13 4.170418130831573e-13 5.84928966633224e-13 7.964885896952956e-11 3.773558106522254e-08 0.008412198803969248 6.785916032804947e-10 2.4570871372983034e-10 2.740699076838819e-10 2.1734751977577876e-10 1.1532664476088936e-09 0.00015413401148763774 5.5809811853790365e-05 6.225171973120038e-05 4.9367903976380354e-05 0.0002619507565739516 1160.1265144832564 420.06590158134605 468.5524624663283 371.5793406963638 1971.63504185294 29.752864564608615 -110.50012158493229 [0.0,405.6576499919756,499.9662580533859,594.2748661147957,688.583474176206,782.892082237616,877.2006902990258,971.5092983604359,1065.817906421846,1160.1265144832564,1282.160432074381,1404.1943496655072,1526.228267256633,1648.262184847758,1770.2961024388846,1892.3300200300096,2014.363937621135,2136.397855212261,2258.431772803387,2380.4656903945115] [-14.876432282304307,-2.6975917616007905,-1.881760531412823,-1.2740282442384228,-0.8222588104926132,-0.49223672816771114,-0.2602021689015288,-0.10893250640215513,-0.025514929442010725,0.0,-0.04033683921616671,-0.15134423398228591,-0.32275059692122454,-0.5464433881656134,-0.8158947121698361,-1.12576755259974,-1.471638174788552,-1.8497956520576082,-2.2570940220430202,-2.6908412303660043] False 58152.99999055518 58153.99999055518
549.2752115212968 633.0528961793416 729.6086933380817 4.182456750570032e-13 2.1230849729137497e-13 2.9798844066501777e-13 5.3904612149910514e-11 3.392173082205699e-08 0.00633685004423537 4.405596905507879e-10 1.5369307609234909e-10 1.7147868879279596e-10 1.3590746339190221e-10 7.413449608553248e-10 0.00017655692584808623 6.159341769347133e-05 6.872110815191915e-05 5.44657272350235e-05 0.000297098418418507 1478.4455718067297 515.768584007332 575.4541632893837 456.0830047252803 2487.8312702360963 34.26122671235697 -79.40283630953623 [0.0,561.653703081678,676.2526866723093,790.8516702629412,905.4506538535722,1020.0496374442039,1134.6486210348348,1249.2476046254665,1363.846588216098,1478.4455718067297,1629.974329897533,1781.5030879883386,1933.0318460791434,2084.560604169949,2236.0893622607528,2387.6181203515584,2539.146878442361,2690.675636533168,2842.204394623972,2993.7331527147767] [-17.130613356178486,-2.6995763040424663,-1.897032091364295,-1.2933385232615109,-0.8412698862590418,-0.508838697863311,-0.27333142675992406,-0.11801539199898059,-0.030194672647155585,0.0,-0.03545181317772972,-0.14392475701583862,-0.31445636341911154,-0.5384042543095688,-0.8088310861172658,-1.120081353416552,-1.4674822705103026,-1.8471273871329856,-2.255716851132931,-2.690437366004332] False 58152.99999055518 58153.99999055518
729.6086933380817 840.8915725798939 969.1477682383326 2.1263075002098751e-13 1.0778759300665289e-13 1.513900813922815e-13 3.637838382517422e-11 3.040755426592698e-08 0.004668392519198594 2.9471607452675026e-10 1.0038175164979836e-10 1.0965221354791413e-10 9.11112897516826e-11 4.919194124744889e-10 0.00020839333455148886 7.097979975477099e-05 7.753493072576769e-05 6.442466878377431e-05 0.0003478355459938217 1946.7330476101868 663.066897954097 724.302494189059 601.8313017191351 3249.350340197182 57.14400391118264 -70.18874597893715 [0.0,760.4528700025867,908.7378922035363,1057.0229144044863,1205.3079366054365,1353.5929588063864,1501.8779810073365,1650.1630032082867,1798.4480254092364,1946.7330476101868,2144.105468154543,2341.477888698901,2538.8503092432584,2736.2227297876157,2933.595150331973,3130.9675708763316,3328.339991420687,3525.712411965047,3723.0848325094025,3920.4572530537607] [-28.57200195559132,-2.6965412869785865,-1.8798245319187146,-1.2718926996138151,-0.8206643643801357,-0.49157554277282145,-0.2604738378001201,-0.1097957847433122,-0.026356954064183924,0.0,-0.0399323704053387,-0.15232567475611347,-0.325951470011276,-0.5520246673957416,-0.8235390888763732,-1.134815231069183,-1.4811836100207643,-1.8587575608593028,-2.264266721555586,-2.6949326938916016] False 58152.99999055518 58153.99999055518
969.1477682383326 1116.9661194245136 1287.3303254983532 1.0780384566028312e-13 5.4573743015748165e-14 7.670240784469318e-14 2.448355702509686e-11 2.7183076981832726e-08 0.0033779259686459034 1.1103660301561669e-10 5.3289360945423674e-11 5.93700349696331e-11 4.720868692121425e-11 2.2154209869295704e-10 0.0001385307440351311 6.648451610040638e-05 7.407084595859156e-05 5.8898186242221214e-05 0.00027639887148495844 1447.6286486396007 694.7547338190976 774.0309155593313 615.4785520788639 2888.333038273516 33.59447976909351 -51.57842107486901 [0.0,351.3817504204553,488.41261269784854,625.4434749752417,762.4743372526348,899.5051995300279,1036.5360618074212,1173.566924084814,1310.597786362208,1447.6286486396007,1670.6608937948781,1893.693138950157,2116.725384105434,2339.757629260712,2562.78987441599,2785.822119571267,3008.8543647265456,3231.886609881822,3454.918855037101,3677.951100192379] [-16.797239884546755,-2.7016431201776143,-1.755928218619431,-1.1318585512177606,-0.70430225153126,-0.40986920087787837,-0.21190064112214912,-0.08723448237827114,-0.02027417287555977,0.0,-0.046747489855754054,-0.17172716999455417,-0.3583089129549464,-0.5947513421784265,-0.87244176776845,-1.1848659870499674,-1.5269717226669215,-1.89475755759279,-2.2849975847627064,-2.695051172758589] False 58152.99999055518 58153.99999055518
1287.3303254983532 1483.6791717563765 1709.9759409858673 5.450746773340508e-14 2.7555752755109746e-14 3.875557126619135e-14 1.6433091107159512e-11 2.4234238482607927e-08 0.002391269676903368 6.343764871022742e-11 3.2254625696249954e-11 3.622560749130098e-11 2.8283643901198922e-11 1.3195399210531113e-10 0.00013964554254229148 7.10022328448184e-05 7.974357049635185e-05 6.226089519328494e-05 0.0002904708354235811 1636.865272208428 832.257779783715 934.7199978678318 729.7955616995981 3404.774792222505 27.427198170791847 -22.160349835672175 [0.0,366.8488087840856,525.6008667121284,684.3529246401706,843.1049825682135,1001.8570404962566,1160.6090984242992,1319.3611563523423,1478.1132142803856,1636.865272208428,1912.5776552919256,2188.290038375424,2464.0024214589203,2739.7148045424183,3015.4271876259154,3291.1395707094134,3566.851953792912,3842.564336876409,4118.276719959904,4393.989103043405] [-13.713599085395924,-2.694041158152494,-1.7302046426313389,-1.106471029546256,-0.6848266001425998,-0.39730661092702846,-0.2053616972868788,-0.0849983371252101,-0.020261248571458168,0.0,-0.04765686080064668,-0.1765676571350383,-0.3676517099098362,-0.6078491709759533,-0.8878270944269069,-1.2006836582530944,-1.5411707997851174,-1.9052047028249888,-2.2895449978564884,-2.691577373055832] False 58152.99999055518 58153.99999055518
1709.9759409858673 1970.7884119509856 2271.3810595726877 2.7484720783139293e-14 1.3875683572578437e-14 1.9528678620621267e-14 1.0999619188434416e-11 2.1546353327576843e-08 0.0016449031799789099 4.636157964709755e-11 2.425350491601312e-11 2.7220972671075232e-11 2.1286037160951e-11 9.774221990289705e-11 0.00018006869824290672 9.420078201170253e-05 0.00010572644743982796 8.267511658357708e-05 0.0003796314628461643 2374.0254293571165 1241.9429592334363 1393.8973137860594 1089.988604680813 5005.060598400465 26.278773856192615 -41.662132547888426 [0.0,480.7178007131256,717.3812542936242,954.0447078741231,1190.7081614546223,1427.3716150351217,1664.035068615619,1900.698522196119,2137.361975776618,2374.0254293571165,2784.441611418024,3194.857793478932,3605.273975539837,4015.6901576007467,4426.106339661653,4836.522521722557,5246.938703783468,5657.354885844373,6067.771067905282,6478.187249966192] [-13.139386928096307,-2.6960467845872174,-1.7202688800850154,-1.096237299897524,-0.6766061372089851,-0.39133959320338363,-0.20138484485294583,-0.0826579970587531,-0.019228816886744937,0.0,-0.048814870825403034,-0.17824138523286592,-0.3694372780808308,-0.6095027984096291,-0.8892145494786874,-1.2017471267691917,-1.5419066833691204,-1.9056484000674203,-2.2897602482530672,-2.69164865105639] False 58152.99999055518 58153.99999055518
