data/3C279_allsed_1d_1_min11.ecsv
# %ECSV 1.0
# ---
# datatype:
# - {name: e_min, unit: MeV, datatype: float64}
# - {name: e_ref, unit: MeV, datatype: float64}
# - {name: e_max, unit: MeV, datatype: float64}
# - {name: ref_dnde_e_min, unit: ph / (cm2 MeV s), datatype: float64}
# - {name: ref_dnde_e_max, unit: ph / (cm2 MeV s), datatype: float64}
# - {name: ref_dnde, unit: ph / (cm2 MeV s), datatype: float64}
# - {name: ref_flux, unit: ph / (cm2 s), datatype: float64}
# - {name: ref_eflux, unit: MeV / (cm2 s), datatype: float64}
# - {name: ref_npred, datatype: float64}
# - {name: dnde, unit: ph / (cm2 MeV s), datatype: float64}
# - {name: dnde_err, unit: ph / (cm2 MeV s), datatype: float64}
# - {name: dnde_errp, unit: ph / (cm2 MeV s), datatype: float64}
# - {name: dnde_errn, unit: ph / (cm2 MeV s), datatype: float64}
# - {name: dnde_ul, unit: ph / (cm2 MeV s), datatype: float64}
# - {name: e2dnde, unit: MeV / (cm2 s), datatype: float64}
# - {name: e2dnde_err, unit: MeV / (cm2 s), datatype: float64}
# - {name: e2dnde_errp, unit: MeV / (cm2 s), datatype: float64}
# - {name: e2dnde_errn, unit: MeV / (cm2 s), datatype: float64}
# - {name: e2dnde_ul, unit: MeV / (cm2 s), datatype: float64}
# - {name: norm, datatype: float64}
# - {name: norm_err, datatype: float64}
# - {name: norm_errp, datatype: float64}
# - {name: norm_errn, datatype: float64}
# - {name: norm_ul, datatype: float64}
# - {name: ts, datatype: float64}
# - {name: loglike, datatype: float64}
# - {name: norm_scan, datatype: string, subtype: 'float64[20]'}
# - {name: dloglike_scan, datatype: string, subtype: 'float64[20]'}
# - {name: ShowUL, datatype: bool}
# - {name: tstart, datatype: float64}
# - {name: tend, datatype: float64}
# meta: !!omap
# - {UL_CONF: 0.95}
# - {EXTNAME: SED}
# - {CONFIG: '{"bin_index": 2.0, "use_local_index": true, "free_background": false, "free_radius": null, "free_pars": [], "ul_confidence":
#     0.95, "cov_scale": 3.0, "make_plots": false, "write_fits": true, "write_npy": true, "optimizer": {"optimizer": "MINUIT", "tol":
#     0.001, "max_iter": 100, "init_lambda": 0.0001, "retries": 3, "min_fit_quality": 2, "verbosity": 0}, "prefix": "", "outfile": null,
#     "loge_bins": []}'}
# - {SRCNAME: 4FGL J1256.1-0547}
# - {CREATOR: fermipy 1.2.0}
# - {STVER: 2.2.0}
# schema: astropy-2.0
e_min e_ref e_max ref_dnde_e_min ref_dnde_e_max ref_dnde ref_flux ref_eflux ref_npred dnde dnde_err dnde_errp dnde_errn dnde_ul e2dnde e2dnde_err e2dnde_errp e2dnde_errn e2dnde_ul norm norm_err norm_errp norm_errn norm_ul ts loglike norm_scan dloglike_scan ShowUL tstart tend
[from data line 435]
100.0 115.25240587974294 132.83117061068992 1.0520724016603424e-11 5.925532742451735e-12 7.895625031286744e-12 2.592615567997175e-10 2.9775974888744333e-08 0.004486300265799303 1.2301751342906724e-07 1.5278690973265895e-08 1.5902756193558485e-08 1.4654625752973308e-08 1.4990219024677444e-07 0.0016340560314399284 0.0002029486407377892 0.00021123817211267748 0.00019465910936290095 0.001991168340758541 15580.46550356751 1935.0831520903594 2014.1225210851767 1856.0437830955423 18985.47482343459 276.4873073038034 -444.87227680432807 [0.0,11443.321169789177,11960.464211511466,12477.607253233764,12994.750294956051,13511.893336678342,14029.03637840064,14546.179420122931,15063.322461845217,15580.46550356751,16074.217799254986,16567.970094942466,17061.722390629948,17555.474686317422,18049.226982004897,18542.97927769238,19036.731573379864,19530.48386906733,20024.236164754817,20517.988460442277] [-138.2436536519017,-2.7043383253086404,-2.0190899031875915,-1.4478077906237559,-0.982100049942062,-0.614474359957967,-0.33821322481173866,-0.1472701855576588,-0.036182916074380955,0.0,-0.031210113558984176,-0.12301366715490758,-0.2721225012582522,-0.4755101591880475,-0.730384733671599,-1.034165156906397,-1.3844604216582752,-1.7790513079596622,-2.2158742604757435,-2.693007119039464] False 57186.99999055518 57187.99999055518
132.83117061068992 153.091119887046 176.4411988580621 6.244020889574395e-12 3.4909881431464415e-12 4.668811721526468e-12 2.036742745097911e-10 3.106622507202738e-08 0.005182273780487555 7.560054079919848e-08 8.508009120003529e-09 8.824220866429931e-09 8.191797373577126e-09 9.051806072134429e-08 0.0017718416333650654 0.00019940128227272877 0.0002068123025029348 0.00019199026204252273 0.002121461921595741 16192.672848773793 1822.3071795282922 1890.0357077463923 1754.5786513101918 19387.81559855864 406.6948304432211 -480.85831761908247 [0.0,12290.931766482216,12778.649401768667,13266.36703705511,13754.084672341556,14241.802307628011,14729.519942914454,15217.2375782009,15704.955213487347,16192.672848773793,16654.42675188504,17116.180654996275,17577.934558107518,18039.688461218757,18501.442364329985,18963.19626744123,19424.95017055246,19886.704073663703,20348.45797677494,20810.211879886177] [-203.34741522161056,-2.705140108270257,-2.025724739251416,-1.457095120329825,-0.9917781270244745,-0.6230372448595745,-0.34477836785561067,-0.15147024390881825,-0.03807690904631045,0.0,-0.029543612287341148,-0.11953469909860814,-0.26693569637023984,-0.46893362378142456,-0.7229183878342269,-1.0264636514866652,-1.3773099135452185,-1.773349497690731,-2.2126131976097554,-2.693258363197174] False 57186.99999055518 57187.99999055518
176.4411988580621 203.35272664697808 234.36890988269914 3.651636768121944e-12 2.026627120525193e-12 2.720387124764209e-12 1.5766695861188788e-10 3.1938715545292565e-08 0.0053537885027630395 4.191953245769232e-08 4.720408858044093e-09 4.9018334931943414e-09 4.538984222893845e-09 5.021042139188267e-08 0.0017334703997806972 0.00019519991160541915 0.00020270224324858273 0.00018769757996225556 0.002076317986876126 15409.399668190863 1735.197470636918 1801.8882123694843 1668.5067289043518 18457.08683694593 439.6848308017985 -447.05611243809784 [0.0,11690.783622962994,12155.61062861648,12620.43763426996,13085.26463992345,13550.091645576926,14014.91865123042,14479.745656883902,14944.572662537379,15409.399668190863,15850.107912701484,16290.816157212088,16731.524401722687,17172.232646233297,17612.940890743906,18053.649135254513,18494.35737976511,18935.06562427572,19375.77386878633,19816.48211329694] [-219.84241540089926,-2.7049220607258917,-2.0247571357957668,-1.4558001852738585,-0.9904563554279662,-0.6218871506986261,-0.3439128295285059,-0.15093010125934825,-0.03784232601532267,0.0,-0.029747149792342498,-0.11997583974101644,-0.26760962636666363,-0.4698018893114977,-0.7239134245194236,-1.0274927100575724,-1.378258470153412,-1.7740842229279679,-2.212984546490361,-2.69310283862751] False 57186.99999055518 57187.99999055518
234.36890988269914 270.1158072739371 311.3149665447022 2.1043370420310646e-12 1.1593213428691384e-12 1.5619228039236546e-12 1.2026843521211e-10 3.235585464858659e-08 0.005036829267324107 2.0658996463770588e-08 2.5827105154978188e-09 2.693756053514238e-09 2.4716649774814e-09 2.522884922218859e-08 0.001507333048787268 0.00018844114341601132 0.00019654330896243794 0.0001803389778695847 0.0018407611561464525 13226.643731606839 1653.5455587240785 1724.6409660883 1582.4501513598573 16152.43029861145 364.4535864211513 -366.1010711263884 [0.0,9708.693205881422,10148.437021597103,10588.180837312779,11027.924653028456,11467.668468744136,11907.412284459808,12347.156100175478,12786.899915891165,13226.643731606839,13651.021604862177,14075.39947811751,14499.777351372837,14924.155224628177,15348.533097883503,15772.910971138845,16197.288844394174,16621.666717649503,17046.044590904843,17470.42246416018] [-182.22679321057564,-2.703354653723693,-2.017163199366962,-1.4459282573780001,-0.9808247755939306,-0.6140116483673523,-0.3384900957108812,-0.14798671782830297,-0.036856226506131406,0.0,-0.030524498943464096,-0.12213634624180258,-0.2713767511961578,-0.4750736911900617,-0.7303109666620458,-1.0344013309190245,-1.3848630660944536,-1.7793994870780807,-2.2158809440769573,-2.692328966283128] False 57186.99999055518 57187.99999055518
311.3149665447022 358.7979888064861 413.52331434760555 1.194943946598045e-12 6.534890533886961e-13 8.836757258830343e-13 9.040013698811574e-11 3.229942361017359e-08 0.0044476564313419426 8.582562994654916e-09 1.3395066519652157e-09 1.4228071822269363e-09 1.2562061217034956e-09 1.0969569467587055e-08 0.0011048848019717715 0.00017244272402290307 0.00018316650081774674 0.0001617189472280594 0.0014121784595649022 9712.34440787494 1515.8350656590476 1610.1010139269831 1421.5691173911123 12413.568853693982 258.79671179845485 -234.43385740412404 [0.0,6584.537491885361,6975.513356384062,7366.4892208827605,7757.465085381453,8148.440949880152,8539.41681437885,8930.392678877546,9321.36854337624,9712.34440787494,10105.971938449755,10499.599469024572,10893.226999599388,11286.854530174205,11680.48206074903,12074.109591323844,12467.737121898661,12861.364652473483,13254.992183048298,13648.619713623111] [-129.39835589922743,-2.6947423055545414,-1.9940734883859648,-1.4180674932447914,-0.9544886352865944,-0.5928293040390145,-0.32399778884411035,-0.1400737716556364,-0.03411457550623709,0.0,-0.03274139939648535,-0.12788323868556972,-0.2810237949396992,-0.48821328801932395,-0.7458938528367014,-1.050849182791552,-1.4001620292670225,-1.7911781280931223,-2.2214754187270387,-2.688837649122746] False 57186.99999055518 57187.99999055518
413.52331434760555 476.5900816815941 549.2752115212968 6.686269360928727e-13 3.629932516982693e-13 4.926530885982582e-13 6.6951891831013e-11 3.1769349774468694e-08 0.0037582283957653395 7.866043914476582e-09 1.0196991799513839e-09 1.075310059043818e-09 9.640883008589497e-10 9.69333169117879e-09 0.0017866783161109092 0.00023161254038033723 0.00024424389012801145 0.0002189811906326631 0.002201725000749917 15966.699684879211 2069.8118078437824 2182.692210665702 1956.9314050218632 19675.775744670857 447.39854860062917 -285.6786519133368 [0.0,11560.254064935149,12111.059767428149,12661.865469921157,13212.671172414173,13763.476874907183,14314.282577400196,14865.0882798932,15415.893982386206,15966.699684879211,16503.665972247207,17040.63225961522,17577.598546983212,18114.564834351208,18651.531121719203,19188.4974090872,19725.4636964552,20262.429983823193,20799.396271191195,21336.362558559176] [-223.69927430031458,-2.70168785120012,-2.011143328030471,-1.4382343707571295,-0.9732633185125223,-0.6076900500974034,-0.33395424674569085,-0.14533057748991496,-0.0358097399451367,0.0,-0.03140783983002393,-0.12418043465646633,-0.27461626055224997,-0.47934028230304193,-0.7352665475069671,-1.039565998759997,-1.3896386529305005,-1.7830894543245677,-2.2177072337399295,-2.6914463053877284] False 57186.99999055518 57187.99999055518
549.2752115212968 633.0528961793416 729.6086933380817 3.686775934760224e-13 1.9867457455629764e-13 2.7064157853568664e-13 4.886913678486383e-11 3.0796355517931316e-08 0.003042513039548035 2.6022347018071517e-09 4.851348614753104e-10 5.187781720433279e-10 4.5149155090729294e-10 3.4980242929818266e-09 0.001042861090427694 0.00019442069168137786 0.00020790344922057863 0.00018093793414217707 0.0014018541163824413 9615.058838655212 1792.5363283060399 1916.8457960162323 1668.2268605958473 12924.93308643845 205.11955994630114 -156.72571930132023 [0.0,5951.09902492801,6409.094001643911,6867.088978359808,7325.083955075709,7783.078931791612,8241.073908507513,8699.068885223403,9157.063861939312,9615.058838655212,10099.46113587302,10583.863433090832,11068.265730308642,11552.668027526448,12037.070324744267,12521.472621962079,13005.874919179885,13490.2772163977,13974.679513615509,14459.081810833324] [-102.55977997315057,-2.7033741492410854,-1.9823723762277154,-1.3982316980363407,-0.9341477271901795,-0.5762530281178897,-0.31296695694985033,-0.1345166546832388,-0.03257767551420443,0.0,-0.034170274499444986,-0.13266225468254333,-0.2899442831842691,-0.5011718354643051,-0.7620778565392925,-1.0688841951968584,-1.418229434705637,-1.807109599585715,-2.2328290709473606,-2.6929596672258356] False 57186.99999055518 57187.99999055518
729.6086933380817 840.8915725798939 969.1477682383326 2.003055627986317e-13 1.071496632683376e-13 1.465014457425192e-13 3.514568278536645e-11 2.9414477677869613e-08 0.0023920136517294674 2.8101754473729014e-09 4.1354463618751974e-10 4.380686721607426e-10 3.8902060021429675e-10 3.5576768486309717e-09 0.001987071228107058 0.00029241684851898813 0.0003097577609253683 0.0002750759361126079 0.0025156284499695553 19181.89566751356 2822.8024241776916 2990.200335160254 2655.404513195129 24284.243958136074 405.0477492295925 -201.30501339559189 [0.0,13265.65428942503,14005.184461686093,14744.714633947158,15484.244806208222,16223.774978469293,16963.30515073036,17702.835322991417,18442.365495252492,19181.89566751356,19922.92390241002,20663.95213730649,21404.980372202932,22146.008607099393,22887.03684199586,23628.065076892315,24369.093311788765,25110.121546685234,25851.14978158168,26592.17801647815] [-202.52387461479626,-2.6960951032814933,-1.9967261049436047,-1.4210039869606135,-0.9570970042463784,-0.5947978209466953,-0.32523865905918115,-0.14066634754573215,-0.03426274993557854,0.0,-0.032653078804997904,-0.12755466176830055,-0.28039670481499,-0.48730406390379244,-0.7447783058767357,-1.0496503581988748,-1.399040378612085,-1.7903235616828113,-2.221100857753953,-2.689173780433265] False 57186.99999055518 57187.99999055518
969.1477682383326 1116.9661194245136 1287.3303254983532 1.072367841430489e-13 5.694345763328377e-14 7.814367072629289e-14 2.4906675231005248e-11 2.7684037199811707e-08 0.0018242892250276976 1.0652830739992132e-09 2.1002861564106245e-10 2.2585959661585482e-10 1.9419763466627013e-10 1.4585106118625626e-09 0.0013290613441081865 0.00026203449676259316 0.00028178543936784874 0.00024228355415733768 0.001819657254968779 13632.365412299216 2687.7239536994825 2890.312094589897 2485.1358128090687 18664.475296677094 268.79887104540256 -87.3929543049272 [0.0,8231.648656682952,8906.738251134982,9581.827845587011,10256.91744003904,10932.007034491076,11607.09662894311,12282.186223395145,12957.275817847176,13632.365412299216,14369.780216205672,15107.195020112144,15844.609824018604,16582.02462792508,17319.439431831546,18056.85423573801,18794.269039644485,19531.683843550956,20269.098647457413,21006.513451363884] [-134.39943552270128,-2.6848813065100217,-1.9599979334019508,-1.3771972045563814,-0.917229166698661,-0.5645094598447855,-0.3062438360725537,-0.13179941160437636,-0.03224363645658457,0.0,-0.03409025436209845,-0.1335384593083404,-0.29213660193610735,-0.5045212610597076,-0.766027015692373,-1.0725703406498894,-1.4205566832314247,-1.80680537945166,-2.2284884513618834,-2.6830803153347347] False 57186.99999055518 57187.99999055518
1287.3303254983532 1483.6791717563765 1709.9759409858673 5.657167760649037e-14 2.981956903614493e-14 4.1072412223745486e-14 1.7392659155878433e-11 2.567462885439843e-08 0.0013414128515300827 5.086463517684885e-10 1.2477583430141936e-10 1.341088919133266e-10 1.154427766895121e-10 7.43757416637849e-10 0.001119685190088332 0.000274669528764858 0.00029521442474211276 0.0002541246327876033 0.0016372360905220762 12384.136315091358 3037.947555203047 3265.1817765841683 2810.713333821926 18108.442537686045 154.10758832717 -79.47778819206061 [0.0,6530.522302252254,7262.224053857138,7993.925805462032,8725.627557066915,9457.329308671806,10189.031060276691,10920.73281188158,11652.434563486468,12384.136315091358,13237.499758112652,14090.863201133938,14944.22664415523,15797.590087176519,16650.95353019781,17504.31697321911,18357.680416240393,19211.043859261685,20064.407302282983,20917.770745304286] [-77.053794163585,-2.703610746023685,-1.94609706254559,-1.3508517898614372,-0.8900680914300665,-0.5425417260791647,-0.2917297845894211,-0.12447514835918128,-0.030139956413705704,0.0,-0.03635047568234029,-0.140683373946473,-0.3051277048894576,-0.5231064383652893,-0.789067297539134,-1.0982801658265373,-1.4466822447865724,-1.8307580552042566,-2.2474452713650237,-2.694059986027014] False 57186.99999055518 57187.99999055518
1709.9759409858673 1970.7884119509856 2271.3810595726877 2.940754961904159e-14 1.5387334528803894e-14 2.1272136791131055e-14 1.1968030004659927e-11 2.3463099974591965e-08 0.0009492697852492779 2.8961805373111373e-10 8.086025214096812e-11 8.740044919016806e-11 7.432005509176817e-11 4.4410383797885675e-10 0.0011248785377887952 0.00031406178248132423 0.0003394639533707983 0.0002886596115918502 0.0017249023997511254 13614.901811456175 3801.2284771824616 4108.682171816784 3493.7747825481392 20877.255648525916 134.64351144545827 -66.47407182844012 [0.0,6516.495692390294,7403.796457273527,8291.097222156759,9178.39798703999,10065.698751923237,10952.999516806462,11840.300281689704,12727.601046572936,13614.901811456175,14704.252599088422,15793.603386720672,16882.95417435293,17972.304961985184,19061.655749617436,20151.006537249697,21240.35732488194,22329.708112514185,23419.058900146443,24508.4096877787] [-67.32175572272914,-2.6995895173689917,-1.9200893266742156,-1.319419605466706,-0.8617961743326248,-0.5212244119113763,-0.27822103364886175,-0.11780379104564531,-0.028202287958436045,0.0,-0.03819805727101766,-0.14604306110007315,-0.314354164274107,-0.5356570822329729,-0.8037854100009696,-1.1135920202404463,-1.4607359563458857,-1.8415222875798491,-2.252779871413537,-2.6917667372616734] False 57186.99999055518 57187.99999055518
