data/3C279_allsed_1d_1_min11.ecsv
# %ECSV 1.0
# ---
# datatype:
# - {name: e_min, unit: MeV, datatype: float64}
# - {name: e_ref, unit: MeV, datatype: float64}
# - {name: e_max, unit: MeV, datatype: float64}
# - {name: ref_dnde_e_min, unit: ph / (cm2 MeV s), datatype: float64}
# - {name: ref_dnde_e_max, unit: ph / (cm2 MeV s), datatype: float64}
# - {name: ref_dnde, unit: ph / (cm2 MeV s), datatype: float64}
# - {name: ref_flux, unit: ph / (cm2 s), datatype: float64}
# - {name: ref_eflux, unit: MeV / (cm2 s), datatype: float64}
# - {name: ref_npred, datatype: float64}
# - {name: dnde, unit: ph / (cm2 MeV s), datatype: float64}
# - {name: dnde_err, unit: ph / (cm2 MeV s), datatype: float64}
# - {name: dnde_errp, unit: ph / (cm2 MeV s), datatype: float64}
# - {name: dnde_errn, unit: ph / (cm2 MeV s), datatype: float64}
# - {name: dnde_ul, unit: ph / (cm2 MeV s), datatype: float64}
# - {name: e2dnde, unit: MeV / (cm2 s), datatype: float64}
# - {name: e2dnde_err, unit: MeV / (cm2 s), datatype: float64}
# - {name: e2dnde_errp, unit: MeV / (cm2 s), datatype: float64}
# - {name: e2dnde_errn, unit: MeV / (cm2 s), datatype: float64}
# - {name: e2dnde_ul, unit: MeV / (cm2 s), datatype: float64}
# - {name: norm, datatype: float64}
# - {name: norm_err, datatype: float64}
# - {name: norm_errp, datatype: float64}
# - {name: norm_errn, datatype: float64}
# - {name: norm_ul, datatype: float64}
# - {name: ts, datatype: float64}
# - {name: loglike, datatype: float64}
# - {name: norm_scan, datatype: string, subtype: 'float64[20]'}
# - {name: dloglike_scan, datatype: string, subtype: 'float64[20]'}
# - {name: ShowUL, datatype: bool}
# - {name: tstart, datatype: float64}
# - {name: tend, datatype: float64}
# meta: !!omap
# - {UL_CONF: 0.95}
# - {EXTNAME: SED}
# - {CONFIG: '{"bin_index": 2.0, "use_local_index": true, "free_background": false, "free_radius": null, "free_pars": [], "ul_confidence":
#     0.95, "cov_scale": 3.0, "make_plots": false, "write_fits": true, "write_npy": true, "optimizer": {"optimizer": "MINUIT", "tol":
#     0.001, "max_iter": 100, "init_lambda": 0.0001, "retries": 3, "min_fit_quality": 2, "verbosity": 0}, "prefix": "", "outfile": null,
#     "loge_bins": []}'}
# - {SRCNAME: 4FGL J1256.1-0547}
# - {CREATOR: fermipy 1.2.0}
# - {STVER: 2.2.0}
# schema: astropy-2.0
e_min e_ref e_max ref_dnde_e_min ref_dnde_e_max ref_dnde ref_flux ref_eflux ref_npred dnde dnde_err dnde_errp dnde_errn dnde_ul e2dnde e2dnde_err e2dnde_errp e2dnde_errn e2dnde_ul norm norm_err norm_errp norm_errn norm_ul ts loglike norm_scan dloglike_scan ShowUL tstart tend
[from data line 447]
3017.1020504598932 3477.2827010020824 4007.6519721450045 7.603121213098999e-15 3.92013457525647e-15 5.459419231688957e-15 5.42194862615766e-12 1.874853011361572e-08 0.0004320847867773439 3.76706388572563e-11 2.1926403688723257e-11 2.4932818727082216e-11 1.89199886503643e-11 8.579684344824299e-11 0.0004554943407371789 0.0002651230001905963 0.00030147505254279243 0.00022877094783840024 0.001037412102084927 6900.118356655731 4016.2520513999766 4566.936091363121 3465.568011436833 15715.379201919322 31.305212809338407 -25.845854908201577 [0.0,1170.5775613045732,1886.7701607234694,2602.9627601423626,3319.1553595612586,4035.3479589801527,4751.540558399049,5467.733157817944,6183.925757236838,6900.118356655731,8293.558344954112,9686.998333252488,11080.438321550866,12473.878309849246,13867.318298147628,15260.758286446006,16654.198274744376,18047.638263042765,19441.078251341147,20834.51823963952] [-15.652606404669203,-2.7004897099064245,-1.6463318677788763,-1.0218028048623644,-0.6196101273173156,-0.35379055768955325,-0.18027291570502868,-0.07341524776906638,-0.016972556666257077,0.0,-0.052811993960759196,-0.18985365888800132,-0.3885763250009511,-0.6344277655169144,-0.9174675264353667,-1.2306029830303338,-1.5685956638703829,-1.9274664257410947,-2.3041215562006876,-2.6961081065277135] False 57186.99999055518 57187.99999055518
4007.6519721450045 4618.915317184078 5323.411028602609 3.7815096185410415e-15 1.9354257896918306e-15 2.705333849951252e-15 3.5696977290642735e-12 1.639335490433499e-08 0.00028082287851340093 2.8584770157394877e-11 1.6625250113574538e-11 1.8904867986233808e-11 1.4345632240915269e-11 6.507595989653194e-11 0.0006098383117994954 0.0003546893820268757 0.0004033236130301584 0.0003060551510235929 0.001388355173174831 10566.078622019215 6145.359883725298 6987.998167610425 5302.72159984017 24054.687334690523 35.73764939146834 -14.555885777583818 [0.0,1798.4283460143486,2894.384630514959,3990.340915015565,5086.297199516177,6182.253484016783,7278.209768517393,8374.166053017998,9470.122337518611,10566.078622019215,12698.216370305117,14830.354118591024,16962.491866876917,19094.629615162816,21226.767363448733,23358.905111734624,25491.042860020523,27623.180608306426,29755.318356592325,31887.456104878223] [-17.86882469573417,-2.7018880845718094,-1.647046011213643,-1.0221847662053563,-0.6198126473234016,-0.35389170387205304,-0.18031706753713372,-0.07342944463306722,-0.016974024084905892,0.0,-0.052819754207167335,-0.18986965460787353,-0.3885968916487528,-0.6344468783582826,-0.917477731724933,-1.2305959230112986,-1.5685623907638835,-1.9273975987160057,-2.3040075698892792,-2.695939177677026] False 57186.99999055518 57187.99999055518
5323.411028602609 6135.359285332078 7071.149185711414 1.8532884078544333e-15 9.415785927180763e-16 1.3209907989718542e-15 2.3158687392326267e-12 1.4124559872574138e-08 0.00018152294004111086 2.1596449113738113e-11 1.2558021631615602e-11 1.428694103553929e-11 1.0829102227691912e-11 4.919784204427169e-11 0.0008129472201880179 0.00047271700651884763 0.0005377980860957118 0.00040763592694198345 0.0018519363400207193 16348.674896560162 9506.517109271077 10815.322140516813 8197.712078025339 37243.137562020165 38.19650623428481 -14.299951060209764 [0.0,2809.75034136656,4502.11591076576,6194.481480164957,7886.847049564159,9579.212618963356,11271.57818836256,12963.943757761763,14656.30932716096,16348.674896560162,19650.083041262184,22951.49118596422,26252.89933066624,29554.307475368267,32855.7156200703,36157.12376477233,39458.531909474346,42759.94005417638,46061.34819887838,49362.756343580426] [-19.098253117142406,-2.702419490042953,-1.6493125928222305,-1.0246740549551276,-0.6221075544769974,-0.35582884634122536,-0.18181839285168522,-0.07445252844819983,-0.01749361039428443,0.0,-0.0520500935047572,-0.1886973102836258,-0.3872524698298747,-0.6330847383045608,-0.9162062634952637,-1.2294941528741354,-1.5676897095148234,-1.926799769296366,-2.3037206006234214,-2.6959919107355397] False 57186.99999055518 57187.99999055518
7071.149185711414 8149.575733880153 9392.473966813408 8.950065366460286e-16 4.51404897479115e-16 6.356180723656614e-16 1.4803868043239579e-12 1.1991022582837799e-08 0.00011727356040008852 1.62539704933915e-11 9.35499565025855e-12 1.0636877610938367e-11 8.073113689578733e-12 3.678567623879186e-11 0.0010795169530764485 0.0006213175054376107 0.0007064544452985124 0.0005361805655767092 0.0024431421938598203 25571.913701095702 14717.951010173232 16734.699772380187 12701.20224796628 57873.86771726279 47.13178714853792 -11.078002540829107 [0.0,4559.624435695427,7186.160593870464,9812.696752045496,12439.232910220535,15065.769068395568,17692.30522657061,20318.841384745636,22945.37754292068,25571.913701095702,30678.195845573566,35784.4779900514,40890.76013452924,45997.042279007095,51103.32442348492,56209.60656796276,61315.888712440596,66422.17085691844,71528.45300139628,76634.73514587412] [-23.56589357426896,-2.7043138700992078,-1.6494815457267933,-1.0238257960464434,-0.6208235548908227,-0.3544692725871261,-0.18061212584347075,-0.07355206893029731,-0.01700507818759789,0.0,-0.052813488410151876,-0.1898694327460113,-0.38861431761174714,-0.6344916288328424,-0.9175576323896237,-1.2307172756740528,-1.5687302956995488,-1.9276162186378123,-2.304280334564716,-2.6962689399434385] False 57186.99999055518 57187.99999055518
12476.13311942254 14379.0435808939 16572.19366947696 1.9972405369453697e-16 9.925467127908543e-17 1.407961125030719e-16 5.789181946306953e-13 8.270695456005278e-09 4.595417260190582e-05 5.923322124707952e-12 4.318038091741203e-12 5.051602436913484e-12 3.5844737465689216e-12 1.6066618070536946e-11 0.0012246876864504743 0.0008927841453228901 0.0010444536311008383 0.0007411146595449421 0.003321884054188497 42070.210742350726 30668.730939904264 35878.848834006465 25458.613045802067 114112.6539994945 24.97334534832552 -12.276785713758075 [0.0,4003.566070082499,8761.896654116024,13520.227238149551,18278.557822183073,23036.8884062166,27795.21899025013,32553.54957428366,37311.88015831719,42070.210742350726,53567.69210743103,65065.17347251131,76562.65483759166,88060.13620267193,99557.61756775228,111055.09893283258,122552.58029791285,134050.06166299325,145547.54302807353,157045.02439315387] [-12.48667267416276,-2.6655481707158692,-1.4812742368631842,-0.886421103754726,-0.5289744097257323,-0.3010781136456462,-0.15498979432669913,-0.0653102743797902,-0.01689957538626352,0.0,-0.05275000826631171,-0.1971689926086473,-0.40356302727536075,-0.6546758879688301,-0.9395859814027592,-1.250941017654947,-1.5835543062582307,-1.933629760514572,-2.298305299330101,-2.6753695215764193] False 57186.99999055518 57187.99999055518
29240.177187505025 33700.007692099294 38840.06964680279 1.8850935148680897e-17 9.163475853090865e-18 1.3143062392118453e-17 1.26754390751869e-13 4.241913609588812e-09 1.048420652416393e-05 1.2339847198728866e-12 1.2579984791582834e-12 1.5767060939381121e-12 9.392908643784547e-13 4.559052191105219e-12 0.0014014247462687953 0.0014286969450015023 0.0017906501612639885 0.0010667437287390157 0.005177672346545732 93888.67548957808 95715.7808147264 119964.8945502702 71466.66707918259 346878.9887080778 21.5615607045244 -2.8066800845915396 [0.0,10432.07505439756,20864.15010879512,31296.225163192685,41728.30021759024,52160.37527198779,62592.45032638537,73024.52538078293,83456.60043518047,93888.67548957808,135648.37618052232,177408.0768714665,219167.7775624108,260927.47825335493,302687.1789442994,344446.8796352436,386206.58032618783,427966.2810171319,469725.98170807626,511485.68239902053] [-10.7807803522622,-1.322186177552942,-0.7384459936849681,-0.44236457097643944,-0.26406035594836963,-0.15029233084304527,-0.07734513464377057,-0.032568149343436215,-0.008410034952397893,0.0,-0.06986342746478647,-0.23929549034043118,-0.4657286542605905,-0.7291415499519007,-1.018501910287859,-1.327079505408372,-1.6504645353966176,-1.9856100448552847,-2.3303224256150474,-2.6829697923001947] False 57186.99999055518 57187.99999055518
100.0 115.25240587974294 132.83117061068992 4.52710119671582e-12 2.829160406785632e-12 3.5788120184301706e-12 1.172721629429469e-10 1.3501762273667462e-08 0.003374203553040189 1.0329345697121471e-07 1.0862362277629077e-08 1.1241528450932382e-08 1.0483196104325772e-08 1.2217482530884925e-07 0.0013720590805911391 0.00014428602969348715 0.00014932253835907254 0.00013924952102790177 0.0016228625064931008 28862.498627833473 3035.1865987065175 3141.134095068627 2929.239102344408 34138.374600195035 397.9851296741813 -565.1101838485106 [0.0,22275.146026347957,23098.565101533644,23921.98417671934,24745.40325190501,25568.82232709072,26392.241402276402,27215.66047746209,28039.07955264777,28862.498627833473,29625.128409185105,30387.75819053675,31150.387971888384,31913.017753240023,32675.647534591655,33438.2773159433,34200.90709729495,34963.5368786466,35726.16665999823,36488.79644134988] [-198.99256483709064,-2.705976522414744,-2.0277275378147124,-1.4587235947517456,-0.9922181130913259,-0.6220746228192411,-0.3426949797942598,-0.14895788146736777,-0.0361659523673552,0.0,-0.031385021817982306,-0.12215280440523202,-0.26957692771384245,-0.47111538347633086,-0.7243942464508564,-1.0271931197618187,-1.3774321272976522,-1.773160259401493,-2.212544905889331,-2.693862433761751] False 57187.99999055518 57188.99999055518
132.83117061068992 153.091119887046 176.4411988580621 3.3885990623731516e-12 2.0646030077989553e-12 2.6450164113669196e-12 1.1517732603510514e-10 1.7603614288250827e-08 0.004528900113180718 6.419554111825491e-08 6.32788278606818e-09 6.5137236552810875e-09 6.142041916855271e-09 7.512022497108061e-08 0.001504543899121538 0.0001483058990436295 0.00015266143123653772 0.00014395036685072124 0.001760584523661526 24270.375352824085 2392.3794041028236 2462.6401663477227 2322.118641857924 28400.66498198368 524.4194473474288 -581.1607225781117 [0.0,19102.67204633276,19748.634959644165,20394.597872955583,21040.56078626701,21686.52369957843,22332.486612889847,22978.449526201268,23624.412439512686,24270.375352824085,24865.8213097884,25461.26726675272,26056.713223717037,26652.159180681352,27247.605137645667,27843.051094609982,28438.497051574283,29033.943008538612,29629.388965502916,30224.83492246724] [-262.2097236737144,-2.7057338385159255,-2.0307549873515427,-1.4633202343339917,-0.9971512894520629,-0.6265066297731892,-0.34612178411305194,-0.1511577211185795,-0.0371560529731596,0.0,-0.030524911767201957,-0.1203323511523422,-0.26683093489145904,-0.46759618563885397,-0.7203564576175268,-1.0229803187150992,-1.3734652114744677,-1.769927240219772,-2.2105919524663022,-2.6937860004570666] False 57187.99999055518 57188.99999055518
176.4411988580621 203.35272664697808 234.36890988269914 2.4108943034591426e-12 1.432100645551251e-12 1.8581289751628287e-12 1.0752768799054491e-10 2.1816975154968815e-08 0.005345982439248491 3.90649735160578e-08 3.730205557056356e-09 3.8918060565607115e-09 3.568605057552001e-09 4.561148909364391e-08 0.0016154277323261674 0.00015425269651518023 0.0001609352539307072 0.00014757013909965326 0.0018861414142333315 21023.82237090647 2007.5062640522447 2094.4757380039623 1920.536790100527 24546.998460990555 587.4416616580777 -567.729227615215 [0.0,16620.00831131754,17170.48506876616,17720.96182621478,18271.438583663392,18821.91534111201,19372.39209856062,19922.868856009238,20473.345613457863,21023.82237090647,21530.979262815432,22038.136154724383,22545.293046633346,23052.44993854229,23559.606830451237,24066.7637223602,24573.920614269155,25081.07750617812,25588.234398087072,26095.391289996027] [-293.72083082903885,-2.7055730991162363,-2.031168247538403,-1.4640279186033922,-0.9979473008778541,-0.6272466897322602,-0.3467136899880643,-0.15155317691505843,-0.03734379596676263,0.0,-0.03036009543154705,-0.11999775727122142,-0.2663404576985613,-0.4669800057977227,-0.7196588110334687,-1.0222575553436855,-1.3727841037098187,-1.7693635065998023,-2.2102289675634665,-2.6937136661159684] False 57187.99999055518 57188.99999055518
234.36890988269914 270.1158072739371 311.3149665447022 1.6303999596253527e-12 9.442098484569246e-13 1.2407415922753754e-12 9.542339645985312e-11 2.5702095864888446e-08 0.005651374230692785 1.9936072621460993e-08 2.1202314026045964e-09 2.2192556005022606e-09 2.021207204706932e-09 2.367743956830908e-08 0.0014545866822742335 0.00015469748832316665 0.00016192254624805474 0.0001474724303982786 0.001727566352729879 16067.868398689334 1708.8420472117318 1788.6525399961847 1629.031554427279 19083.296405730558 522.1785149739712 -455.95546729383375 [0.0,12347.519729172227,12812.563312861867,13277.606896551499,13742.650480241144,14207.69406393078,14672.737647620415,15137.781231310064,15602.82481499969,16067.868398689334,16502.890552123397,16937.91270555746,17372.93485899152,17807.957012425584,18242.979165859648,18678.001319293715,19113.023472727782,19548.045626161842,19983.067779595905,20418.08993302996] [-261.0892574869856,-2.7052463942921463,-2.025323224548856,-1.4559034344849806,-0.9897791098891844,-0.6204296337745063,-0.34193660638129586,-0.14891157891224793,-0.03643434696942904,0.0,-0.031087777579500653,-0.1219731078734867,-0.2697614014240912,-0.47176430626319643,-0.7254804970930877,-1.0285786568471735,-1.3788823564098607,-1.7743565834158517,-2.213095708434821,-2.693312707942482] False 57187.99999055518 57188.99999055518
311.3149665447022 358.7979888064861 413.52331434760555 1.0480165519198236e-12 5.91727171604458e-13 7.874895999708013e-13 8.049532628848384e-11 2.8782191105156454e-08 0.005474104827198581 1.3091690789423157e-08 1.378418435627122e-09 1.4428721766234845e-09 1.3139646946307594e-09 1.552530662615262e-08 0.0016853718632016945 0.00017745207127877862 0.00018574958787160253 0.00016915455468595467 0.0019986658237021626 16624.58880715195 1750.3957330715623 1832.2428342888384 1668.548631854286 19714.93544388176 625.592258110911 -407.0957402505693 [0.0,12821.00402772586,13296.452125154125,13771.900222582382,14247.348320010655,14722.79641743891,15198.244514867174,15673.69261229543,16149.140709723699,16624.58880715195,17070.27140550073,17515.954003849496,17961.63660219826,18407.319200547034,18853.001798895806,19298.68439724458,19744.36699559334,20190.04959394212,20635.732192290874,21081.414790639654] [-312.7961290554555,-2.7049685925665585,-2.025245244669236,-1.4560315382054227,-0.9900879393617288,-0.6208665551620243,-0.3424254920859653,-0.14935610169766278,-0.03672085020770055,0.0,-0.030819643175846068,-0.1215474052808645,-0.2692636257080494,-0.4712576652525513,-0.7250083712975197,-1.0281667773167555,-1.3785407364263165,-1.774081234821324,-2.212870169113785,-2.693109403345545] False 57187.99999055518 57188.99999055518
