data/3C279_allsed_1d_2_min11.ecsv
# %ECSV 1.0
# ---
# datatype:
# - {name: e_min, unit: MeV, datatype: float64}
# - {name: e_ref, unit: MeV, datatype: float64}
# - {name: e_max, unit: MeV, datatype: float64}
# - {name: ref_dnde_e_min, unit: ph / (cm2 MeV s), datatype: float64}
# - {name: ref_dnde_e_max, unit: ph / (cm2 MeV s), datatype: float64}
# - {name: ref_dnde, unit: ph / (cm2 MeV s), datatype: float64}
# - {name: ref_flux, unit: ph / (cm2 s), datatype: float64}
# - {name: ref_eflux, unit: MeV / (cm2 s), datatype: float64}
# - {name: ref_npred, datatype: float64}
# - {name: dnde, unit: ph / (cm2 MeV s), datatype: float64}
# - {name: dnde_err, unit: ph / (cm2 MeV s), datatype: float64}
# - {name: dnde_errp, unit: ph / (cm2 MeV s), datatype: float64}
# - {name: dnde_errn, unit: ph / (cm2 MeV s), datatype: float64}
# - {name: dnde_ul, unit: ph / (cm2 MeV s), datatype: float64}
# - {name: e2dnde, unit: MeV / (cm2 s), datatype: float64}
# - {name: e2dnde_err, unit: MeV / (cm2 s), datatype: float64}
# - {name: e2dnde_errp, unit: MeV / (cm2 s), datatype: float64}
# - {name: e2dnde_errn, unit: MeV / (cm2 s), datatype: float64}
# - {name: e2dnde_ul, unit: MeV / (cm2 s), datatype: float64}
# - {name: norm, datatype: float64}
# - {name: norm_err, datatype: float64}
# - {name: norm_errp, datatype: float64}
# - {name: norm_errn, datatype: float64}
# - {name: norm_ul, datatype: float64}
# - {name: ts, datatype: float64}
# - {name: loglike, datatype: float64}
# - {name: norm_scan, datatype: string, subtype: 'float64[20]'}
# - {name: dloglike_scan, datatype: string, subtype: 'float64[20]'}
# - {name: ShowUL, datatype: bool}
# - {name: tstart, datatype: float64}
# - {name: tend, datatype: float64}
# meta: !!omap
# - {UL_CONF: 0.95}
# - {EXTNAME: SED}
# - {CONFIG: '{"bin_index": 2.0, "use_local_index": true, "free_background": false, "free_radius": null, "free_pars": [], "ul_confidence":
#     0.95, "cov_scale": 3.0, "make_plots": false, "write_fits": true, "write_npy": true, "optimizer": {"optimizer": "MINUIT", "tol":
#     0.001, "max_iter": 100, "init_lambda": 0.0001, "retries": 3, "min_fit_quality": 2, "verbosity": 0}, "prefix": "", "outfile": null,
#     "loge_bins": []}'}
# - {SRCNAME: 4FGL J1256.1-0547}
# - {CREATOR: fermipy 1.2.0}
# - {STVER: 2.2.0}
# schema: astropy-2.0
e_min e_ref e_max ref_dnde_e_min ref_dnde_e_max ref_dnde ref_flux ref_eflux ref_npred dnde dnde_err dnde_errp dnde_errn dnde_ul e2dnde e2dnde_err e2dnde_errp e2dnde_errn e2dnde_ul norm norm_err norm_errp norm_errn norm_ul ts loglike norm_scan dloglike_scan ShowUL tstart tend
[from data line 459]
176.4411988580621 203.35272664697808 234.36890988269914 3.8963937443312584e-12 2.139626687395032e-12 2.8873565834462144e-12 1.6738997056335257e-10 3.3899809925125045e-08 0.009862579991669007 5.177214711751371e-09 1.377127016457907e-09 1.4796230493107874e-09 1.2746309836050266e-09 7.775319662198069e-09 0.00021408989866926126 5.694741281233039e-05 6.11858627336108e-05 5.270896289104997e-05 0.0003215275956824254 1793.0638499703728 476.9507944925293 512.4490192149312 441.4525697701274 2692.8851485734435 43.843822832494425 -162.28873052060163 [0.0,863.0817635543467,979.3295243563499,1095.577285158353,1211.8250459603557,1328.0728067623595,1444.3205675643633,1560.5683283663664,1676.8160891683685,1793.0638499703728,1926.1949123568245,2059.325974743278,2192.4570371297295,2325.5880995161824,2458.719161902634,2591.850224289088,2724.981286675539,2858.1123490619907,2991.243411448445,3124.374473834896] [-21.921911416247212,-2.7002547809343866,-1.9595132776888988,-1.371625824185429,-0.9121174320046919,-0.5621371595183291,-0.30682804788517615,-0.13425401625278255,-0.03466832391575281,0.0,-0.03137888175956505,-0.1305436194935794,-0.29036300573983453,-0.5048035451828241,-0.7687116966208123,-1.077648097647483,-1.4277594571208567,-1.8156782207866797,-2.2384430357430176,-2.693435010811271] False 58015.99999055518 58016.99999055518
234.36890988269914 270.1158072739371 311.3149665447022 2.296491831723214e-12 1.2437335083629646e-12 1.6900366394833018e-12 1.3019264314115328e-10 3.5011625005668966e-08 0.009022608484912986 2.4109931435151136e-09 7.634357520625195e-10 8.228913893994229e-10 7.03980114725616e-10 3.860401284225761e-09 0.0001759122061903167 5.5702218727209565e-05 6.004025359989998e-05 5.1364183854519145e-05 0.00028166471916962895 1426.5922330845035 451.7273378735305 486.907425658539 416.5472500885219 2284.211592836241 36.03861241099668 -132.7786143501629 [0.0,584.7919240575409,690.0169626859116,795.2420013142813,900.4670399426518,1005.6920785710228,1110.9171171993933,1216.142155827763,1321.3671944561331,1426.5922330845035,1554.6402384935107,1682.6882439025192,1810.736249311526,1938.7842547205335,2066.832260129542,2194.8802655385502,2322.928270947556,2450.9762763565654,2579.0242817655712,2707.072287174578] [-18.01930620549834,-2.697448378341136,-1.9184782356572327,-1.319645720968822,-0.8635646674519251,-0.5237642958200297,-0.28075867723134706,-0.11975174857082038,-0.029220506379658673,0.0,-0.03651668990721646,-0.14211295621527142,-0.30811782694456724,-0.5274548966092709,-0.7942667438935018,-1.103644914449319,-1.4514315379904872,-1.8340707764403987,-2.2484957007553987,-2.6920408484591007] False 58015.99999055518 58016.99999055518
311.3149665447022 358.7979888064861 413.52331434760555 1.3165625441787482e-12 7.032199562455259e-13 9.622021901408641e-13 9.849742542900504e-11 3.517294508162922e-08 0.007800029779592876 8.297530968500308e-10 3.7551773530527514e-10 4.140902734296628e-10 3.369451971808875e-10 1.5865679926508295e-09 0.00010681909199729351 4.8342649959930677e-05 5.3308324103383466e-05 4.337697581647789e-05 0.00020424841197978828 862.3479611167344 390.2690506766569 430.35681863189376 350.18128272142 1648.892518544943 13.290170695438718 -110.09443045720832 [0.0,192.47727004063398,276.2111064251466,359.94494280965904,443.67877919417197,527.4126155786846,611.1464519631968,694.8802883477092,778.6141247322223,862.3479611167344,982.0331873058946,1101.7184134950542,1221.4036396842134,1341.0888658733736,1460.7740920625336,1580.4593182516937,1700.1445444408535,1819.8297706300123,1939.5149968191722,2059.2002230083317] [-6.645085347719359,-2.6890221204466656,-1.8394197157561365,-1.2294270503378755,-0.7872799991221484,-0.4699214443079285,-0.2493304623563688,-0.10617813901559714,-0.02653250892764447,0.0,-0.03884684008154693,-0.15267190750128634,-0.3286100073553371,-0.5569335205053392,-0.8300987465588605,-1.142130871497642,-1.4882123412972987,-1.8643986503223715,-2.2674168166804236,-2.6945191671938744] False 58015.99999055518 58016.99999055518
413.52331434760555 476.5900816815941 549.2752115212968 7.341619124458028e-13 3.867689689009875e-13 5.328705714177138e-13 7.24794319683015e-11 3.436782671447003e-08 0.006454782310542251 6.709818426516266e-10 2.6317333292091286e-10 2.8883611968837536e-10 2.375105461534504e-10 1.194654248042892e-09 0.00015240554487160846 5.9776692378117816e-05 6.56056891580645e-05 5.394769559817114e-05 0.0002713515031742674 1259.1835215565857 493.8785270515774 542.0380392182675 445.7190148848874 2241.921982789345 27.732511696883023 -127.60775566040797 [0.0,394.02667228218814,502.1712784414877,610.3158846007873,718.4604907600872,826.6050969193874,934.7497030786865,1042.8943092379861,1151.0389153972856,1259.1835215565857,1408.4210117882935,1557.6585020200016,1706.8959922517095,1856.1334824834178,2005.3709727151258,2154.608462946833,2303.845953178541,2453.083443410249,2602.3209336419563,2751.5584238736647] [-13.866255848441511,-2.6989478052595075,-1.8541121223170194,-1.2419714985134362,-0.7956640328576157,-0.47416345685400074,-0.25035824728061584,-0.10533222626639827,-0.025326812030925794,0.0,-0.04037500580237463,-0.15392129744614635,-0.32871823251043963,-0.5556243191789179,-0.8274642576824931,-1.138495148791833,-1.4840437037729544,-1.8602523672171003,-2.263897147488535,-2.6922540273049265] False 58015.99999055518 58016.99999055518
549.2752115212968 633.0528961793416 729.6086933380817 3.9823578131435577e-13 2.0690213893431745e-13 2.870467469840393e-13 5.1886965194944564e-11 3.266993868555033e-08 0.0050664985850430305 3.568999054891343e-10 1.491759084790178e-10 1.6466394224109476e-10 1.336878747169408e-10 6.585655048482107e-10 0.00014302976758916595 5.978313580782439e-05 6.599005779164225e-05 5.3576213824006525e-05 0.0002639240572831954 1243.3511587887078 519.6920363891545 573.6485223093316 465.7355504689773 2294.279631341124 30.283564508636005 -51.15446951480034 [0.0,370.55155121992436,479.65150216602194,588.75145311212,697.8514040582182,806.9513550043159,916.0513059504138,1025.1512568965115,1134.2512078426096,1243.3511587887078,1404.0979045002514,1564.8446502117954,1725.591395923341,1886.3381416348834,2047.084887346429,2207.831633057973,2368.5783787695173,2529.3251244810626,2690.0718701926053,2850.81861590415] [-15.141782254318002,-2.699349879752404,-1.827693718362525,-1.2113082559534618,-0.7697816291910442,-0.4559840030520874,-0.23981455234123672,-0.10082597396930737,-0.02446731107588107,0.0,-0.04175352352439177,-0.15940327421664335,-0.3389814084793983,-0.5700925397129666,-0.8447837264860993,-1.156830300099827,-1.501265975837562,-1.8740631187835959,-2.271908883781464,-2.692044587959103] False 58015.99999055518 58016.99999055518
729.6086933380817 840.8915725798939 969.1477682383326 2.1010743082818735e-13 1.0765975207550862e-13 1.503998467824512e-13 3.6127834529298966e-11 3.020578575510387e-08 0.0038114905993264225 1.1659675694015317e-10 7.771688544308219e-11 8.887401973861256e-11 6.655975114755182e-11 2.8761312306583476e-10 8.244540789186758e-05 5.4953503755934225e-05 6.284269820729868e-05 4.706430930456978e-05 0.00020337084725596404 775.2451843172879 516.7351370742904 590.918286420638 442.55198772794284 1912.3232451284237 10.164503181121745 -63.35930135145631 [0.0,68.755304335158,157.06653933292415,245.3777743306903,333.68900932845656,422.0002443262227,510.3114793239889,598.622714321755,686.933949319521,775.2451843172879,953.3756008156392,1131.50601731399,1309.636433812342,1487.7668503106931,1665.8972668090446,1844.027683307395,2022.1580998057484,2200.2885163040983,2378.4189328024504,2556.5493493008016] [-5.0822515905608725,-2.686856238803557,-1.5701636787098323,-0.9658045982387762,-0.5870551905468844,-0.3383770418915546,-0.1754638527856116,-0.07390783045565996,-0.018724847645408715,0.0,-0.046864545676882585,-0.17844183990176532,-0.37272565687831616,-0.6155485854210951,-0.8971974119968706,-1.2106935504706513,-1.550838240592327,-1.9136451960361853,-2.295984947428124,-2.6953520178593777] False 58015.99999055518 58016.99999055518
2271.3810595726877 2617.821317854317 3017.1020504598932 1.2342160038645428e-14 5.983457105369883e-15 8.593531589448278e-15 6.4385880453620565e-12 1.6736782657485237e-08 0.0007865457014176874 1.0889426404663925e-11 1.0994080745911583e-11 1.3787762313259924e-11 8.20039917856324e-12 3.9759100147223497e-11 7.462511340237989e-05 7.534230839442401e-05 9.448737591462115e-05 5.619724087422686e-05 0.00027246865417928344 1267.1654594293575 1279.3437286494486 1604.434936876182 954.2525204227151 4626.631057718158 9.707578356880518 -14.936766447975778 [0.0,140.79616215881757,281.59232431763513,422.38848647645267,563.1846486352703,703.9808107940877,844.7769729529053,985.5731351117225,1126.3692972705405,1267.1654594293575,1817.0311720119125,2366.8968845944655,2916.762597177021,3466.628309759574,4016.4940223421286,4566.359734924682,5116.2254475072405,5666.091160089793,6215.956872672346,6765.822585254901] [-4.853789178440259,-1.2895941685381551,-0.7198096138527585,-0.4292380553076782,-0.25431187376629794,-0.14306585182256626,-0.0722117285780719,-0.02928238067577027,-0.006818364210316119,0.0,-0.07240628428920104,-0.240453394095411,-0.46380594089053595,-0.7232527952022796,-1.0081267065129715,-1.3118861135377173,-1.6302285578290245,-1.9601726563543735,-2.299567119684383,-2.64680859600551] False 58015.99999055518 58016.99999055518
3017.1020504598932 3477.2827010020824 4007.6519721450045 5.66976319635429e-15 2.7108980818269584e-15 3.920478309264048e-15 3.903743842375006e-12 1.3474761014635344e-08 0.00048084186169394805 8.105415111216582e-12 8.19196214146084e-12 1.0272283373475687e-11 6.111640909445994e-12 2.964144774848755e-11 9.800658614988153e-05 9.905306913184656e-05 0.0001242072628711341 7.389887539255902e-05 0.0003584094167304557 2067.4556704123493 2089.5313008372786 2620.160746509525 1558.9018551650324 7560.671277901253 10.638911805237443 -5.010115880462462 [0.0,229.71729671248318,459.43459342496635,689.1518901374498,918.8691868499327,1148.5864835624159,1378.3037802748995,1608.0210769873838,1837.7383736998654,2067.4556704123493,2967.942696111281,3868.429721810211,4768.91674750914,5669.403773208077,6569.890798907002,7470.377824605935,8370.864850304857,9271.351876003797,10171.838901702733,11072.325927401656] [-5.319455902618722,-1.299174685960887,-0.7245531563529397,-0.43224959030679244,-0.2563798816950049,-0.14450770747097064,-0.07318666766515047,-0.029881592630206733,-0.00709892553526803,0.0,-0.07199132847888645,-0.24029748733642275,-0.464201815712145,-0.7243537740806625,-1.010023032361815,-1.3146353290751591,-1.6338695618144952,-1.9647329401308626,-2.305066803302842,-2.653262824397765] False 58015.99999055518 58016.99999055518
4007.6519721450045 4618.915317184078 5323.411028602609 2.533454974192042e-15 1.1946720996645004e-15 1.7397264076352597e-15 2.302254740391372e-12 1.0552409045890388e-08 0.0002844222478172176 6.108882641339633e-12 6.1469763112001834e-12 7.706647115010541e-12 4.5873055073898264e-12 2.2244385153464234e-11 0.00013032921574889894 0.00013114192052805546 0.0001644165281152922 9.786731294081869e-05 0.00047457013697544114 3511.40421535774 3533.300571987938 4429.804066425523 2636.7970775503527 12786.139852702549 11.486983063136993 -4.8187885482409385 [0.0,390.15602392863786,780.3120478572757,1170.4680717859133,1560.6240957145515,1950.7801196431888,2340.9361435718265,2731.0921675004643,3121.248191429103,3511.40421535774,5034.431428939873,6557.458642522009,8080.485856104142,9603.513069686274,11126.540283268407,12649.567496850541,14172.594710432679,15695.621924014813,17218.649137596953,18741.67635117908] [-5.7434915315684965,-1.30007616884145,-0.7231724140779239,-0.43044068362039845,-0.2546109953463489,-0.14296687064287106,-0.07196810570442658,-0.029039226213894764,-0.006666489103992923,0.0,-0.07325529620707272,-0.24232683635070096,-0.46677995614859924,-0.7273671857693138,-1.0134048205728856,-1.3183427657304918,-1.6378736958961984,-1.9690132495362462,-2.309608212260602,-2.658053932904882] False 58015.99999055518 58016.99999055518
132.83117061068992 153.091119887046 176.4411988580621 1.1742182908754537e-12 8.304208624112691e-13 9.874691720595037e-13 4.292625953443363e-11 6.58398871094677e-09 0.0013696484806112674 4.692829685319627e-09 2.238803394337898e-09 2.4520510533415304e-09 2.0255557353342657e-09 9.12307356741672e-09 0.000109985337761353 5.247059109726593e-05 5.7468453234837816e-05 4.747272895969404e-05 0.00021381648067751223 4752.380953353796 2267.2134560601658 2483.1671941995296 2051.259717920802 9238.843931086261 9.3853505077943 -82.27153257985609 [0.0,739.1344536750956,1240.7902661349337,1742.446078594771,2244.1018910546086,2745.7577035144445,3247.4135159742837,3749.0693284341205,4250.725140893958,4752.380953353796,5433.512641937018,6114.644330520235,6795.776019103453,7476.907707686675,8158.039396269888,8839.171084853106,9520.302773436326,10201.434462019548,10882.566150602765,11563.69783918599] [-4.69267525389715,-2.6976733285871006,-1.852191711765272,-1.2408982521611165,-0.7949932556522725,-0.473424720655359,-0.24939112876285208,-0.10427540464888807,-0.024542297964160298,0.0,-0.041153914240695144,-0.154573536425886,-0.32886180427135514,-0.5552020565312006,-0.8266187567298573,-1.1374886320090951,-1.4832060065730275,-1.8599469192399738,-2.26449867987742,-2.694134035517422] False 58083.99999055518 58084.99999055518
176.4411988580621 203.35272664697808 234.36890988269914 9.737763032999203e-13 6.709495460560321e-13 8.083036364258183e-13 4.668155344046238e-11 9.504814257329652e-09 0.0019418462640090912 3.5793829673143736e-09 1.3641481309172753e-09 1.4906532638229848e-09 1.2376429980115656e-09 6.260696086888003e-09 0.00014801583079632083 5.641070563580036e-05 6.16419878199157e-05 5.117942345168501e-05 0.0002588943795973015 4428.265327546713 1687.667937446511 1844.1748826151531 1531.1609922778687 7745.4755920333855 21.20779135396498 -91.3842154625552 [0.0,1403.907644621768,1781.9523549873861,2159.9970653530036,2538.0417757186215,2916.0864860842407,3294.13119644986,3672.1759068154765,4050.220617181096,4428.265327546713,4929.3754846446955,5430.485641742681,5931.595798840662,6432.705955938643,6933.816113036623,7434.926270134609,7936.036427232589,8437.146584330572,8938.256741428553,9439.366898526538] [-10.60389567698249,-2.7009025124878008,-1.8830203054302217,-1.2752245970891352,-0.8241417501408108,-0.49485983961538693,-0.2632094585421214,-0.11172082476812761,-0.027330851274811607,0.0,-0.038458060495912605,-0.14916595849882697,-0.3211670480160791,-0.5458752315735893,-0.8164298273566857,-1.1272572855748848,-1.4737646360405563,-1.8521196519865413,-2.2590897474111387,-2.6919216537057906] False 58083.99999055518 58084.99999055518
