data/3C454.3_allsed_7d_min11.ecsv
# %ECSV 1.0
# ---
# datatype:
# - {name: e_min, unit: MeV, datatype: float64}
# - {name: e_ref, unit: MeV, datatype: float64}
# - {name: e_max, unit: MeV, datatype: float64}
# - {name: ref_dnde_e_min, unit: ph / (cm2 MeV s), datatype: float64}
# - {name: ref_dnde_e_max, unit: ph / (cm2 MeV s), datatype: float64}
# - {name: ref_dnde, unit: ph / (cm2 MeV s), datatype: float64}
# - {name: ref_flux, unit: ph / (cm2 s), datatype: float64}
# - {name: ref_eflux, unit: MeV / (cm2 s), datatype: float64}
# - {name: ref_npred, datatype: float64}
# - {name: dnde, unit: ph / (cm2 MeV s), datatype: float64}
# - {name: dnde_err, unit: ph / (cm2 MeV s), datatype: float64}
# - {name: dnde_errp, unit: ph / (cm2 MeV s), datatype: float64}
# - {name: dnde_errn, unit: ph / (cm2 MeV s), datatype: float64}
# - {name: dnde_ul, unit: ph / (cm2 MeV s), datatype: float64}
# - {name: e2dnde, unit: MeV / (cm2 s), datatype: float64}
# - {name: e2dnde_err, unit: MeV / (cm2 s), datatype: float64}
# - {name: e2dnde_errp, unit: MeV / (cm2 s), datatype: float64}
# - {name: e2dnde_errn, unit: MeV / (cm2 s), datatype: float64}
# - {name: e2dnde_ul, unit: MeV / (cm2 s), datatype: float64}
# - {name: norm, datatype: float64}
# - {name: norm_err, datatype: float64}
# - {name: norm_errp, datatype: float64}
# - {name: norm_errn, datatype: float64}
# - {name: norm_ul, datatype: float64}
# - {name: ts, datatype: float64}
# - {name: loglike, datatype: float64}
# - {name: norm_scan, datatype: string, subtype: 'float64[20]'}
# - {name: dloglike_scan, datatype: string, subtype: 'float64[20]'}
# - {name: ShowUL, datatype: bool}
# - {name: tstart, datatype: float64}
# - {name: tend, datatype: float64}
# meta: !!omap
# - {UL_CONF: 0.95}
# - {EXTNAME: SED}
# - {CONFIG: '{"bin_index": 2.0, "use_local_index": true, "free_background": false, "free_radius": null, "free_pars": [], "ul_confidence":
#     0.95, "cov_scale": 3.0, "make_plots": false, "write_fits": true, "write_npy": true, "optimizer": {"optimizer": "MINUIT", "tol":
#     0.001, "max_iter": 100, "init_lambda": 0.0001, "retries": 3, "min_fit_quality": 2, "verbosity": 0}, "prefix": "", "outfile": null,
#     "loge_bins": []}'}
# - {SRCNAME: 4FGL J2253.9+1609}
# - {CREATOR: fermipy 1.2.0}
# - {STVER: 2.2.0}
# schema: astropy-2.0
e_min e_ref e_max ref_dnde_e_min ref_dnde_e_max ref_dnde ref_flux ref_eflux ref_npred dnde dnde_err dnde_errp dnde_errn dnde_ul e2dnde e2dnde_err e2dnde_errp e2dnde_errn e2dnde_ul norm norm_err norm_errp norm_errn norm_ul ts loglike norm_scan dloglike_scan ShowUL tstart tend
[from data line 531]
413.52331434760555 476.5900816815941 549.2752115212968 7.214712321353928e-13 3.8221995145018987e-13 5.251292215440872e-13 7.14146813782279e-11 3.38674306088584e-08 0.041226249538419246 3.2160302005965913e-10 7.468943461717668e-11 7.959182904517829e-11 6.978704018917509e-11 4.597638041260966e-10 7.304830084648841e-05 1.696481671396476e-05 1.8078337298996512e-05 1.5851296128933008e-05 0.0001044298796569102 612.4264407035264 142.23058164152485 151.56617796120142 132.89498532184828 875.5250808062243 62.5866112107974 -361.3809433240312 [0.0,328.2052736522811,363.7329195336866,399.26056541509234,434.78821129649805,470.3158571779039,505.8435030593094,541.3711489407151,576.8987948221207,612.4264407035264,651.1826787268691,689.9389167502117,728.6951547735546,767.4513927968965,806.2076308202393,844.9638688435822,883.7201068669242,922.4763448902668,961.2325829136095,999.9888209369523] [-31.2933056053987,-2.7032383236821147,-1.9738975438326634,-1.3882842818837275,-0.9262188101191668,-0.5716467305740593,-0.31156896025555625,-0.13530043052423935,-0.03394269258700433,0.0,-0.03238640007180038,-0.13035804046978683,-0.28787500502909324,-0.49973051284160874,-0.7614016441150966,-1.0689323894515042,-1.4188409216100695,-1.8080452721825395,-2.2338031697200336,-2.693662899853848] False 55690.65603222185 55697.65603222185
549.2752115212968 633.0528961793416 729.6086933380817 3.914984120734814e-13 2.0505296356106726e-13 2.833335660050166e-13 5.120313385633974e-11 3.224552458570738e-08 0.032626083117581584 4.931554774486652e-11 2.5521412156408245e-11 2.8179003196826993e-11 2.2863821115989503e-11 1.00966048854369e-10 1.9763500141065238e-05 1.022785826820433e-05 1.1292903741772593e-05 9.16281279463607e-06 4.0462746781188015e-05 174.05473146091472 90.07549834726032 99.45522372851534 80.69577296600532 356.3504680295498 10.049542609817195 -218.73986682707613 [0.0,24.978928245028822,43.61340364701456,62.2478790490003,80.88235445098603,99.51682985297177,118.15130525495753,136.7857806569432,155.42025605892894,174.05473146091472,202.01833565581327,229.9819398507116,257.94554404560995,285.90914824050844,313.872752435407,341.8363566303054,369.7999608252038,397.76356502010236,425.7271692150009,453.6907734098993] [-5.024771304908597,-2.7020875060813125,-1.786311604213381,-1.166784161716464,-0.7333486068002628,-0.42987884837174306,-0.22320282715205053,-0.09184495587862784,-0.021004339169024888,0.0,-0.04502386743743614,-0.16495885997480286,-0.34584301280051477,-0.5774161585405295,-0.8518998049748916,-1.1632454420977183,-1.5066496484775485,-1.8782292789692576,-2.2747969098138583,-2.693701374477456] False 55690.65603222185 55697.65603222185
729.6086933380817 840.8915725798939 969.1477682383326 2.0807311741271062e-13 1.0755567531112473e-13 1.495976091300095e-13 3.592517058883265e-11 3.0042551264667064e-08 0.024891322199294352 4.955003565816145e-11 1.932676946804578e-11 2.1701951214618952e-11 1.6951587721472606e-11 8.737601067931915e-11 3.503676266905556e-05 1.3665932345296615e-05 1.5345420120535985e-05 1.1986444570057242e-05 6.17834580435045e-05 331.2221094061699 129.19170019120847 145.06883726837253 113.31456311404439 584.0735770274513 24.76295365285125 -133.1888777376077 [0.0,103.99570034124902,132.39900147436418,160.8023026074793,189.2056037405944,217.6089048737095,246.0122060068247,274.41550713993973,302.81880827305486,331.2221094061699,369.4433910332085,407.6646726602473,445.88595428728564,484.10723591432435,522.3285175413631,560.5497991684016,598.7710807954402,636.9923624224789,675.2136440495175,713.4349256765563] [-12.381476826425626,-2.6993534375162938,-1.8654733397864618,-1.2541696977338006,-0.804996249312353,-0.47978673174807795,-0.25275168869029585,-0.10557680622022758,-0.02475084628423474,0.0,-0.04135930601435689,-0.15491813709962798,-0.3292941608815738,-0.5556543471102202,-0.8269989247257854,-1.1376818621319273,-1.4830794890438597,-1.8593552878826074,-2.26328905382573,-2.6921502916764553] False 55690.65603222185 55697.65603222185
969.1477682383326 1116.9661194245136 1287.3303254983532 1.0773694257887177e-13 5.484747542500783e-14 7.687066612473273e-14 2.4532745126627024e-11 2.7241301043075284e-08 0.01818531439316773 4.241575974781147e-11 1.49587740197576e-11 1.626481269513632e-11 1.3652735344378881e-11 7.143426803507448e-11 5.291846649751413e-05 1.8662765597385563e-05 2.0292196834699485e-05 1.703333436007164e-05 8.912234372941013e-05 551.7808272792427 194.59664881119969 211.5867276178475 177.6065700045519 929.2786395159242 28.41300176382248 -176.09808897150225 [0.0,197.65788445769854,241.9232523103915,286.1886201630843,330.4539880157777,374.7193558684706,418.9847237211637,463.2500915738563,507.51545942654957,551.7808272792427,608.6270141739935,665.473201068744,722.319387963495,779.1655748582456,836.0117617529961,892.857948647746,949.7041355424975,1006.5503224372484,1063.3965093319987,1120.2426962267496] [-14.20650088191124,-2.6987693031788638,-1.8955747928528979,-1.2906139196087452,-0.8372230409583494,-0.5038666350725691,-0.2681410753647242,-0.11351124124468015,-0.027399296077987856,0.0,-0.03857801592857868,-0.14819976652614741,-0.318685954143632,-0.5419365139764523,-0.8113953973260664,-1.121678206807502,-1.4683063566467354,-1.8475130057975093,-2.2560986033534505,-2.6913215047752033] False 55690.65603222185 55697.65603222185
1287.3303254983532 1483.6791717563765 1709.9759409858673 5.399183888201557e-14 2.700500918296256e-14 3.818442227943051e-14 1.6196717203972184e-11 2.387963711317512e-08 0.012612468439458735 1.3457218696444752e-11 7.2185631813796e-12 8.051882678056109e-12 6.385243684703094e-12 2.843469822232232e-11 2.9623427793790925e-05 1.5890251173149925e-05 1.7724640618383243e-05 1.4055861727916608e-05 6.259341165717516e-05 352.4269294416952 189.04471379859407 210.86825981372934 167.22116778345884 744.6674985479549 16.140756203173396 -125.00335498258349 [0.0,58.96887227512212,95.65112942094378,132.3333865667654,169.01564371258706,205.6979008584087,242.38015800423025,279.06241515005183,315.7446722958736,352.4269294416952,413.0379937801258,473.6490581185566,534.260122456987,594.871186795418,655.4822511338483,716.093315472279,776.7043798107096,837.3154441491403,897.9265084875711,958.5375728260013] [-8.070378101586698,-2.6772894036546546,-1.7094947298859324,-1.0951134797415136,-0.6799228219782378,-0.39544951359715697,-0.20447641602281408,-0.08421933716341812,-0.019585808594570153,0.0,-0.04656737803949795,-0.1710819862448858,-0.3570220447059427,-0.5927342585622171,-0.8696671764437838,-1.1813462301287672,-1.5227434017093913,-1.8898711112746582,-2.2795104016555428,-2.6890231260855444] False 55690.65603222185 55697.65603222185
1709.9759409858673 1970.7884119509856 2271.3810595726877 2.5980076380153455e-14 1.2731040060669716e-14 1.818662676735276e-14 1.0254221524879341e-11 2.0072148306250328e-08 0.008205116717194816 8.81730887193203e-12 4.819299978894482e-12 5.421899830022877e-12 4.216700127766088e-12 1.9040490732745287e-11 3.424648906832129e-05 1.8718194682909726e-05 2.105869670160772e-05 1.637769266421174e-05 7.395339861691315e-05 484.8237655462413 264.99141597526597 298.1256447048145 231.85718724571757 1046.9501010998542 22.238750706459427 -72.46993031926826 [0.0,90.15045356462066,139.4846175623233,188.81878156002585,238.15294555772834,287.48710955543095,336.8212735531337,386.15543755083627,435.48960154853864,484.8237655462413,572.2927440921367,659.7617226380326,747.2307011839283,834.699679729824,922.1686582757192,1009.6376368216152,1097.1066153675108,1184.5755939134062,1272.0445724593017,1359.5135510051973] [-11.119375353229714,-2.666087244218005,-1.670909918855898,-1.0559192499206915,-0.6491354371049738,-0.3748951260763249,-0.19299329837571122,-0.07942004750516674,-0.01864118885369237,0.0,-0.04808873757671961,-0.17645592259367504,-0.36646479908066,-0.6054559599958225,-0.8844083693667244,-1.1966495068478764,-1.5370944763830607,-1.9017724648753074,-2.2875188973072795,-2.6917679282374536] False 55690.65603222185 55697.65603222185
2271.3810595726877 2617.821317854317 3017.1020504598932 1.1887571258057208e-14 5.688711868791505e-15 8.223440138215577e-15 6.164271487490083e-12 1.6018811356286174e-08 0.004989591661860859 5.3594469753806715e-12 3.1049352511406566e-12 3.5311189107065886e-12 2.6787515915747254e-12 1.2161226487841266e-11 3.672822823252902e-05 2.1278085420934478e-05 2.4198717118461477e-05 1.8357453723407482e-05 8.334074468591712e-05 651.7280949701944 377.57133255114854 429.39680369252545 325.74586140977175 1478.8490319673147 23.614347890385233 -52.334945844600014 [0.0,113.58542481292123,180.8532585825804,248.12109235223946,315.38892612189875,382.65675989155795,449.92459366121705,517.1924274308764,584.4602612005353,651.7280949701944,781.7256178300775,911.7231406899606,1041.7206635498433,1171.7181864097263,1301.7157092696093,1431.7132321294919,1561.710754989375,1691.7082778492575,1821.7058007091405,1951.7033235690233] [-11.807173945192616,-2.685387595455687,-1.6498783078499741,-1.0302363926070157,-0.6285860961844278,-0.36160685790079583,-0.18624539289007913,-0.07732796726615732,-0.01885019196937776,0.0,-0.049218315541651236,-0.18283572547807125,-0.37875310632713877,-0.6226322304635943,-0.9046325623133313,-1.2177019972769898,-1.556610150697523,-1.9173677716828053,-2.296860766938835,-2.6926101184038203] False 55690.65603222185 55697.65603222185
3017.1020504598932 3477.2827010020824 4007.6519721450045 5.111955422866361e-15 2.3799715314574884e-15 3.4880235630657126e-15 3.476725513591006e-12 1.1993282314274645e-08 0.0028233726419123473 3.6001071023229235e-12 2.1486633210028276e-12 2.4442250460989657e-12 1.85310159590669e-12 8.319378354846933e-12 4.353067696487828e-05 2.5980551765392154e-05 2.955433488146681e-05 2.2406768649317493e-05 0.00010059372163671764 1032.133825139271 616.0116989331095 700.7478596132745 531.2755382529446 2385.1267643200263 18.813377297047595 -41.61873728316485 [0.0,155.66194582518463,265.2209307394454,374.77991565370627,484.33890056796696,593.8978854822276,703.4568703964887,813.0158553107497,922.5748402250101,1032.133825139271,1245.9825541937503,1459.8312832482281,1673.6800123027078,1887.5287413571873,2101.3774704116654,2315.2261994661453,2529.074928520623,2742.9236575751033,2956.772386629581,3170.6211156840604] [-9.406688648523797,-2.70433705453884,-1.6406870133560858,-1.0167605195428422,-0.6161872046201324,-0.35174726638179976,-0.17921251966882323,-0.0729799786332137,-0.01687095969746366,0.0,-0.05283370508397667,-0.18988984593232772,-0.3885964067693166,-0.6343987593183016,-0.9173598264527527,-1.2303915440532052,-1.5682597794099848,-1.9269891338120715,-2.303489012646068,-2.695309029360061] False 55690.65603222185 55697.65603222185
7071.149185711414 8149.575733880153 9392.473966813408 2.393408588736291e-16 9.968336978616966e-17 1.5446133283135775e-16 3.625961095648419e-13 2.9238174549136786e-09 0.0002987871428785649 1.5460403070035051e-12 8.95363572748221e-13 1.0182967250713931e-12 7.72430420425049e-13 3.5123191280744026e-12 0.00010268117087011874 5.946609515144526e-05 6.76307723349033e-05 5.1301417967987236e-05 0.000233272728341213 10009.238420151958 5796.684233754391 6592.567255542062 5000.801211966722 22739.148133009985 32.12453863904499 -28.402753857929635 [0.0,1743.7998934986147,2776.9797093302827,3810.159525161949,4843.339340993619,5876.519156825286,6909.698972656954,7942.878788488623,8976.05860432029,10009.238420151958,12021.217537306715,14033.196654461472,16045.175771616237,18057.15488877099,20069.13400592575,22081.113123080497,24093.09224023526,26105.07135739001,28117.050474544772,30129.029591699542] [-16.062269319522496,-2.69952389963629,-1.6475100881440383,-1.0231598699179543,-0.6207950389023331,-0.35473097871870607,-0.18096184249752056,-0.07386215498526738,-0.01719005734483048,0.0,-0.052505467391174676,-0.18939480105692397,-0.3880622632080879,-0.6339226665587212,-0.9170152225948165,-1.2302340970024623,-1.5683318745450912,-1.9273231479015358,-2.3041096921757784,-2.696235230168501] False 55690.65603222185 55697.65603222185
16572.19366947696 19099.851911122612 22013.03884703687 3.113905369876603e-18 1.090440941361199e-18 1.8426963675109258e-18 1.0237976884797228e-14 1.926993588736536e-10 8.59118031737438e-06 2.0743869851762454e-13 2.150241256504607e-13 2.6968369435775185e-13 1.6036455694316957e-13 7.795214544541007e-13 7.567453813105937e-05 7.844173489283143e-05 9.83817829452238e-05 5.8501686840439085e-05 0.0002843728120674348 112573.45603705088 116689.93841937759 146352.75735743417 87027.11948132102 423033.04450915125 15.400980383846141 -3.1842629662925495 [0.0,12508.16178189455,25016.3235637891,37524.48534568363,50032.6471275782,62540.8089094727,75048.97069136726,87557.13247326182,100065.2942551564,112573.45603705088,163565.34889016315,214557.24174327546,265549.1345963876,316541.0274494998,367532.92030261207,418524.81315572426,469516.7060088365,520508.5988619493,571500.4917150611,622492.3845681733] [-7.700490191923071,-1.3361700047423328,-0.7512562318295042,-0.4535089748363097,-0.27341578955919,-0.15780952786447333,-0.08299945858377011,-0.03634552098604038,-0.010301654253582981,0.0,-0.06452754309069686,-0.23127226994920358,-0.4561468297162352,-0.7185861539353828,-1.0073151592298197,-1.3154788422887052,-1.6385967139244668,-1.9735787745788524,-2.318203706343313,-2.67082097836928] False 55690.65603222185 55697.65603222185
100.0 115.25240587974294 132.83117061068992 1.2848372206260185e-11 7.060364740038186e-12 9.524399933432335e-12 3.129382615838439e-10 3.591978042076034e-08 0.04786753691761757 6.558876610914152e-09 1.6144889888784307e-09 1.7031162114058578e-09 1.5258617663510033e-09 9.450297841142591e-09 8.712232581188021e-05 2.144544623307913e-05 2.262269200470836e-05 2.0268200461449902e-05 0.00012552941248586476 688.6393533193968 169.51083534525756 178.81611684822448 160.20555384229064 992.2197626299131 27.87150499452798 -471.76337269029335 [0.0,330.9614382531068,375.6711776363931,420.38091701967943,465.0906564029654,509.8003957862517,554.5101351695382,599.2198745528245,643.9296139361109,688.6393533193968,732.696522938357,776.7536925573166,820.8108621762764,864.8680317952361,908.9252014141955,952.9823710331557,997.0395406521155,1041.0967102710756,1085.1538798900347,1129.2110495089946] [-13.93575249726399,-2.7061917850692794,-2.003254951979386,-1.4249496455543635,-0.9590625648544915,-0.595240948655487,-0.32461636868629284,-0.139521339396822,-0.03327216503140562,0.0,-0.03354889597841293,-0.12850547472055496,-0.2809159030289834,-0.487223573682229,-0.7442152746409079,-1.0489764299520061,-1.3988536051132314,-1.7914228811249018,-2.224463008368673,-2.6959324829556977] False 56285.65603222185 56292.65603222185
