data/3C454.3_allsed_7d_min11.ecsv
# %ECSV 1.0
# ---
# datatype:
# - {name: e_min, unit: MeV, datatype: float64}
# - {name: e_ref, unit: MeV, datatype: float64}
# - {name: e_max, unit: MeV, datatype: float64}
# - {name: ref_dnde_e_min, unit: ph / (cm2 MeV s), datatype: float64}
# - {name: ref_dnde_e_max, unit: ph / (cm2 MeV s), datatype: float64}
# - {name: ref_dnde, unit: ph / (cm2 MeV s), datatype: float64}
# - {name: ref_flux, unit: ph / (cm2 s), datatype: float64}
# - {name: ref_eflux, unit: MeV / (cm2 s), datatype: float64}
# - {name: ref_npred, datatype: float64}
# - {name: dnde, unit: ph / (cm2 MeV s), datatype: float64}
# - {name: dnde_err, unit: ph / (cm2 MeV s), datatype: float64}
# - {name: dnde_errp, unit: ph / (cm2 MeV s), datatype: float64}
# - {name: dnde_errn, unit: ph / (cm2 MeV s), datatype: float64}
# - {name: dnde_ul, unit: ph / (cm2 MeV s), datatype: float64}
# - {name: e2dnde, unit: MeV / (cm2 s), datatype: float64}
# - {name: e2dnde_err, unit: MeV / (cm2 s), datatype: float64}
# - {name: e2dnde_errp, unit: MeV / (cm2 s), datatype: float64}
# - {name: e2dnde_errn, unit: MeV / (cm2 s), datatype: float64}
# - {name: e2dnde_ul, unit: MeV / (cm2 s), datatype: float64}
# - {name: norm, datatype: float64}
# - {name: norm_err, datatype: float64}
# - {name: norm_errp, datatype: float64}
# - {name: norm_errn, datatype: float64}
# - {name: norm_ul, datatype: float64}
# - {name: ts, datatype: float64}
# - {name: loglike, datatype: float64}
# - {name: norm_scan, datatype: string, subtype: 'float64[20]'}
# - {name: dloglike_scan, datatype: string, subtype: 'float64[20]'}
# - {name: ShowUL, datatype: bool}
# - {name: tstart, datatype: float64}
# - {name: tend, datatype: float64}
# meta: !!omap
# - {UL_CONF: 0.95}
# - {EXTNAME: SED}
# - {CONFIG: '{"bin_index": 2.0, "use_local_index": true, "free_background": false, "free_radius": null, "free_pars": [], "ul_confidence":
#     0.95, "cov_scale": 3.0, "make_plots": false, "write_fits": true, "write_npy": true, "optimizer": {"optimizer": "MINUIT", "tol":
#     0.001, "max_iter": 100, "init_lambda": 0.0001, "retries": 3, "min_fit_quality": 2, "verbosity": 0}, "prefix": "", "outfile": null,
#     "loge_bins": []}'}
# - {SRCNAME: 4FGL J2253.9+1609}
# - {CREATOR: fermipy 1.2.0}
# - {STVER: 2.2.0}
# schema: astropy-2.0
e_min e_ref e_max ref_dnde_e_min ref_dnde_e_max ref_dnde ref_flux ref_eflux ref_npred dnde dnde_err dnde_errp dnde_errn dnde_ul e2dnde e2dnde_err e2dnde_errp e2dnde_errn e2dnde_ul norm norm_err norm_errp norm_errn norm_ul ts loglike norm_scan dloglike_scan ShowUL tstart tend
[from data line 2608]
100.0 115.25240587974294 132.83117061068992 1.7993605760651123e-11 9.485541461795514e-12 1.306442090143526e-11 4.297488330434927e-10 4.927922582857857e-08 0.11227524702497164 7.973892492117607e-09 1.268665231708866e-09 1.3257886280706533e-09 1.2115418353470787e-09 1.0207707700621845e-08 0.00010591814740517743 1.68518287840971e-05 1.7610605544896563e-05 1.6093052023297637e-05 0.00013559017631253548 610.3517754270755 97.10841691953527 101.48085690694502 92.73597693212552 781.3364080684529 77.10190607294271 -778.9934368657308 [0.0,399.8692593646857,426.17957387248424,452.4898883802833,478.80020288808174,505.11051739588055,531.4208319036791,557.7311464114782,584.0414609192769,610.3517754270755,634.9611470241358,659.5705186211956,684.179890218256,708.789261815316,733.3986334123764,758.0080050094364,782.6173766064967,807.2267482035569,831.8361198006169,856.4454913976773] [-38.550953036471356,-2.7029168801186643,-2.0224740234780256,-1.4532558061462169,-0.9876927772315867,-0.6190161631475348,-0.3411445635659902,-0.14859045389175662,-0.03638241917258256,0.0,-0.03094284983023954,-0.1215150584029061,-0.2688578552196077,-0.4703263289800361,-0.7234678346653709,-1.026003120754467,-1.3758097692538058,-1.7709076114089157,-2.209445838547367,-2.6896915734101867] False 59904.65603222185 59911.65603222185
132.83117061068992 153.091119887046 176.4411988580621 9.860014590664552e-12 5.169595275137554e-12 7.139487715563834e-12 3.1200547793965576e-10 4.75177180220227e-08 0.11144994085596405 5.510497296323069e-09 7.34533394482561e-10 7.675696789221533e-10 7.014971100429687e-10 6.802913230235424e-09 0.00012914892442507974 1.7215179093731626e-05 1.7989446890799828e-05 1.6440911296663427e-05 0.0001594391357796866 771.8337107451529 102.88320727568502 107.51046986871035 98.25594468265972 952.8573339240166 134.48865322601478 -862.265693208127 [0.0,546.9630795545011,575.0719084533324,603.1807373521641,631.2895662509959,659.3983951498269,687.5072240486583,715.6160529474897,743.7248818463218,771.8337107451529,797.9301546802981,824.0265986154429,850.1230425505873,876.2194864857323,902.3159304208773,928.4123743560222,954.5088182911674,980.6052622263118,1006.7017061614567,1032.7981500966023] [-67.24432661300739,-2.7064581079106347,-2.027585921812829,-1.4585523042799196,-0.992296566013465,-0.6224620008083548,-0.34330215490842875,-0.14960250167280265,-0.036614540901155124,0.0,-0.030895219502895088,-0.12125794529254108,-0.26837111161466964,-0.4697113081557518,-0.7229301798413417,-1.0258380527799318,-1.3763894698540753,-1.7726703712389735,-2.2128866973680488,-2.695354226527911] False 59904.65603222185 59911.65603222185
176.4411988580621 203.35272664697808 234.36890988269914 5.372768147965283e-12 2.7992210473522975e-12 3.87808788996954e-12 2.2516245373841034e-10 4.5543318863301666e-08 0.10098094744562322 3.2275667486501414e-09 4.2411890275688016e-10 4.4331257273267683e-10 4.0492523278108344e-10 3.9735512562242584e-09 0.0001334674099179933 1.753830543454951e-05 1.8332008436838068e-05 1.6744602432260948e-05 0.00016431560852039486 832.257246412095 109.36289088595446 114.31215209930654 104.41362967260235 1024.6160914768407 149.67549339567017 -772.3699920011771 [0.0,593.2983764311533,623.1682351787708,653.0380939263886,682.9079526740067,712.7778114216238,742.647670169242,772.5175289168595,802.387387664477,832.257246412095,860.0128897843514,887.768533156608,915.5241765288641,943.27981990112,971.0354632733762,998.7911066456327,1026.5467500178893,1054.3023933901454,1082.0580367624023,1109.813680134658] [-74.83774669783509,-2.707476427744268,-2.026890189309256,-1.456895940641175,-0.9902517855827,-0.6204485481160873,-0.34161077766259496,-0.14841427134467722,-0.03601686853164665,0.0,-0.03144980088950433,-0.12236705656516733,-0.2699858388896246,-0.4717397435865678,-0.7252425122720751,-1.0282710004158844,-1.3787501537227627,-1.7747397113080297,-2.2144223995131824,-2.696093417421139] False 59904.65603222185 59911.65603222185
234.36890988269914 270.1158072739371 311.3149665447022 2.9057534710872533e-12 1.5028774608351317e-12 2.089734767486174e-12 1.6120096015375045e-10 4.3303343880554376e-08 0.08553148073405398 1.405685797779083e-09 2.2420324239031823e-10 2.3687249245742834e-10 2.1153399232320815e-10 1.8118363498697791e-09 0.00010256241937594037 1.6358440134923585e-05 1.7282820918036414e-05 1.5434059351810764e-05 0.00013219619907202173 672.6623012881386 107.28789408046329 113.35050559663692 101.22528256428967 867.0173737164309 105.35978498705822 -641.1460906852553 [0.0,446.0895824164147,474.4111722753805,502.73276213434593,531.0543519933111,559.3759418522769,587.6975317112422,616.0191215702077,644.3407114291731,672.6623012881386,700.6151834219938,728.5680655558492,756.5209476897049,784.4738298235601,812.4267119574159,840.3795940912711,868.3324762251267,896.2853583589826,924.2382404928373,952.1911226266934] [-52.67989249352911,-2.696292070875643,-2.0155359915381723,-1.4490033303260361,-0.9874176137001314,-0.6226531118383036,-0.34754628791256437,-0.15574505706058517,-0.04158699657091347,0.0,-0.025657629821239425,-0.11359641048807134,-0.26021517214519463,-0.46223303231818136,-0.7166513947960311,-1.0207215251036814,-1.3719167364008626,-1.7679084111833845,-2.2065452332026325,-2.685835120960405] False 59904.65603222185 59911.65603222185
311.3149665447022 358.7979888064861 413.52331434760555 1.5561069561712122e-12 7.980437315200058e-13 1.1143793797208874e-12 1.1421564934412682e-10 4.074672154798289e-08 0.06940422444133526 7.240341961355185e-10 1.2748994064936639e-10 1.3465311486562605e-10 1.203267664331067e-10 9.525470813254862e-10 9.320926393621515e-05 1.641254458784567e-05 1.7334702960624335e-05 1.5490386215067003e-05 0.0001226270979862951 649.7196639773281 114.40443261010277 120.83238196614145 107.97648325406408 854.7780932235713 105.06320033928023 -549.91991998592 [0.0,409.5704261231332,439.5890808549073,469.60773558668177,499.62639031845623,529.6450450502307,559.663699782005,589.6823545137793,619.7010092455536,649.7196639773281,679.4753738619947,709.231083746662,738.986793631328,768.7425035159948,798.4982134006619,828.2539232853284,858.0096331699948,887.7653430546618,917.5210529393282,947.2767628239953] [-52.531600169640114,-2.6929228889517844,-1.9905692355308702,-1.4137022293607515,-0.9498019162268747,-0.588230734528679,-0.31986524895842194,-0.13681487154940442,-0.032203842183662346,0.0,-0.034295965954811436,-0.12989805093411633,-0.2826932409349183,-0.4889913675177695,-0.7454675288338422,-1.0491141343518393,-1.3972006880113668,-1.787239844330884,-2.21695858782914,-2.6842736261550044] False 59904.65603222185 59911.65603222185
413.52331434760555 476.5900816815941 549.2752115212968 8.227689782329261e-13 4.178578745675657e-13 5.863450319603117e-13 7.984409975512746e-11 3.782725495758874e-08 0.05455612115584585 3.0046562727238e-10 6.578775924919393e-11 6.998614557960728e-11 6.15893729187806e-11 4.219052174443462e-10 6.824719348391101e-05 1.4942907031034684e-05 1.5896520550201656e-05 1.3989293511867711e-05 9.583075198379832e-05 512.4382588658443 112.19973848716252 119.36000437425803 105.03947260006703 719.5511080460624 73.30363375354477 -431.23487371810035 [0.0,287.1207175508409,315.2854102152161,343.4501028795916,371.61479554396703,399.7794882083424,427.9441808727177,456.10887353709313,484.2735662014686,512.4382588658443,542.8526517260098,573.2670445861754,603.6814374463409,634.0958303065066,664.5102231666722,694.9246160268382,725.3390088870034,755.7534017471693,786.1677946073346,816.5821874675005] [-36.651816876772386,-2.704081335338685,-1.9831139204883357,-1.4005869690306554,-0.9384004180981265,-0.5819085442464029,-0.31907923106228964,-0.13989684960807836,-0.03592812291873315,0.0,-0.03053431868079315,-0.12657453616373004,-0.28236626932954323,-0.49290974461894166,-0.7538311924299137,-1.0612807814426901,-1.411850739021645,-1.8025090186629882,-2.2305450791180306,-2.6935251980588646] False 59904.65603222185 59911.65603222185
549.2752115212968 633.0528961793416 729.6086933380817 4.280013990978419e-13 2.1489985377885574e-13 3.0327782326321137e-13 5.488134886499882e-11 3.452748766138781e-08 0.04114128127389349 1.580074304005102e-10 3.848485314849569e-11 4.10881383303541e-11 3.588156796663728e-11 2.2956199999041734e-10 6.332242093640547e-05 1.5423034629243135e-05 1.6466316705822064e-05 1.4379752552664205e-05 9.199834183462156e-05 520.9989596350318 126.89636431179186 135.48019399589984 118.31253462768387 756.9363216880619 68.53772208439 -303.4322663455569 [0.0,272.1263820402596,303.2354542396059,334.3445264389526,365.45359863829907,396.5626708376456,427.6717430369924,458.7808152363386,489.88988743568524,520.9989596350318,555.8413475572712,590.6837354795105,625.5261234017496,660.368511323989,695.210899246228,730.0532871684674,764.8956750907068,799.738063012946,834.5804509351854,869.4228388574244] [-34.268861042195,-2.7034538375612556,-1.9657368772318478,-1.377631228076666,-0.9163979743950108,-0.5642738176019293,-0.307094605312102,-0.13336888062605112,-0.033634532674000184,0.0,-0.03262352430272131,-0.13194154294427562,-0.29128244456131824,-0.5049566237578915,-0.7680699787022718,-1.0763800871241642,-1.4261837771785508,-1.8142281601710124,-2.237639447634649,-2.69386542370313] False 59904.65603222185 59911.65603222185
729.6086933380817 840.8915725798939 969.1477682383326 2.1806502249315512e-13 1.0805833800482287e-13 1.535048660713879e-13 3.6914919164506e-11 3.0839500355278146e-08 0.029884609661630535 1.1991177107603116e-10 2.6958109481502578e-11 2.915906392665144e-11 2.4757155036353715e-11 1.6936185947777822e-10 8.47894498684386e-05 1.9062042466043077e-05 2.0618334353945722e-05 1.750575057814043e-05 0.00011975553996872805 781.159413019948 175.61729586452086 189.95530677894556 161.27928495009616 1103.2996139615273 107.31833742857441 -233.46736986993807 [0.0,434.9375765762012,478.2153061316697,521.4930356871379,564.7707652426063,608.0484947980749,651.3262243535431,694.6039539090117,737.8816834644797,781.159413019948,828.650472435371,876.1415318507936,923.6325912662167,971.1236506816388,1018.6147100970612,1066.105769512484,1113.5968289279067,1161.0878883433293,1208.5789477587516,1256.0700071741737] [-53.659168714287205,-2.7042523351639716,-1.968264673110923,-1.3795122371161597,-0.9167080125048983,-0.5629754451366011,-0.30469408836535194,-0.13070249127042644,-0.03173275491099048,0.0,-0.03473207297849967,-0.135068797387504,-0.29468657579687374,-0.5081537137845373,-0.7707683207435707,-1.0784317016987472,-1.427548259777808,-1.8149454824615248,-2.237809338534703,-2.6936316385060763] False 59904.65603222185 59911.65603222185
969.1477682383326 1116.9661194245136 1287.3303254983532 1.0824045148046147e-13 5.2824639330203714e-14 7.561588993322616e-14 2.4167253301509417e-11 2.6808752535701877e-08 0.020811582875023493 5.7004238315538585e-11 1.5331243430660384e-11 1.6545321212046516e-11 1.4117165649274253e-11 8.616400247586515e-11 7.111924655959478e-05 1.9127463392719167e-05 2.0642162994509826e-05 1.7612763790928508e-05 0.00010749935649911493 753.8658655723963 202.75161006765757 218.8074652914504 186.69575484386476 1139.49597831823 81.1914426575305 -215.58616799129504 [0.0,366.0107205479003,414.49261367596233,462.9745068040243,511.45639993208636,559.9382930601482,608.4201861882103,656.9020793162724,705.3839724443346,753.8658655723963,811.4760971884302,869.0863288044646,926.6965604204987,984.3067920365323,1041.917023652567,1099.527255268601,1157.137486884635,1214.7477185006692,1272.3579501167035,1329.9681817327369] [-40.59572132876525,-2.6984212828031957,-1.9311032146460718,-1.3341128404356368,-0.8755510789459322,-0.5318394786781369,-0.28504116485012787,-0.12118316882845193,-0.029161288368044325,0.0,-0.036988174105886173,-0.14228897754537684,-0.3076643163129802,-0.5263108917501427,-0.7925428076086973,-1.10155767469152,-1.449261109731907,-1.8321329243714217,-2.247123630277798,-2.691573355230787] False 59904.65603222185 59911.65603222185
1287.3303254983532 1483.6791717563765 1709.9759409858673 5.200056386475654e-14 2.4933270738942272e-14 3.600755667103277e-14 1.5296424840222878e-11 2.2529859690017767e-08 0.013801246655529176 2.215927083730911e-11 8.228833350518342e-12 9.07327613745199e-12 7.384390563584696e-12 3.8708904082495073e-11 4.877928897636967e-05 1.8114162821075287e-05 1.9973038008362333e-05 1.6255287633788243e-05 8.521006092941882e-05 615.4061226580176 228.53073385949133 251.98255522711503 205.07891249186767 1075.0216804806273 45.95966718864281 -160.73738136694342 [0.0,220.84125396941857,270.1618625554936,319.4824711415684,368.8030797276433,418.1236883137181,467.44429689979296,516.764905485868,566.0855140719425,615.4061226580176,684.794122796528,754.1821229350386,823.5701230735488,892.9581232120591,962.3461233505697,1031.7341234890805,1101.1221236275903,1170.510123766101,1239.8981239046116,1309.2861240431218] [-22.979833594321406,-2.6955526311627125,-1.8732502775750675,-1.2686560940756806,-0.8227902911302465,-0.49815081285095175,-0.26935091580577364,-0.11837274342647675,-0.031945751136902345,0.0,-0.032567408036641154,-0.14104405431962164,-0.31298253799837994,-0.5388356566117238,-0.8111109992193235,-1.1238143249179018,-1.4720705532372165,-1.8518582102971948,-2.2598187321601984,-2.693116559074639] False 59904.65603222185 59911.65603222185
1709.9759409858673 1970.7884119509856 2271.3810595726877 2.3986972343114707e-14 1.1268184040167918e-14 1.6440487186474542e-14 9.284355037325166e-12 1.8155616141059448e-08 0.008604504496479537 1.57093987251185e-11 5.627074762919407e-12 6.161147050694767e-12 5.0930024751440466e-12 2.6837349448109645e-11 6.101541405929988e-05 2.1855597569955653e-05 2.3929938055317885e-05 1.9781257084593416e-05 0.00010423645217001651 955.5312167417087 342.26934391267656 374.75453013116874 309.78415769418433 1632.393805834934 39.03604495202066 -74.69843452916987 [0.0,345.2594114374018,421.54338710044016,497.8273627634784,574.1113384265171,650.3953140895551,726.6792897525935,802.9632654156318,879.2472410786703,955.5312167417087,1058.3683538288324,1161.2054909159574,1264.0426280030815,1366.879765090206,1469.71690217733,1572.5540392644548,1675.3911763515785,1778.2283134387028,1881.0654505258267,1983.9025876129515] [-19.51802247601033,-2.698660701227027,-1.8728162373400323,-1.262459613761493,-0.8118732726034636,-0.48470402233130017,-0.2558564130283685,-0.1072480317055522,-0.025402822196213037,0.0,-0.041066404272442014,-0.15488968670354097,-0.32984311136335975,-0.5568926076700791,-0.8288766038837565,-1.1400203719275055,-1.4855986391520162,-1.8616951593071178,-2.265027556582467,-2.69281723365728] False 59904.65603222185 59911.65603222185
