data/3C454.3_allsed_7d_min11.ecsv
# %ECSV 1.0
# ---
# datatype:
# - {name: e_min, unit: MeV, datatype: float64}
# - {name: e_ref, unit: MeV, datatype: float64}
# - {name: e_max, unit: MeV, datatype: float64}
# - {name: ref_dnde_e_min, unit: ph / (cm2 MeV s), datatype: float64}
# - {name: ref_dnde_e_max, unit: ph / (cm2 MeV s), datatype: float64}
# - {name: ref_dnde, unit: ph / (cm2 MeV s), datatype: float64}
# - {name: ref_flux, unit: ph / (cm2 s), datatype: float64}
# - {name: ref_eflux, unit: MeV / (cm2 s), datatype: float64}
# - {name: ref_npred, datatype: float64}
# - {name: dnde, unit: ph / (cm2 MeV s), datatype: float64}
# - {name: dnde_err, unit: ph / (cm2 MeV s), datatype: float64}
# - {name: dnde_errp, unit: ph / (cm2 MeV s), datatype: float64}
# - {name: dnde_errn, unit: ph / (cm2 MeV s), datatype: float64}
# - {name: dnde_ul, unit: ph / (cm2 MeV s), datatype: float64}
# - {name: e2dnde, unit: MeV / (cm2 s), datatype: float64}
# - {name: e2dnde_err, unit: MeV / (cm2 s), datatype: float64}
# - {name: e2dnde_errp, unit: MeV / (cm2 s), datatype: float64}
# - {name: e2dnde_errn, unit: MeV / (cm2 s), datatype: float64}
# - {name: e2dnde_ul, unit: MeV / (cm2 s), datatype: float64}
# - {name: norm, datatype: float64}
# - {name: norm_err, datatype: float64}
# - {name: norm_errp, datatype: float64}
# - {name: norm_errn, datatype: float64}
# - {name: norm_ul, datatype: float64}
# - {name: ts, datatype: float64}
# - {name: loglike, datatype: float64}
# - {name: norm_scan, datatype: string, subtype: 'float64[20]'}
# - {name: dloglike_scan, datatype: string, subtype: 'float64[20]'}
# - {name: ShowUL, datatype: bool}
# - {name: tstart, datatype: float64}
# - {name: tend, datatype: float64}
# meta: !!omap
# - {UL_CONF: 0.95}
# - {EXTNAME: SED}
# - {CONFIG: '{"bin_index": 2.0, "use_local_index": true, "free_background": false, "free_radius": null, "free_pars": [], "ul_confidence":
#     0.95, "cov_scale": 3.0, "make_plots": false, "write_fits": true, "write_npy": true, "optimizer": {"optimizer": "MINUIT", "tol":
#     0.001, "max_iter": 100, "init_lambda": 0.0001, "retries": 3, "min_fit_quality": 2, "verbosity": 0}, "prefix": "", "outfile": null,
#     "loge_bins": []}'}
# - {SRCNAME: 4FGL J2253.9+1609}
# - {CREATOR: fermipy 1.2.0}
# - {STVER: 2.2.0}
# schema: astropy-2.0
e_min e_ref e_max ref_dnde_e_min ref_dnde_e_max ref_dnde ref_flux ref_eflux ref_npred dnde dnde_err dnde_errp dnde_errn dnde_ul e2dnde e2dnde_err e2dnde_errp e2dnde_errn e2dnde_ul norm norm_err norm_errp norm_errn norm_ul ts loglike norm_scan dloglike_scan ShowUL tstart tend
[from data line 37]
311.3149665447022 358.7979888064861 413.52331434760555 1.3660944555235248e-12 7.231497080148941e-13 9.93926962423598e-13 1.0177142836290767e-10 3.633436791040107e-08 0.05098663246024954 2.4630279725515294e-09 2.359067922347309e-10 2.4331328454520934e-10 2.285002999242524e-10 2.8736410976370915e-09 0.00031708036112270327 3.0369696043523945e-05 3.132317821369443e-05 2.941621387335346e-05 0.00036994105106808627 2478.0774299005493 237.34821687450173 244.79996392482667 229.8964698241768 2891.199460602202 514.8340255245162 -709.5113411958193 [0.0,1963.3662317454507,2027.7051315148387,2092.044031284227,2156.382931053614,2220.7218308229994,2285.0607305923877,2349.399630361774,2413.7385301311624,2478.0774299005493,2537.455955701105,2596.834481501659,2656.2130073022126,2715.5915331027686,2774.970058903323,2834.348584703879,2893.7271105044347,2953.105636304989,3012.4841621055425,3071.8626879061] [-257.4170127622581,-2.706349583351084,-2.037734599571877,-1.4738026078996427,-1.0088706230752678,-0.6377167538270214,-0.35553099479272987,-0.15787246591355597,-0.040632105743611646,0.0,-0.0274128717695703,-0.1144630088441545,-0.25871671682261876,-0.45788952336727107,-0.7098340719760472,-1.0125292288828405,-1.364070259264281,-1.762659948514056,-2.2066005609385684,-2.6942865423247895] False 54724.65603222185 54731.65603222185
413.52331434760555 476.5900816815941 549.2752115212968 7.455544218519688e-13 3.9083116137894714e-13 5.398017233796268e-13 7.343305450714485e-11 3.481594178447853e-08 0.04143398551763988 1.585198675439716e-09 1.5543124724525158e-10 1.6042344476138232e-10 1.504390497291209e-10 1.8567809650360522e-09 0.00036005902470534793 3.5304359105862355e-05 3.643827739424087e-05 3.4170440817483854e-05 0.00042174571157579813 2936.631371821117 287.9413690495785 297.18957501097344 278.6931630881836 3439.7462709288766 538.6027333815832 -737.0868427404286 [0.0,2315.3034593267985,2392.969448388589,2470.6354374503785,2548.3014265121683,2625.9674155739576,2703.6334046357492,2781.299393697537,2858.9653827593274,2936.631371821117,3008.9028839715143,3081.1743961219095,3153.4459082723047,3225.7174204226976,3297.988932573096,3370.2604447234917,3442.531956873887,3514.8034690242807,3587.0749811746773,3659.3464933250716] [-269.3013666907916,-2.7061755129461744,-2.0380176517822974,-1.474689775667116,-1.0103430053917464,-0.6396169785559778,-0.357586195664112,-0.15971359562377074,-0.04181021597275958,0.0,-0.026285253640139672,-0.11264888584798882,-0.25656841450427237,-0.45568085509273715,-0.7077693741931625,-1.0107513217978976,-1.3626674740285125,-1.7616723414488433,-2.2060254180655647,-2.694083262931258] False 54724.65603222185 54731.65603222185
549.2752115212968 633.0528961793416 729.6086933380817 4.0031855082057844e-13 2.0747078234041796e-13 2.881916080043407e-13 5.209789665496085e-11 3.280083595827231e-08 0.032339828292496264 7.660644990218442e-10 8.638026212692245e-11 9.053437359121371e-11 8.222615066263119e-11 9.1899725320706e-10 0.00030700492089858806 3.46174056823366e-05 3.628219064904251e-05 3.295262071563069e-05 0.0003682936350491397 2658.1776767431247 299.7320523143804 314.14646046823856 285.3176441605222 3188.84113097845 444.7844785627706 -473.1940821378971 [0.0,2007.9718053297713,2089.2475392564393,2170.5232731831084,2251.799007109778,2333.0747410364484,2414.3504749631174,2495.626208889788,2576.901942816457,2658.1776767431247,2734.749000767154,2811.320324791181,2887.89164881521,2964.462972839237,3041.034296863264,3117.605620887291,3194.1769449113203,3270.7482689353465,3347.3195929593735,3423.890916983401] [-222.3922392813853,-2.705229714091388,-2.024098236757311,-1.4543965170684032,-0.9885478388893603,-0.6197359223025387,-0.3418055408801024,-0.1491789523946636,-0.03678520494474924,0.0,-0.030715635844558165,-0.12153336287792627,-0.2694508025985556,-0.47168878853460683,-0.7256695800368789,-1.0289976854307952,-1.37944292684125,-1.7749254382314348,-2.2135023367434314,-2.6933558474180472] False 54724.65603222185 54731.65603222185
729.6086933380817 840.8915725798939 969.1477682383326 2.10526512169702e-13 1.0768107974950415e-13 1.5056467761839327e-13 3.616950993818551e-11 3.0239349826556375e-08 0.024337585676718954 3.6454805397121e-10 4.908222402285127e-11 5.1805469035495924e-11 4.635897901020663e-11 4.526866436989849e-10 0.00025777143202421806 3.470597369943177e-05 3.663157653564293e-05 3.2780370863220614e-05 0.0003200941086733652 2421.205688728391 325.98764065533584 344.074519036909 307.9007622737627 3006.592587713839 340.05011874576735 -354.3355197618324 [0.0,1727.4668445130962,1814.1842000400077,1900.9015555669203,1987.618911093831,2074.3362666207427,2161.053622147655,2247.770977674567,2334.4883332014792,2421.205688728391,2505.981279630373,2590.7568705323583,2675.532461434343,2760.308052336327,2845.0836432383094,2929.859234140294,3014.634825042277,3099.410415944263,3184.1860068462456,3268.9615977482285] [-170.02505937288367,-2.7012579442553033,-2.0101007269072966,-1.437095447196043,-0.9723226471525095,-0.6070773355738766,-0.3336772274717532,-0.14530754559962133,-0.03589430307545172,0.0,-0.0312855202792548,-0.12403716975097723,-0.27451250983995124,-0.4793050538768284,-0.7353049683872541,-1.0396653800322042,-1.3897733527103355,-1.7832247768990328,-2.217802553317483,-2.6914575641591796] False 54724.65603222185 54731.65603222185
969.1477682383326 1116.9661194245136 1287.3303254983532 1.0786255628655322e-13 5.4334794481197095e-14 7.655514240105889e-14 2.4440551081831485e-11 2.7132173649565145e-08 0.017549571234216854 2.556273542749699e-10 3.395826402490444e-11 3.5814949232397354e-11 3.210157881741153e-11 3.164583242917765e-10 0.00031892409009003184 4.236678224792062e-05 4.4683207428875046e-05 4.0050357066966195e-05 0.00039481761806135996 3339.127147537437 443.5791373361059 467.8320503248384 419.32622434737334 4133.730463642888 414.8698832913161 -282.7758417944449 [0.0,2394.7714985558805,2512.815954678576,2630.8604108012687,2748.9048669239633,2866.9493230466587,2984.993779169353,3103.038235292047,3221.082691414741,3339.127147537437,3454.2391820629628,3569.3512165884877,3684.463251114016,3799.5752856395425,3914.6873201650687,4029.799354690595,4144.91138921612,4260.023423741647,4375.135458267175,4490.2474927927] [-207.43494164565806,-2.7013217156391534,-2.009379398968292,-1.4358235563790345,-0.9707352331453194,-0.605402881307441,-0.33213299665993645,-0.14409660795524815,-0.03520375006633003,0.0,-0.03194943845284115,-0.12519637855479004,-0.2760094656380261,-0.4809906182117629,-0.7370362937953132,-1.0413042416844291,-1.391184833443333,-1.784276233270134,-2.218362805742572,-2.691396266124684] False 54724.65603222185 54731.65603222185
1287.3303254983532 1483.6791717563765 1709.9759409858673 5.348716553646507e-14 2.647166184274097e-14 3.7628369071858744e-14 1.5966656750617414e-11 2.353459123962815e-08 0.012036966610127986 7.516789653689191e-11 1.5550166295531625e-11 1.6722053312005817e-11 1.4378279279057433e-11 1.0427986082230194e-10 0.00016546738265166503 3.423064147414211e-05 3.6810320915940565e-05 3.1650962032343663e-05 0.0002295516627244931 1997.638972694887 413.2564519561168 444.40016201796516 382.1127418942684 2771.309610128441 170.52773983687257 -147.3958021997965 [0.0,1164.7852877351927,1268.8919983551546,1372.9987089751169,1477.1054195950778,1581.2121302150395,1685.3188408350022,1789.4255514549639,1893.5322620749253,1997.638972694887,2111.381491502761,2225.1240103106347,2338.8665291185107,2452.609047926384,2566.351566734257,2680.0940855421327,2793.836604350007,2907.5791231578796,3021.321641965756,3135.064160773629] [-85.26386991843628,-2.7037424260107343,-1.9699484739819582,-1.3816356868714479,-0.9184347748849007,-0.5640143210741257,-0.3050740466747186,-0.13063447680465856,-0.031523872903107986,0.0,-0.035070892300382184,-0.13561609570041355,-0.2953569110818819,-0.5088839021955209,-0.771502765482694,-1.0791130183825999,-1.428111444105724,-1.8153144544387203,-2.2378950804950364,-2.6933313969136066] False 54724.65603222185 54731.65603222185
1709.9759409858673 1970.7884119509856 2271.3810595726877 2.5466982681830493e-14 1.2348564325701302e-14 1.7733602956762738e-14 1.0002604366431302e-11 1.9574751853127305e-08 0.00774775401772998 5.294434012286239e-11 1.1264319451738626e-11 1.2043094782034292e-11 1.0485544121442962e-11 7.3940225491518e-11 0.00020563618577759948 4.375069520293646e-05 4.677546400972601e-05 4.072592639614691e-05 0.0002871843507790868 2985.537696538535 635.1963263868474 679.1115607695299 591.2810920041651 4169.498193446401 171.76225336400006 -154.1039231882918 [0.0,1725.887017559952,1883.343352432276,2040.799687304597,2198.25602217692,2355.7123570492436,2513.1686919215667,2670.6250267938876,2828.0813616662117,2985.537696538535,3160.4355042612992,3335.333311984069,3510.231119706835,3685.128927429602,3860.0267351523694,4034.924542875138,4209.822350597905,4384.720158320671,4559.617966043437,4734.515773766203] [-85.88112668200003,-2.7037317589232543,-1.971767359025506,-1.3851060785049185,-0.9231105621279028,-0.5692814601408145,-0.31021563242472894,-0.13487378167204156,-0.03405316848198936,0.0,-0.03246148759501466,-0.13149094320993981,-0.29053801146753244,-0.5039803994009162,-0.7669558463887256,-1.075230566358755,-1.4250950406532752,-1.8132805986708718,-2.236891992511204,-2.6933524155533064] False 54724.65603222185 54731.65603222185
2271.3810595726877 2617.821317854317 3017.1020504598932 1.1530444711727594e-14 5.459872411625849e-15 7.934403378663002e-15 5.950000996414583e-12 1.5458155089491488e-08 0.0046667869683542085 2.5187366596992026e-11 6.599667196665202e-12 7.1259713473431885e-12 6.073363045987217e-12 3.777069861074921e-11 0.0001726087324308295 4.5227443087192356e-05 4.883419935414011e-05 4.16206868202446e-05 0.0002588421614114635 3174.449973734036 831.778633087002 898.1105455901286 765.4467205838755 4760.370352775512 123.08079904768019 -81.36125830910585 [0.0,1596.489757102199,1793.7347841811797,1990.9798112601577,2188.2248383391384,2385.4698654181184,2582.714892497097,2779.959919576078,2977.204946655057,3174.449973734036,3411.3398108116726,3648.229647889309,3885.119484966943,4122.00932204458,4358.899159122215,4595.788996199852,4832.678833277488,5069.568670355123,5306.45850743276,5543.348344510392] [-61.540399523840094,-2.7021938857987635,-1.9376851514404905,-1.341409167375872,-0.8824878448510987,-0.5378574300316501,-0.28983120683933805,-0.12454526895265872,-0.03092886004380091,0.0,-0.03537950302100512,-0.1400948737426262,-0.30560059771981685,-0.524843563391741,-0.7919342063741652,-1.1019035903927517,-1.4505207941656408,-1.834153475518903,-2.2496599069030054,-2.6943043210791444] False 54724.65603222185 54731.65603222185
3017.1020504598932 3477.2827010020824 4007.6519721450045 4.9063231150235994e-15 2.2602507343201347e-15 3.330093155385283e-15 3.3207203033855216e-12 1.1452284881993001e-08 0.002619922476083003 6.371608192695878e-12 2.8421240473629142e-12 3.1607321563690084e-12 2.523515938356819e-12 1.2246867332434005e-11 7.704226849363811e-05 3.436552865886655e-05 3.8217977010357556e-05 3.051308030737553e-05 0.00014808293490377547 1913.342328694915 853.4668295290039 949.1422638605796 757.7913951974281 3677.6350573343266 52.97283952307873 -56.372104875732404 [0.0,543.492504902651,714.7237328766839,885.9549608507167,1057.1861888247504,1228.4174167987833,1399.6486447728169,1570.8798727468493,1742.1111007208824,1913.342328694915,2186.486057674382,2459.6297866538507,2732.7735156333165,3005.917244612783,3279.0609735922512,3552.204702571717,3825.3484315511837,4098.492160530652,4371.635889510117,4644.779618489584] [-26.486419761539366,-2.694132769013926,-1.780191463419058,-1.1583446889903968,-0.7250679968062244,-0.42367553278599246,-0.21973336964398982,-0.09074927953716383,-0.02121870772891299,0.0,-0.04636491642867924,-0.1710824486183995,-0.357641328492349,-0.5942557127452304,-0.8722180068596828,-1.1849122167491686,-1.527193444089292,-1.8949816809254187,-2.2849868000289177,-2.6945169636491784] False 54724.65603222185 54731.65603222185
4007.6519721450045 4618.915317184078 5323.411028602609 1.9343773927578307e-15 8.632037541361574e-16 1.2921926432791188e-15 1.7138986061362085e-12 7.845488947458979e-09 0.0013504046713788131 4.822347580416817e-12 2.157580135539969e-12 2.4038713131633482e-12 1.91128895791659e-12 9.302121227058186e-12 0.00010288178953892954 4.603063170299554e-05 5.128510095868395e-05 4.077616244730712e-05 0.00019845497703943808 3731.910722057231 1669.7047044508852 1860.3041316372069 1479.1052772645635 7198.710869807119 59.360095462893966 -32.1204993171555 [0.0,1066.7670786124932,1399.9100340430853,1733.052989473677,2066.195944904269,2399.338900334861,2732.481855765454,3065.624811196046,3398.7677666266377,3731.910722057231,4267.759565091494,4803.60840812576,5339.457251160027,5875.3060941942895,6411.154937228555,6947.003780262819,7482.852623297084,8018.70146633135,8554.550309365615,9090.399152399883] [-29.680047731446983,-2.6935846389901172,-1.7845300876375987,-1.1645667924156768,-0.7316385895270514,-0.42971333515032484,-0.2246921856132147,-0.09427230712957169,-0.023064182523640397,0.0,-0.043905800116874616,-0.16714036475524097,-0.35292439655749064,-0.5893009273793695,-0.8674477732893138,-1.1806691530606201,-1.523762766086918,-1.8926061370311373,-2.2838769499957507,-2.6948584442866093] False 54724.65603222185 54731.65603222185
7071.149185711414 8149.575733880153 9392.473966813408 2.2255484709317196e-16 9.171906477074097e-17 1.4287239913846568e-16 3.355664456201584e-13 2.7051935402731453e-09 0.000270298815325809 2.092737803298748e-12 1.052786030878404e-12 1.1812576879702363e-12 9.24314373786572e-13 4.322774648110136e-12 0.00013899040470902063 6.992139974398121e-05 7.845391995969369e-05 6.138887952826874e-05 0.0002870996055309236 14647.600347709977 7368.71528179554 8267.920851706374 6469.509711884706 30256.19135800115 42.25455357708893 -20.84384523833652 [0.0,3376.944798568928,4785.77674221156,6194.608685854192,7603.440629496823,9012.272573139451,10421.104516782083,11829.936460424715,13238.768404067352,14647.600347709977,17083.298320466543,19518.996293223106,21954.694265979702,24390.392238736273,26826.090211492847,29261.78818424943,31697.486157006,34133.18412976257,36568.88210251916,39004.58007527572] [-21.127276788544464,-2.6920321639217093,-1.727024199672048,-1.102935209398634,-0.6814097121039033,-0.39429765137255046,-0.2029476535325756,-0.0833065513919955,-0.019382140805177528,0.0,-0.04887178568464989,-0.17845860727631901,-0.3698596205148945,-0.6101228038138977,-0.8899837919546982,-1.202586464297056,-1.542714386866038,-1.9063063290560187,-2.290138480212228,-2.691608945157931] False 54724.65603222185 54731.65603222185
