data/3C454.3_allsed_7d_min11.ecsv
# %ECSV 1.0
# ---
# datatype:
# - {name: e_min, unit: MeV, datatype: float64}
# - {name: e_ref, unit: MeV, datatype: float64}
# - {name: e_max, unit: MeV, datatype: float64}
# - {name: ref_dnde_e_min, unit: ph / (cm2 MeV s), datatype: float64}
# - {name: ref_dnde_e_max, unit: ph / (cm2 MeV s), datatype: float64}
# - {name: ref_dnde, unit: ph / (cm2 MeV s), datatype: float64}
# - {name: ref_flux, unit: ph / (cm2 s), datatype: float64}
# - {name: ref_eflux, unit: MeV / (cm2 s), datatype: float64}
# - {name: ref_npred, datatype: float64}
# - {name: dnde, unit: ph / (cm2 MeV s), datatype: float64}
# - {name: dnde_err, unit: ph / (cm2 MeV s), datatype: float64}
# - {name: dnde_errp, unit: ph / (cm2 MeV s), datatype: float64}
# - {name: dnde_errn, unit: ph / (cm2 MeV s), datatype: float64}
# - {name: dnde_ul, unit: ph / (cm2 MeV s), datatype: float64}
# - {name: e2dnde, unit: MeV / (cm2 s), datatype: float64}
# - {name: e2dnde_err, unit: MeV / (cm2 s), datatype: float64}
# - {name: e2dnde_errp, unit: MeV / (cm2 s), datatype: float64}
# - {name: e2dnde_errn, unit: MeV / (cm2 s), datatype: float64}
# - {name: e2dnde_ul, unit: MeV / (cm2 s), datatype: float64}
# - {name: norm, datatype: float64}
# - {name: norm_err, datatype: float64}
# - {name: norm_errp, datatype: float64}
# - {name: norm_errn, datatype: float64}
# - {name: norm_ul, datatype: float64}
# - {name: ts, datatype: float64}
# - {name: loglike, datatype: float64}
# - {name: norm_scan, datatype: string, subtype: 'float64[20]'}
# - {name: dloglike_scan, datatype: string, subtype: 'float64[20]'}
# - {name: ShowUL, datatype: bool}
# - {name: tstart, datatype: float64}
# - {name: tend, datatype: float64}
# meta: !!omap
# - {UL_CONF: 0.95}
# - {EXTNAME: SED}
# - {CONFIG: '{"bin_index": 2.0, "use_local_index": true, "free_background": false, "free_radius": null, "free_pars": [], "ul_confidence":
#     0.95, "cov_scale": 3.0, "make_plots": false, "write_fits": true, "write_npy": true, "optimizer": {"optimizer": "MINUIT", "tol":
#     0.001, "max_iter": 100, "init_lambda": 0.0001, "retries": 3, "min_fit_quality": 2, "verbosity": 0}, "prefix": "", "outfile": null,
#     "loge_bins": []}'}
# - {SRCNAME: 4FGL J2253.9+1609}
# - {CREATOR: fermipy 1.2.0}
# - {STVER: 2.2.0}
# schema: astropy-2.0
e_min e_ref e_max ref_dnde_e_min ref_dnde_e_max ref_dnde ref_flux ref_eflux ref_npred dnde dnde_err dnde_errp dnde_errn dnde_ul e2dnde e2dnde_err e2dnde_errp e2dnde_errn e2dnde_ul norm norm_err norm_errp norm_errn norm_ul ts loglike norm_scan dloglike_scan ShowUL tstart tend
[from data line 1521]
234.36890988269914 270.1158072739371 311.3149665447022 2.885465915144037e-12 1.4944320834019089e-12 2.0765675619044785e-12 1.601784062151942e-10 4.303004745903297e-08 0.05211056635137751 2.257473622866587e-09 3.426388411192457e-10 3.6120453213938485e-10 3.240731500991065e-10 2.8721936989634216e-09 0.00016471103059046045 2.4999803350706655e-05 2.6354403497780844e-05 2.3645203203632467e-05 0.00020956257447250372 1087.1178305396404 165.00250095643503 173.94306776520867 156.0619341476614 1383.1448355714715 132.36665412845878 -507.47291853627905 [0.0,736.306544271987,780.1579550554435,824.0093658388998,867.8607766223569,911.7121874058134,955.5635981892705,999.415008972727,1043.2664197561835,1087.1178305396404,1129.9018441211147,1172.685857702588,1215.4698712840616,1258.2538848655356,1301.0378984470087,1343.8219120284832,1386.6059256099563,1429.3899391914304,1472.1739527729046,1514.9579663543777] [-66.18332706422939,-2.7014740032511213,-2.013217101733119,-1.4417699910665078,-0.9774944031009909,-0.6119444872001623,-0.33767360843182814,-0.1480792927022776,-0.03727753826683511,0.0,-0.02995970342504961,-0.12141954338699179,-0.2707674353908942,-0.47471187464054765,-0.7302443119419877,-1.0346069648397815,-1.3852651395384328,-1.7798833187877676,-2.2163044115204684,-2.692531670941719] False 57664.65603222185 57671.65603222185
311.3149665447022 358.7979888064861 413.52331434760555 1.5473627301713219e-12 7.946479883059973e-13 1.1088772162463767e-12 1.1364675400980098e-10 4.054507781916002e-08 0.043479735473743175 1.040049271969209e-09 1.8525622364352334e-10 1.961937860700524e-10 1.7431866121699428e-10 1.3747833614736702e-09 0.00013389177971851151 2.38491446088876e-05 2.525720261011819e-05 2.2441086607657007e-05 0.00017698410638429537 937.9300581987299 167.0664893545455 176.93012643381874 157.20285227527225 1239.7976451598522 100.98508174456686 -404.77192652818906 [0.0,589.8889744903702,633.3941099539148,676.8992454174595,720.4043808810047,763.9095163445496,807.4146518080947,850.9197872716395,894.4249227351846,937.9300581987299,981.7021248357855,1025.4741914728418,1069.2462581098973,1113.0183247469538,1156.7903913840094,1200.5624580210651,1244.334524658121,1288.106591295177,1331.8786579322336,1375.6507245692897] [-50.49254087228343,-2.6926750670466504,-1.9915430406132373,-1.4158185890607342,-0.9528345242383125,-0.5918189619901568,-0.3235280871212467,-0.13996477561340726,-0.03415987746262772,0.0,-0.032481542057325896,-0.12715564388531675,-0.27967929895226007,-0.4861644658033697,-0.7431155124489806,-1.0473771765115885,-1.3960909724443127,-1.7866584395027303,-2.216709971572243,-2.684078233708476] False 57664.65603222185 57671.65603222185
413.52331434760555 476.5900816815941 549.2752115212968 8.192681537629973e-13 4.1665068041008587e-13 5.842504888347707e-13 7.955531757138059e-11 3.76916586865879e-08 0.03483544692671664 4.276191352864907e-10 9.798281954150444e-11 1.0435803817491492e-10 9.160760090809396e-11 6.08677958369672e-10 9.712860046005847e-05 2.2255632047010158e-05 2.3703687132466503e-05 2.0807576961553816e-05 0.00013825395860202444 731.910616179944 167.70686788285175 178.61865786889905 156.7950778968045 1041.8099257111783 63.89181373119857 -365.3088373966616 [0.0,395.8122858433239,437.8245771354014,479.8368684274791,521.8491597195566,563.8614510116342,605.8737423037117,647.886033595789,689.8983248878667,731.910616179944,777.5367486501376,823.1628811203307,868.789013590524,914.4151460607173,960.0412785309107,1005.667411001104,1051.293543471297,1096.919675941491,1142.5458084116842,1188.1719408818774] [-31.945906865599284,-2.7036146454938716,-1.9768137283185183,-1.3919618778717222,-0.9296513040696937,-0.574337002627999,-0.3133576277125485,-0.13625153213365593,-0.034266441414615656,0.0,-0.03215012306702647,-0.12979564215993378,-0.28698744934541764,-0.49858050823161193,-0.7600928325202858,-1.0675943848617635,-1.4176185367095968,-1.8070907692359128,-2.2332707108824934,-2.6937046062695345] False 57664.65603222185 57671.65603222185
549.2752115212968 633.0528961793416 729.6086933380817 4.2676495213219007e-13 2.1457298368773607e-13 3.026090367328075e-13 5.4757801642692644e-11 3.445087380200688e-08 0.02672023619129338 3.309889832619326e-10 6.860510100928896e-11 7.262222265745643e-11 6.458797936112149e-11 4.559003783457216e-10 0.0001326458108349649 2.7493903758090503e-05 2.9103789238243125e-05 2.588401827793788e-05 0.00018270479805601014 1093.7842003515027 226.71200354755007 239.98695954866392 213.4370475464362 1506.5656441326457 101.5073823905592 -321.18941249201913 [0.0,635.4346580932945,692.7283508755706,750.0220436578463,807.3157364401227,864.6094292223986,921.903122004675,979.1968147869507,1036.4905075692275,1093.7842003515027,1154.4776424752974,1215.1710845990922,1275.8645267228867,1336.5579688466814,1397.2514109704757,1457.9448530942705,1518.6382952180654,1579.3317373418597,1640.0251794656535,1700.718621589449] [-50.7536911952796,-2.7045135693377347,-1.9809481281246804,-1.3961420873745851,-0.9323252730021636,-0.5750490713887757,-0.31239392866098115,-0.13440205667575356,-0.032662238572811475,0.0,-0.03389489307431859,-0.1320511104283355,-0.2889751671604017,-0.4998729712219756,-0.7605339297083447,-1.0672383459650518,-1.416682671044498,-1.8059186047616436,-2.232303056613887,-2.693456707136079] False 57664.65603222185 57671.65603222185
729.6086933380817 840.8915725798939 969.1477682383326 2.177333542130874e-13 1.0804198879408427e-13 1.5337647999608299e-13 3.688229038069755e-11 3.081323699302835e-08 0.019740091992909325 1.152747103374211e-10 3.316432938496851e-11 3.6360118897016416e-11 2.996853987292061e-11 1.7790546042504112e-10 8.151059054124222e-05 2.3450452099687593e-05 2.571019050727109e-05 2.1190713692104098e-05 0.00012579670855220748 751.5801010713315 216.22825993800015 237.06450231446829 195.39201756153201 1159.9266095400324 52.460408416305825 -217.0254519520878 [0.0,344.9315234933482,395.7625956905962,446.5936678878439,497.42474008509186,548.2558122823398,599.086884479588,649.9179566768358,700.7490288740836,751.5801010713315,812.3330372427673,873.0859734142032,933.8389095856389,994.591845757075,1055.3447819285102,1116.0977180999462,1176.850654271382,1237.6035904428177,1298.3565266142534,1359.1094627856894] [-26.230204208152912,-2.696903710015988,-1.9304697600420297,-1.3344820777159612,-0.8767230883202615,-0.5334878712581883,-0.2868008180543882,-0.12269071185329494,-0.030073232135492844,0.0,-0.03594745104030039,-0.14059045343745424,-0.30560446812822306,-0.5241244781798287,-0.7904196492485482,-1.0996542859919884,-1.4477089136420318,-1.8310441499894523,-2.246595609928306,-2.691691697413148] False 57664.65603222185 57671.65603222185
969.1477682383326 1116.9661194245136 1287.3303254983532 1.0822407564001601e-13 5.288909440720816e-14 7.565628429719256e-14 2.4178971697952697e-11 2.682261783502875e-08 0.01395581869251672 1.0422690818153937e-10 2.5523157760305325e-11 2.777684813092948e-11 2.326946738968117e-11 1.5151887130576495e-10 0.00013003487810987183 3.184303138455924e-05 3.465476549194602e-05 2.9031297277172463e-05 0.000189036960851538 1377.6371540018517 337.356744352464 367.1452859331108 307.5682027718172 2002.7268417064925 90.45053868358104 -215.4987574020131 [0.0,724.2597371697427,805.9319142737564,887.6040913777701,969.2762684817833,1050.948445585797,1132.6206226898105,1214.2927997938245,1295.9649768978386,1377.6371540018517,1470.2261172025628,1562.815080403274,1655.4040436039847,1747.9930068046956,1840.5819700054064,1933.1709332061164,2025.7598964068284,2118.348859607538,2210.9378228082496,2303.5267860089607] [-45.22526934179052,-2.699966911756576,-1.9517207901267852,-1.3596668647227546,-0.8985927889804373,-0.5490371531151368,-0.29564939619905317,-0.12609838261786877,-0.030322473983403597,0.0,-0.036034590758958984,-0.13877225876683497,-0.3011018691662173,-0.517011259689582,-0.7813699410897641,-1.0897632544570683,-1.4383639741701018,-1.8238316138412358,-2.2432325342943216,-2.693975883201233] False 57664.65603222185 57671.65603222185
1287.3303254983532 1483.6791717563765 1709.9759409858673 5.206400927829601e-14 2.4997931290152354e-14 3.6076204437671956e-14 1.5324801194765945e-11 2.257238317492254e-08 0.00935586652139786 2.7023642840024404e-11 1.1015113796954458e-11 1.2133354847804726e-11 9.896872746104188e-12 4.91763834371305e-11 5.948724996259071e-05 2.424761279168903e-05 2.670920116096086e-05 2.1786024422417198e-05 0.00010825216389583343 749.0711193499454 305.3290657553796 336.32570379645256 274.33242771430656 1363.1252013246412 27.01788037228002 -126.13692071845237 [0.0,224.94280052765694,290.45884038044306,355.97488023322927,421.4909200860152,487.00695993880123,552.5229997915872,618.0390396443734,683.5550794971599,749.0711193499454,842.7752461636281,936.4793729773107,1030.1834997909932,1123.8876266046755,1217.591753418358,1311.2958802320404,1405.0000070457238,1498.704133859406,1592.4082606730885,1686.1123874867706] [-13.50894018614001,-2.6891429990846945,-1.8353202945078237,-1.2234308633760236,-0.780906317946986,-0.4641194558847417,-0.24466942170575123,-0.10297242566308284,-0.024921554646553545,0.0,-0.04105675954782839,-0.1568494165918537,-0.33437004076496635,-0.5637933358831475,-0.8375077236579358,-1.1494910071845368,-1.494892806636173,-1.869746402167479,-2.270764493948903,-2.695191061099891] False 57664.65603222185 57671.65603222185
1709.9759409858673 1970.7884119509856 2271.3810595726877 2.404917409880209e-14 1.1312898219338884e-14 1.6494419020957006e-14 9.31431244264677e-12 1.8214785401119294e-08 0.005854787293570696 2.018846082281594e-11 8.192006367766298e-12 8.994963793665632e-12 7.389048941866965e-12 3.6513179212402783e-11 7.841212244199222e-05 3.1817809787109564e-05 3.493650202164433e-05 2.8699117552574795e-05 0.00014181744236359188 1223.9570728235692 496.6532229694137 545.3337751537092 447.9726707851182 2213.6687061248363 33.74545580957707 -92.2964134133089 [0.0,368.8166769368827,475.70922642271864,582.6017759085541,689.49432539439,796.3868748802261,903.2794243660618,1010.171973851898,1117.064523337734,1223.9570728235692,1374.6501709925844,1525.3432691615988,1676.036367330614,1826.7294654996276,1977.4225636686435,2128.115661837659,2278.8087600066733,2429.501858175687,2580.194956344703,2730.8880545137176] [-16.872727904788533,-2.7015613254682336,-1.843095659052068,-1.2281929531702218,-0.7834532604713331,-0.4650478386222403,-0.244535053023057,-0.10232855950008002,-0.02432326969346832,0.0,-0.04167184457188,-0.15719998410307312,-0.3340068881358036,-0.5625441475011996,-0.8353809706414665,-1.1466139063102219,-1.491470276106213,-1.866033380639621,-2.2670469941966758,-2.6917730622440956] False 57664.65603222185 57671.65603222185
100.0 115.25240587974294 132.83117061068992 2.466956099263721e-11 1.2508577332083426e-11 1.7566476921254037e-11 5.785451221398473e-10 6.628080484575127e-08 0.0674526665451247 1.4506631595883253e-08 2.3864765984704715e-09 2.5053361984312242e-09 2.267616998509719e-09 1.8731510639036696e-08 0.0001926932856499195 3.169984802098504e-05 3.327867400109555e-05 3.0121022040874536e-05 0.00024881284854898385 825.8133751527255 135.85402520769688 142.62029942953257 129.08775098586122 1066.3214213644092 78.0861900478451 -536.4401099758004 [0.0,531.8582396605772,568.6026315970956,605.347023533614,642.0914154701327,678.8358074066513,715.5801993431701,752.3245912796882,789.0689832162068,825.8133751527255,860.6007388779846,895.3881026032429,930.1754663285018,964.9628300537607,999.7501937790192,1034.5375575042783,1069.3249212295373,1104.1122849547965,1138.8996486800552,1173.687012405313] [-39.04309502392255,-2.6996442837970562,-2.0114633556788704,-1.438937386500129,-0.973190471689577,-0.6063861992995498,-0.3315657802926353,-0.14251722586027427,-0.03366857918558708,0.0,-0.03328984998142914,-0.12638498175431323,-0.2760752613311297,-0.47941351378801755,-0.733686692259198,-1.0363909778636753,-1.3852101745408163,-1.7779968810373248,-2.2127560158613733,-2.687630345587877] False 57671.65603222185 57678.65603222185
132.83117061068992 153.091119887046 176.4411988580621 1.2555454375983243e-11 6.3628320115565535e-12 8.938022545459602e-12 3.910222990929021e-10 5.9504070362813226e-08 0.06990602837094989 9.027467753979503e-09 1.266618308377547e-09 1.3275453976827211e-09 1.2056912190723732e-09 1.126910173219694e-08 0.00021157577765013928 2.9685595217191393e-05 3.111353676746934e-05 2.8257653666913445e-05 0.0002641127088332231 1010.0072704074059 141.7112456290427 148.5278640695639 134.89462718852153 1260.804800489287 124.20399961378757 -610.7284521811845 [0.0,702.2268910085523,740.6994384334091,779.1719858582654,817.6445332831224,856.1170807079793,894.5896281328354,933.062175557692,971.5347229825489,1010.0072704074059,1046.2224874282117,1082.4377044490184,1118.6529214698242,1154.8681384906301,1191.0833555114364,1227.2985725322426,1263.5137895530488,1299.7290065738555,1335.9442235946608,1372.159440615468] [-62.10199980689379,-2.707132616081367,-2.0243892171725975,-1.4537807576599562,-0.9875104215815327,-0.6186039607969178,-0.3407945833633903,-0.14842769013750967,-0.03638143305647645,0.0,-0.031080194551805107,-0.12219315590823498,-0.2703444286115655,-0.4727666327908082,-0.7268964903771575,-1.0303547368549744,-1.3809284886036721,-1.7765557095547138,-2.2153114803618337,-2.695395821588022] False 57671.65603222185 57678.65603222185
176.4411988580621 203.35272664697808 234.36890988269914 6.3865723561193946e-12 3.234604323595299e-12 4.5451110609156684e-12 2.641273016751374e-10 5.3389051184334416e-08 0.0646976495234042 4.550439493416063e-09 6.618995794449484e-10 6.951847126230596e-10 6.286144462668373e-10 5.7265288456136375e-09 0.00018817128210556517 2.7371090785736163e-05 2.8747508644767562e-05 2.599467292670476e-05 0.00023680531879453215 1001.172343740115 145.6289121594315 152.95219485417945 138.30562946468356 1259.9315547770043 127.99201653049386 -579.9024212391705 [0.0,686.9611183590135,726.2375215316507,765.5139247042887,804.7903278769264,844.0667310495642,883.343134222202,922.61953739484,961.8959405674776,1001.172343740115,1038.5828852460302,1075.993426751944,1113.4039682578589,1150.8145097637732,1188.225051269688,1225.6355927756026,1263.0461342815165,1300.456675787431,1337.8672172933452,1375.27775879926] [-63.99600826524693,-2.7072801405528253,-2.020412241469103,-1.4482128041223632,-0.9820219687954932,-0.6141743919433793,-0.33784821248070784,-0.14694214540236317,-0.03597457032094553,0.0,-0.031364640089122986,-0.12317454253013693,-0.27220114590613775,-0.47547934865406205,-0.73027882047802,-1.034079184423831,-1.384548451848218,-1.7795242055533436,-2.2169971161982858,-2.6950964490131355] False 57671.65603222185 57678.65603222185
