data/4C+01.02_allsed_1d_min11.ecsv
# %ECSV 1.0
# ---
# datatype:
# - {name: e_min, unit: MeV, datatype: float64}
# - {name: e_ref, unit: MeV, datatype: float64}
# - {name: e_max, unit: MeV, datatype: float64}
# - {name: ref_dnde_e_min, unit: ph / (MeV s cm2), datatype: float64}
# - {name: ref_dnde_e_max, unit: ph / (MeV s cm2), datatype: float64}
# - {name: ref_dnde, unit: ph / (MeV s cm2), datatype: float64}
# - {name: ref_flux, unit: ph / (s cm2), datatype: float64}
# - {name: ref_eflux, unit: MeV / (s cm2), datatype: float64}
# - {name: ref_npred, datatype: float64}
# - {name: dnde, unit: ph / (MeV s cm2), datatype: float64}
# - {name: dnde_err, unit: ph / (MeV s cm2), datatype: float64}
# - {name: dnde_errp, unit: ph / (MeV s cm2), datatype: float64}
# - {name: dnde_errn, unit: ph / (MeV s cm2), datatype: float64}
# - {name: dnde_ul, unit: ph / (MeV s cm2), datatype: float64}
# - {name: e2dnde, unit: MeV / (s cm2), datatype: float64}
# - {name: e2dnde_err, unit: MeV / (s cm2), datatype: float64}
# - {name: e2dnde_errp, unit: MeV / (s cm2), datatype: float64}
# - {name: e2dnde_errn, unit: MeV / (s cm2), datatype: float64}
# - {name: e2dnde_ul, unit: MeV / (s cm2), datatype: float64}
# - {name: norm, datatype: float64}
# - {name: norm_err, datatype: float64}
# - {name: norm_errp, datatype: float64}
# - {name: norm_errn, datatype: float64}
# - {name: norm_ul, datatype: float64}
# - {name: ts, datatype: float64}
# - {name: loglike, datatype: float64}
# - {name: norm_scan, datatype: string, subtype: 'float64[20]'}
# - {name: dloglike_scan, datatype: string, subtype: 'float64[20]'}
# - {name: ShowUL, datatype: bool}
# - {name: tstart, datatype: float64}
# - {name: tend, datatype: float64}
# meta: !!omap
# - {UL_CONF: 0.95}
# - {EXTNAME: SED}
# - {CONFIG: '{"bin_index": 2.0, "use_local_index": true, "free_background": false, "free_radius": null, "free_pars": [], "ul_confidence":
#     0.95, "cov_scale": 3.0, "make_plots": false, "write_fits": true, "write_npy": true, "optimizer": {"optimizer": "MINUIT", "tol":
#     0.001, "max_iter": 100, "init_lambda": 0.0001, "retries": 3, "min_fit_quality": 2, "verbosity": 0}, "prefix": "", "outfile": null,
#     "loge_bins": []}'}
# - {SRCNAME: 4FGL J0108.6+0134}
# - {CREATOR: fermipy 1.2.0}
# - {STVER: 2.2.0}
# schema: astropy-2.0
e_min e_ref e_max ref_dnde_e_min ref_dnde_e_max ref_dnde ref_flux ref_eflux ref_npred dnde dnde_err dnde_errp dnde_errn dnde_ul e2dnde e2dnde_err e2dnde_errp e2dnde_errn e2dnde_ul norm norm_err norm_errp norm_errn norm_ul ts loglike norm_scan dloglike_scan ShowUL tstart tend
[from data line 615]
969.1477682383326 1116.9661194245136 1287.3303254983532 1.0771663086282844e-13 5.4930885495084236e-14 7.6921842904615e-14 2.454771690581562e-11 2.7259023869840487e-08 0.0023710462412120104 6.195868241826644e-11 4.623964698877768e-11 5.402112141370575e-11 3.845817256384962e-11 1.696039800863086e-10 7.730047697543186e-05 5.7689199122709725e-05 6.73974702017882e-05 4.798092804363126e-05 0.00021160018331406805 805.4757930734544 601.1250542465032 702.2858446162462 499.9642638767602 2204.887112450254 10.66575882710837 -30.941487742538218 [0.0,54.31043642732271,148.20610600808917,242.1017755888557,335.9974451696222,429.89311475038863,523.7887843311555,617.6844539119218,711.5801234926882,805.4757930734544,1028.7599179229949,1252.0440427725352,1475.3281676220765,1698.6122924716167,1921.8964173211575,2145.1805421706977,2368.464667020238,2591.748791869779,2815.032916719319,3038.3170415688587] [-5.332879413554185,-2.641908637564317,-1.4314427389705067,-0.8485018620931619,-0.5014137265014291,-0.2815030819935629,-0.14171516000310191,-0.05718629709583567,-0.013125085124162439,0.0,-0.058552380326734266,-0.20512024357832104,-0.4115946337349179,-0.6615069480353704,-0.9443711793091119,-1.2530954664365588,-1.5826583676176789,-1.9293736897631426,-2.290455264254785,-2.66374580208576] False 59677.699990555186 59678.699990555186
1287.3303254983532 1483.6791717563765 1709.9759409858673 5.442808199544957e-14 2.7470577511908122e-14 3.866743908355572e-14 1.639661247483938e-11 2.4179508610781506e-08 0.0016592767492547567 1.181835146946457e-10 5.294369139763037e-11 5.899343675892855e-11 4.68939460363322e-11 2.281283735612639e-10 0.0002601578300052589 0.00011654515354415694 0.00012986248150945073 0.00010322782557886316 0.0005021798749315443 3056.409151877507 1369.206046545399 1525.661852895165 1212.7502401956328 5899.7538747861145 52.12671736261878 -32.112092943693845 [0.0,870.9084342961969,1144.0960239938609,1417.2836136915241,1690.4712033891885,1963.658793086852,2236.8463827845167,2510.0339724821797,2783.2215621798427,3056.409151877507,3495.7084772211306,3935.007802564755,4374.307127908375,4813.6064532519995,5252.90577859562,5692.2051039392445,6131.504429282863,6570.803754626487,7010.103079970109,7449.402405313734] [-26.06335868130939,-2.693219708356416,-1.7852283407070217,-1.1656340837029902,-0.7327426024540173,-0.43068578884500397,-0.22544943582583699,-0.09477842167694206,-0.023311878166133226,0.0,-0.04353549570137716,-0.1664498509077248,-0.35199020816489934,-0.5882145691264569,-0.866309125069904,-1.1795824983065515,-1.5228343149204235,-1.8919424420585855,-2.2835838759607796,-2.6950404924261235] False 59677.699990555186 59678.699990555186
1709.9759409858673 1970.7884119509856 2271.3810595726877 2.6939227662242337e-14 1.3456769709849898e-14 1.9039826228514068e-14 1.0728100579806487e-11 2.1009240239822275e-08 0.0011162359775914454 1.7035991569440814e-11 1.714167839835525e-11 2.1491062755188813e-11 1.2792294041521688e-11 6.203097998276683e-11 6.616790990594278e-05 6.657839828552142e-05 8.347143741953446e-05 4.9685359151508375e-05 0.00024092875827900982 894.7556225028829 900.3064519929205 1128.7425892051351 671.8703147807059 3257.959355210351 11.46251642819705 -4.904385583352126 [0.0,99.4172913892092,198.8345827784184,298.25187416762765,397.6691655568368,497.0864569460459,596.5037483352553,695.9210397244643,795.3383311136736,894.7556225028829,1282.8154606595992,1670.8752988163167,2058.935136973034,2446.994975129749,2835.054813286468,3223.114651443184,3611.1744895998986,3999.2343277566174,4387.294165913336,4775.35400407005] [-5.731258214098525,-1.2999285838069765,-0.7230932140954449,-0.43038716701040247,-0.25457240126195924,-0.1429388809602834,-0.07194855751892693,-0.02902688216541449,-0.0066605752228117154,0.0,-0.07326587940598461,-0.24233544395472695,-0.4667811269066684,-0.727358055575694,-1.0133837010036215,-1.3183085780205657,-1.6378257089564014,-1.9689509450430869,-2.309531209396739,-2.6579619436720954] False 59677.699990555186 59678.699990555186
4007.6519721450045 4618.915317184078 5323.411028602609 2.88537667549985e-15 1.3973041791483508e-15 2.007921534097666e-15 2.654501649311229e-12 1.2174558130614242e-08 0.0002797787968485954 7.116577263804139e-12 7.211071670658551e-12 9.044079347435006e-12 5.378063993882093e-12 2.6078652600600504e-11 0.00015182775444588423 0.0001538437339074396 0.0001929498138572091 0.00011473765395767006 0.0005563718507577865 3544.2506805935705 3591.3114871289595 4504.199588406376 2678.4233858515418 12987.884316067119 9.446097432864399 -7.04297828328607 [0.0,393.80563117706356,787.6112623541271,1181.41689353119,1575.2225247082542,1969.028155885318,2362.83378706238,2756.639418239445,3150.4450494165085,3544.2506805935705,5089.195673722836,6634.140666852103,8179.08565998137,9724.03065311064,11268.975646239905,12813.920639369173,14358.865632498437,15903.810625627697,17448.755618756968,18993.700611886223] [-4.723048716432199,-1.2897604542187864,-0.7213537120447375,-0.43096856727481736,-0.2559247481271312,-0.14443844458377875,-0.07328242448397848,-0.0300158580548322,-0.007192493864169869,0.0,-0.07145128887653573,-0.2391202343557719,-0.46234517036031963,-0.7217956397604031,-1.006750392161436,-1.3106398704859696,-1.6291456535254287,-1.9592765908767031,-2.2988750813627927,-2.646333513053099] False 59677.699990555186 59678.699990555186
9392.473966813408 10825.05221838098 12476.13311942254 2.565936865907998e-16 1.2046684410872275e-16 1.758153339211804e-16 5.453733039734383e-13 5.857834300170772e-09 5.8325517047264075e-05 3.0128225881927993e-12 3.0282098486069434e-12 3.794701701873022e-12 2.2617179953408646e-12 1.0967549185295355e-11 0.00035304783998690425 0.0003548509461750413 0.000444669807140721 0.00026503208520936165 0.0012851966674019345 17136.290225649347 17223.809670460923 21583.45132498068 12864.168015941166 62381.073030934866 20.891249618135348 -3.0076554673383686 [0.0,1904.0322472943708,3808.0644945887416,5712.096741883115,7616.128989177483,9520.161236471857,11424.19348376623,13328.2257310606,15232.257978354966,17136.290225649347,24614.807914282545,32093.325602915793,39571.84329154898,47050.360980182195,54528.87866881541,62007.396357448626,69485.91404608183,76964.43173471502,84442.94942334827,91921.46711198144] [-10.445624809067674,-1.308709645002745,-0.726664284435147,-0.4322688937051624,-0.25564851268815714,-0.14356344238498098,-0.07229876137730518,-0.029204040060304415,-0.006728032646455162,0.0,-0.0740419029439261,-0.2449321761865919,-0.47165191303557386,-0.7347403596837268,-1.0234173982907544,-1.3310829859905695,-1.6534013328202528,-1.9873706670297357,-2.3308265270119213,-2.682156672066057] False 59677.699990555186 59678.699990555186
100.0 115.25240587974294 132.83117061068992 8.99433303010655e-12 5.1646939451690634e-12 6.815642107785982e-12 2.236981511747177e-10 2.5703285122758143e-08 0.005897442976997366 1.374499602795016e-08 4.733619249433466e-09 5.110024691004169e-09 4.3572138078627646e-09 2.275177903255303e-08 0.00018257639124319048 6.287721861275432e-05 6.787705615556134e-05 5.7877381069947334e-05 0.0003022145442369772 2016.683947099908 694.5228599996358 749.749562871946 639.2961571273257 3338.1710296322763 18.606325373337484 -135.53738693768292 [0.0,681.8822283774438,848.7324432177516,1015.5826580580595,1182.4328728983678,1349.2830877386746,1516.1333025789834,1682.9835174192908,1849.833732259599,2016.683947099908,2214.1136051856183,2411.5432632713264,2608.9729213570395,2806.4025794427507,3003.83223752846,3201.2618956141705,3398.6915536998818,3596.121211785592,3793.5508698713,3990.980527957016] [-9.303162686668742,-2.698981648685759,-1.9292219050919925,-1.3318608096489868,-0.8736154747022624,-0.5303640486332597,-0.2839884105382282,-0.12048956270351141,-0.02879970224250883,0.0,-0.037227950456042436,-0.1424374873879799,-0.3075510665465515,-0.5258870024166811,-0.7918499295468564,-1.1007035762799546,-1.448400681930849,-1.8314534915168679,-2.246833643405978,-2.691893727043862] False 59676.699990555186 59677.699990555186
176.4411988580621 203.35272664697808 234.36890988269914 3.68692821823197e-12 2.0429951852672155e-12 2.7445175529177676e-12 1.5907186861349574e-10 3.2222110972650876e-08 0.007755057199451944 5.64984149377672e-09 1.5648437324701756e-09 1.682614273515039e-09 1.447073191425312e-09 8.603237273251777e-09 0.00023363411800451784 6.470993666871455e-05 6.95800231152528e-05 5.9839850222176274e-05 0.0003557639191353935 2058.591859895458 570.1707867769145 613.0819865685348 527.259586985294 3134.699307754637 42.62640582157445 -147.27691288077207 [0.0,957.8403429765389,1095.4342825914039,1233.028222206269,1370.6221618211337,1508.2161014359995,1645.8100410508632,1783.4039806657288,1920.9979202805935,2058.591859895458,2218.3684886922574,2378.145117489055,2537.921746285853,2697.698375082652,2857.47500387945,3017.2516326762498,3177.0282614730463,3336.8048902698447,3496.581519066643,3656.358147863445] [-21.313202910787226,-2.6895511968399433,-1.940018590954935,-1.3501490308579207,-0.892497776952581,-0.5463307857586983,-0.29556909788195185,-0.12747156786480218,-0.03175704710122318,0.0,-0.03418747111072662,-0.13612641765777767,-0.29828258960591825,-0.5143416389687729,-0.7789556041638548,-1.0875525771802188,-1.4361914415218848,-1.8214493760923176,-2.240333585751273,-2.6902112187613056] False 59676.699990555186 59677.699990555186
234.36890988269914 270.1158072739371 311.3149665447022 2.2377063411659377e-12 1.2180616515911414e-12 1.6509585947856352e-12 1.2716470288778957e-10 3.420144443353818e-08 0.007467087560800396 3.738858415226414e-09 1.0179136439192685e-09 1.090870513245798e-09 9.44956774592739e-10 5.6432952337645765e-09 0.00027279664159343003 7.426957446755614e-05 7.959269364543031e-05 6.894645528968197e-05 0.00041174920692950645 2264.659105949218 616.5591597113537 660.749770885344 572.3685485373634 3418.193073762287 47.53491185288027 -169.14142961111804 [0.0,1069.692491490135,1219.0633182975203,1368.4341451049058,1517.8049719122907,1667.175798719676,1816.5466255270617,1965.917452334447,2115.288279141833,2264.659105949218,2436.002603592056,2607.3461012348926,2778.6895988777305,2950.033096520568,3121.3765941634038,3292.7200918062417,3464.0635894490806,3635.4070870919177,3806.7505847347543,3978.094082377591] [-23.767455926440135,-2.6952411694592797,-1.942233069380336,-1.3498902528358485,-0.8905989062745903,-0.543525735707675,-0.2925319902132344,-0.1248393846787792,-0.030142728139992414,0.0,-0.035919022827869185,-0.1388013452004202,-0.30134825250408426,-0.5174299296895128,-0.7818443386753984,-1.0901358300354218,-1.4384564582132384,-1.8234584017571365,-2.242209422201654,-2.6921256453988462] False 59676.699990555186 59677.699990555186
311.3149665447022 358.7979888064861 413.52331434760555 1.3105950911976073e-12 7.008066785364092e-13 9.583703839165293e-13 9.810208554670645e-11 3.50326852619575e-08 0.00667386133851669 2.1125878443178786e-09 5.820997672954049e-10 6.36133805755392e-10 5.280657288354177e-10 3.2055321030234655e-09 0.00027196610190578416 7.493719376327832e-05 8.189331956401862e-05 6.798106796253802e-05 0.0004126673704660228 2204.3542661287797 607.3849704292445 663.7661351300658 551.0038057284232 3344.7737501273373 57.25975040623217 -106.68876866109551 [0.0,1051.5294986731074,1195.6325946050672,1339.7356905370257,1483.838786468985,1627.941882400944,1772.044978332903,1916.1480742648625,2060.2511701968206,2204.3542661287797,2374.110711126471,2543.8671561241604,2713.623601121851,2883.3800461195406,3053.1364911172295,3222.8929361149194,3392.6493811126097,3562.405826110299,3732.16227110799,3901.9187161056784] [-28.629875203116086,-2.6990484309845897,-1.9356977530684816,-1.3394702280693593,-0.8801154082558895,-0.5350182038778257,-0.2868081714678823,-0.12184171286934031,-0.02919921647725232,0.0,-0.037116495282958795,-0.14230956597849342,-0.30749774445470734,-0.5259703792310688,-0.7920924090739163,-1.101084879567793,-1.4488589497049418,-1.8318884254668149,-2.247110534568435,-2.691847731139063] False 59676.699990555186 59677.699990555186
413.52331434760555 476.5900816815941 549.2752115212968 7.407301799482725e-13 3.891134495860201e-13 5.368687693767875e-13 7.302948874011385e-11 3.462630917062257e-08 0.005634323609653172 5.443159051423769e-10 2.582283108624095e-10 2.954318602564222e-10 2.210247614683968e-10 1.0641630527931686e-09 0.00012363488373645572 5.865348943383245e-05 6.710383317807617e-05 5.0203145689588716e-05 0.00024171198024114507 1013.8714266695645 480.9896302259642 550.286917600679 411.69234285124946 1982.1660589951603 16.5224875594663 -65.64136281111288 [0.0,228.85462375503658,326.98172411935263,425.10882448366874,523.2359248479845,621.3630252123006,719.4901255766167,817.6172259409326,915.7443263052489,1013.8714266695645,1161.5538175693741,1309.2362084691833,1456.9185993689935,1604.6009902688024,1752.2833811686119,1899.9657720684215,2047.648162968231,2195.3305538680393,2343.0129447678487,2490.695335667657] [-8.26124377973315,-2.7087315426736893,-1.804315846589546,-1.182281290574494,-0.744539161841999,-0.4373227631667618,-0.22779901376534895,-0.09437623328057043,-0.0220615891126954,0.0,-0.04417098299393274,-0.1639440779041763,-0.34503343675280007,-0.5769667867238155,-0.8518232726917745,-1.163456312321017,-1.5069931599417004,-1.8785004478888396,-2.274753530472779,-2.693073084277998] False 59676.699990555186 59677.699990555186
549.2752115212968 633.0528961793416 729.6086933380817 4.04019668784816e-13 2.0847782368123817e-13 2.9022257195585753e-13 5.247218975680821e-11 3.3033092327560636e-08 0.004466815912546551 4.022291434804424e-10 1.6574946088524047e-10 1.829846988045301e-10 1.4851422296595077e-10 7.378386753269137e-10 0.00016119573030077048 6.642508586813636e-05 7.333221034764964e-05 5.951796138862305e-05 0.000295693253562712 1385.9333571808504 571.1115430072432 630.4978195574733 511.72526645701276 2542.3200902483145 37.10139708847825 -42.35896104232874 [0.0,427.554654332046,547.3519921881464,667.1493300442468,786.9466679003477,906.7440057564478,1026.5413436125489,1146.338681468649,1266.1360193247504,1385.9333571808504,1563.3064313447364,1740.6795055086225,1918.0525796725085,2095.4256538363957,2272.7987280002803,2450.1718021641673,2627.544876328053,2804.917950491939,2982.291024655826,3159.6640988197114] [-18.550698544239125,-2.6989206586220718,-1.8224962895195773,-1.204210230564982,-0.7626263461830689,-0.4498195066903321,-0.23515191716609252,-0.09782695642962835,-0.02306974453060917,0.0,-0.043675244906246746,-0.16312992047998875,-0.3441610476694663,-0.5762472531011511,-0.8513728598641208,-1.163287671428634,-1.5070218638125468,-1.8785571530307195,-2.2745974035007137,-2.6924046000051263] False 59676.699990555186 59677.699990555186
