data/4C+01.02_allsed_1d_min11.ecsv
# %ECSV 1.0
# ---
# datatype:
# - {name: e_min, unit: MeV, datatype: float64}
# - {name: e_ref, unit: MeV, datatype: float64}
# - {name: e_max, unit: MeV, datatype: float64}
# - {name: ref_dnde_e_min, unit: ph / (MeV s cm2), datatype: float64}
# - {name: ref_dnde_e_max, unit: ph / (MeV s cm2), datatype: float64}
# - {name: ref_dnde, unit: ph / (MeV s cm2), datatype: float64}
# - {name: ref_flux, unit: ph / (s cm2), datatype: float64}
# - {name: ref_eflux, unit: MeV / (s cm2), datatype: float64}
# - {name: ref_npred, datatype: float64}
# - {name: dnde, unit: ph / (MeV s cm2), datatype: float64}
# - {name: dnde_err, unit: ph / (MeV s cm2), datatype: float64}
# - {name: dnde_errp, unit: ph / (MeV s cm2), datatype: float64}
# - {name: dnde_errn, unit: ph / (MeV s cm2), datatype: float64}
# - {name: dnde_ul, unit: ph / (MeV s cm2), datatype: float64}
# - {name: e2dnde, unit: MeV / (s cm2), datatype: float64}
# - {name: e2dnde_err, unit: MeV / (s cm2), datatype: float64}
# - {name: e2dnde_errp, unit: MeV / (s cm2), datatype: float64}
# - {name: e2dnde_errn, unit: MeV / (s cm2), datatype: float64}
# - {name: e2dnde_ul, unit: MeV / (s cm2), datatype: float64}
# - {name: norm, datatype: float64}
# - {name: norm_err, datatype: float64}
# - {name: norm_errp, datatype: float64}
# - {name: norm_errn, datatype: float64}
# - {name: norm_ul, datatype: float64}
# - {name: ts, datatype: float64}
# - {name: loglike, datatype: float64}
# - {name: norm_scan, datatype: string, subtype: 'float64[20]'}
# - {name: dloglike_scan, datatype: string, subtype: 'float64[20]'}
# - {name: ShowUL, datatype: bool}
# - {name: tstart, datatype: float64}
# - {name: tend, datatype: float64}
# meta: !!omap
# - {UL_CONF: 0.95}
# - {EXTNAME: SED}
# - {CONFIG: '{"bin_index": 2.0, "use_local_index": true, "free_background": false, "free_radius": null, "free_pars": [], "ul_confidence":
#     0.95, "cov_scale": 3.0, "make_plots": false, "write_fits": true, "write_npy": true, "optimizer": {"optimizer": "MINUIT", "tol":
#     0.001, "max_iter": 100, "init_lambda": 0.0001, "retries": 3, "min_fit_quality": 2, "verbosity": 0}, "prefix": "", "outfile": null,
#     "loge_bins": []}'}
# - {SRCNAME: 4FGL J0108.6+0134}
# - {CREATOR: fermipy 1.2.0}
# - {STVER: 2.2.0}
# schema: astropy-2.0
e_min e_ref e_max ref_dnde_e_min ref_dnde_e_max ref_dnde ref_flux ref_eflux ref_npred dnde dnde_err dnde_errp dnde_errn dnde_ul e2dnde e2dnde_err e2dnde_errp e2dnde_errn e2dnde_ul norm norm_err norm_errp norm_errn norm_ul ts loglike norm_scan dloglike_scan ShowUL tstart tend
[from data line 519]
1287.3303254983532 1483.6791717563765 1709.9759409858673 6.023116379554603e-14 3.4066177396725975e-14 4.5297301361895e-14 1.914565770055813e-11 2.8309433047841256e-08 0.001775346400774945 2.0181017935207395e-10 7.223609757117178e-11 7.920518196394898e-11 6.526701317839459e-11 3.4522636244316104e-10 0.00044424553178046825 0.00015901360219925504 0.00017435467474590332 0.00014367252965260678 0.0007599481327482535 4455.236256565179 1594.7108414705306 1748.5629294149953 1440.8587535260658 7621.345026385443 66.64362794225929 -47.634093045492804 [0.0,1673.2850180772737,2021.0289228882616,2368.7728276992507,2716.5167325102375,3064.260637321226,3412.0045421322134,3759.7484469432025,4107.492351754191,4455.236256565179,4936.762330476584,5418.288404387992,5899.814478299394,6381.340552210803,6862.866626122211,7344.392700033615,7825.918773945017,8307.444847856426,8788.970921767834,9270.49699567924] [-33.32181397112964,-2.6999126072289528,-1.865664757057715,-1.2536244295737617,-0.8044271604774593,-0.4797447320064947,-0.25338020213812484,-0.10663007177082306,-0.025671869922092583,0.0,-0.04082348742163333,-0.15561264477342718,-0.3319441551642228,-0.5602861684864919,-0.8331650027744217,-1.1446120218201443,-1.4897847155108295,-1.8647000194693177,-2.266042194700347,-2.691021568305487] False 59661.699990555186 59662.699990555186
1709.9759409858673 1970.7884119509856 2271.3810595726877 3.2782524076526974e-14 1.8168405886235642e-14 2.440504463010943e-14 1.3708664448307558e-11 2.6912091335352744e-08 0.0013026635847152024 2.1281878294027782e-10 6.378219478759897e-11 6.937276376153977e-11 5.8191625813658164e-11 3.367261239604147e-10 0.0008265896351548213 0.0002477304887776291 0.00026944429760894067 0.00022601667994631748 0.0013078466106520483 8720.278375468126 2613.4840462003685 2842.5583650009785 2384.4097273997586 13797.398409383892 136.4027907484509 -57.04037949285785 [0.0,3967.218154015033,4561.350681696672,5155.483209378308,5749.615737059946,6343.748264741579,6937.88079242322,7532.01332010485,8126.145847786489,8720.278375468126,9482.688186320771,10245.097997173425,11007.507808026072,11769.917618878719,12532.327429731373,13294.737240584009,14057.14705143666,14819.556862289306,15581.966673141958,16344.376483994594] [-68.20139537422546,-2.701509232776985,-1.9124300921692594,-1.3107653159335797,-0.8558218425585267,-0.5188994285025217,-0.27899445041465754,-0.12027060890984131,-0.030490377368678878,0.0,-0.035473416200133556,-0.14290564887834023,-0.31205927540859335,-0.5347467823143432,-0.8043165358511857,-1.1152905039843546,-1.463102941571826,-1.8439080399055428,-2.2544357837268763,-2.6918822016581743] False 59661.699990555186 59662.699990555186
2271.3810595726877 2617.821317854317 3017.1020504598932 1.713200114181789e-14 9.303681088690546e-15 1.2625001981566434e-14 9.424958797471502e-12 2.456536671451165e-08 0.000898578656195019 7.303370005531292e-11 3.2881827504530525e-11 3.656038754066402e-11 2.920326746839703e-11 1.409197720114755e-10 0.0005004991031014118 0.00022533878417619146 0.00025054791362458473 0.0002001296547277982 0.0009657215702830616 5784.846621168713 2604.5007796862733 2895.87182592488 2313.1297334476667 11161.960387588866 49.09134288884445 -45.63535155621193 [0.0,1601.4962973866088,2124.4150878593728,2647.3338783321374,3170.2526688048997,3693.1714592776634,4216.090249750425,4739.009040223189,5261.927830695954,5784.846621168713,6615.684185639278,7446.521750109839,8277.359314580399,9108.196879050962,9939.034443521521,10769.872007992082,11600.709572462638,12431.54713693321,13262.384701403766,14093.22226587433] [-24.545671444422226,-2.6931461624644797,-1.7824910898599597,-1.1619314645641126,-0.7288025839176484,-0.4269419748856862,-0.22223041547032096,-0.09237014125844922,-0.02198033912896591,0.0,-0.04512871160987686,-0.1685691595476797,-0.3540421747489759,-0.5898995102636775,-0.8675160294138351,-1.180324594271191,-1.5232079909621064,-1.8921002165863001,-2.283716149732257,-2.6953629703659914] False 59661.699990555186 59662.699990555186
3017.1020504598932 3477.2827010020824 4007.6519721450045 8.596434771034142e-15 4.574434132516718e-15 6.2708711224655255e-15 6.221902807734635e-12 2.1530721418432327e-08 0.0005907321614326902 4.2176705010266224e-11 2.1138407993850545e-11 2.3776431386641872e-11 1.850038460105922e-11 8.722305440765909e-11 0.0005099794170179601 0.0002555949541996629 0.0002874926008178137 0.00022369730758151215 0.0010546571247449618 6725.812759756345 3370.888602401947 3791.567538593213 2950.2096662106815 13909.24047142042 56.94120810734303 -13.719989258842022 [0.0,1611.0861901489175,2250.4270113498465,2889.767832550776,3529.108653751704,4168.449474952633,4807.79029615356,5447.13111735449,6086.471938555414,6725.812759756345,7844.614386127369,8963.416012498397,10082.217638869426,11201.019265240451,12319.820891611478,13438.6225179825,14557.42414435353,15676.225770724557,16795.027397095586,17913.829023466616] [-28.470604053671515,-2.6900276041123288,-1.7326220170493674,-1.1110585926155956,-0.6898875604565351,-0.4020058994622051,-0.20923020573148676,-0.08774749358422618,-0.02170138386255438,0.0,-0.045626310337198106,-0.17340082573525883,-0.36394938795199927,-0.6040344173772052,-0.8842090451743392,-1.1974950591546776,-1.53859125915592,-1.9033757226346157,-2.288580041168009,-2.6915688128367616] False 59661.699990555186 59662.699990555186
5323.411028602609 6135.359285332078 7071.149185711414 1.915899139180433e-15 9.788952483686051e-16 1.369476017934313e-15 2.4004300317907826e-12 1.464224988158176e-08 0.00022413371109590574 1.2067124265415933e-11 8.614999022247142e-12 1.0066196512743724e-11 7.163801531750563e-12 3.2245763831079905e-11 0.00045423833684737013 0.0003242912513151598 0.00037891814667327466 0.00026966435595704506 0.0012138154717592075 8811.490020553785 6290.726459921375 7350.39999307717 5231.052926765582 23546.0595211581 27.833003433887946 -8.998630005290963 [0.0,949.3971938372764,1932.1587971768392,2914.920400516403,3897.682003855965,4880.443607195531,5863.205210535094,6845.966813874659,7828.728417214224,8811.490020553785,11166.199668872023,13520.909317190259,15875.618965508505,18230.32861382675,20585.038262144986,22939.74791046322,25294.457558781472,27649.167207099712,30003.876855417926,32358.586503736165] [-13.916501716943973,-2.676965206528342,-1.485672555200905,-0.8866687888150224,-0.5274174967342287,-0.29891075955409185,-0.1528798230111299,-0.0636652496798753,-0.01598557099917919,0.0,-0.0545326928590697,-0.19989241755489218,-0.4067661379606662,-0.6580789048998454,-0.9430063909425463,-1.2542531718648178,-1.58666802373423,-1.9364781269860103,-2.300837297923149,-2.677545366745786] False 59661.699990555186 59662.699990555186
7071.149185711414 8149.575733880153 9392.473966813408 8.509795058736527e-16 4.2606875931344273e-16 6.021426593995434e-16 1.402765906298469e-12 1.1360338392429462e-08 0.00013256459279005484 4.527171412068198e-12 4.564092709104575e-12 5.722311668588215e-12 3.4058737496209336e-12 1.6517504683855427e-11 0.0003006747361081819 0.000303126885636603 0.00038005067497444536 0.0002262030962987605 0.0010970197304093318 7518.43660534315 7579.753133013176 9503.249071066488 5656.257194959863 27431.214889054165 11.437502759441125 -6.170903068046578 [0.0,835.3818450381276,1670.7636900762552,2506.1455351143836,3341.5273801525104,4176.909225190637,5012.291070228767,5847.672915266896,6683.054760305021,7518.43660534315,10787.49447984708,14056.552354350999,17325.610228854937,20594.668103358872,23863.725977862803,27132.783852366727,30401.841726870647,33670.899601374585,36939.95747587852,40209.01535038245] [-5.718751379720563,-1.3016383349905816,-0.7246497638144813,-0.43173876771359243,-0.2557060111433289,-0.14384926636523954,-0.07263309689981323,-0.029484075757415518,-0.006889484911693167,0.0,-0.07269937273063398,-0.24155614917824408,-0.4659427546696149,-0.7265411856200066,-1.0126358233539312,-1.3176600291432186,-1.6372970452183369,-1.9685567387559901,-2.3092821660231193,-2.6578661587679973] False 59661.699990555186 59662.699990555186
12476.13311942254 14379.0435808939 16572.19366947696 1.486176877165104e-16 7.14416788286042e-17 1.0304123987070775e-16 4.2418556023491043e-13 6.055368309160919e-09 4.031140411078771e-05 2.52263943853704e-12 2.5656449242745844e-12 3.215721776266897e-12 1.9155680722822712e-12 9.296515030042008e-12 0.0005215730957537576 0.0005304647764227688 0.0006648726473978302 0.00039605690544770725 0.001922118575436341 24481.842820431433 24899.20470186363 31208.10444732481 18590.30495640244 90221.30403037583 19.530538871259488 -3.0067457496326275 [0.0,2720.2047578257134,5440.409515651427,8160.614273477143,10880.819031302854,13601.023789128569,16321.228546954286,19041.433304780014,21761.638062605707,24481.842820431433,35327.09097565673,46172.33913088202,57017.58728610733,67862.83544133263,78708.08359655792,89553.33175178319,100398.57990700855,111243.82806223379,122089.07621745915,132934.32437268444] [-9.765269435629744,-1.3198112140239315,-0.7364155903228013,-0.4406378520656786,-0.26262710155415503,-0.1491484528304552,-0.07648858890062504,-0.031997767789205156,-0.008125087529562869,0.0,-0.07047536456360604,-0.23993524959245738,-0.4661457184062465,-0.7292055948112206,-1.0181365175749892,-1.3262360356326424,-1.6491101191389221,-1.9837214303179884,-2.3278825598963175,-2.679965797739415] False 59661.699990555186 59662.699990555186
100.0 115.25240587974294 132.83117061068992 1.89531787198019e-12 1.3186934835755796e-12 1.5809311582370083e-12 5.1743310208349876e-11 5.972451309467566e-09 0.0007520861596774411 1.1384022080681016e-08 5.696535561418376e-09 6.27876044695127e-09 5.1143106758854825e-09 2.2868512298809647e-08 0.00015121529792348027 7.566774870486273e-05 8.340151001526366e-05 6.793398739446181e-05 0.0003037651258775848 7200.833522299619 3603.2786954309427 3971.558416214084 3234.9989746478013 14465.217020778884 9.28299461799395 -63.31849914853949 [0.0,1031.1191717676083,1802.3334655841097,2573.547759400611,3344.7620532171136,4115.976347033613,4887.1906408501145,5658.404934666615,6429.619228483115,7200.833522299619,8311.643205625689,9422.452888951768,10533.262572277841,11644.07225560391,12754.881938929984,13865.691622256052,14976.501305582136,16087.310988908204,17198.120672234272,18308.93035556035] [-4.641497308996975,-2.7043123562989138,-1.8274345895789708,-1.2105374123969739,-0.7688795892348992,-0.45478220617079756,-0.23831981052930473,-0.09930470311463324,-0.023395919998364434,0.0,-0.042734235594977577,-0.15993787193597342,-0.3384667029692423,-0.5684334899679442,-0.8422013235718424,-1.1537412913647387,-1.498205919880391,-1.8716363573719264,-2.2707556523550636,-2.692819265858006] False 59659.699990555186 59660.699990555186
132.83117061068992 153.091119887046 176.4411988580621 1.7412101985333404e-12 1.1650286307062442e-12 1.4242751606936941e-12 6.194044696976722e-11 9.487923880042498e-09 0.0013829337063762906 1.0389754864801033e-08 3.603034634469318e-09 3.917472095199362e-09 3.288597173739274e-09 1.7377315829540498e-08 0.00024350355216118863 8.444392995501827e-05 9.18133664447767e-05 7.707449346525984e-05 0.00040727025676567745 7294.766595340112 2529.732128947933 2750.5022928935687 2308.961965002297 12200.813655331085 24.34006979799898 -96.78225064697729 [0.0,2611.7854389936224,3197.1580835369327,3782.530728080243,4367.903372623554,4953.276017166866,5538.648661710176,6124.021306253489,6709.3939507968,7294.766595340112,8031.67697448094,8768.587353621764,9505.497732762598,10242.408111903418,10979.318491044247,11716.228870185076,12453.139249325905,13190.049628466732,13926.960007607562,14663.87038674838] [-12.17003489899949,-2.6982802310696314,-1.9093027018659399,-1.308003541159394,-0.8532086543773403,-0.5162887646119572,-0.27645046148467145,-0.11807188140363678,-0.029094233168166284,0.0,-0.036843204464290125,-0.14436090814578506,-0.3128949812384718,-0.5346652218175478,-0.8033075359915358,-1.1135468839311073,-1.460960137139736,-1.8418005716574442,-2.2528656238775824,-2.6913956496092197] False 59659.699990555186 59660.699990555186
176.4411988580621 203.35272664697808 234.36890988269914 1.4793384126624785e-12 9.518675558670579e-13 1.1866483216021856e-12 6.857991163698309e-11 1.394094417116799e-08 0.002118259345679631 3.4955583553905447e-09 1.5735502192487121e-09 1.7305817723640322e-09 1.4165186661333918e-09 6.646417311421952e-09 0.00014454948766165647 6.506997019561296e-05 7.156359102575288e-05 5.857634936547302e-05 0.000274844851515651 2945.740782467818 1326.0459654332467 1458.3779716870454 1193.713959179448 5601.000052355958 15.79953798207481 -69.01033265649788 [0.0,689.8753530520503,971.8585317290208,1253.8417104059927,1535.8248890829636,1817.8080677599335,2099.7912464369047,2381.7744251138765,2663.7576037908475,2945.740782467818,3351.1535415973112,3756.566300726805,4161.979059856295,4567.39181898579,4972.804578115282,5378.217337244776,5783.630096374267,6189.042855503761,6594.4556146332525,6999.868373762748] [-7.899768991037405,-2.696277598291047,-1.8222347510750438,-1.2064571567912594,-0.7657487716594744,-0.4525421583177547,-0.23685675096035652,-0.09847056438292157,-0.023042279968663593,0.0,-0.042936260491543976,-0.16000833828726968,-0.3382334985362263,-0.5678523751656428,-0.8413278462331846,-1.1527079878331534,-1.4972041068544968,-1.8709017180675147,-2.2705568787202424,-2.693449129231368] False 59659.699990555186 59660.699990555186
234.36890988269914 270.1158072739371 311.3149665447022 1.162334300606067e-12 7.192231169304049e-13 9.143181604873763e-13 7.022988183029342e-11 1.8945917334668216e-08 0.0027330811401676085 2.554858667396829e-09 1.0330907161124911e-09 1.1626468684949224e-09 9.035345637300595e-10 4.587377046307617e-09 0.00018640900157475352 7.53769323462795e-05 8.482967950668613e-05 6.592418518587285e-05 0.00033470672407896583 2794.2775040528177 1129.9028727175266 1271.5998858375237 988.2058595975294 5017.265591511735 24.900215371157145 -82.4215006556851 [0.0,843.2080576384266,1087.0917384402258,1330.9754192420244,1574.8591000438234,1818.7427808456218,2062.6264616474205,2306.510142449219,2550.3938232510177,2794.2775040528177,3130.8636231789874,3467.4497423051585,3804.035861431331,4140.621980557504,4477.208099683674,4813.794218809846,5150.380337936017,5486.966457062191,5823.552576188359,6160.138695314529] [-12.450107685578573,-2.6952106502924096,-1.8465791098111168,-1.2341244406703709,-0.7888398087117565,-0.468814274582499,-0.24655179411988115,-0.10296890157115968,-0.02423929754709775,0.0,-0.041577255334345864,-0.15601047201265317,-0.33141308200515596,-0.5586765912629943,-0.8306538289909184,-1.1416243787622165,-1.4869321740315513,-1.8627323885500857,-2.2658100912119608,-2.6934474110055646] False 59659.699990555186 59660.699990555186
