data/4C+01.02_allsed_14d_min11.ecsv
# %ECSV 1.0
# ---
# datatype:
# - {name: e_min, unit: MeV, datatype: float64}
# - {name: e_ref, unit: MeV, datatype: float64}
# - {name: e_max, unit: MeV, datatype: float64}
# - {name: ref_dnde_e_min, unit: ph / (cm2 MeV s), datatype: float64}
# - {name: ref_dnde_e_max, unit: ph / (cm2 MeV s), datatype: float64}
# - {name: ref_dnde, unit: ph / (cm2 MeV s), datatype: float64}
# - {name: ref_flux, unit: ph / (cm2 s), datatype: float64}
# - {name: ref_eflux, unit: MeV / (cm2 s), datatype: float64}
# - {name: ref_npred, datatype: float64}
# - {name: dnde, unit: ph / (cm2 MeV s), datatype: float64}
# - {name: dnde_err, unit: ph / (cm2 MeV s), datatype: float64}
# - {name: dnde_errp, unit: ph / (cm2 MeV s), datatype: float64}
# - {name: dnde_errn, unit: ph / (cm2 MeV s), datatype: float64}
# - {name: dnde_ul, unit: ph / (cm2 MeV s), datatype: float64}
# - {name: e2dnde, unit: MeV / (cm2 s), datatype: float64}
# - {name: e2dnde_err, unit: MeV / (cm2 s), datatype: float64}
# - {name: e2dnde_errp, unit: MeV / (cm2 s), datatype: float64}
# - {name: e2dnde_errn, unit: MeV / (cm2 s), datatype: float64}
# - {name: e2dnde_ul, unit: MeV / (cm2 s), datatype: float64}
# - {name: norm, datatype: float64}
# - {name: norm_err, datatype: float64}
# - {name: norm_errp, datatype: float64}
# - {name: norm_errn, datatype: float64}
# - {name: norm_ul, datatype: float64}
# - {name: ts, datatype: float64}
# - {name: loglike, datatype: float64}
# - {name: norm_scan, datatype: string, subtype: 'float64[20]'}
# - {name: dloglike_scan, datatype: string, subtype: 'float64[20]'}
# - {name: ShowUL, datatype: bool}
# - {name: tstart, datatype: float64}
# - {name: tend, datatype: float64}
# meta: !!omap
# - {UL_CONF: 0.95}
# - {EXTNAME: SED}
# - {CONFIG: '{"bin_index": 2.0, "use_local_index": true, "free_background": false, "free_radius": null, "free_pars": [], "ul_confidence":
#     0.95, "cov_scale": 3.0, "make_plots": false, "write_fits": true, "write_npy": true, "optimizer": {"optimizer": "MINUIT", "tol":
#     0.001, "max_iter": 100, "init_lambda": 0.0001, "retries": 3, "min_fit_quality": 2, "verbosity": 0}, "prefix": "", "outfile": null,
#     "loge_bins": []}'}
# - {SRCNAME: 4FGL J0108.6+0134}
# - {CREATOR: fermipy 1.2.0}
# - {STVER: 2.2.0}
# schema: astropy-2.0
e_min e_ref e_max ref_dnde_e_min ref_dnde_e_max ref_dnde ref_flux ref_eflux ref_npred dnde dnde_err dnde_errp dnde_errn dnde_ul e2dnde e2dnde_err e2dnde_errp e2dnde_errn e2dnde_ul norm norm_err norm_errp norm_errn norm_ul ts loglike norm_scan dloglike_scan ShowUL tstart tend
[from data line 290]
132.83117061068992 153.091119887046 176.4411988580621 3.761621834800135e-12 2.258461727214569e-12 2.914700489956174e-12 1.2695472002958507e-10 1.9396923525307937e-08 0.05212912826368059 3.879239230975339e-09 5.768564411708266e-10 6.041942551873846e-10 5.495186271542683e-10 4.898004457410936e-09 9.091730697378894e-05 1.3519721527601986e-05 1.4160434894565655e-05 1.2879008160638315e-05 0.00011479399652840013 1330.922077360225 197.9127677641761 207.29205531387873 188.53348021447343 1680.448634186967 99.28053335123491 -675.3420376486755 [0.0,900.191783283379,954.0330700429846,1007.8743568025908,1061.7156435621962,1115.5569303218024,1169.3982170814072,1223.2395038410143,1277.0807906006196,1330.922077360225,1381.410094457066,1431.8981115539066,1482.3861286507474,1532.8741457475885,1583.3621628444291,1633.85017994127,1684.3381970381108,1734.8262141349514,1785.314231231793,1835.8022483286327] [-49.640266675617454,-2.7097852379519054,-2.0255909812642585,-1.4539315982157177,-0.9869493764107347,-0.6176295425985927,-0.3396798919326329,-0.14743160772570718,-0.035756884200509376,0.0,-0.031663992638186755,-0.12314584704768095,-0.27149194580999847,-0.4739736193855606,-0.7280641607580947,-1.0314187614588946,-1.3818569282854014,-1.7773470164676155,-2.2159925765738535,-2.6960202622900624] False 57006.65603222185 57020.65603222185
176.4411988580621 203.35272664697808 234.36890988269914 2.6678507111950056e-12 1.558686098215782e-12 2.039201269040095e-12 1.1804606965581936e-10 2.394173231755257e-08 0.06383403813504643 2.469185095493222e-09 3.4005949861760776e-10 3.5606285493684384e-10 3.240561422983716e-10 3.069892399871757e-09 0.00010210656044260673 1.4062253094373828e-05 1.4724029188955448e-05 1.3400476999792206e-05 0.0001269472079885495 1210.858944127439 166.76112543696217 174.60898065469127 158.91327021923308 1505.438647219377 132.87138883482385 -728.267264754956 [0.0,848.0259249787792,893.3800523723618,938.7341797659446,984.0883071595265,1029.4424345531093,1074.7965619466909,1120.1506893402739,1165.5048167338555,1210.858944127439,1253.3744128426115,1295.8898815577847,1338.4053502729585,1380.9208189881308,1423.436287703304,1465.951756418478,1508.4672251336503,1550.9826938488236,1593.498162563997,1636.0136312791708] [-66.43569441741192,-2.708457086716521,-2.0263233489823733,-1.4558395941430717,-0.9893576536293267,-0.6200372662049176,-0.3417324595828859,-0.14889760852281597,-0.03650916717481323,0.0,-0.030970680227710545,-0.12180689720037208,-0.2696040294472368,-0.47167594276186264,-0.7255329028417918,-1.0288622655901918,-1.3795115307360675,-1.7754734154437983,-2.214872661920708,-2.6959543396129675] False 57006.65603222185 57020.65603222185
234.36890988269914 270.1158072739371 311.3149665447022 1.791706982439447e-12 1.0186468831677317e-12 1.3509688128198256e-12 1.0394416235951064e-10 2.7984932604731176e-08 0.06853828918784446 1.378584391092084e-09 1.918968825971314e-10 2.0138429307556132e-10 1.8240947211870148e-10 1.7191247400981404e-09 0.00010058503165337712 1.4001285764541604e-05 1.4693511419675771e-05 1.3309060109407437e-05 0.00012543172366973716 1020.4413144183671 142.04390269868063 149.06657442018928 135.02123097717197 1272.5125286274204 151.25027340900897 -622.8191785037175 [0.0,714.0359493206846,752.3366199578948,790.6372905951051,828.9379612323156,867.2386318695255,905.539302506736,943.8399731439463,982.1406437811569,1020.4413144183671,1056.8487240372008,1093.2561336560332,1129.6635432748662,1166.0709528936995,1202.4783625125328,1238.8857721313664,1275.2931817501992,1311.7005913690323,1348.1080009878651,1384.515410606699] [-75.62513670450448,-2.704566533843149,-2.0198244629176543,-1.4488283365682264,-0.9831804679125753,-0.6154243630390965,-0.33890554567506115,-0.14765758999988066,-0.03630801748875001,0.0,-0.031033185512001182,-0.12243429787110927,-0.2710355246991867,-0.4739232139413616,-0.7284107147564782,-1.0320148081584648,-1.3824351667194605,-1.777536382989183,-2.2153321865080216,-2.6939715338317] False 57006.65603222185 57020.65603222185
311.3149665447022 358.7979888064861 413.52331434760555 1.139440156418306e-12 6.303877009962275e-13 8.475193570811914e-13 8.667513936514361e-11 3.0976970231315285e-08 0.0666060665822858 8.995724451975388e-10 1.2034722966678292e-10 1.263105106240045e-10 1.143839487095613e-10 1.1134504640036519e-09 0.00011580735540075208 1.549302056985148e-05 1.6260709487908382e-05 1.4725331651794578e-05 0.0001433411553392876 1061.4181701945022 141.99938757888899 149.0355465850488 134.96322857272915 1313.7758503101475 190.9160058263992 -557.8336633871893 [0.0,756.8082562796104,794.8844955189717,832.9607347583333,871.0369739976945,909.113213237056,947.1894524764173,985.2656917157788,1023.3419309551404,1061.4181701945022,1097.8287913195368,1134.239412444573,1170.6500335696082,1207.0606546946437,1243.4712758196804,1279.8818969447154,1316.2925180697498,1352.7031391947867,1389.1137603198215,1425.5243814448572] [-95.4580029131996,-2.70445064289288,-2.020393749447976,-1.4499626652459483,-0.9847261080327598,-0.6171905332496408,-0.3406635597041259,-0.14914165387767753,-0.03721704172016871,0.0,-0.03019431711948073,-0.12110434681653715,-0.2694858492043295,-0.4723568195590815,-0.7269694608924056,-1.0307858437940922,-1.3814566821629342,-1.776802754684013,-2.214798583063498,-2.693558043512553] False 57006.65603222185 57020.65603222185
413.52331434760555 476.5900816815941 549.2752115212968 6.861730142597221e-13 3.694295843547618e-13 5.0348049758995e-13 6.843904328366989e-11 3.2468633224280014e-08 0.059782012004881924 5.134539941294156e-10 7.337295501947441e-11 7.720750678976805e-11 6.953840324918077e-11 6.447611260704849e-10 0.00011662496772274993 1.6665794031611276e-05 1.7536766857910864e-05 1.5794821205311687e-05 0.00014644982097052558 1019.8091020152847 145.7314739512147 153.3475619400222 138.1153859624072 1280.6079463987467 177.04036007699415 -490.7669670689677 [0.0,711.1564762433387,749.7380544648319,788.3196326863252,826.9012109078185,865.4827891293121,904.0643673508049,942.6459455722979,981.2275237937914,1019.8091020152847,1057.4247077380535,1095.040313460822,1132.6559191835913,1170.2715249063588,1207.8871306291278,1245.5027363518968,1283.1183420746652,1320.733947797434,1358.3495535202028,1395.9651592429711] [-88.52018003849707,-2.702454312506859,-2.0165256449340063,-1.4461117765188192,-0.9819654399977367,-0.6159416328832208,-0.34082610156985993,-0.1501963095616361,-0.03830771808668487,0.0,-0.02904591523315503,-0.11969979589684954,-0.26840272494445117,-0.471904502384632,-0.7272283664495944,-1.0316406665573368,-1.3826246706594247,-1.7778578436428347,-2.2151920550639943,-2.6926362711665206] False 57006.65603222185 57020.65603222185
549.2752115212968 633.0528961793416 729.6086933380817 3.913078410970257e-13 2.050004400091086e-13 2.832283170940089e-13 5.118375740793358e-11 3.223349762855441e-08 0.049518074731202844 2.4545845867729365e-10 4.088355543560566e-11 4.292883740141514e-11 3.8838273469796205e-11 3.186603563198496e-10 9.836894254508861e-05 1.6384328889522466e-05 1.720398784634712e-05 1.5564669932697816e-05 0.00012770503999389964 866.6451899857927 144.34840363096757 151.56972241291197 137.1270848490232 1125.10062408089 173.3473315805635 -332.8896419187416 [0.0,567.3872522819368,604.7944944949187,642.2017367079005,679.6089789208829,717.0162211338643,754.4234633468469,791.830705559829,829.2379477728107,866.6451899857927,904.3407772035802,942.0363644213679,979.7319516391552,1017.4275388569426,1055.1231260747302,1092.8187132925177,1130.5143005103048,1168.2098877280919,1205.90547494588,1243.6010621636672] [-86.67366579028175,-2.696557075942394,-1.9941104923249782,-1.4174210368682907,-0.9537658627214682,-0.5923139412208798,-0.32376356683300855,-0.14006339056697925,-0.03419479090871391,0.0,-0.03253623389275617,-0.12740643253505368,-0.2802174282584815,-0.48703772408663326,-0.7443340594161896,-1.0489186021032424,-1.397904688288861,-1.788669492490385,-2.2188223580089357,-2.686177782207835] False 57006.65603222185 57020.65603222185
729.6086933380817 840.8915725798939 969.1477682383326 2.1130132564156856e-13 1.0772041066619742e-13 1.5086903450483716e-13 3.624649436787339e-11 3.030134787134846e-08 0.038248438244946725 1.0121891554023546e-10 2.2328571476809844e-11 2.407524494280727e-11 2.0581898010812422e-11 1.4196482329691097e-10 7.157175720050729e-05 1.5788502453744913e-05 1.7023572880549107e-05 1.4553432026940721e-05 0.00010038313303189334 670.9058348019731 147.9996975528729 159.57711283713007 136.42228226861573 940.9805250152859 100.676584435726 -274.6568513287368 [0.0,376.17159153692256,413.01337194505385,449.85515235318513,486.6969327613166,523.5387131694479,560.380493577579,597.2222739857108,634.0640543938416,670.9058348019731,710.6507062613398,750.3955777207058,790.1404491800715,829.8853206394377,869.6301920988042,909.3750635581703,949.1199350175367,988.8648064769025,1028.609677936269,1068.3545493956353] [-50.338292217863,-2.7022540064050418,-1.9715024389338396,-1.3845377788251199,-0.9215128815383196,-0.5665519590377812,-0.30674030998739,-0.13141925863999404,-0.03168123050750182,0.0,-0.034766681110625086,-0.1343782086943861,-0.2929131719132556,-0.505250235884489,-0.7669280210146212,-1.0740346602635213,-1.4231197487044938,-1.8111234143303818,-2.235318638877004,-2.6932639463856276] False 57006.65603222185 57020.65603222185
969.1477682383326 1116.9661194245136 1287.3303254983532 1.080450724013732e-13 5.359944337131084e-14 7.609964349276915e-14 2.430779863373135e-11 2.697506035388228e-08 0.02752273011622075 5.403355612720163e-11 1.3333274994771026e-11 1.450764774110187e-11 1.2158902248440178e-11 7.88820056274898e-11 6.741298391587584e-05 1.6634771375263154e-05 1.8099934446767707e-05 1.5169608303758602e-05 9.841424029356027e-05 710.0369153810266 175.2081137678119 190.6401538199106 159.77607371571318 1036.5620915817433 93.24191566170344 -203.84850154917177 [0.0,372.7557320876407,414.91587999931386,457.076027910987,499.23617582266047,541.3963237343335,583.5564716460068,625.7166195576801,667.8767674693534,710.0369153810266,758.2971931729497,806.5574709648724,854.8177487567953,903.0780265487182,951.3383043406413,999.5985821325644,1047.8588599244872,1096.1191377164093,1144.3794155083335,1192.639693300256] [-46.62095783085172,-2.7035186009380823,-1.957435364195419,-1.366678064028548,-0.9060737551401132,-0.5562288259305888,-0.30187081831229534,-0.13074792896833287,-0.03287461315076712,0.0,-0.03332838308276109,-0.13416482772339577,-0.2952835375247673,-0.5105870198399316,-0.7748804030611609,-1.083699798129146,-1.4331798325669638,-1.819950060984695,-2.2410529878535215,-2.6938784894009586] False 57006.65603222185 57020.65603222185
1287.3303254983532 1483.6791717563765 1709.9759409858673 5.2315066295438995e-14 2.525466608745367e-14 3.634830849756722e-14 1.5437287648133823e-11 2.2740963307130993e-08 0.018417657858212477 1.833669571851661e-11 6.53611417747482e-12 7.115889797064977e-12 5.956338557884664e-12 3.106091527097802e-11 4.036463951780009e-05 1.4387973529742167e-05 1.5664235853402466e-05 1.311171120608187e-05 6.8374513448456e-05 504.4717753439305 179.81893649637865 195.76948945344296 163.86838353931435 854.5353705539536 41.27384667896541 -134.78311494106208 [0.0,181.02195040843807,221.45317852537468,261.88440664231126,302.3156347592477,342.74686287618425,383.1780909931209,423.60931911005736,464.04054722699374,504.4717753439305,557.3816989413144,610.2916225386986,663.2015461360819,716.1114697334663,769.0213933308504,821.9313169282336,874.8412405256181,927.751164123002,980.661087720386,1033.5710113177695] [-20.636923339482706,-2.697540051190572,-1.8811916070083043,-1.2737266824620974,-0.822397995177738,-0.4927650193523334,-0.26096570618798864,-0.10971623779539641,-0.026057416278803203,0.0,-0.039996511989272676,-0.1514985327130205,-0.3238642318337952,-0.5487056041121434,-0.8192863408606001,-1.1301099438747144,-1.4766297739120375,-1.855039863735783,-2.262120757705759,-2.6951237722753945] False 57006.65603222185 57020.65603222185
1709.9759409858673 1970.7884119509856 2271.3810595726877 2.398654334359058e-14 1.1267875863607137e-14 1.644011535216861e-14 9.284148494708583e-12 1.815520820267676e-08 0.011397450400488784 1.3741249852693675e-11 4.5365374295453414e-12 4.948069186916325e-12 4.125005672174358e-12 2.2617804897352018e-11 5.3371110131274205e-05 1.761994297188691e-05 1.921833518370293e-05 1.6021550760070896e-05 8.784771174709514e-05 835.8365837671004 275.9431629503091 300.97533264957457 250.9109932510437 1375.7692335393808 70.2549627056357 -82.26113995091671 [0.0,340.4427589354723,402.3669870394258,464.2912151433793,526.2154432473329,588.1396713512863,650.0638994552398,711.9881275591931,773.9123556631469,835.8365837671004,917.5998560580608,999.3631283490208,1081.1264006399808,1162.8896729309408,1244.652945221902,1326.4162175128608,1408.1794898038218,1489.9427620947822,1571.706034385742,1653.4693066767018] [-35.12748135281785,-2.694401798356239,-1.8826111530554215,-1.2756632963103698,-0.8238373956432525,-0.4936623512670337,-0.2615101898219194,-0.11006930092935363,-0.0262702526092653,0.0,-0.04011670546709922,-0.15239504358294198,-0.3257889958618563,-0.5516235041006183,-0.8229590494099455,-1.1341561609798987,-1.4805687345748026,-1.8583229324157742,-2.2641544811522465,-2.69528676135792] False 57006.65603222185 57020.65603222185
2271.3810595726877 2617.821317854317 3017.1020504598932 1.0414241061949326e-14 4.760598428387957e-15 7.041166070500642e-15 5.287603016793988e-12 1.3725859253113717e-08 0.006565710918272627 9.624142193440044e-12 3.2491024049939104e-12 3.548810983999923e-12 2.9493938259878976e-12 1.600686163811275e-11 6.595413531409582e-05 2.226606126147917e-05 2.4319960692436395e-05 2.0212161830521943e-05 0.00010969483796215015 1366.8392560375648 461.44379673222113 504.00898778227435 418.87860568216786 2273.325394947634 67.67789226069368 -91.10714431580921 [0.0,544.7257732930129,647.4899586360816,750.2541439791509,853.0183293222201,955.7825146652889,1058.5467000083577,1161.3108853514266,1264.0750706944968,1366.8392560375648,1504.4021383279232,1641.965020618281,1779.527902908641,1917.0907851989975,2054.6536674893564,2192.2165497797146,2329.7794320700727,2467.342314360432,2604.90519665079,2742.4680789411464] [-33.83894613034684,-2.696202668514971,-1.8766159569850203,-1.2675445719165168,-0.8163022908705813,-0.4878578458292253,-0.25772030000798907,-0.10808652507790839,-0.025604319940313758,0.0,-0.04093356871095466,-0.15446069795366668,-0.32911712918995306,-0.5559648181687606,-0.8278993620525483,-1.13917978751563,-1.4851001286014736,-1.8617543666593974,-2.265864574542533,-2.6946528985364893] False 57006.65603222185 57020.65603222185
