data/4C+01.02_allsed_14d_min11.ecsv
# %ECSV 1.0
# ---
# datatype:
# - {name: e_min, unit: MeV, datatype: float64}
# - {name: e_ref, unit: MeV, datatype: float64}
# - {name: e_max, unit: MeV, datatype: float64}
# - {name: ref_dnde_e_min, unit: ph / (cm2 MeV s), datatype: float64}
# - {name: ref_dnde_e_max, unit: ph / (cm2 MeV s), datatype: float64}
# - {name: ref_dnde, unit: ph / (cm2 MeV s), datatype: float64}
# - {name: ref_flux, unit: ph / (cm2 s), datatype: float64}
# - {name: ref_eflux, unit: MeV / (cm2 s), datatype: float64}
# - {name: ref_npred, datatype: float64}
# - {name: dnde, unit: ph / (cm2 MeV s), datatype: float64}
# - {name: dnde_err, unit: ph / (cm2 MeV s), datatype: float64}
# - {name: dnde_errp, unit: ph / (cm2 MeV s), datatype: float64}
# - {name: dnde_errn, unit: ph / (cm2 MeV s), datatype: float64}
# - {name: dnde_ul, unit: ph / (cm2 MeV s), datatype: float64}
# - {name: e2dnde, unit: MeV / (cm2 s), datatype: float64}
# - {name: e2dnde_err, unit: MeV / (cm2 s), datatype: float64}
# - {name: e2dnde_errp, unit: MeV / (cm2 s), datatype: float64}
# - {name: e2dnde_errn, unit: MeV / (cm2 s), datatype: float64}
# - {name: e2dnde_ul, unit: MeV / (cm2 s), datatype: float64}
# - {name: norm, datatype: float64}
# - {name: norm_err, datatype: float64}
# - {name: norm_errp, datatype: float64}
# - {name: norm_errn, datatype: float64}
# - {name: norm_ul, datatype: float64}
# - {name: ts, datatype: float64}
# - {name: loglike, datatype: float64}
# - {name: norm_scan, datatype: string, subtype: 'float64[20]'}
# - {name: dloglike_scan, datatype: string, subtype: 'float64[20]'}
# - {name: ShowUL, datatype: bool}
# - {name: tstart, datatype: float64}
# - {name: tend, datatype: float64}
# meta: !!omap
# - {UL_CONF: 0.95}
# - {EXTNAME: SED}
# - {CONFIG: '{"bin_index": 2.0, "use_local_index": true, "free_background": false, "free_radius": null, "free_pars": [], "ul_confidence":
#     0.95, "cov_scale": 3.0, "make_plots": false, "write_fits": true, "write_npy": true, "optimizer": {"optimizer": "MINUIT", "tol":
#     0.001, "max_iter": 100, "init_lambda": 0.0001, "retries": 3, "min_fit_quality": 2, "verbosity": 0}, "prefix": "", "outfile": null,
#     "loge_bins": []}'}
# - {SRCNAME: 4FGL J0108.6+0134}
# - {CREATOR: fermipy 1.2.0}
# - {STVER: 2.2.0}
# schema: astropy-2.0
e_min e_ref e_max ref_dnde_e_min ref_dnde_e_max ref_dnde ref_flux ref_eflux ref_npred dnde dnde_err dnde_errp dnde_errn dnde_ul e2dnde e2dnde_err e2dnde_errp e2dnde_errn e2dnde_ul norm norm_err norm_errp norm_errn norm_ul ts loglike norm_scan dloglike_scan ShowUL tstart tend
[from data line 170]
969.1477682383326 1116.9661194245136 1287.3303254983532 1.0799112005367912e-13 5.381564424959179e-14 7.623392747932992e-14 2.4346892965033394e-11 2.702132602671658e-08 0.03501717899865131 3.3821221240032685e-11 9.389159922880447e-12 1.0278957915171803e-11 8.499361930589092e-12 5.1520680052267906e-11 4.219580584520898e-05 1.1714040907740379e-05 1.2824164727862567e-05 1.0603917087618191e-05 6.427788627352733e-05 443.6505156998893 123.16248464866545 134.83442681027867 111.49054248705224 675.8235047805615 57.78690938362354 -211.5281189650517 [0.0,210.79323663150433,239.90039651505245,269.00755639860057,298.11471628214866,327.22187616569687,356.3290360492451,385.4361959327931,414.5433558163412,443.6505156998893,478.14854468262297,512.6465736653564,547.1446026480899,581.6426316308232,616.140660613557,650.6386895962906,685.1367185790241,719.6347475617572,754.1327765444905,788.6308055272243] [-28.89345469181177,-2.6988628857232584,-1.937771128055715,-1.3430595710081832,-0.8844857989344348,-0.5395025588079818,-0.2908264759238932,-0.12490287314574289,-0.030895724296101434,0.0,-0.035212294191239835,-0.1390064202291228,-0.3032490171748634,-0.5211949784524279,-0.7871862613401959,-1.0964285604133863,-1.4448227913943015,-1.8288359429545267,-2.245400716136004,-2.6918365550431815] False 56544.65603222185 56558.65603222185
1287.3303254983532 1483.6791717563765 1709.9759409858673 5.2545286930400807e-14 2.5491313831545993e-14 3.6598475371406966e-14 1.554071825968172e-11 2.2895990168750885e-08 0.02344980730078272 1.5981730664311128e-11 5.269478822735854e-12 5.741357364131932e-12 4.797600281339777e-12 2.6260427076089646e-11 3.518064579563613e-05 1.159972420285225e-05 1.2638472269135745e-05 1.0560976136568756e-05 5.780718013657403e-05 436.6774982325374 143.9808289624191 156.8742223786033 131.08743554623493 717.5278972578717 54.43386171886675 -161.89210311797524 [0.0,176.803342916002,209.28761233056875,241.77188174513594,274.2561511597028,306.7404205742698,339.2246899888367,371.70895940340364,404.1932288179706,436.6774982325374,479.06630347538965,521.4551087182418,563.8439139610938,606.2327192039454,648.621524446798,691.0103296896502,733.3991349325017,775.7879401753542,818.1767454182065,860.5655506610588] [-27.216930859433376,-2.6962213183253994,-1.8902213261560519,-1.2846065014986436,-0.8319288543311529,-0.4999570775442521,-0.2657665024464677,-0.11245405400032382,-0.0271897924624227,0.0,-0.03895001922336405,-0.14966037800044774,-0.3214473214327427,-0.5458720611345029,-0.8161506846973623,-1.1267464170665278,-1.4730804370897772,-1.8513220920767708,-2.2582336736657,-2.6910535441873265] False 56544.65603222185 56558.65603222185
1709.9759409858673 1970.7884119509856 2271.3810595726877 2.423011065478672e-14 1.144331368354562e-14 1.6651509145111882e-14 9.401570060118737e-12 1.8387139875863546e-08 0.01460143190608143 5.2043187690761e-12 2.6861658440385038e-12 2.9995676176135414e-12 2.3727640704634665e-12 1.0812282146226e-11 2.021361034550791e-05 1.0433086846531851e-05 1.1650341517840451e-05 9.215832175223251e-06 4.199497916003011e-05 312.5433691158167 161.31666028763757 180.13788368810262 142.49543688717253 649.3274604722533 18.573857326849662 -127.15676217724844 [0.0,60.82609670536368,92.2907557566703,123.75541480797693,155.2200738592836,186.68473291059024,218.14939196189695,249.61405101320335,281.0787100645102,312.5433691158167,364.7967604956796,417.05015187554284,469.30354325540554,521.5569346352684,573.8103260151317,626.0637173949945,678.3171087748572,730.5705001547202,782.8238915345833,835.077282914446] [-9.286928663424831,-2.6995666711246287,-1.7394414200127954,-1.115825283754802,-0.6920880776943505,-0.40178592217905873,-0.2073019716238207,-0.08517350727008477,-0.0197383107006317,0.0,-0.047437542167031665,-0.17365891663352784,-0.36146856904365166,-0.5988413825189838,-0.8770242258677143,-1.1894388926126425,-1.531011117752783,-1.8977409113413017,-2.2864167777347717,-2.694419470819966] False 56544.65603222185 56558.65603222185
2271.3810595726877 2617.821317854317 3017.1020504598932 1.058895089758181e-14 4.868411656137064e-15 7.179928410231573e-15 5.390529340486693e-12 1.3994935319088595e-08 0.008488373681066363 5.152653900239964e-12 2.1141830485731126e-12 2.3364630238921217e-12 1.891903073254103e-12 9.446602783452525e-12 3.531107767659224e-05 1.4488472017734985e-05 1.601175412175424e-05 1.2965189913715732e-05 6.473745978763874e-05 717.6469744318495 294.45739954180465 325.4159220532903 263.498877030319 1315.6959573567456 46.78284824117688 -72.65489483726458 [0.0,227.26551525752922,288.56319765431914,349.86088005110906,411.158562447899,472.45624484468914,533.7539272414793,595.0516096382692,656.349292035059,717.6469744318495,809.5734208752574,901.4998673186657,993.4263137620737,1085.352760205483,1177.2792066488907,1269.2056530923,1361.132099535708,1453.0585459791164,1544.9849924225248,1636.911438865933] [-23.39142412058844,-2.698588998996456,-1.8181238136626234,-1.198878275988477,-0.7578334812175171,-0.44619480368154996,-0.2328279008167442,-0.09664453468130318,-0.022696266941323984,0.0,-0.04438964870094253,-0.16511708158628835,-0.34748964428128204,-0.5806924629950458,-0.8565332796904102,-1.1686573603830794,-1.5120358519341437,-1.882620697170978,-2.277104999294778,-2.692752384028026] False 56544.65603222185 56558.65603222185
100.0 115.25240587974294 132.83117061068992 1.5563745577763947e-11 8.352691692642568e-12 1.1401717782588341e-11 3.7486107178167714e-10 4.30034100305367e-08 0.11379058272362394 3.60989183155171e-09 8.864314835408587e-10 9.303228952796823e-10 8.425400718020349e-10 5.177798134008564e-09 4.7950615776298157e-05 1.1774573162490288e-05 1.2357587922592661e-05 1.1191558402387913e-05 6.877729873262042e-05 316.6094706417311 77.7454327886045 81.59497656575803 73.89588901145096 454.1243900910811 26.532580759547045 -554.0026217667782 [0.0,151.0511524042828,171.74594218396385,192.44073196364496,213.13552174332594,233.830311523007,254.52510130268809,275.21989108236914,295.91468086205026,316.6094706417311,336.5526019306128,356.49573321949435,376.4388645083761,396.3819957972578,416.3251270861393,436.26825837502105,456.2113896639029,476.1545209527843,496.0976522416658,516.0407835305475] [-13.266290379773523,-2.7121337000670565,-2.0108948333451053,-1.4318144090522082,-0.963883808155515,-0.5976426799639967,-0.3248878512945339,-0.138449599988121,-0.03201704478249212,0.0,-0.03489657310956318,-0.1302749348640191,-0.2825243666015922,-0.4883711068721368,-0.7448359024463116,-1.0491982266685227,-1.3989659221127795,-1.7918492906123902,-2.2257388559653464,-2.6986861798579866] False 56558.65603222185 56572.65603222185
132.83117061068992 153.091119887046 176.4411988580621 8.602028848474155e-12 4.597445740745071e-12 6.288669246445053e-12 2.746690358375832e-10 4.185042170835241e-08 0.12471605610240014 2.3027822801932447e-09 4.797985276045479e-10 5.035023225499707e-10 4.5609473265912506e-10 3.1542722839268587e-09 5.397005727060865e-05 1.1244985787800193e-05 1.1800529045944369e-05 1.0689442529656014e-05 7.392633566571489e-05 366.17958266687236 76.29571675689179 80.06500307431457 72.526430439469 501.580248589151 40.43076599527353 -628.3432758461518 [0.0,203.38215393320314,223.73183252491168,244.0815111166204,264.4311897083291,284.780868300038,305.1305468917465,325.4802254834551,345.8299040751636,366.17958266687236,385.7263332837641,405.2730839006556,424.8198345175476,444.3665851344391,463.9133357513306,483.4600863682221,503.0068369851141,522.5535876020055,542.1003382188969,561.6470888357884] [-20.215382997636766,-2.7048117863786274,-2.0138375873285668,-1.440382535358367,-0.9747105325848224,-0.6083552623113064,-0.33389740364430054,-0.14479018491067563,-0.03522095244170487,0.0,-0.03184295019605088,-0.1242557936616322,-0.27385112606862094,-0.4775396347647529,-0.7324945052523617,-1.03612114614657,-1.3860312867734592,-1.7800206951188784,-2.216049912898029,-2.692227520376832] False 56558.65603222185 56572.65603222185
176.4411988580621 203.35272664697808 234.36890988269914 4.715138399423018e-12 2.509652271812498e-12 3.439964795753336e-12 1.9959812506328967e-10 4.039282048403879e-08 0.1220527655185561 1.1761031217025138e-09 2.423540467060431e-10 2.548567031038939e-10 2.298513903081923e-10 1.6033563291102445e-09 4.8634606090098935e-05 1.0021904863943744e-05 1.05389188551226e-05 9.504890872764889e-06 6.630252232938793e-05 341.89394122707955 70.45247875944285 74.08700909338273 66.81794842550298 466.0967260739414 45.23538817754957 -578.7658984119967 [0.0,189.6936798848317,208.71871255261266,227.74374522039372,246.76877788817464,265.79381055595553,284.8188432237365,303.8438758915175,322.86890855929875,341.89394122707955,360.0203251985678,378.146709170056,396.2730931415443,414.3994771130327,432.52586108452095,450.6522450560092,468.7786290274974,486.90501299898574,505.031396970474,523.1577809419623] [-22.617694088774783,-2.701243704147032,-1.9929312131295092,-1.4107137010699944,-0.9425829003363333,-0.5783087107412257,-0.30908943023632673,-0.12728613861622762,-0.026217663519787493,0.0,-0.039871089133384885,-0.13892282882875406,-0.29352846871302063,-0.500409245728406,-0.7565893764135581,-1.0593582900199863,-1.4062387234828293,-1.7949595999998564,-2.223432840344003,-2.689733429730495] False 56558.65603222185 56572.65603222185
234.36890988269914 270.1158072739371 311.3149665447022 2.5632724674764087e-12 1.3586802685239624e-12 1.866190698833036e-12 1.4385024487378569e-10 3.8664813317772006e-08 0.10883655797916941 5.880365778191046e-10 1.3182630756705769e-10 1.4011165481574022e-10 1.235409603183751e-10 8.280900890326972e-10 4.290464782241058e-05 9.618383470072689e-06 1.0222903527497513e-05 9.01386341264786e-06 6.0419563978392706e-05 315.099940315218 70.63924798762052 75.0789589206262 66.19953705461482 443.73283477970256 42.91325838662124 -534.2842445744031 [0.0,167.6688615322572,186.09774638012732,204.5266312279975,222.95551607586754,241.38440092373762,259.8132857716076,278.2421706194777,296.67105546734786,315.099940315218,333.8187505786901,352.5375608421621,371.2563711056341,389.97518136910617,408.6939916325782,427.41280189605055,446.1316121595227,464.8504224229944,483.56923268646653,502.28804294993864] [-21.45662919331062,-2.697256590804045,-1.9882513633755252,-1.409328163372038,-0.9459448606886554,-0.5860467971027674,-0.3195111786499183,-0.13774129841681315,-0.03336399941440504,0.0,-0.03308744135244979,-0.12858903391077092,-0.28199419123143343,-0.48930101153382566,-0.7469398192798735,-1.0517108402071926,-1.4007329466289775,-1.7914011641568095,-2.2213511788824007,-2.68842948726774] False 56558.65603222185 56572.65603222185
311.3149665447022 358.7979888064861 413.52331434760555 1.3819803843240137e-12 7.295041442434882e-13 1.0040719185534342e-12 1.0281870920001819e-10 3.6705830369883555e-08 0.09140020383329361 4.3696220759785585e-10 8.487092649664421e-11 8.996970943738476e-11 7.977214355590367e-11 5.905481521143787e-10 5.625276534661975e-05 1.0925943319472936e-05 1.1582340223671095e-05 1.0269546415274777e-05 7.602480500405879e-05 435.190148756861 84.52674049376633 89.60484580328077 79.44863518425188 588.1532400240623 71.9063547549548 -505.93786067973525 [0.0,258.20631444771124,280.3292937363549,302.45227302499876,324.5752523136422,346.69823160228617,368.8212108909298,390.94419017957347,413.06716946821706,435.190148756861,457.4073589205366,479.62456908421314,501.84177924788884,524.0589894115651,546.2761995752412,568.4934097389167,590.7106199025931,612.927830066269,635.145040229945,657.3622503936211] [-35.9531773774774,-2.6943414922151874,-1.9900113697236748,-1.4128547779861833,-0.9495163175449193,-0.588775074416958,-0.32109865668195425,-0.13830991925038916,-0.03333349481744108,0.0,-0.0331673857992314,-0.12828074826421698,-0.28103632282051194,-0.4875919613830888,-0.7445012340232324,-1.0486591121477886,-1.397256843459047,-1.7877441899010478,-2.2177976142641,-2.6852933109578316] False 56558.65603222185 56572.65603222185
413.52331434760555 476.5900816815941 549.2752115212968 7.389508213077188e-13 3.88478986807281e-13 5.357862132996998e-13 7.288054530806191e-11 3.455631942168964e-08 0.07401664917870487 2.139630257621669e-10 4.5279669129491636e-11 4.80781887860022e-11 4.2481149472981075e-11 2.970633254798273e-10 4.8599156416504843e-05 1.0284738284444532e-05 1.092038873870853e-05 9.649087830180537e-06 6.747440109885557e-05 399.3440302326021 84.51070222697909 89.73390429348164 79.28750016047655 554.4437652666151 69.89648729632302 -374.8942412901682 [0.0,227.88711581782658,249.3192301196736,270.7513444215205,292.1834587233676,313.6155730252143,335.0476873270611,356.4798016289083,377.9119159307553,399.3440302326021,422.05365585982685,444.7632814870519,467.47290711427667,490.1825327415015,512.8921583687262,535.6017839959516,558.311409623176,581.0210352504006,603.7306608776255,626.4402865048506] [-34.94824364816151,-2.6847882206953386,-1.9734989692400404,-1.3961102574900792,-0.9362747688392687,-0.5805677611191982,-0.31781697624063554,-0.13861640177174195,-0.03496602140279492,0.0,-0.03129983591986729,-0.1269195817528157,-0.2815169789404308,-0.4904100708484975,-0.7494709179397887,-1.0550400949915115,-1.4038572412748636,-1.7930041512092885,-2.219857763057405,-2.682051034343317] False 56558.65603222185 56572.65603222185
549.2752115212968 633.0528961793416 729.6086933380817 3.918852455707074e-13 2.051595420788289e-13 2.8354716984786776e-13 5.124245968333186e-11 3.226993392542745e-08 0.05785351331944544 7.890016184354541e-11 2.3661331200306708e-11 2.5427465410093542e-11 2.1895196990519873e-11 1.2346213689848058e-10 3.161971084235395e-05 9.482419721551826e-06 1.0190208548816665e-05 8.774630894286987e-06 4.947818835213753e-05 278.2611509960686 83.44760137440899 89.67631531549478 77.21888743332319 435.42009946606777 35.37142797494414 -318.70670431252034 [0.0,117.86734053846465,137.91656684566516,157.96579315286561,178.01501946006601,198.0642457672666,218.11347207446713,238.16269838166767,258.21192468886807,278.2611509960686,301.6347704557496,325.0083899154304,348.3820093751114,371.7556288347923,395.1292482944735,418.5028677541544,441.8764872138353,465.25010667351603,488.6237261331972,511.99734559287816] [-17.68571398747207,-2.6983835349452647,-1.9354783302215424,-1.3405770409640922,-0.8822334462594199,-0.5375027649437811,-0.28905537686438265,-0.12343737189854664,-0.029966297411760934,0.0,-0.03584238937816053,-0.13913033380674733,-0.302262673568066,-0.5189133318519339,-0.7837547210411913,-1.092253356903143,-1.440515959693073,-1.8251716349678873,-2.2432803401280808,-2.692260832371346] False 56558.65603222185 56572.65603222185
