data/4C+01.02_allsed_14d_min11.ecsv
# %ECSV 1.0
# ---
# datatype:
# - {name: e_min, unit: MeV, datatype: float64}
# - {name: e_ref, unit: MeV, datatype: float64}
# - {name: e_max, unit: MeV, datatype: float64}
# - {name: ref_dnde_e_min, unit: ph / (cm2 MeV s), datatype: float64}
# - {name: ref_dnde_e_max, unit: ph / (cm2 MeV s), datatype: float64}
# - {name: ref_dnde, unit: ph / (cm2 MeV s), datatype: float64}
# - {name: ref_flux, unit: ph / (cm2 s), datatype: float64}
# - {name: ref_eflux, unit: MeV / (cm2 s), datatype: float64}
# - {name: ref_npred, datatype: float64}
# - {name: dnde, unit: ph / (cm2 MeV s), datatype: float64}
# - {name: dnde_err, unit: ph / (cm2 MeV s), datatype: float64}
# - {name: dnde_errp, unit: ph / (cm2 MeV s), datatype: float64}
# - {name: dnde_errn, unit: ph / (cm2 MeV s), datatype: float64}
# - {name: dnde_ul, unit: ph / (cm2 MeV s), datatype: float64}
# - {name: e2dnde, unit: MeV / (cm2 s), datatype: float64}
# - {name: e2dnde_err, unit: MeV / (cm2 s), datatype: float64}
# - {name: e2dnde_errp, unit: MeV / (cm2 s), datatype: float64}
# - {name: e2dnde_errn, unit: MeV / (cm2 s), datatype: float64}
# - {name: e2dnde_ul, unit: MeV / (cm2 s), datatype: float64}
# - {name: norm, datatype: float64}
# - {name: norm_err, datatype: float64}
# - {name: norm_errp, datatype: float64}
# - {name: norm_errn, datatype: float64}
# - {name: norm_ul, datatype: float64}
# - {name: ts, datatype: float64}
# - {name: loglike, datatype: float64}
# - {name: norm_scan, datatype: string, subtype: 'float64[20]'}
# - {name: dloglike_scan, datatype: string, subtype: 'float64[20]'}
# - {name: ShowUL, datatype: bool}
# - {name: tstart, datatype: float64}
# - {name: tend, datatype: float64}
# meta: !!omap
# - {UL_CONF: 0.95}
# - {EXTNAME: SED}
# - {CONFIG: '{"bin_index": 2.0, "use_local_index": true, "free_background": false, "free_radius": null, "free_pars": [], "ul_confidence":
#     0.95, "cov_scale": 3.0, "make_plots": false, "write_fits": true, "write_npy": true, "optimizer": {"optimizer": "MINUIT", "tol":
#     0.001, "max_iter": 100, "init_lambda": 0.0001, "retries": 3, "min_fit_quality": 2, "verbosity": 0}, "prefix": "", "outfile": null,
#     "loge_bins": []}'}
# - {SRCNAME: 4FGL J0108.6+0134}
# - {CREATOR: fermipy 1.2.0}
# - {STVER: 2.2.0}
# schema: astropy-2.0
e_min e_ref e_max ref_dnde_e_min ref_dnde_e_max ref_dnde ref_flux ref_eflux ref_npred dnde dnde_err dnde_errp dnde_errn dnde_ul e2dnde e2dnde_err e2dnde_errp e2dnde_errn e2dnde_ul norm norm_err norm_errp norm_errn norm_ul ts loglike norm_scan dloglike_scan ShowUL tstart tend
[from data line 37]
234.36890988269914 270.1158072739371 311.3149665447022 4.4907361605599595e-12 2.132979666484062e-12 3.0949392430254798e-12 2.3944939142638974e-10 6.419419037280994e-08 0.25160919403891246 6.587170746101463e-10 1.113226254516911e-10 1.1744746719525018e-10 1.0519778370813207e-10 8.581764298803668e-10 4.806167705684971e-05 8.122382552093942e-06 8.569266620003472e-06 7.675498484184413e-06 6.26147401069283e-05 212.8368355193341 35.969244211355466 37.94823031176488 33.99025811094606 277.2837727959565 96.24647035011367 -689.6289931430584 [0.0,136.37934602384007,145.93653221077687,155.49371839771362,165.05090458465037,174.6080907715872,184.1652769585239,193.7224631454606,203.27964933239738,212.8368355193341,222.16836893147448,231.4999023436148,240.83143575575517,250.16296916789543,259.4945025800359,268.82603599217623,278.1575694043166,287.489102816457,296.82063622859727,306.1521696407376] [-48.123235175056834,-2.6965262453617242,-2.0021210177534385,-1.4282522059154417,-0.9640769718076854,-0.6002443681558134,-0.328626171712358,-0.14210670153136107,-0.034416618209320404,0.0,-0.03235339041896168,-0.12571028852232757,-0.2763477776803711,-0.4808965256885358,-0.7362960302472175,-1.039756844408089,-1.3887285018616922,-1.780872129613158,-2.2140369408458582,-2.686239959561476] False 54948.65603222185 54962.65603222185
311.3149665447022 358.7979888064861 413.52331434760555 2.1785042679981093e-12 1.0294285201225884e-12 1.4975361179904912e-12 1.5393052495866986e-10 5.4809295997044914e-08 0.1867214713363914 1.6624431732660424e-10 4.649396547693189e-11 4.9737812999809605e-11 4.325011795405417e-11 2.5279161163262897e-10 2.1401627898651134e-05 5.985446989536225e-06 6.403046933768905e-06 5.567847045303543e-06 3.254338009902046e-05 111.01189168624774 31.046974372358417 33.21309743537379 28.88085130934304 168.80501818670265 32.14289835214629 -450.01624689174184 [0.0,49.41382449842342,57.11358289690144,64.8133412953795,72.51309969385754,80.21285809233555,87.9126164908136,95.61237488929166,103.31213328776968,111.01189168624774,119.56656405832518,128.12123643040263,136.6759088024801,145.23058117455753,153.78525354663492,162.33992591871237,170.89459829078987,179.4492706628673,188.00394303494477,196.55861540702222] [-16.071449176073145,-2.6963798079970047,-1.952827132581433,-1.363198035123105,-0.9028052296247893,-0.5527656040849251,-0.29827169177480073,-0.12747024309783228,-0.0307067177305953,0.0,-0.03525825434417129,-0.1361322138794776,-0.29614475417770336,-0.5097889312567077,-0.7723385348667762,-1.0797033884774692,-1.428317169973866,-1.8150492788782913,-2.2371347612440786,-2.6921179853409285] False 54948.65603222185 54962.65603222185
413.52331434760555 476.5900816815941 549.2752115212968 1.0460109242952286e-12 4.91778210810995e-13 7.172205942655744e-13 9.793684303869365e-11 4.631467444790329e-08 0.1343058057392188 9.06044390139666e-11 2.7880000838386986e-11 2.9934702553482135e-11 2.5825299123291836e-11 1.4295986940214842e-10 2.057972066895322e-05 6.332610584518279e-06 6.799311640392142e-06 5.865909528644415e-06 3.247163396390245e-05 126.32715755568125 38.872281500694754 41.737092873267144 36.00747012812236 199.32482494948107 28.226960728961103 -441.74462913899663 [0.0,50.742571273010746,60.19064455834454,69.63871784367835,79.08679112901217,88.534864414346,97.98293769967982,107.43101098501366,116.87908427034748,126.32715755568125,137.17262594494682,148.01809433421226,158.86356272347777,169.7090311127432,180.5544995020088,191.39996789127426,202.24543628053988,213.09090466980533,223.9363730590709,234.7818414483363] [-14.113480364480552,-2.6975328657439377,-1.9372035991366374,-1.3431041352672537,-0.8844872652356912,-0.5389578542370259,-0.2896066049650585,-0.1232967830218854,-0.02958324995381645,0.0,-0.03613681867301466,-0.1389159094601382,-0.301143668229372,-0.5168001343301398,-0.7807889133976573,-1.0887516422781118,-1.4369277261791353,-1.8220465332173603,-2.241243312141478,-2.6919927492643865] False 54948.65603222185 54962.65603222185
549.2752115212968 633.0528961793416 729.6086933380817 4.971394000828141e-13 2.3251627539336596e-13 3.3998970816562674e-13 6.168473654780083e-11 3.874290557673667e-08 0.09328026513860666 2.5509094893920108e-11 1.245640640037747e-11 1.3732854162667262e-11 1.1179958638087686e-11 5.058863121337096e-11 1.0222922051736022e-05 4.99197922173849e-06 5.50352328205368e-06 4.4804351614233e-06 2.027369594056327e-05 75.02902082404589 36.637598436683575 40.39197020627834 32.88322666708883 148.79459583149088 11.548105553288337 -358.99979823005907 [0.0,13.46934158855982,21.164301492995577,28.859261397431347,36.55422130186711,44.249181206302886,51.944141110738634,59.63910101517441,67.33406091961017,75.02902082404589,86.26039825934161,97.49177569463735,108.72315312993298,119.95453056522874,131.18590800052448,142.41728543582013,153.64866287111593,164.88004030641162,176.1114177417073,187.34279517700298] [-5.774052776644169,-2.6935774589036896,-1.8097817341888458,-1.1955892136025454,-0.758984232889361,-0.449640695890821,-0.23667653375218833,-0.09964121454532915,-0.024227682106925386,0.0,-0.04066662285811162,-0.15585148566623275,-0.3325359587413459,-0.5610186955877339,-0.8338554009187078,-1.1451945401868215,-1.4903430320927669,-1.8654720693870104,-2.267411798049068,-2.693504286528139] False 54948.65603222185 54962.65603222185
729.6086933380817 840.8915725798939 969.1477682383326 2.3384659772145604e-13 1.0881150947859333e-13 1.5951552051291154e-13 3.8450638780449425e-11 3.207491724609786e-08 0.06315439968310654 9.813834852236717e-12 5.938834858493027e-12 6.695714527678379e-12 5.181955189307677e-12 2.2536654764884466e-11 6.939349246149103e-06 4.199342032833869e-06 4.734530615163629e-06 3.6641534505041103e-06 1.593563786309081e-05 61.52275854212168 37.23045155353598 41.97531692307278 32.48558618399918 141.2818934008387 9.094938905461845 -243.9180197351281 [0.0,6.399667242443878,13.290053654903605,20.180440067363328,27.070826479823058,33.96121289228278,40.85159930474251,47.74198571720222,54.63237212966196,61.52275854212168,73.96498480475624,86.40721106739082,98.84943733002538,111.29166359265999,123.73388985529454,136.17611611792907,148.6183423805637,161.0605686431983,173.5027949058328,185.94502116846724] [-4.5474694527309225,-2.686499458880661,-1.6651491943340773,-1.0451160853303918,-0.6392827119341007,-0.3676704056390463,-0.1885168029052693,-0.07719544068874029,-0.01793301272334702,0.0,-0.04906927078513945,-0.178658087495279,-0.3696297524023464,-0.6091570165075382,-0.888194855435188,-1.200108888125527,-1.5398770627259637,-1.903598523092171,-2.288177521751379,-2.6911122320695995] False 54948.65603222185 54962.65603222185
969.1477682383326 1116.9661194245136 1287.3303254983532 1.0887323787925312e-13 5.040034673234313e-14 7.407596735100536e-14 2.3722888097965588e-11 2.628312898368875e-08 0.04163914071763131 7.82657296116347e-12 4.145217788708072e-12 4.630094432383944e-12 3.660341145032201e-12 1.6495941091687133e-11 9.764536613234874e-06 5.171628894092036e-06 5.7765674493919356e-06 4.566690338792136e-06 2.058055569900415e-05 105.65603448791475 55.95900987787523 62.50467726522513 49.41334249052534 222.68951296338687 13.749264308222223 -166.2370909815816 [0.0,18.153508017272596,29.091323826102883,40.029139634933124,50.966955443763396,61.90477125259369,72.84258706142393,83.78040287025424,94.71821867908454,105.65603448791475,123.79398371324253,141.93193293857055,160.06988216389837,178.20783138922624,196.34578061455406,214.48372983988196,232.62167906520972,250.75962829053768,268.8975775158656,287.03552674119345] [-6.8746321541111115,-2.685667517087836,-1.731381592984519,-1.1121876936893216,-0.6909348797184123,-0.4018286250444305,-0.20777872187744606,-0.08566247606975708,-0.020026439979204724,0.0,-0.0468213384010312,-0.17234749236726543,-0.35949947868621734,-0.5962931824301734,-0.8739809231018114,-1.1859737688311895,-1.5271801332517896,-1.8935808633913211,-2.2819457700216788,-2.6896384364094104] False 54948.65603222185 54962.65603222185
2271.3810595726877 2617.821317854317 3017.1020504598932 1.0330341026727898e-14 4.709045225418149e-15 6.9746715398543604e-15 5.238277467384308e-12 1.3596922524075298e-08 0.01007989957744071 1.2665335826748357e-12 9.916040782571485e-13 1.165300168636686e-12 8.179079878776111e-13 3.5968691933520348e-12 8.679540016409991e-06 6.795451297463072e-06 7.985788599028501e-06 5.605113995897641e-06 2.4649303046160432e-05 181.59042693805222 142.17215428582813 167.07599232135578 117.26831625030044 515.7044561595429 9.711967173923966 -88.0665508910788 [0.0,9.70971241213029,31.194801727870534,52.67989104361081,74.16498035935105,95.65006967509127,117.1351589908315,138.62024830657177,160.10533762231208,181.59042693805222,234.49889134574923,287.40735575344615,340.31582016114317,393.2242845688401,446.1327489765372,499.04121338423437,551.9496777919311,604.8581421996279,657.766606607325,710.6750710150219] [-4.855983586961983,-2.6106789346787878,-1.380932826248639,-0.8211390811574404,-0.48921046971653936,-0.2779797362010612,-0.14258560845270551,-0.059576274204914625,-0.015037918959976082,0.0,-0.05373626353957661,-0.19707365528211085,-0.40109431285668506,-0.6489863918935441,-0.9300959465222292,-1.2372401578620753,-1.5653444074400227,-1.9106895017195313,-2.27046778676889,-2.6425074231136847] False 54948.65603222185 54962.65603222185
5323.411028602609 6135.359285332078 7071.149185711414 8.935998416435542e-16 4.01113337688885e-16 5.986942583989797e-16 1.0545151789631575e-12 6.4127995370494245e-09 0.0020371920109014674 3.2249218611059014e-13 3.2700779364577764e-13 4.104778894780496e-13 2.435376978135057e-13 1.175605373755869e-12 1.2139455187759916e-05 1.2309434547508252e-05 1.5451468778149777e-05 9.16740031686673e-06 4.425288229558898e-05 538.6592264522371 546.2016531113186 685.6218908391475 406.78141538348973 1963.6155805129276 10.680843466131762 -30.89505615277252 [0.0,59.85102516135967,119.70205032271934,179.55307548407905,239.4041006454387,299.25512580679845,359.1061509681581,418.9571761295178,478.8082012908774,538.6592264522371,764.4252960717621,990.1913656912867,1215.957435310812,1441.723504930336,1667.489574549862,1893.2556441693869,2119.0217137889117,2344.7877834084375,2570.5538530279614,2796.3199226474862] [-5.340421733065881,-1.3152072880490167,-0.737942218695899,-0.44319502151356005,-0.2650680499024638,-0.1511183947885293,-0.07789440225906219,-0.03285615803894615,-0.008505656257845828,0.0,-0.06323064028610759,-0.21952350743389104,-0.43095966522189855,-0.6791347062999975,-0.9536844276519183,-1.2481761792606605,-1.5583319587627642,-1.881155601193015,-2.2144624648886477,-2.5566074206114067] False 54948.65603222185 54962.65603222185
9392.473966813408 10825.05221838098 12476.13311942254 1.6603950404688962e-16 7.376882060739152e-17 1.1067311501794454e-16 3.440909515989251e-13 3.6910784158803817e-09 0.0006752033333699003 1.5753220353444041e-13 1.643538000836553e-13 2.062254305684434e-13 1.224821695988672e-13 5.95749909116623e-13 1.8459900162781338e-05 1.9259266821940336e-05 2.4165857989079533e-05 1.4352675654801135e-05 6.981102020752599e-05 1423.400827824338 1485.0381689989206 1863.374230814828 1106.7021071830131 5382.968655215208 12.611393487220504 -22.512564542914284 [0.0,158.1556475360376,316.3112950720752,474.46694260811256,632.6225901441504,790.7782376801879,948.9338852162251,1107.089532752263,1265.2451802883008,1423.400827824338,2071.6644787799137,2719.9281297354905,3368.1917806910656,4016.455431646641,4664.719082602217,5312.982733557796,5961.24638451337,6609.510035468943,7257.773686424524,7906.037337380093] [-6.305696743610252,-1.3377466526123847,-0.7544689034699381,-0.4567878004832657,-0.2763671511340071,-0.16027579410738113,-0.08490176317140907,-0.03763877917784697,-0.010957680370587752,0.0,-0.06242337767325523,-0.22779292020794983,-0.45160093860764405,-0.7131330968524559,-1.0010479400199728,-1.3084564591839936,-1.6308589403412626,-1.9651536963042417,-2.3091118947002265,-2.661077953438717] False 54948.65603222185 54962.65603222185
100.0 115.25240587974294 132.83117061068992 5.729691734016747e-12 3.4781929696191855e-12 4.4641878888933625e-12 1.4635562421898532e-10 1.683862293616678e-08 0.07429432979516938 1.4794981295017668e-09 5.50267477062969e-10 5.801346331464181e-10 5.204003209795198e-10 2.465323979664538e-09 1.9652346845804598e-05 7.309267312726521e-06 7.705996243264194e-06 6.912538382188846e-06 3.274718701534456e-05 331.4148432647003 123.26261590198796 129.9530054704371 116.57222633353881 552.2446727204559 9.521632627212966 -700.5163093868357 [0.0,71.1883412962555,103.7166540423111,136.2449667883667,168.7732795344224,201.3015922804778,233.82990502653354,266.35821777258917,298.8865305186446,331.4148432647003,363.45204725301465,395.4892512413288,427.52645522964303,459.5636592179573,491.60086320627124,523.6380671945859,555.6752711828999,587.7124751712144,619.7496791595286,651.7868831478427] [-4.760816313606483,-2.710451200802936,-2.0078625185797137,-1.4297696413632366,-0.9637767831992505,-0.5994897981860277,-0.32807598585884534,-0.14194432595627404,-0.03450734387945431,0.0,-0.03235448377722605,-0.12620795625957726,-0.27770360329691357,-0.48337490679966777,-0.7400915729026565,-1.0450148720316292,-1.3955604365052068,-1.7893670289779493,-2.224270136879227,-2.6982795013907435] False 54990.65603222185 55004.65603222185
176.4411988580621 203.35272664697808 234.36890988269914 2.935349065143042e-12 1.688361233019546e-12 2.2261917183763997e-12 1.2891450102331244e-10 2.6136369755364013e-08 0.11748600501196971 6.243562492175715e-10 1.4659681486309315e-10 1.5578287694263573e-10 1.3741075278355055e-10 8.908267115020152e-10 2.5818586551009002e-05 6.062120075498866e-06 6.441985159192398e-06 5.682254991805335e-06 3.683776142496919e-05 280.45933513440843 65.8509389164419 69.97729605078707 61.724581782096735 400.1572300123866 36.5607343374802 -614.515692995771 [0.0,142.47917985491407,159.72669926485082,176.97421867478778,194.22173808472445,211.46925749466126,228.71677690459802,245.96429631453483,263.21181572447176,280.45933513440843,297.9487728061853,315.43821047796206,332.9276481497389,350.41708582151557,367.90652349329235,385.39596116506914,402.8853988368459,420.37483650862254,437.86427418039955,455.3537118521763] [-18.2803671687401,-2.711067095729504,-1.9941297091431807,-1.4100970157708161,-0.9437375093942819,-0.5824676888491922,-0.31575485087171273,-0.13468183534507716,-0.031623212493855135,0.0,-0.03501170761546746,-0.132375072246532,-0.2874959714168881,-0.4963072257925205,-0.7551884518220504,-1.060900849684117,-1.4105336718546369,-1.8014599220224454,-2.2312994178308827,-2.697887780113092] False 54990.65603222185 55004.65603222185
