data/4C+01.02_allsed_14d_min11.ecsv
# %ECSV 1.0
# ---
# datatype:
# - {name: e_min, unit: MeV, datatype: float64}
# - {name: e_ref, unit: MeV, datatype: float64}
# - {name: e_max, unit: MeV, datatype: float64}
# - {name: ref_dnde_e_min, unit: ph / (cm2 MeV s), datatype: float64}
# - {name: ref_dnde_e_max, unit: ph / (cm2 MeV s), datatype: float64}
# - {name: ref_dnde, unit: ph / (cm2 MeV s), datatype: float64}
# - {name: ref_flux, unit: ph / (cm2 s), datatype: float64}
# - {name: ref_eflux, unit: MeV / (cm2 s), datatype: float64}
# - {name: ref_npred, datatype: float64}
# - {name: dnde, unit: ph / (cm2 MeV s), datatype: float64}
# - {name: dnde_err, unit: ph / (cm2 MeV s), datatype: float64}
# - {name: dnde_errp, unit: ph / (cm2 MeV s), datatype: float64}
# - {name: dnde_errn, unit: ph / (cm2 MeV s), datatype: float64}
# - {name: dnde_ul, unit: ph / (cm2 MeV s), datatype: float64}
# - {name: e2dnde, unit: MeV / (cm2 s), datatype: float64}
# - {name: e2dnde_err, unit: MeV / (cm2 s), datatype: float64}
# - {name: e2dnde_errp, unit: MeV / (cm2 s), datatype: float64}
# - {name: e2dnde_errn, unit: MeV / (cm2 s), datatype: float64}
# - {name: e2dnde_ul, unit: MeV / (cm2 s), datatype: float64}
# - {name: norm, datatype: float64}
# - {name: norm_err, datatype: float64}
# - {name: norm_errp, datatype: float64}
# - {name: norm_errn, datatype: float64}
# - {name: norm_ul, datatype: float64}
# - {name: ts, datatype: float64}
# - {name: loglike, datatype: float64}
# - {name: norm_scan, datatype: string, subtype: 'float64[20]'}
# - {name: dloglike_scan, datatype: string, subtype: 'float64[20]'}
# - {name: ShowUL, datatype: bool}
# - {name: tstart, datatype: float64}
# - {name: tend, datatype: float64}
# meta: !!omap
# - {UL_CONF: 0.95}
# - {EXTNAME: SED}
# - {CONFIG: '{"bin_index": 2.0, "use_local_index": true, "free_background": false, "free_radius": null, "free_pars": [], "ul_confidence":
#     0.95, "cov_scale": 3.0, "make_plots": false, "write_fits": true, "write_npy": true, "optimizer": {"optimizer": "MINUIT", "tol":
#     0.001, "max_iter": 100, "init_lambda": 0.0001, "retries": 3, "min_fit_quality": 2, "verbosity": 0}, "prefix": "", "outfile": null,
#     "loge_bins": []}'}
# - {SRCNAME: 4FGL J0108.6+0134}
# - {CREATOR: fermipy 1.2.0}
# - {STVER: 2.2.0}
# schema: astropy-2.0
e_min e_ref e_max ref_dnde_e_min ref_dnde_e_max ref_dnde ref_flux ref_eflux ref_npred dnde dnde_err dnde_errp dnde_errn dnde_ul e2dnde e2dnde_err e2dnde_errp e2dnde_errn e2dnde_ul norm norm_err norm_errp norm_errn norm_ul ts loglike norm_scan dloglike_scan ShowUL tstart tend
[from data line 1873]
4007.6519721450045 4618.915317184078 5323.411028602609 8.446569520773422e-16 3.181673137190395e-16 5.184035430594203e-16 6.934745980479943e-13 3.1618650859694915e-09 0.0006347260389012455 1.992306339957398e-12 1.396755276215466e-12 1.6257911735684775e-12 1.1677193788624543e-12 5.2059908084186765e-12 4.250461795764115e-05 2.9798906024224878e-05 3.468524459592436e-05 2.4912567452525383e-05 0.00011106657945361902 3843.1572596891715 2694.3397569629797 3136.1498109632453 2252.5297029627136 10042.351905418896 22.62691944962279 -34.517350007592256 [0.0,429.8627124538547,856.524530858269,1283.1863492626833,1709.8481676670972,2136.509986071512,2563.1718044759264,2989.83362288034,3416.4954412847533,3843.1572596891715,4819.368953785858,5795.5806478825425,6771.792341979228,7748.0040360759185,8724.2157301726,9700.427424269288,10676.639118365978,11652.850812462668,12629.06250655935,13605.27420065604] [-11.313459724811395,-2.6722615739329854,-1.5116352497205696,-0.9143118961105472,-0.5508181868279962,-0.31667028890049664,-0.16504729624181635,-0.0708645689905083,-0.019092110971726584,0.0,-0.04660401064115405,-0.1828188617296007,-0.3819051257071706,-0.627828124180084,-0.9101708298954208,-1.221757306784987,-1.557417859991567,-1.9132941639562162,-2.2864231360541396,-2.6744749472755345] False 60198.65603222185 60212.65603222185
100.0 115.25240587974294 132.83117061068992 6.030145796904151e-12 3.637587035379052e-12 4.683500845763134e-12 1.5356326360237912e-10 1.766524908431617e-08 0.051450719833137475 1.9358780180499747e-09 7.173659220441886e-10 7.596661926341244e-10 6.750656514542527e-10 3.232725003765978e-09 2.571449432970807e-05 9.528855518134658e-06 1.009073496409567e-05 8.966976072173646e-06 4.2940664651268226e-05 413.33995269825584 153.16873972450415 162.20050292535896 144.13697652364934 690.2368784005706 10.068587459369496 -502.613730809898 [0.0,94.64500463649836,134.48187314421813,174.3187416519377,214.15561015965736,253.99247866737724,293.8293471750968,333.66621568281636,373.50308419053624,413.33995269825584,453.59373105618505,493.8475094141141,534.1012877720434,574.3550661299722,614.6088444879013,654.8626228458306,695.1164012037597,735.3701795616885,775.6239579196174,815.8777362775468] [-5.034293729684748,-2.707978655103716,-1.9972230316794821,-1.4166297028078247,-0.9515912512825935,-0.5900901557421889,-0.32208747355230116,-0.13908743651882105,-0.0338193408770735,0.0,-0.03282071881852744,-0.1280438014550782,-0.281289747547703,-0.4886670084273419,-0.746698282035311,-1.0522606693288026,-1.402536610508264,-1.79497330198069,-2.227248855944481,-2.6972438725961183] False 60240.65603222185 60254.65603222185
132.83117061068992 153.091119887046 176.4411988580621 4.339719646826364e-12 2.5536852087411736e-12 3.3290055380224248e-12 1.450578594004784e-10 2.215229856886684e-08 0.07103097305277767 1.449258653778682e-09 3.7848562239675963e-10 4.0016772523534144e-10 3.5680351955817783e-10 2.1287217988506704e-09 3.396611708241775e-05 8.870526272740339e-06 9.378687353364637e-06 8.362365192116038e-06 4.989062074401696e-05 435.34281851618834 113.69329911706807 120.20638616091297 107.18021207322315 639.4467580595328 24.843031672812458 -545.6709215445455 [0.0,196.11354960338073,226.01720821748157,255.92086683158266,285.8245254456835,315.7281840597845,345.63184267388556,375.5355012879865,405.4391599020874,435.34281851618834,465.0750703675052,494.80732221882204,524.539574070139,554.2718259214558,584.0040777727728,613.7363296240898,643.4685814754062,673.2008333267235,702.9330851780404,732.6653370293571] [-12.421515836406229,-2.703792569918278,-1.9920856498782769,-1.4103125762997024,-0.9443996895533928,-0.5826386339208511,-0.3151623313440268,-0.13356206164689866,-0.03060162714280068,0.0,-0.03587438764407125,-0.13309160353082916,-0.2874333061829475,-0.495138209488573,-0.7528356217369492,-1.0574909330626951,-1.4063605216384758,-1.796954159749589,-2.227003447265588,-2.694435130494071] False 60240.65603222185 60254.65603222185
176.4411988580621 203.35272664697808 234.36890988269914 2.97191064804497e-12 1.7059313124764923e-12 2.251638388458992e-12 1.3039401025810093e-10 2.6435062393063788e-08 0.08462596374030057 1.0430577165277953e-09 2.2378685323437697e-10 2.369045765168954e-10 2.1066912995185854e-10 1.447258386562565e-09 4.313286839944196e-05 9.254108125690083e-06 9.796556566538261e-06 8.711659684841906e-06 5.984750847287206e-05 463.2438858184762 99.38845170761871 105.21430871456738 93.56259470067005 642.7579108531099 43.64200680849194 -579.4630761717439 [0.0,253.26992912140292,279.51667370853716,305.7634182956711,332.0101628828054,358.25690746993973,384.5036520570737,410.7503966442079,436.99714123134225,463.2438858184762,489.29440508551687,515.3449243525574,541.3954436195983,567.4459628866388,593.4964821536795,619.5470014207199,645.5975206877607,671.648039954801,697.6985592218415,723.7490784888822] [-21.82100340424597,-2.701754814432661,-2.000700780897432,-1.424161127112825,-0.9597169986200242,-0.5968866841758427,-0.32672404966331214,-0.1415186863193867,-0.03456782633384137,0.0,-0.032155028136116925,-0.12601785316701353,-0.2775741835057488,-0.4832210946565283,-0.7397101542782138,-1.0441003202383854,-1.393718626316172,-1.786127131408648,-2.219094949629266,-2.690574434646919] False 60240.65603222185 60254.65603222185
234.36890988269914 270.1158072739371 311.3149665447022 1.936645066191152e-12 1.0844160395190625e-12 1.4491821737218365e-12 1.1154149284515391e-10 3.001956518842422e-08 0.08864913114594508 5.184342043388845e-10 1.165510389225748e-10 1.2423944257410137e-10 1.0886263527104823e-10 7.320636591856575e-10 3.782628121323106e-05 8.503860927929297e-06 9.06482645869388e-06 7.942895397164714e-06 5.3413230852805966e-05 357.7426038904585 80.42538821964989 85.7307278732429 75.12004856605688 505.1564064616859 47.71231178621565 -495.4827620483792 [0.0,191.91995097863696,212.6477825926147,233.37561420659242,254.10344582057002,274.8312774345476,295.55910904852544,316.2869406625029,337.0147722764807,357.7426038904585,379.2274444622241,400.7122850339896,422.1971256057551,443.6819661775208,465.1668067492861,486.65164732105177,508.1364878928175,529.6213284645829,551.1061690363487,572.591009608114] [-23.856155893107825,-2.6917067109862955,-1.9775693460458683,-1.3975553816642332,-0.9355042598287469,-0.5781695567718543,-0.31454299658759055,-0.13536594932355683,-0.032768842200312065,0.0,-0.033502143351938685,-0.13009849750585545,-0.284847275146376,-0.4934031541982904,-0.7519224394534376,-1.0569866030795652,-1.4055400562426144,-1.794839062216397,-2.222409460672168,-2.686011425320146] False 60240.65603222185 60254.65603222185
311.3149665447022 358.7979888064861 413.52331434760555 1.2008936036751013e-12 6.559496980388739e-13 8.875391803788135e-13 9.079829223122041e-11 3.244075622658219e-08 0.08430983444819318 2.515252970640721e-10 6.495854748261448e-11 6.919898942982989e-11 6.071810553539906e-11 3.7128827563950035e-10 3.238035983081092e-05 8.36250335900834e-06 8.908400879835133e-06 7.816605838181547e-06 4.7798166254051974e-05 283.39627435570526 73.18949846798797 77.96725030245408 68.41174663352187 418.3345184615169 38.1481721529733 -422.52084506206876 [0.0,135.77842182406025,154.2306533905159,172.68288495697158,191.13511652342714,209.58734808988282,228.03957965633845,246.4918112227941,264.9440427892497,283.39627435570526,303.30911571351857,323.22195707133204,343.1347984291456,363.04763978695854,382.960481144772,402.87332250258527,422.78616386039874,442.6990052182118,462.61184657602547,482.5246879338389] [-19.07408607648665,-2.704430286660397,-1.9700892017363003,-1.3821455214495586,-0.919351025230128,-0.5650575035488146,-0.3059391000027176,-0.1311369639099098,-0.03166729200614782,0.0,-0.034562577865528965,-0.13383416988659746,-0.29197732914212793,-0.5039596342215305,-0.7654077006617399,-1.0724934431750057,-1.4218442996474892,-1.8104715320154696,-2.2357123531742786,-2.6951827611524095] False 60240.65603222185 60254.65603222185
413.52331434760555 476.5900816815941 549.2752115212968 7.085946710644293e-13 3.7757793293935763e-13 5.17252077030486e-13 7.033162753080352e-11 3.3358365521771065e-08 0.07434317934334356 6.104978302342052e-11 2.7235719006496656e-11 2.9685767888081955e-11 2.4785670124911356e-11 1.1420750769047008e-10 1.3866732085041943e-05 6.186269629520029e-06 6.7427690919860385e-06 5.629770167054021e-06 2.594087698291355e-05 118.02713944408647 52.65463439577726 57.39129760194723 47.917971189607286 220.79661496214518 11.309688224013144 -324.4472329756607 [0.0,23.30894206533895,35.14871673768238,46.9884914100258,58.828266082369275,70.6680407547127,82.50781542705613,94.34759009939961,106.18736477174306,118.02713944408647,133.55909435538013,149.09104926667382,164.62300417796746,180.15495908926113,195.68691400055468,211.21886891184846,226.75082382314213,242.28277873443574,257.8147336457293,273.3466885570232] [-5.654844112006572,-2.690694191604109,-1.8547055362286073,-1.245979983580412,-0.7995345873243878,-0.4762383985743668,-0.25036188278102145,-0.1039249471785979,-0.023785623151070467,0.0,-0.04151898452533942,-0.15336730692018818,-0.32523778294427075,-0.5490593963964443,-0.8183776947298043,-1.1279391251140964,-1.4734029189067428,-1.8511357958353187,-2.2580621819488442,-2.6915526687574243] False 60240.65603222185 60254.65603222185
549.2752115212968 633.0528961793416 729.6086933380817 3.9788298497749775e-13 2.068056780717596e-13 2.8685268083371113e-13 5.185121427026321e-11 3.2647752089809066e-08 0.06076575630222558 1.0968512230585731e-10 2.6129556703260126e-11 2.776455613629276e-11 2.44945572702275e-11 1.5766564321999254e-10 4.395696751416942e-05 1.0471575825589593e-05 1.1126811608279357e-05 9.816340042899832e-06 6.318544768356193e-05 382.3744020347571 91.09050899338628 96.79029687154261 85.39072111522997 549.6397759356885 68.89967356734917 -307.54360340121747 [0.0,201.91742944621225,224.4745510197803,247.03167259334836,269.58879416691656,292.14591574048467,314.70303731405266,337.260158887621,359.81728046118906,382.3744020347571,407.0621612172625,431.749920399768,456.4376795822733,481.125438764779,505.8131979472844,530.5009571297898,555.1887163122954,579.8764754948008,604.564234677306,629.2519938598116] [-34.449836783674584,-2.703873219836055,-1.9675546597561606,-1.378916364197039,-0.9163365216828083,-0.5627942866665308,-0.3046253599293891,-0.13067667015729967,-0.0317146108653219,0.0,-0.03464071550962444,-0.13469164207532458,-0.293933912177863,-0.5070260731349094,-0.7693434803660466,-1.076853251877992,-1.4260156603020278,-1.8137054737562721,-2.237148552666895,-2.6938702565890367] False 60240.65603222185 60254.65603222185
729.6086933380817 840.8915725798939 969.1477682383326 2.1258482016688612e-13 1.0778527826263848e-13 1.5137210441855146e-13 3.6373831421249883e-11 3.040388853663276e-08 0.04653091961960987 3.84914545669842e-11 1.2502966855735926e-11 1.3887275526674163e-11 1.111865818479769e-11 6.226566227999274e-11 2.721725505414501e-05 8.840830820095154e-06 9.81967359427568e-06 7.861988045914628e-06 4.402796491986659e-05 254.28367211275187 82.59756250177111 91.74263369078328 73.45249131275894 411.3417232267912 41.72533519648283 -209.98733279460595 [0.0,102.46756608237187,121.44457933616935,140.42159258996688,159.3986058437644,178.37561909756192,197.3526323513594,216.3296456051569,235.30665885895448,254.28367211275187,277.8930228877653,301.5023736627788,325.1117244377922,348.72107521280554,372.33042598781896,395.93977676283225,419.54912753784555,443.15847831285913,466.7678290878725,490.3771798628857] [-20.862667598241416,-2.69678182590593,-1.8931594297124548,-1.2859927954075374,-0.8305352213186552,-0.4960097368501124,-0.2603080007576466,-0.10699351278199742,-0.0235009587041759,0.0,-0.04281203722970872,-0.1544502510506618,-0.32547252802703497,-0.5483064081604141,-0.8167811923403008,-1.1257984762011972,-1.4710945846442485,-1.8490656869721533,-2.2566366845909442,-2.691161310932614] False 60240.65603222185 60254.65603222185
969.1477682383326 1116.9661194245136 1287.3303254983532 1.0808099762260666e-13 5.345602334447014e-14 7.601039621004265e-14 2.4281835312914456e-11 2.694433565123833e-08 0.033363637350317665 2.163062886074361e-11 7.757116650828973e-12 8.486183254804225e-12 7.0280500468537226e-12 3.692433073675961e-11 2.6986660512346097e-05 9.677881995863162e-06 1.058747519627522e-05 8.768288795451107e-06 4.606728656173993e-05 284.5746100437472 102.0533642449832 111.64503381029624 92.46169467967017 485.7800061287024 36.59830019221636 -174.86881038475715 [0.0,101.91650078316684,124.74876444073938,147.58102809831195,170.4132917558845,193.245555413457,216.0778190710295,238.91008272860208,261.74234638617446,284.5746100437472,315.002626613797,345.43064318384694,375.85865975389675,406.28667632394666,436.71469289399647,467.14270946404633,497.5707260340964,527.9987426041463,558.4267591741963,588.854775744246] [-18.29915009610818,-2.6982212169804143,-1.8765202395878475,-1.2681153647747294,-0.8179187201979232,-0.490114250959067,-0.26003898817950244,-0.1099515972029792,-0.026642851808304613,0.0,-0.039129876737774794,-0.15047158851552922,-0.3229477825400977,-0.5479141996562191,-0.8184885176413843,-1.129096869120815,-1.4751582189555563,-1.8528590326517644,-2.258988815100821,-2.690817731233352] False 60240.65603222185 60254.65603222185
1287.3303254983532 1483.6791717563765 1709.9759409858673 5.228855635202666e-14 2.5227491047459895e-14 3.631954139654517e-14 1.5425394785328442e-11 2.2723138833065333e-08 0.022337513967183087 6.401494288497949e-12 3.5987064905345893e-12 4.04264571133681e-12 3.1547672697323696e-12 1.4039405254685209e-11 1.4091634245179001e-05 7.921846577522166e-06 8.899091708846423e-06 6.944601446197912e-06 3.0904997326067916e-05 176.25482157401024 99.08457959981041 111.30773010590269 86.86142909371816 386.5523824048252 12.273558477647526 -111.75839036782696 [0.0,26.531809536756708,45.2471860414134,63.96256254607012,82.67793905072679,101.39331555538348,120.1086920600402,138.82406856469686,157.53944506935358,176.25482157401024,209.0074317541818,241.76004193435327,274.51265211452477,307.265262294696,340.0178724748677,372.7704826550391,405.52309283521055,438.2757030153823,471.02831319555344,503.7809233757249] [-6.136779238823763,-2.6728344796237877,-1.6867984771091642,-1.0697789060823908,-0.6588364918440561,-0.38071969907733205,-0.19588036686208454,-0.08041479588551681,-0.018715233908736195,0.0,-0.048427821337398314,-0.1769380731350907,-0.3670209115051506,-0.6060352283589907,-0.8849460974948187,-1.197061471173555,-1.5372799841273093,-1.9016195663577804,-2.2869094321839043,-2.6905816974004324] False 60240.65603222185 60254.65603222185
