data/4C+01.02_allsed_14d_min11.ecsv
# %ECSV 1.0
# ---
# datatype:
# - {name: e_min, unit: MeV, datatype: float64}
# - {name: e_ref, unit: MeV, datatype: float64}
# - {name: e_max, unit: MeV, datatype: float64}
# - {name: ref_dnde_e_min, unit: ph / (cm2 MeV s), datatype: float64}
# - {name: ref_dnde_e_max, unit: ph / (cm2 MeV s), datatype: float64}
# - {name: ref_dnde, unit: ph / (cm2 MeV s), datatype: float64}
# - {name: ref_flux, unit: ph / (cm2 s), datatype: float64}
# - {name: ref_eflux, unit: MeV / (cm2 s), datatype: float64}
# - {name: ref_npred, datatype: float64}
# - {name: dnde, unit: ph / (cm2 MeV s), datatype: float64}
# - {name: dnde_err, unit: ph / (cm2 MeV s), datatype: float64}
# - {name: dnde_errp, unit: ph / (cm2 MeV s), datatype: float64}
# - {name: dnde_errn, unit: ph / (cm2 MeV s), datatype: float64}
# - {name: dnde_ul, unit: ph / (cm2 MeV s), datatype: float64}
# - {name: e2dnde, unit: MeV / (cm2 s), datatype: float64}
# - {name: e2dnde_err, unit: MeV / (cm2 s), datatype: float64}
# - {name: e2dnde_errp, unit: MeV / (cm2 s), datatype: float64}
# - {name: e2dnde_errn, unit: MeV / (cm2 s), datatype: float64}
# - {name: e2dnde_ul, unit: MeV / (cm2 s), datatype: float64}
# - {name: norm, datatype: float64}
# - {name: norm_err, datatype: float64}
# - {name: norm_errp, datatype: float64}
# - {name: norm_errn, datatype: float64}
# - {name: norm_ul, datatype: float64}
# - {name: ts, datatype: float64}
# - {name: loglike, datatype: float64}
# - {name: norm_scan, datatype: string, subtype: 'float64[20]'}
# - {name: dloglike_scan, datatype: string, subtype: 'float64[20]'}
# - {name: ShowUL, datatype: bool}
# - {name: tstart, datatype: float64}
# - {name: tend, datatype: float64}
# meta: !!omap
# - {UL_CONF: 0.95}
# - {EXTNAME: SED}
# - {CONFIG: '{"bin_index": 2.0, "use_local_index": true, "free_background": false, "free_radius": null, "free_pars": [], "ul_confidence":
#     0.95, "cov_scale": 3.0, "make_plots": false, "write_fits": true, "write_npy": true, "optimizer": {"optimizer": "MINUIT", "tol":
#     0.001, "max_iter": 100, "init_lambda": 0.0001, "retries": 3, "min_fit_quality": 2, "verbosity": 0}, "prefix": "", "outfile": null,
#     "loge_bins": []}'}
# - {SRCNAME: 4FGL J0108.6+0134}
# - {CREATOR: fermipy 1.2.0}
# - {STVER: 2.2.0}
# schema: astropy-2.0
e_min e_ref e_max ref_dnde_e_min ref_dnde_e_max ref_dnde ref_flux ref_eflux ref_npred dnde dnde_err dnde_errp dnde_errn dnde_ul e2dnde e2dnde_err e2dnde_errp e2dnde_errn e2dnde_ul norm norm_err norm_errp norm_errn norm_ul ts loglike norm_scan dloglike_scan ShowUL tstart tend
[from data line 1137]
413.52331434760555 476.5900816815941 549.2752115212968 7.913566864277935e-13 4.0696577535655055e-13 5.67498975748572e-13 7.724664191953186e-11 3.660747538006826e-08 0.07724558266535553 2.0200581254077705e-10 4.519598286613981e-11 4.7987749372912536e-11 4.240421635936708e-11 2.847884299177673e-10 4.5883217652871144e-05 1.0265729945092158e-05 1.0899846501715456e-05 9.631613388468859e-06 6.468630457006597e-05 355.95802137672047 79.64064218181726 84.56006340736253 74.72122095627198 501.8307381825859 64.0936319147238 -384.2504927993293 [0.0,194.40141495350187,214.59599075640412,234.79056655930646,254.98514236220873,275.17971816511096,295.37429396801326,315.56886977091585,335.76344557381805,355.95802137672047,377.4269740129348,398.8959266491492,420.36487928536405,441.8338319215785,463.3027845577929,484.7717371940078,506.24068983022215,527.7096424664367,549.178595102651,570.6475477388657] [-32.0468159573619,-2.7040862448233156,-1.9791701093612915,-1.3941551738787439,-0.9306923269837171,-0.5739775069365578,-0.31187299630551024,-0.13428891800452902,-0.03273676172409523,0.0,-0.033745447399951445,-0.13186626314620753,-0.28882073183666535,-0.4997827494178182,-0.7605210906555726,-1.0673034445983376,-1.4168193052487936,-1.806117399486709,-2.23255445321729,-2.693752894414274] False 59428.65603222185 59442.65603222185
549.2752115212968 633.0528961793416 729.6086933380817 4.3664974284442213e-13 2.171737541086519e-13 3.079429555682357e-13 5.574354917801752e-11 3.5062088334835064e-08 0.06147373383369903 6.371928162038338e-11 2.2062919216839434e-11 2.3895617808101837e-11 2.0230220625577028e-11 1.0611463679650453e-10 2.5535882472766623e-05 8.841846577679074e-06 9.576311478167073e-06 8.107381677191074e-06 4.252607413277915e-05 206.91910780295203 71.64612412103257 77.5975464806725 65.69470176139264 344.5918631283353 26.9313912277986 -293.73640901010543 [0.0,74.72285451262084,91.24738617391225,107.77191783520364,124.29644949649501,140.8209811577864,157.34551281907775,173.87004448036916,190.39457614166056,206.91910780295203,227.46163505903237,248.0041623151126,268.5466895711931,289.08921682727345,309.6317440833539,330.17427133943414,350.71679859551443,371.259325851595,391.8018531076755,412.34438036375553] [-13.4656956138993,-2.697966612556968,-1.9097893074084027,-1.3104520626010867,-0.8571009532832363,-0.5206623740900227,-0.2804010852000829,-0.12094662445701942,-0.03054947952580278,0.0,-0.03448761259033972,-0.13886654566482548,-0.3041813685940724,-0.5231988186679359,-0.7899804559590962,-1.0995820774956542,-1.44783691697927,-1.831195833429092,-2.2466072405564432,-2.6914253626210325] False 59428.65603222185 59442.65603222185
729.6086933380817 840.8915725798939 969.1477682383326 2.2536955956699544e-13 1.0841284522274635e-13 1.5631044488214876e-13 3.762976200982513e-11 3.141472920410344e-08 0.045078974958444595 6.472419725144737e-11 1.72163613790589e-11 1.843518158018687e-11 1.599754117793094e-11 9.687527694588423e-11 4.576639164679551e-05 1.2173665662406566e-05 1.3035491765172193e-05 1.131183955964094e-05 6.850037627153379e-05 414.07467876024907 110.14210465614941 117.93953752793801 102.34467178436083 619.7620192235007 57.61509076531593 -311.09157442875943 [0.0,200.05489270352953,226.80736596061936,253.55983921770934,280.3123124747994,307.06478573188934,333.81725898897935,360.5697322460693,387.3222055031592,414.07467876024907,444.5903872529683,475.10609574568736,505.62180423840664,536.1375127311255,566.653221223845,597.1689297165639,627.6846382092828,658.2003467020021,688.7160551947214,719.2317636874408] [-28.807545382657963,-2.69457333231594,-1.9432652774966073,-1.3515858212240914,-0.8923203234130028,-0.5449212531646594,-0.29345767337315465,-0.12530447679625922,-0.03027064308861327,0.0,-0.03571531953292606,-0.1381163043230913,-0.3000686646518602,-0.5155696681993049,-0.7795164004700155,-1.0875310948296146,-1.4358273427665154,-1.8211061366189938,-2.2404740469010562,-2.691378069494931] False 59428.65603222185 59442.65603222185
969.1477682383326 1116.9661194245136 1287.3303254983532 1.0881280755358451e-13 5.062637815409316e-14 7.422127958487589e-14 2.3764622855885847e-11 2.6332482721653557e-08 0.030418084845160065 1.4481956521450519e-11 6.795514053399046e-12 7.527136187872052e-12 6.0638919189260425e-12 2.834964230937643e-11 1.8067881739130645e-05 8.478173794511333e-06 9.390955308791462e-06 7.5653922802312065e-06 3.536939113397945e-05 195.1186587249503 91.5574898655314 101.41479950186496 81.70018022919784 381.96110964318717 21.539983352581487 -166.37816851329785 [0.0,45.86520650946149,64.52188803639757,83.17856956333372,101.83525109026975,120.49193261720589,139.14861414414196,157.80529567107806,176.4619771980141,195.1186587249503,223.8375533340792,252.5564479432082,281.27534255233707,309.9942371614661,338.71313177059506,367.4320263797241,396.1509209888531,424.869815597982,453.58871020711103,482.30760481623986] [-10.769991676290743,-2.7030885750157836,-1.7877290204640701,-1.1662614902105304,-0.7322745975487237,-0.42924679089952633,-0.2233184108052626,-0.09250752677067453,-0.021691720215727628,0.0,-0.044573826401688166,-0.1654855257357326,-0.34784684325254034,-0.5808614617571664,-0.8564370777699253,-1.1683425585487157,-1.511671320636708,-1.8824861011478902,-2.277575992156187,-2.694285566688336] False 59428.65603222185 59442.65603222185
1709.9759409858673 1970.7884119509856 2271.3810595726877 2.0764318147753436e-14 9.037269427291029e-15 1.3698639989985715e-14 7.760994685785901e-12 1.514947285670581e-08 0.010761367132584798 4.60352524004784e-12 2.633278889680909e-12 2.9661321808064788e-12 2.3004255985553396e-12 1.0217215788422236e-11 1.78801240944273e-05 1.0227673547466223e-05 1.1520478048414693e-05 8.934869046517757e-06 3.968373728187335e-05 336.0571008080518 192.22922068219526 216.52749345736854 167.93094790702202 745.8562160836004 17.510315326479088 -92.12104064525712 [0.0,50.923036935827895,86.56479491985588,122.20655290388393,157.84831088791188,193.49006887193988,229.13182685596786,264.773584839996,300.41534282402387,336.0571008080518,400.0919388078899,464.126776807728,528.1616148075661,592.1964528074038,656.2312908072417,720.2661288070802,784.3009668069177,848.3358048067562,912.3706428065935,976.4054808064318] [-8.755157663239544,-2.6901220760247497,-1.6689221664239824,-1.0515290178796732,-0.6455497178144327,-0.37241700171642833,-0.19146564647653008,-0.07862732852086651,-0.018361576533067137,0.0,-0.049171001294354255,-0.17952839434994416,-0.37170656040576944,-0.612600791743489,-0.892912779864929,-1.2057978259507678,-1.5460668054251698,-1.9096895534779605,-2.293472176091157,-2.6948397447484354] False 59428.65603222185 59442.65603222185
2271.3810595726877 2617.821317854317 3017.1020504598932 8.206738078446933e-15 3.4546295613783356e-15 5.3245882440140015e-15 4.0133243074930234e-12 1.0397877237278675e-08 0.005667709220058104 3.0021632204964164e-12 1.8206081395145527e-12 2.0663719388773823e-12 1.574844340151723e-12 6.9508605955517854e-12 2.0573789881719068e-05 1.2476606556097335e-05 1.4160823035102678e-05 1.079239007709199e-05 4.763416739425537e-05 563.8301184831528 341.9246815115353 388.081076729348 295.7682862937226 1305.4268756586143 15.909345971635304 -43.491666168539524 [0.0,75.0560471669631,136.15280608148674,197.24956499601055,258.3463239105342,319.44308282505807,380.53984173958173,441.6366006541053,502.73335956862894,563.8301184831528,679.5311467162558,795.2321749493593,910.9332031824625,1026.634231415566,1142.3352596486689,1258.036287881772,1373.7373161148757,1489.4383443479794,1605.1393725810824,1720.8404008141852] [-7.954672985817652,-2.706090406522776,-1.6462417763819417,-1.0314613492814644,-0.6339134420846406,-0.3681597763852338,-0.19204134051463484,-0.08135579015832661,-0.020795071797216735,0.0,-0.04491234139841538,-0.1737365472202157,-0.36566972855816005,-0.6069112739089704,-0.8878036991037135,-1.2013085951601354,-1.5421294186246683,-1.9061756914980492,-2.2902198404375795,-2.691668719703628] False 59428.65603222185 59442.65603222185
3017.1020504598932 3477.2827010020824 4007.6519721450045 3.0342138346893065e-15 1.2353455428824734e-15 1.936053340390125e-15 1.941571793050304e-12 6.676589467989337e-09 0.0027661961308411698 1.512875521079922e-12 1.0745474762455899e-12 1.2512325696915593e-12 8.978623827996204e-13 4.00093157421809e-12 1.829292677256988e-05 1.2992885417683965e-05 1.5129272338601725e-05 1.0856498496766205e-05 4.8377244055737386e-05 781.4224378627239 555.0195616144867 646.2800087106223 463.7591145183512 2066.539950501509 16.59787208695539 -35.95529728726598 [0.0,77.6927925399228,165.658998205273,253.62520387062307,341.59140953597324,429.55761520132324,517.5238208666736,605.4900265320238,693.4562321973742,781.4224378627239,986.6047160762045,1191.7869942896843,1396.9692725031657,1602.1515507166455,1807.3338289301255,2012.5161071436064,2217.6983853570873,2422.8806635705664,2628.0629417840464,2833.245219997527] [-8.298936043477696,-2.695183751714673,-1.4945554474849132,-0.891622017011386,-0.5298585555025213,-0.29967774742407016,-0.15263283317680987,-0.06298265997908459,-0.015396893679778145,0.0,-0.054894644879098564,-0.19902539171417288,-0.40456905575052815,-0.6551006634372172,-0.9400933021914426,-1.2523836680182114,-1.5868693958823243,-1.9397827205559963,-2.3082590333729343,-2.6900672732887756] False 59428.65603222185 59442.65603222185
5323.411028602609 6135.359285332078 7071.149185711414 3.3952014314987093e-16 1.2930952803539259e-16 2.095308795123492e-16 3.7208188095148235e-13 2.2540468869214435e-09 0.0005330352697834329 3.9239609815578507e-13 3.961669526183042e-13 4.968971533259249e-13 2.954367519106835e-13 1.4319615006575748e-12 1.4770822533295387e-05 1.49127674260365e-05 1.8704517459709853e-05 1.1121017392363148e-05 5.390280204143908e-05 1872.7363673985744 1890.733020069985 2371.4745744511565 1409.9914656888138 6834.131102729318 9.023579530414459 -24.146118496206 [0.0,208.08181859984157,416.16363719968314,624.2454557995247,832.3272743993663,1040.4090929992078,1248.4909115990495,1456.5727301988907,1664.6545487987325,1872.7363673985744,2683.631468612081,3494.5265698255885,4305.421671039096,5116.316772252601,5927.211873466106,6738.1069746796165,7549.002075893121,8359.897177106634,9170.792278320141,9981.687379533647] [-4.511789765207229,-1.280281351609439,-0.7155986433615844,-0.4267768998402772,-0.252743021732158,-0.14204311623129584,-0.07156113426146149,-0.028904195939549737,-0.006650123888238824,0.0,-0.07256630941496311,-0.24030808718233487,-0.46315290729655345,-0.7219860387099786,-1.0061839161260728,-1.3092276478898022,-1.6268277100884703,-1.9560106380264735,-2.294630261026086,-2.6410866830965674] False 59428.65603222185 59442.65603222185
132.83117061068992 153.091119887046 176.4411988580621 7.575989299899316e-12 4.122048021311105e-12 5.588254799409573e-12 2.439561642334488e-10 3.718648400327845e-08 0.07688475821781594 1.5994843670185443e-09 4.756627650128837e-10 5.075145636140102e-10 4.4381096641175716e-10 2.4715252696431632e-09 3.748694074725549e-05 1.1148056370785995e-05 1.1894563502380925e-05 1.0401549239191065e-05 5.792486831938118e-05 286.2225192715868 85.11830295625386 90.81807860078814 79.41852731171957 442.271399275547 19.69714039391829 -382.37543892695567 [0.0,110.78231725283491,132.71234250517892,154.64236775752298,176.5723930098669,198.50241826221088,220.43244351455488,242.36246876689876,264.29249401924267,286.2225192715868,309.08735088963937,331.9521825076917,354.8170141257442,377.68184574379666,400.5466773618493,423.41150897990144,446.2763405979543,469.14117221600645,492.00600383405924,514.8708354521117] [-9.848570196959145,-2.696361369800343,-1.9687899236621433,-1.3829350419512707,-0.9197296865515341,-0.5640218461575728,-0.3035274781877888,-0.12812008589799007,-0.02933283765730721,0.0,-0.036766105935726046,-0.1363975669500519,-0.29371825048428946,-0.50421268593675,-0.7639138669208592,-1.0693144671898835,-1.4172957474930854,-1.8050700175814995,-2.230133616361286,-2.690228147641392] False 59456.65603222185 59470.65603222185
176.4411988580621 203.35272664697808 234.36890988269914 4.350316361441712e-12 2.346192598119622e-12 3.194789515240904e-12 1.853031287468978e-10 3.751160174504052e-08 0.07823219601131334 1.5798970691377042e-09 3.2490348077257995e-10 3.44561559560056e-10 3.052454019851039e-10 2.1690681547178354e-09 6.533242723578923e-05 1.3435516421215093e-05 1.424842381060544e-05 1.2622609031824747e-05 8.969602523847651e-05 494.523054367346 101.69793008979514 107.85109877076651 95.54476140882376 678.9392992465347 53.689322743525054 -509.61150837476555 [0.0,280.99475162802497,307.6857894704401,334.3768273128554,361.0678651552704,387.7589029976853,414.4499408401008,441.14097868251565,467.8320165249311,494.523054367346,521.2879206621185,548.0527869568913,574.817653251664,601.5825195464367,628.3473858412091,655.1122521359816,681.8771184307545,708.6419847255266,735.4068510202995,762.171717315072] [-26.844661371762527,-2.696642294391495,-1.9945704859635498,-1.4183490004234613,-0.9550009805113859,-0.5936073756036535,-0.3248781672583618,-0.14083200499010218,-0.034552518168425195,0.0,-0.03203959022698655,-0.12612667254552434,-0.27804765376470186,-0.48403516304733785,-0.7407048541595032,-1.045003254376411,-1.3941643891580497,-1.7856734435206363,-2.217236114123523,-2.686752600090358] False 59456.65603222185 59470.65603222185
234.36890988269914 270.1158072739371 311.3149665447022 2.4543730825613136e-12 1.3120564615184673e-12 1.7945127644994835e-12 1.3829126834953417e-10 3.717809793631216e-08 0.07246934900821078 5.825747238369869e-10 1.4935726325017583e-10 1.5912104448160089e-10 1.3959348201875078e-10 8.579898742638263e-10 4.250613703175653e-05 1.0897486689066416e-05 1.1609877058901916e-05 1.0185096319230915e-05 6.260112853355197e-05 324.64228472594664 83.22998097582985 88.67089029928529 77.78907165237439 478.1185685815573 38.1501399707181 -361.7695199047548 [0.0,156.5788854604546,177.58681036864095,198.59473527682758,219.60266018501406,240.6105850932005,261.6185100013871,282.62643490957373,303.63435981776024,324.64228472594664,347.2962517334849,369.95021874102315,392.6041857485613,415.2581527560995,437.9121197636378,460.5660867711759,483.22005377871403,505.8740207862521,528.5279877937907,551.1819548013285] [-19.07506998535905,-2.705293473324332,-1.9717573916345827,-1.3838433553366372,-0.9207306661271559,-0.5660115484140533,-0.3064920011728418,-0.1313810021723043,-0.031724574586121435,0.0,-0.034588653295259064,-0.1339221304671696,-0.2921539377932163,-0.5042387269529058,-0.7657885434816194,-1.0729604312969059,-1.4223674411346678,-1.811007366913202,-2.23620509028126,-2.6955654975901098] False 59456.65603222185 59470.65603222185
