data/4C+01.02_allsed_1d_min11.ecsv
# %ECSV 1.0
# ---
# datatype:
# - {name: e_min, unit: MeV, datatype: float64}
# - {name: e_ref, unit: MeV, datatype: float64}
# - {name: e_max, unit: MeV, datatype: float64}
# - {name: ref_dnde_e_min, unit: ph / (MeV s cm2), datatype: float64}
# - {name: ref_dnde_e_max, unit: ph / (MeV s cm2), datatype: float64}
# - {name: ref_dnde, unit: ph / (MeV s cm2), datatype: float64}
# - {name: ref_flux, unit: ph / (s cm2), datatype: float64}
# - {name: ref_eflux, unit: MeV / (s cm2), datatype: float64}
# - {name: ref_npred, datatype: float64}
# - {name: dnde, unit: ph / (MeV s cm2), datatype: float64}
# - {name: dnde_err, unit: ph / (MeV s cm2), datatype: float64}
# - {name: dnde_errp, unit: ph / (MeV s cm2), datatype: float64}
# - {name: dnde_errn, unit: ph / (MeV s cm2), datatype: float64}
# - {name: dnde_ul, unit: ph / (MeV s cm2), datatype: float64}
# - {name: e2dnde, unit: MeV / (s cm2), datatype: float64}
# - {name: e2dnde_err, unit: MeV / (s cm2), datatype: float64}
# - {name: e2dnde_errp, unit: MeV / (s cm2), datatype: float64}
# - {name: e2dnde_errn, unit: MeV / (s cm2), datatype: float64}
# - {name: e2dnde_ul, unit: MeV / (s cm2), datatype: float64}
# - {name: norm, datatype: float64}
# - {name: norm_err, datatype: float64}
# - {name: norm_errp, datatype: float64}
# - {name: norm_errn, datatype: float64}
# - {name: norm_ul, datatype: float64}
# - {name: ts, datatype: float64}
# - {name: loglike, datatype: float64}
# - {name: norm_scan, datatype: string, subtype: 'float64[20]'}
# - {name: dloglike_scan, datatype: string, subtype: 'float64[20]'}
# - {name: ShowUL, datatype: bool}
# - {name: tstart, datatype: float64}
# - {name: tend, datatype: float64}
# meta: !!omap
# - {UL_CONF: 0.95}
# - {EXTNAME: SED}
# - {CONFIG: '{"bin_index": 2.0, "use_local_index": true, "free_background": false, "free_radius": null, "free_pars": [], "ul_confidence":
#     0.95, "cov_scale": 3.0, "make_plots": false, "write_fits": true, "write_npy": true, "optimizer": {"optimizer": "MINUIT", "tol":
#     0.001, "max_iter": 100, "init_lambda": 0.0001, "retries": 3, "min_fit_quality": 2, "verbosity": 0}, "prefix": "", "outfile": null,
#     "loge_bins": []}'}
# - {SRCNAME: 4FGL J0108.6+0134}
# - {CREATOR: fermipy 1.2.0}
# - {STVER: 2.2.0}
# schema: astropy-2.0
e_min e_ref e_max ref_dnde_e_min ref_dnde_e_max ref_dnde ref_flux ref_eflux ref_npred dnde dnde_err dnde_errp dnde_errn dnde_ul e2dnde e2dnde_err e2dnde_errp e2dnde_errn e2dnde_ul norm norm_err norm_errp norm_errn norm_ul ts loglike norm_scan dloglike_scan ShowUL tstart tend
[from data line 326]
176.4411988580621 203.35272664697808 234.36890988269914 2.357144746508059e-12 1.40534886944837e-12 1.820057884967195e-12 1.053169513223872e-10 2.1370289269132743e-08 0.005010619215275212 8.790660339857293e-09 1.8663063033859025e-09 1.9800740886978415e-09 1.7525385180739638e-09 1.2205081521662332e-08 0.000363514299904184 7.71761168163967e-05 8.18806799812147e-05 7.247155365157873e-05 0.000504708576272053 4829.879539801413 1025.4104107351186 1087.9181948290236 962.9026266412136 6705.875468286174 92.68782662193382 -173.01471009122983 [0.0,2780.2248996853386,3036.4317296998474,3292.6385597143585,3548.845389728867,3805.052219743377,4061.2590497578876,4317.465879772396,4573.672709786905,4829.879539801413,5106.6359648901525,5383.392389978888,5660.148815067621,5936.905240156358,6213.661665245091,6490.418090333831,6767.174515422567,7043.930940511301,7320.687365600035,7597.443790688773] [-46.34391331096691,-2.7040544619247555,-1.974819630527378,-1.3878964977243697,-0.9242638099006797,-0.5685048299791617,-0.3079454735646152,-0.1320366498989074,-0.031901936239648876,0.0,-0.03476694505192768,-0.13462659424624235,-0.2935578567939672,-0.5063421638100181,-0.7684263900128201,-1.0758139301455287,-1.4249772481217349,-1.8127870003232545,-2.236454092972565,-2.6934819349696397] False 59683.699990555186 59684.699990555186
234.36890988269914 270.1158072739371 311.3149665447022 1.5275451063132687e-12 8.959964121238902e-13 1.1699038142574366e-12 8.995093343650943e-11 2.4235403858472148e-08 0.005240967776149748 3.5599250653392325e-09 9.280119340475513e-10 1.0164425104473571e-09 8.395813576477455e-10 5.298353836296386e-09 0.00025974120822384915 6.771011652535795e-05 7.416223681902717e-05 6.125799623168875e-05 0.0003865814031975835 3042.921154675262 793.2378053118672 868.8257086267517 717.6499019969826 4528.879871769088 76.6480467868289 -110.54704851327932 [0.0,1531.03587345772,1720.0215336099131,1909.0071937621065,2097.9928539142984,2286.978514066492,2475.9641742186845,2664.9498343708774,2853.9354945230707,3042.921154675262,3263.866310039011,3484.8114654027554,3705.7566207665036,3926.7017761302504,4147.646931493993,4368.592086857741,4589.53724222149,4810.482397585233,5031.427552948981,5252.372708312728] [-38.32402339341445,-2.7022365180658454,-1.9425869451717546,-1.347007559975026,-0.8867467887222062,-0.5400712797366367,-0.29014223389091853,-0.12364102259911647,-0.02984706190294162,0.0,-0.03654229370395967,-0.1410400370851903,-0.3055978455498689,-0.5236323198406865,-0.7895952220375477,-1.0987662216979999,-1.4470951933775922,-1.831080469365233,-2.2476736197556164,-2.6942040994855603] False 59683.699990555186 59684.699990555186
311.3149665447022 358.7979888064861 413.52331434760555 9.581433644853392e-13 5.529133228519172e-13 7.278531661166993e-13 7.436204729482096e-11 2.6602865507225726e-08 0.005068687083856532 1.5657574698519786e-09 5.062154654262305e-10 5.615039649285902e-10 4.509269659238707e-10 2.5338239301451662e-09 0.00020156934858394054 6.516815252283473e-05 7.228577261627597e-05 5.805053242939348e-05 0.00032619434929091854 2151.199641276185 695.4911910695283 771.4522531026021 619.5301290364546 3481.2295227948616 43.87043873086816 -86.7548337708007 [0.0,877.6887539993102,1036.8776149089194,1196.0664758185283,1355.2553367281378,1514.4441976377466,1673.6330585473563,1832.8219194569645,1992.0107803665753,2151.199641276185,2350.6760403852527,2550.1524394943226,2749.6288386033934,2949.105237712462,3148.5816368215314,3348.0580359306027,3547.5344350396676,3747.0108341487407,3946.4872332578097,4145.96363236688] [-21.93521936543408,-2.6964193289940397,-1.9022321753268727,-1.2987545216894034,-0.8437095743601759,-0.5077454166638944,-0.26959642792709815,-0.11333032157845935,-0.02668286410174403,0.0,-0.03950397942897155,-0.14895499482767605,-0.31874816852264587,-0.5411566083047745,-0.8098673510969832,-1.1196532004488233,-1.4661351324441654,-1.845606711173744,-2.2549019713208622,-2.691294408380813] False 59683.699990555186 59684.699990555186
413.52331434760555 476.5900816815941 549.2752115212968 5.816941788512322e-13 3.302598919096346e-13 4.383038405397241e-13 5.949822656144505e-11 2.826238902561994e-08 0.004613136715365996 7.68162410956566e-10 2.9038420152919456e-10 3.1800565003710394e-10 2.6276275302128513e-10 1.3426405380517127e-09 0.00017447895509224335 6.595731753525501e-05 7.223120103313776e-05 5.9683434037372244e-05 0.00030496482879451394 1752.5796945120458 662.5180403886436 725.5369919768764 599.4990888004107 3063.2643702103887 31.142997222588008 -77.25436466702287 [0.0,577.3785959987911,724.2787333129479,871.1788706271047,1018.0790079412614,1164.9791452554182,1311.879282569575,1458.7794198837319,1605.6795571978885,1752.5796945120458,1951.5946685114868,2150.6096425109286,2349.62461651037,2548.639590509813,2747.654564509255,2946.6695385086973,3145.6845125081377,3344.699486507581,3543.71446050702,3742.7294345064633] [-15.571498611294004,-2.699203383323564,-1.8645685322093044,-1.2533340301127822,-0.8045544465257279,-0.4797821066980674,-0.25307414678036366,-0.10603397082438448,-0.02510747010852299,0.0,-0.04099393854266964,-0.154595912342387,-0.329229762021086,-0.555931855980333,-0.8276121742314615,-1.1385610904620336,-1.4841094672920434,-1.8603879601626403,-2.2641525416672295,-2.692655427459826] False 59683.699990555186 59684.699990555186
549.2752115212968 633.0528961793416 729.6086933380817 3.41828831515691e-13 1.9092574136519184e-13 2.5546804707659706e-13 4.6085789012348234e-11 2.9066933407027915e-08 0.003953865425584686 7.358045000847203e-10 2.3202154839765426e-10 2.5687735806491934e-10 2.0716573873038916e-10 1.1796410703222248e-09 0.00029487804569167656 9.298402054075424e-05 0.00010294513463821288 8.302290644329559e-05 0.00047274820063509246 2880.2212586065752 908.2214040180421 1005.5165841851829 810.9262238509014 4617.567965235718 50.4364837229314 -96.03725016350997 [0.0,1216.7597259856154,1424.6924175632353,1632.6251091408556,1840.5578007184763,2048.4904922960955,2256.4231838737155,2464.3558754513356,2672.2885670289565,2880.2212586065752,3140.4807108206614,3400.740163034747,3660.9996152488316,3921.2590674629164,4181.518519677002,4441.777971891088,4702.037424105173,4962.29687631926,5222.556328533346,5482.815780747429] [-25.2182418614657,-2.695393712773196,-1.9056732651224593,-1.3036796955652648,-0.8486296058398608,-0.5119359163245321,-0.2727450485350573,-0.11535480111072616,-0.02763246223076976,0.0,-0.0384700398443556,-0.14704881257044633,-0.31618070382178587,-0.5381667105875323,-0.8067089306647262,-1.116587362827545,-1.4634252770530765,-1.843515444397923,-2.253689153946425,-2.6912159253972874] False 59683.699990555186 59684.699990555186
729.6086933380817 840.8915725798939 969.1477682383326 1.9441612338753964e-13 1.0683225742385765e-13 1.4411770654949435e-13 3.4548453984359455e-11 2.893299653469368e-08 0.003235177539768451 3.244188409800295e-10 1.3156946857920305e-10 1.447583547379178e-10 1.1838058242048832e-10 5.878391071808451e-10 0.00022939612022085731 9.303259188157657e-05 0.00010235843530578747 8.370674845736569e-05 0.0004156602313664006 2251.0685796169982 912.930629617105 1004.445312125498 821.415947108712 4078.8819171151845 42.62467128995635 -72.7234598721819 [0.0,701.6741222434462,895.3484294151402,1089.022736586835,1282.6970437585283,1476.3713509302218,1670.045658101917,1863.719965273611,2057.394272445305,2251.0685796169982,2528.8227267579487,2806.576873898899,3084.331021039847,3362.085168180797,3639.8393153217485,3917.593462462697,4195.347609603646,4473.101756744597,4750.8559038855465,5028.610051026495] [-21.312335644978177,-2.700398974064953,-1.8383254702404628,-1.2245952390319275,-0.7821991355772155,-0.4658702570408906,-0.24661595468063524,-0.10468102976199134,-0.02595893611685085,0.0,-0.03932626559681296,-0.15344035479574814,-0.32946372919070654,-0.5576846813719101,-0.8305825639406805,-1.1422040757159095,-1.4877487157102252,-1.8632840846146195,-2.2655448322585983,-2.6917872214345238] False 59683.699990555186 59684.699990555186
969.1477682383326 1116.9661194245136 1287.3303254983532 1.0702482586752364e-13 5.785874206180707e-14 7.869130697909935e-14 2.5068506369590706e-11 2.787570832763133e-08 0.002521428643984129 3.141417728645194e-10 9.945343110704041e-11 1.0831333486269246e-10 9.059352735138839e-11 5.079295912182135e-10 0.00039192745766291525 0.00012407942456747577 0.00013513315843555445 0.0001130256906993971 0.000633699719533232 3992.0772055286443 1263.8426647743383 1376.433293851134 1151.2520356975429 6454.710319567079 81.78956663726225 -67.21646443739772 [0.0,1705.0328044458472,1990.9133545811972,2276.7939047165455,2562.6744548518946,2848.555004987243,3134.4355551225945,3420.3161052579453,3706.196655393293,3992.0772055286443,4364.289254833275,4736.501304137907,5108.713353442539,5480.925402747174,5853.137452051805,6225.349501356436,6597.56155066107,6969.773599965699,7341.985649270329,7714.1976985749625] [-40.89478331863113,-2.694212362713202,-1.8892918249872253,-1.283447499912171,-0.8303246315490895,-0.4980938290574244,-0.2639506539621266,-0.11099560775308248,-0.026356011500737964,0.0,-0.040078884149878036,-0.1517550748058767,-0.32430428727225546,-0.5492482632905222,-0.819768158341958,-1.1302977754032213,-1.4762342809265476,-1.8537278974251592,-2.2595260320686634,-2.6908557612004813] False 59683.699990555186 59684.699990555186
1709.9759409858673 1970.7884119509856 2271.3810595726877 2.9408645189608344e-14 1.5388211157223918e-14 2.1273138979134453e-14 1.1968586711901234e-11 2.3464202305161753e-08 0.0012986316983056162 1.204911067849254e-10 4.50665835542211e-11 4.9491574560102015e-11 4.0641592548340196e-11 2.1036428821730477e-10 0.00046798829793468644 0.00017503892439894083 0.0001922256202844299 0.00015785222851345175 0.0008170563605560229 5664.00223789766 2118.4736111781253 2326.481983154688 1910.465239201563 9888.728147907015 73.11984712749869 -50.61555172416791 [0.0,2026.3976820508217,2481.0982515316746,2935.79882101253,3390.4993904933867,3845.199959974239,4299.900529455094,4754.601098935949,5209.301668416804,5664.00223789766,6308.593547773274,6953.184857648892,7597.776167524511,8242.367477400128,8886.95878727575,9531.550097151363,10176.141407026978,10820.732716902601,11465.324026778215,12109.915336653834] [-36.559923563749344,-2.6967773899062166,-1.8461024463692297,-1.231501775163828,-0.785407008750596,-0.46572372080439095,-0.2444380322050037,-0.10195781975676965,-0.02403939858660209,0.0,-0.04257443034887132,-0.15950166965709656,-0.33776855957293606,-0.567524812587223,-0.8411322404019401,-1.1525466989508573,-1.4969020764552425,-1.8702218740676457,-2.2692140975459907,-2.69112213583967] False 59683.699990555186 59684.699990555186
2271.3810595726877 2617.821317854317 3017.1020504598932 1.467956731435718e-14 7.556848320060902e-15 1.0532391162443658e-14 7.875124546781341e-12 2.0499967780468298e-08 0.0008612436366264992 2.43725491603783e-11 1.7255563809116663e-11 2.0122500068303392e-11 1.4388627549929931e-11 6.449986399128167e-11 0.00016702479794705426 0.00011825217952029264 0.00013789926059772865 9.860509844285663e-05 0.0004420168231015309 2314.0565883354016 1638.332980894828 1910.5348213856785 1366.1311404039777 6123.95257605651 20.178350861131328 -10.500361310201306 [0.0,244.13662056180263,502.87661653350267,761.6166125052022,1020.3566084769028,1279.096604448602,1537.8366004203017,1796.576596392002,2055.316592363701,2314.0565883354016,2923.5911676524065,3533.12574696941,4142.6603262864155,4752.194905603418,5361.7294849204245,5971.264064237428,6580.7986435544335,7190.333222871437,7799.867802188441,8409.402381505446] [-10.089175430565664,-2.65728814135905,-1.4679758899361524,-0.8714017708358259,-0.5146597510652864,-0.28868911232262917,-0.14520631473501133,-0.0585462612026717,-0.013424873188570885,0.0,-0.05879743477966848,-0.20597245019296295,-0.4132961264640649,-0.664220111603175,-0.9482067187122141,-1.2581299076932382,-1.588944977450529,-1.9369494553035551,-2.299345483746329,-2.6739671895575654] False 59683.699990555186 59684.699990555186
3017.1020504598932 3477.2827010020824 4007.6519721450045 7.092186604224576e-15 3.591880962284435e-15 5.047206162292451e-15 5.01545363455684e-12 1.733559913310583e-08 0.0005465850315959642 4.6060495709293e-11 2.055430933925219e-11 2.2859451885770884e-11 1.8249166792733492e-11 8.855188442839491e-11 0.000556940252769054 0.0002485323282481919 0.00027640494778380414 0.00022065970871257967 0.0010707246662735347 9125.939030073667 4072.4132675246974 4529.129809785316 3615.6967252640784 17544.7329831628 62.3279156357357 -21.151262388974057 [0.0,2591.6949815144617,3408.4754875843614,4225.255993654262,5042.036499724161,5858.817005794063,6675.597511863962,7492.378017933863,8309.158524003764,9125.939030073667,10429.204365790667,11732.46970150766,13035.735037224658,14339.000372941658,15642.265708658671,16945.531044375664,18248.796380092655,19552.06171580966,20855.327051526656,22158.592387243658] [-31.16395781786785,-2.6948408704417552,-1.7807280056471235,-1.158770975514603,-0.7254086352350271,-0.4239417691567411,-0.21993062377982397,-0.09088009488891302,-0.021284072307526714,0.0,-0.04628388683856599,-0.17095590582446007,-0.3574927235977512,-0.5941008599481172,-0.8720676531588332,-1.184773616539065,-1.5270713677860037,-1.8948790853431206,-2.284905288055466,-2.6944571079771897] False 59683.699990555186 59684.699990555186
4007.6519721450045 4618.915317184078 5323.411028602609 3.3164672665916662e-15 1.652463318307152e-15 2.34101270915156e-15 3.091727661034282e-12 1.4189360574754497e-08 0.00033328025954323937 1.06401910483546e-11 9.450595267077572e-12 1.1348424270775006e-11 7.552766263380134e-12 3.343773506066116e-11 0.00022700186534380868 0.0002016225784374171 0.0002421115811240296 0.00016113357575080455 0.0007133733028990997 4545.123145534253 4036.968799927061 4847.655985126177 3226.281614727944 14283.448752732234 11.454941610766657 -15.223498283257092 [0.0,105.2013668860104,660.191589217041,1215.1818115480712,1770.1720338791017,2325.1622562101334,2880.1524785411625,3435.142700872193,3990.1329232032235,4545.123145534253,6048.992107882901,7552.861070231542,9056.730032580186,10560.59899492883,12064.467957277473,13568.336919626116,15072.205881974756,16576.0748443234,18079.943806672047,19583.812769020697] [-5.727470805383328,-2.961248143754835,-1.2354951181083482,-0.7017623831662814,-0.41051788137149536,-0.23130404183597086,-0.11820963460300327,-0.0493669933885279,-0.01250901473630961,0.0,-0.052983653619284254,-0.1924401830758402,-0.38947614811884,-0.6278609254338878,-0.8974861459579291,-1.1915971405316217,-1.5054423248342648,-1.8355452793242062,-2.1792822221099915,-2.5346222152139237] False 59683.699990555186 59684.699990555186
