data/4C+01.02_allsed_1d_min11.ecsv
# %ECSV 1.0
# ---
# datatype:
# - {name: e_min, unit: MeV, datatype: float64}
# - {name: e_ref, unit: MeV, datatype: float64}
# - {name: e_max, unit: MeV, datatype: float64}
# - {name: ref_dnde_e_min, unit: ph / (MeV s cm2), datatype: float64}
# - {name: ref_dnde_e_max, unit: ph / (MeV s cm2), datatype: float64}
# - {name: ref_dnde, unit: ph / (MeV s cm2), datatype: float64}
# - {name: ref_flux, unit: ph / (s cm2), datatype: float64}
# - {name: ref_eflux, unit: MeV / (s cm2), datatype: float64}
# - {name: ref_npred, datatype: float64}
# - {name: dnde, unit: ph / (MeV s cm2), datatype: float64}
# - {name: dnde_err, unit: ph / (MeV s cm2), datatype: float64}
# - {name: dnde_errp, unit: ph / (MeV s cm2), datatype: float64}
# - {name: dnde_errn, unit: ph / (MeV s cm2), datatype: float64}
# - {name: dnde_ul, unit: ph / (MeV s cm2), datatype: float64}
# - {name: e2dnde, unit: MeV / (s cm2), datatype: float64}
# - {name: e2dnde_err, unit: MeV / (s cm2), datatype: float64}
# - {name: e2dnde_errp, unit: MeV / (s cm2), datatype: float64}
# - {name: e2dnde_errn, unit: MeV / (s cm2), datatype: float64}
# - {name: e2dnde_ul, unit: MeV / (s cm2), datatype: float64}
# - {name: norm, datatype: float64}
# - {name: norm_err, datatype: float64}
# - {name: norm_errp, datatype: float64}
# - {name: norm_errn, datatype: float64}
# - {name: norm_ul, datatype: float64}
# - {name: ts, datatype: float64}
# - {name: loglike, datatype: float64}
# - {name: norm_scan, datatype: string, subtype: 'float64[20]'}
# - {name: dloglike_scan, datatype: string, subtype: 'float64[20]'}
# - {name: ShowUL, datatype: bool}
# - {name: tstart, datatype: float64}
# - {name: tend, datatype: float64}
# meta: !!omap
# - {UL_CONF: 0.95}
# - {EXTNAME: SED}
# - {CONFIG: '{"bin_index": 2.0, "use_local_index": true, "free_background": false, "free_radius": null, "free_pars": [], "ul_confidence":
#     0.95, "cov_scale": 3.0, "make_plots": false, "write_fits": true, "write_npy": true, "optimizer": {"optimizer": "MINUIT", "tol":
#     0.001, "max_iter": 100, "init_lambda": 0.0001, "retries": 3, "min_fit_quality": 2, "verbosity": 0}, "prefix": "", "outfile": null,
#     "loge_bins": []}'}
# - {SRCNAME: 4FGL J0108.6+0134}
# - {CREATOR: fermipy 1.2.0}
# - {STVER: 2.2.0}
# schema: astropy-2.0
e_min e_ref e_max ref_dnde_e_min ref_dnde_e_max ref_dnde ref_flux ref_eflux ref_npred dnde dnde_err dnde_errp dnde_errn dnde_ul e2dnde e2dnde_err e2dnde_errp e2dnde_errn e2dnde_ul norm norm_err norm_errp norm_errn norm_ul ts loglike norm_scan dloglike_scan ShowUL tstart tend
[from data line 434]
7071.149185711414 8149.575733880153 9392.473966813408 6.091157750393858e-16 2.905254390145033e-16 4.206704505357814e-16 9.81713234631133e-13 7.94134872441124e-09 0.00010217119245571615 4.036536436640945e-12 4.131579445185152e-12 5.180491411757522e-12 3.082667478612783e-12 1.4968933656663745e-11 0.0002680889273692457 0.0002744012643478675 0.0003440653658460218 0.00020473716284971324 0.0009941704802783494 9595.483665419953 9821.415884864316 12314.845041194258 7327.986728534376 35583.515879469924 14.026404246556819 -4.797588812519161 [0.0,1066.1648517133285,2132.329703426657,3198.4945551399833,4264.659406853314,5330.824258566642,6396.989110279967,7463.153961993295,8529.318813706628,9595.483665419953,13865.170501095703,18134.857336771453,22404.54417244719,26674.23100812293,30943.91784379869,35213.604679474425,39483.2915151502,43752.97835082595,48022.665186501676,52292.35202217744] [-7.013202123278409,-1.323076569732776,-0.7403770782198276,-0.4443492673567109,-0.26585160668626173,-0.1517912668912773,-0.07850230867779295,-0.03335530104503448,-0.008809499564081946,0.0,-0.06825552924671552,-0.23609361371853943,-0.46093876216824814,-0.7227667422979991,-1.0105440039449451,-1.3175396564253035,-1.6393435248152297,-1.9729084250800453,-2.316040601719222,-2.6671080701409977] False 59687.699990555186 59688.699990555186
9392.473966813408 10825.05221838098 12476.13311942254 2.4871218465960016e-16 1.1630578142638733e-16 1.7007840835067389e-16 5.276597053235805e-13 5.667045973176423e-09 5.5207168038654e-05 3.0461492225656606e-12 3.093125887345965e-12 3.8776363705811e-12 2.3086154041108292e-12 1.1203534164552781e-11 0.00035695311350864505 0.00036245792155657715 0.0004543882372142885 0.00027052760589886575 0.0013128498015501896 17910.264166424928 18186.47009541884 22799.11017620795 13573.830014629732 65872.7599417142 14.488164152336816 -4.86489504068641 [0.0,1990.029351824993,3980.058703649986,5970.088055474975,7960.117407299972,9950.146759124957,11940.17611094995,13930.205462774946,15920.234814599944,17910.264166424928,25800.25816644991,33690.25216647489,41580.24616649989,49470.24016652485,57360.23416654981,65250.22816657482,73140.22216659982,81030.21616662474,88920.21016664976,96810.20416667475] [-7.244082076168408,-1.3161895485941253,-0.7341004196697547,-0.4388975690990513,-0.26127862735864316,-0.1481185274607446,-0.0757405744967361,-0.0315107255328817,-0.007885929391146185,0.0,-0.07065497228943407,-0.23945836553089972,-0.46465274376492705,-0.726509152401893,-1.0141266161213194,-1.3208426129009352,-1.6422858014262243,-1.9754326904727373,-2.3181048002218896,-2.6686804375838955] False 59687.699990555186 59688.699990555186
100.0 115.25240587974294 132.83117061068992 9.433299402219217e-12 5.3850233959640185e-12 7.127309308714179e-12 2.3395879651359726e-10 2.6878517320186455e-08 0.007534255166023956 7.983523764681996e-09 3.4153875529598894e-09 3.7128400491363918e-09 3.1179350567833874e-09 1.4601338973551067e-08 0.00010604608072609727 4.536699267488422e-05 4.931808900170388e-05 4.141589634806456e-05 0.00019395129483402795 1120.1315137145748 479.1973246880247 520.9315168343966 437.4631325416529 2048.646739057444 11.108441189516753 -117.52929069482644 [0.0,236.01647300073734,346.5308530899669,457.04523317919677,567.559613268426,678.0739933576561,788.5883734468855,899.1027535361155,1009.6171336253454,1120.1315137145748,1260.01987911558,1399.9082445165845,1539.7966099175903,1679.6849753185954,1819.5733407196003,1959.4617061206056,2099.35007152161,2239.238436922616,2379.1268023236216,2519.0151677246267] [-5.554220594758377,-2.6952781069728644,-1.8882480553521077,-1.282835107394817,-0.8302065740662385,-0.49800992213273787,-0.26357005156384616,-0.11030772705021263,-0.025692903422168456,0.0,-0.040086854011434525,-0.1499734549661298,-0.31999217169320104,-0.5424246630356464,-0.8110007723900168,-1.1205505554750488,-1.4667561110061342,-1.8459704718057992,-2.2550827603840418,-2.691416006401724] False 57570.699990555186 57571.699990555186
132.83117061068992 153.091119887046 176.4411988580621 5.893326004954203e-12 3.3218126019169396e-12 4.424536652629484e-12 1.9297958904104308e-10 2.9440630622934784e-08 0.00876490984152939 5.838236184167721e-09 1.9481806824048985e-09 2.108557109259864e-09 1.787804255549933e-09 9.570543650870324e-09 0.00013683010501211167 4.5659298278976853e-05 4.941802311226492e-05 4.190057344568879e-05 0.00022430378824392635 1319.5135767940988 440.31292660828177 476.5599823897396 404.065870826824 2163.06122024836 25.31365805437588 -120.36466841571408 [0.0,489.8194628485571,593.53122709175,697.242991334943,800.9547555781354,904.666519821328,1008.3782840645207,1112.0900483077135,1215.801812550906,1319.5135767940988,1445.901244843441,1572.2889128927814,1698.676580942124,1825.064248991464,1951.451917040806,2077.839585090148,2204.2272531394888,2330.61492118883,2457.0025892381723,2583.3902572875136] [-12.65682902718794,-2.698096556642824,-1.9155166437568596,-1.315168502467202,-0.8588060678644496,-0.5194638109322369,-0.27734429548866046,-0.11744171707216822,-0.02808478705998141,0.0,-0.03783641187814624,-0.14465066528904913,-0.3116581485826373,-0.5316980725778677,-0.7988500006229344,-1.1081584081231313,-1.4554304544546994,-1.837084636014751,-2.250035589315445,-2.691605083708623] False 57570.699990555186 57571.699990555186
176.4411988580621 203.35272664697808 234.36890988269914 3.5895390839491337e-12 1.997763322157762e-12 2.6778815368431317e-12 1.551924359472606e-10 3.1439534488979745e-08 0.009084877508892183 3.7949101772610835e-09 1.200606831962264e-09 1.2950894771641983e-09 1.1061241867603295e-09 6.075364993490722e-09 0.0001569283834152464 4.964789163814146e-05 5.3554969297364746e-05 4.574081397891818e-05 0.00025123050679797047 1417.1314619595828 448.3420253823553 483.6246336314554 413.0594171332552 2268.720594956853 25.208615546071144 -131.17972591877702 [0.0,553.1680562841456,661.1634819935753,769.1589077030051,877.1543334124345,985.149759121864,1093.145184831294,1201.1406105407232,1309.1360362501528,1417.1314619595828,1544.2740129014971,1671.41656384341,1798.5591147853236,1925.7016657272382,2052.844216669152,2179.9867676110657,2307.1293185529794,2434.271869494893,2561.4144204368063,2688.556971378721] [-12.604307773035572,-2.6979957447997833,-1.9334124792418663,-1.337433025469693,-0.8787509785231009,-0.5343078480463532,-0.28656987440405146,-0.12185936929836316,-0.02928055060132806,0.0,-0.03686340683367462,-0.14168388494906026,-0.3064692231066033,-0.5245833159583242,-0.7904519157994514,-1.0993448432284367,-1.4472118177154982,-1.8305566976562773,-2.246339754703058,-2.6919007539053723] False 57570.699990555186 57571.699990555186
234.36890988269914 270.1158072739371 311.3149665447022 2.1315635252692924e-12 1.1713705897436741e-12 1.5801426592782067e-12 1.2167935383297183e-10 3.273348942061315e-08 0.008573104066283952 1.6605134319164342e-09 6.139155421691665e-10 6.826455628600324e-10 5.451855214783006e-10 2.8517818092814405e-09 0.0001211552932046914 4.4792843035650675e-05 4.98075605613957e-05 3.977812550990565e-05 0.00020807327096447484 1050.8629851654912 388.5190609622532 432.01514676646855 345.02297515803787 1804.7622425332822 27.226854676751515 -93.66387910417188 [0.0,360.8933079306461,447.1395175850021,533.3857272393574,619.6319368937133,705.878146548069,792.1243562024245,878.3705658567804,964.6167755111355,1050.8629851654912,1164.2182382232577,1277.5734912810244,1390.92874433879,1504.283997396556,1617.6392504543235,1730.994503512088,1844.3497565698551,1957.7050096276223,2071.060262685389,2184.4155157431546] [-13.613427338375757,-2.6876746100205793,-1.8720100859310662,-1.2661692216410927,-0.8168182616364845,-0.48910457517139605,-0.2589200737908186,-0.10885007417665804,-0.025877587251358136,0.0,-0.039824095523968595,-0.15093778323888785,-0.32265837055422253,-0.5465944165244281,-0.8160257954495762,-1.1254817119214948,-1.4704450183869398,-1.847139813436101,-2.252375532307383,-2.6834303164592086] False 57570.699990555186 57571.699990555186
311.3149665447022 358.7979888064861 413.52331434760555 1.2340684434749438e-12 6.696162267136516e-13 9.090391931188002e-13 9.301444720498553e-11 3.322734947105197e-08 0.0075711315930885315 9.41602078807819e-10 3.6869224399922847e-10 4.140144828183327e-10 3.2337000518012423e-10 1.673578660072791e-09 0.00012121808217751577 4.7463963533191015e-05 5.3298567123487966e-05 4.1629359942894064e-05 0.0002154498169801149 1035.8212120396033 405.5845411178492 455.44184007941465 355.72724215628375 1841.0412584422804 27.658321799706528 -80.4850669382788 [0.0,342.38983231094306,429.06875477702533,515.7476772431079,602.4265997091906,689.1055221752729,775.7844446413555,862.4633671074382,949.142289573521,1035.8212120396033,1156.880449998545,1277.9396879574867,1398.9989259164295,1520.058163875371,1641.1174018343124,1762.1766397932538,1883.2358777521963,2004.2951157111381,2125.354353670079,2246.4135916290215] [-13.829160899853264,-2.6982563587658603,-1.8721919073328905,-1.2655495403215866,-0.8187298180230869,-0.49392259045993114,-0.2655567710610569,-0.11548803601995417,-0.030350879187366786,0.0,-0.03466183697369729,-0.14456907316576917,-0.31740050379622176,-0.5436865309353891,-0.8159834897323606,-1.1283284107850449,-1.4758667617674064,-1.8545909859445686,-2.2611523284703026,-2.6927225054346025] False 57570.699990555186 57571.699990555186
413.52331434760555 476.5900816815941 549.2752115212968 6.96563786596202e-13 3.7321621602793933e-13 5.09871455031097e-13 6.931718686222535e-11 3.2881488197047966e-08 0.006374551674392166 3.944350663322384e-10 1.9035239214378592e-10 2.119592218349139e-10 1.6874556245265794e-10 7.888876660026746e-10 8.959123388983421e-05 4.323628181597477e-05 4.8144016187758855e-05 3.832854744419069e-05 0.00017918645026889776 773.5970751847284 373.33408306251687 415.71109687241955 330.9570692526142 1547.2285381313618 19.072476503963273 -45.89977100046609 [0.0,166.50205965276666,242.38893659426185,318.2758135357572,394.1626904772522,470.0495674187478,545.9364443602428,621.8233213017381,697.7101982432337,773.5970751847284,892.4747126250512,1011.3523500653743,1130.2299875056963,1249.1076249460189,1367.9852623863421,1486.8628998266645,1605.740537266987,1724.618174707309,1843.4958121476323,1962.3734495879544] [-9.536238251981636,-2.800006632119384,-1.8446372237928514,-1.2035735272873183,-0.7580252595901484,-0.4472214558311407,-0.23552221986680877,-0.10007907910188152,-0.025292443425414035,0.0,-0.04075875133946738,-0.1602273500787561,-0.34252545770036136,-0.5761991405694786,-0.852700823411638,-1.165474396189417,-1.5093763069430395,-1.8802940106961188,-2.2748858224243875,-2.690398388806493] False 57570.699990555186 57571.699990555186
549.2752115212968 633.0528961793416 729.6086933380817 3.833423361143397e-13 2.027941054941419e-13 2.7881815964951427e-13 5.037216684122992e-11 3.172968704147847e-08 0.005108570976198601 3.7241698717955717e-10 1.432609143511936e-10 1.5759691934111048e-10 1.289249093612767e-10 6.595662650994862e-10 0.00014924833070366602 5.741266660236328e-05 6.31579061788623e-05 5.166742702586425e-05 0.0002643251179277934 1335.6984625667865 513.8148624583075 565.231904332258 462.397820584357 2365.57857611781 55.842467771677136 -39.90642617168945 [0.0,458.40258925606474,568.0645734199052,677.7265575837453,787.3885417475858,897.0505259114257,1006.7125100752656,1116.3744942391063,1226.0364784029466,1335.6984625667865,1493.173206742987,1650.6479509191886,1808.1226950953892,1965.5974392715896,2123.0721834477904,2280.5469276239915,2438.021671800192,2595.496415976394,2752.971160152593,2910.4459043287934] [-27.921233885838568,-2.6988697743504346,-1.841575823734395,-1.22555575560947,-0.7801482231056269,-0.4618901089879941,-0.24210660286784957,-0.10086893122644369,-0.023757841805554847,0.0,-0.04305066401303037,-0.1609944899104434,-0.34039042902475103,-0.5711232859752471,-0.8453887167319465,-1.1570383757994662,-1.5011418951503757,-1.873684823835184,-2.2713548103634125,-2.6913867808228744] False 57570.699990555186 57571.699990555186
729.6086933380817 840.8915725798939 969.1477682383326 2.056708606396282e-13 1.0743158774725684e-13 1.4864571003517093e-13 3.568506857890438e-11 2.984912946172627e-08 0.003933104346129673 1.531477196351407e-10 7.811685117356706e-11 8.764256457544258e-11 6.859113777169154e-11 3.1845069940269736e-10 0.00010829054378853263 5.523631897874114e-05 6.197193794009666e-05 4.850070001738562e-05 0.00022517605544708217 1030.2868451360246 525.5237514428361 589.6070902732783 461.4404126123939 2142.3470568195276 31.685313836463706 -35.114528070506694 [0.0,226.7346340276301,327.17866041617947,427.6226868047288,528.0667131932782,628.5107395818272,728.9547659703768,829.3987923589261,929.842818747475,1030.2868451360246,1203.5421845931835,1376.7975240503422,1550.0528635075007,1723.3082029646603,1896.5635424218178,2069.818881878977,2243.0742213361345,2416.329560793294,2589.5849002504524,2762.84023970761] [-15.842656918231853,-2.6949670660311043,-1.727614429265202,-1.1038721041470225,-0.6827500954799817,-0.39573625208980445,-0.2042126339197523,-0.0842196244105935,-0.019851043488358755,0.0,-0.047931086498529396,-0.17649969067440452,-0.367012629638225,-0.6066394182389487,-0.8861874948663839,-1.1988425844026978,-1.5394114453527266,-1.9038441312155214,-2.2889203771377282,-2.692036751635584] False 57570.699990555186 57571.699990555186
1287.3303254983532 1483.6791717563765 1709.9759409858673 5.486417404427204e-14 2.7940195951237353e-14 3.915246829383499e-14 1.6597390706219247e-11 2.4480767017536412e-08 0.0020559586237976074 1.9676461953413055e-11 1.9783834850149626e-11 2.482049721114745e-11 1.4747172489151804e-11 7.151328411895279e-11 4.3313872135272465e-05 4.355023250997056e-05 5.463745693117592e-05 3.246300808876521e-05 0.00015742247013896928 502.55993583197215 505.3023656560835 633.9446347257683 376.66009658639877 1826.5332234548641 11.934394225690244 -15.76682342914687 [0.0,55.83999287021913,111.67998574043825,167.51997861065746,223.3599714808765,279.1999643510957,335.0399572213149,390.87995009153417,446.719942961753,502.55993583197215,717.9914752367945,933.4230146416164,1148.8545540464388,1364.2860934512607,1579.7176328560827,1795.149172260905,2010.580711665727,2226.0122510705487,2441.4437904753704,2656.8753298801935] [-5.967197112845122,-1.3021595189265067,-0.7241267341013486,-0.430979190561656,-0.2549245710852954,-0.14314103875784134,-0.07205308187784532,-0.029070001870101336,-0.006670378578879976,0.0,-0.07189418077865817,-0.238208741589931,-0.45940787957860074,-0.7165707300369046,-0.999158895319562,-1.300695350071516,-1.6169124552626766,-1.944848414471421,-2.2823630958172867,-2.6278593626499944] False 57570.699990555186 57571.699990555186
