data/4C+01.02_allsed_14d_min11.ecsv
# %ECSV 1.0
# ---
# datatype:
# - {name: e_min, unit: MeV, datatype: float64}
# - {name: e_ref, unit: MeV, datatype: float64}
# - {name: e_max, unit: MeV, datatype: float64}
# - {name: ref_dnde_e_min, unit: ph / (cm2 MeV s), datatype: float64}
# - {name: ref_dnde_e_max, unit: ph / (cm2 MeV s), datatype: float64}
# - {name: ref_dnde, unit: ph / (cm2 MeV s), datatype: float64}
# - {name: ref_flux, unit: ph / (cm2 s), datatype: float64}
# - {name: ref_eflux, unit: MeV / (cm2 s), datatype: float64}
# - {name: ref_npred, datatype: float64}
# - {name: dnde, unit: ph / (cm2 MeV s), datatype: float64}
# - {name: dnde_err, unit: ph / (cm2 MeV s), datatype: float64}
# - {name: dnde_errp, unit: ph / (cm2 MeV s), datatype: float64}
# - {name: dnde_errn, unit: ph / (cm2 MeV s), datatype: float64}
# - {name: dnde_ul, unit: ph / (cm2 MeV s), datatype: float64}
# - {name: e2dnde, unit: MeV / (cm2 s), datatype: float64}
# - {name: e2dnde_err, unit: MeV / (cm2 s), datatype: float64}
# - {name: e2dnde_errp, unit: MeV / (cm2 s), datatype: float64}
# - {name: e2dnde_errn, unit: MeV / (cm2 s), datatype: float64}
# - {name: e2dnde_ul, unit: MeV / (cm2 s), datatype: float64}
# - {name: norm, datatype: float64}
# - {name: norm_err, datatype: float64}
# - {name: norm_errp, datatype: float64}
# - {name: norm_errn, datatype: float64}
# - {name: norm_ul, datatype: float64}
# - {name: ts, datatype: float64}
# - {name: loglike, datatype: float64}
# - {name: norm_scan, datatype: string, subtype: 'float64[20]'}
# - {name: dloglike_scan, datatype: string, subtype: 'float64[20]'}
# - {name: ShowUL, datatype: bool}
# - {name: tstart, datatype: float64}
# - {name: tend, datatype: float64}
# meta: !!omap
# - {UL_CONF: 0.95}
# - {EXTNAME: SED}
# - {CONFIG: '{"bin_index": 2.0, "use_local_index": true, "free_background": false, "free_radius": null, "free_pars": [], "ul_confidence":
#     0.95, "cov_scale": 3.0, "make_plots": false, "write_fits": true, "write_npy": true, "optimizer": {"optimizer": "MINUIT", "tol":
#     0.001, "max_iter": 100, "init_lambda": 0.0001, "retries": 3, "min_fit_quality": 2, "verbosity": 0}, "prefix": "", "outfile": null,
#     "loge_bins": []}'}
# - {SRCNAME: 4FGL J0108.6+0134}
# - {CREATOR: fermipy 1.2.0}
# - {STVER: 2.2.0}
# schema: astropy-2.0
e_min e_ref e_max ref_dnde_e_min ref_dnde_e_max ref_dnde ref_flux ref_eflux ref_npred dnde dnde_err dnde_errp dnde_errn dnde_ul e2dnde e2dnde_err e2dnde_errp e2dnde_errn e2dnde_ul norm norm_err norm_errp norm_errn norm_ul ts loglike norm_scan dloglike_scan ShowUL tstart tend
[from data line 1909]
311.3149665447022 358.7979888064861 413.52331434760555 1.4992256409789185e-12 7.758698245836195e-13 1.078519325314839e-12 1.1050867436945108e-10 3.943267535227837e-08 0.14309698147309935 4.357793915826566e-10 6.742023694186927e-11 7.101451169889822e-11 6.382596218484034e-11 5.562336833539124e-10 5.6100494347905684e-05 8.679411405287597e-06 9.142123948804645e-06 8.21669886177055e-06 7.160729766449296e-05 404.0533918624449 62.51184875355675 65.84444991578415 59.17924759132935 515.7382629110868 136.68348054213948 -682.4848174743606 [0.0,271.1716871854371,287.78190027006315,304.39211335468906,321.0023264393151,337.6125395239412,354.222752608567,370.832965693193,387.4431787778193,404.0533918624449,420.2221221038568,436.39085234526857,452.5595825866801,468.728312828092,484.89704306950347,501.0657733109156,517.234503552327,533.4032337937388,549.5719640351507,565.7406942765622] [-68.34174027106974,-2.702947726579623,-2.0096335205570313,-1.4354839316929429,-0.9702314347592846,-0.6049429692332069,-0.3317931819150317,-0.14388448185468405,-0.03510267675915202,0.0,-0.03195202544384301,-0.12504555601753964,-0.27561496631096816,-0.48033061152489154,-0.7361580414768696,-1.0403233041308795,-1.390283269732663,-1.7837001206456762,-2.2184193181733463,-2.692450487745191] False 60100.65603222185 60114.65603222185
413.52331434760555 476.5900816815941 549.2752115212968 8.36893601253842e-13 4.227118219615e-13 5.947813202967402e-13 8.100749682237559e-11 3.83734792010137e-08 0.11795023350612155 3.262955001602123e-10 4.549637577684831e-11 4.7480512340177244e-11 4.351223921351937e-11 4.067136228768697e-10 7.411414188877023e-05 1.0333960621873477e-05 1.0784633642828576e-05 9.883287600918378e-06 9.238016196727098e-05 548.5974240035335 76.49261034988436 79.82851969273163 73.15670100703707 683.8036249590987 199.27382689501997 -603.4731252131872 [0.0,385.6825215703605,406.0468843745071,426.4112471786537,446.7756099828002,467.13997278694706,487.5043355910934,507.86869839523996,528.2330611993868,548.5974240035335,568.2327902239608,587.868156444388,607.5035226648157,627.1388888852425,646.7742551056705,666.4096213260975,686.044987546525,705.6803537669521,725.3157199873796,744.9510862078071] [-99.63691344750998,-2.7026565968708383,-2.013543105398071,-1.4409918832963058,-0.9756713376508515,-0.6093627505649692,-0.3347873811513864,-0.1454661951622711,-0.03560505727875807,0.0,-0.03159149607404288,-0.12403949142856163,-0.2738692057650951,-0.4779048618709112,-0.7332358026939119,-1.037187319868849,-1.3872954239901674,-1.781284930388665,-2.2170503477592547,-2.6926391475495848] False 60100.65603222185 60114.65603222185
549.2752115212968 633.0528961793416 729.6086933380817 4.4499472650212607e-13 2.1934774745571089e-13 3.124237361147697e-13 5.6572325048818516e-11 3.557585807365378e-08 0.09033343679023176 1.3836127025281328e-10 2.4008782698184417e-11 2.5352262609727275e-11 2.2665302786641557e-11 1.8234221538872358e-10 5.544910498219271e-05 9.621662983389755e-06 1.0160070577657214e-05 9.083255389122296e-06 7.307473128354969e-05 442.86414333764276 76.84685868222485 81.14704383540837 72.54667352904133 583.6375227320746 154.3898130902677 -399.74183895659974 [0.0,287.39513281089376,306.8287591267375,326.2623854425811,345.6960117584246,365.1296380742682,384.5632643901118,403.99689070595537,423.43051702179923,442.86414333764276,463.30253484998315,483.7409263623239,504.1793178746645,524.6177093870048,545.0561008993456,565.4944924116858,585.9328839240267,606.371275436367,626.8096669487078,647.2480584610485] [-77.19490654513385,-2.696412108561674,-2.0020294964806453,-1.4312470696579567,-0.9712114197944288,-0.6110209960139628,-0.34134573254925726,-0.15413558466400445,-0.04239405554108089,0.0,-0.024328620788878652,-0.11387701708775921,-0.2637541112414965,-0.46961247591514166,-0.7275697216869617,-1.0341436923508809,-1.3861986440857095,-1.7809002381444543,-2.215677662550547,-2.688191563422947] False 60100.65603222185 60114.65603222185
729.6086933380817 840.8915725798939 969.1477682383326 2.253576745571782e-13 1.0841227686955992e-13 1.5630591354383578e-13 3.762860465580427e-11 3.1413798131768324e-08 0.06485663511279283 7.508694462630336e-11 1.4350480514569244e-11 1.540998047391885e-11 1.3290980555219638e-11 1.0119558100744839e-10 5.309387618943085e-05 1.0147205209791874e-05 1.0896376186775658e-05 9.398034232808088e-06 7.155525738418236e-05 480.3845415947451 91.8102213103068 98.5885954314655 85.0318471891481 647.4200413349571 148.88122265505137 -258.06475049401905 [0.0,295.9590077152086,319.0121994501504,342.0653911850926,365.1185829200347,388.1717746549766,411.2249663899188,434.27815812486085,457.3313498598027,480.3845415947451,504.80025744244824,529.2159732901519,553.6316891378549,578.0474049855585,602.4631208332618,626.8788366809656,651.2945525286689,675.710268376372,700.1259842240756,724.5417000717789] [-74.44061132752569,-2.6914366592200167,-1.978717522307761,-1.3997630156684977,-0.9385174326958463,-0.5816965495587851,-0.31817928777178395,-0.1385584686432253,-0.03480303476169411,0.0,-0.031673112466648945,-0.12777873988216015,-0.2829146015731112,-0.49234078620986566,-0.7518748998712113,-1.0578072706641706,-1.4068317602678349,-1.7959888462896743,-2.222618444747525,-2.6843205321665096] False 60100.65603222185 60114.65603222185
969.1477682383326 1116.9661194245136 1287.3303254983532 1.0870397809426482e-13 5.1036319685140776e-14 7.448389743471685e-14 2.384015281526725e-11 2.64218080173433e-08 0.04366522334390721 3.534108631109474e-11 8.330044651685484e-12 9.042423151955977e-12 7.617666151414991e-12 5.0772416136388624e-11 4.409200974022207e-05 1.0392674596516211e-05 1.1281447496595138e-05 9.503901696437282e-06 6.33443422512303e-05 474.4795523363994 111.83685250877946 121.4010472516079 102.272657765951 681.656275853305 104.03693508057552 -237.39542966824797 [0.0,257.19816961614515,284.35834245617696,311.5185152962087,338.6786881362404,365.8388609762724,392.9990338163042,420.159206656336,447.319379496368,474.4795523363994,505.08631394071637,535.693075545033,566.2998371493496,596.9065987536666,627.5133603579833,658.1201219623002,688.7268835666168,719.3336451709336,749.9404067752502,780.547168379567] [-52.01846754028776,-2.70395082665965,-1.96149031537189,-1.3712311960260593,-0.9096053280815113,-0.5582145510522594,-0.3024099187305467,-0.13032976522268314,-0.03222906926282576,0.0,-0.034143742478732975,-0.1350855462187326,-0.2959099865697681,-0.5107413969838035,-0.7745435995319667,-1.0829658768907962,-1.432222898378825,-1.8189999685748148,-2.2403774285566556,-2.693769729179536] False 60100.65603222185 60114.65603222185
1287.3303254983532 1483.6791717563765 1709.9759409858673 4.9942941755504787e-14 2.288420500364909e-14 3.380687086404598e-14 1.4387216099431372e-11 2.116808773419407e-08 0.027598132628864125 1.618460523428757e-11 4.750107059928062e-12 5.140621219175592e-12 4.3595929006805314e-12 2.5288289065535192e-11 3.562723437463286e-05 1.0456429123778053e-05 1.1316069459561437e-05 9.596788787994671e-06 5.566720895747239e-05 478.7371566973415 140.5071495386418 152.0584747357587 128.95582434152496 748.022174759439 68.86495354537493 -187.8344605405838 [0.0,216.73473629408355,249.48503884449093,282.235341394898,314.98564394530536,347.73594649571265,380.48624904612007,413.23655159652714,445.98685414693415,478.7371566973415,519.0809846007163,559.424812504091,599.768640407466,640.1124683108405,680.4562962142151,720.80012411759,761.1439520209641,801.4877799243392,841.8316078277138,882.175435731089] [-34.432476772687465,-2.695668761277318,-1.9158639207439023,-1.3164427633481637,-0.8603589082319445,-0.5210620175883207,-0.2788531844391571,-0.11870096075699621,-0.028866155103457913,0.0,-0.037162408788191215,-0.14403609954771923,-0.31150226366699485,-0.5321529494701167,-0.7998852642115253,-1.1096095866820406,-1.457035314012046,-1.8385106123584194,-2.250900583719954,-2.6914932773034366] False 60100.65603222185 60114.65603222185
1709.9759409858673 1970.7884119509856 2271.3810595726877 2.185538184606764e-14 9.773450259603595e-15 1.4615145821276805e-14 8.270300409427586e-12 1.6153912300153353e-08 0.016319393626968992 5.664519902568792e-12 2.3366230507441685e-12 2.585651040163189e-12 2.0875950613251475e-12 1.0422185252680491e-11 2.2001034753147288e-05 9.07546020292285e-06 1.0042686648226655e-05 8.108233757619045e-06 4.0479840108599207e-05 387.57874685877965 159.87682088963496 176.91585645344605 142.83778532582383 713.10853686508 35.91561304508994 -101.01899833442188 [0.0,120.29795985066795,153.7080582266819,187.118156602696,220.52825497870984,253.93835335472386,287.34845173073757,320.7585501067517,354.16864848276566,387.57874685877965,437.3826492697693,487.18655168075867,536.9904540917483,586.7943565027381,636.5982589137278,686.4021613247176,736.2060637357068,786.0099661466965,835.8138685576859,885.6177709686756] [-17.95780652254497,-2.6999464349618734,-1.8305576579231513,-1.2146571944750093,-0.7731128742709217,-0.45908399514918585,-0.24249897382101437,-0.10287846424132852,-0.025634333592520875,0.0,-0.04042908832862224,-0.1576788555529447,-0.3373650089787077,-0.5688309652363586,-0.8439569546337964,-1.1564106154888094,-1.501155953536994,-1.8741205136696095,-2.271963201079231,-2.691908250955933] False 60100.65603222185 60114.65603222185
4007.6519721450045 4618.915317184078 5323.411028602609 1.3675550484362209e-15 5.684833126341963e-16 8.817211714281583e-16 1.1733168071385023e-12 5.3620131894444826e-09 0.0023815278580370247 7.250489276991806e-13 5.229304565228545e-13 6.096534219598035e-13 4.362074910859055e-13 1.9413245709642196e-12 1.5468468404868923e-05 1.1156396397049106e-05 1.3006576984302598e-05 9.306215809795614e-06 4.141695359077169e-05 822.3108973608861 593.0791654643424 691.4356167407481 494.72271418793673 2201.7443086001667 11.430433904819807 -29.69314779733186 [0.0,72.3801951181624,166.12153289850278,259.86287067884325,353.60420845918367,447.345546239524,541.0868840198644,634.828221800205,728.5695595805456,822.3108973608861,1043.1073892904715,1263.9038812200574,1484.7003731496436,1705.4968650792287,1926.2933570088157,2147.0898489384003,2367.8863408679854,2588.6828327975722,2809.47932472716,3030.2758166567437] [-5.715216952409904,-2.666973930546334,-1.4714773711855464,-0.8730922809718002,-0.5155387809882015,-0.2891421718667644,-0.14542228472234342,-0.05863167880999143,-0.013445728056900919,0.0,-0.05883560564874557,-0.2061107304791605,-0.41356906132547877,-0.6646489864464442,-0.948805619178021,-1.2589086727411107,-1.5899107791856721,-1.9381077066425334,-2.300700390181113,-2.675522100299517] False 60100.65603222185 60114.65603222185
5323.411028602609 6135.359285332078 7071.149185711414 4.925513160307575e-16 1.9982608788260397e-16 3.1372695543076004e-16 5.552220219086799e-13 3.3684634666234973e-09 0.0011327643060585757 2.7484442557242867e-13 2.8019036675683955e-13 3.5148331922412755e-13 2.0889741428955156e-13 1.013944072613826e-12 1.0345867997862009e-05 1.054710330290069e-05 1.3230757788045193e-05 7.86344881775619e-06 3.8167525175848375e-05 876.062514918604 893.1026228591886 1120.3478475144939 665.8573982038833 3231.931636928166 10.41713134419362 -26.68956286173546 [0.0,97.34027943540045,194.6805588708009,292.0208383062014,389.3611177416018,486.70139717700226,584.0416766124029,681.3819560478034,778.7222354832036,876.062514918604,1260.9835803129142,1645.9046457072247,2030.825711101535,2415.746776495846,2800.667841890154,3185.588907284465,3570.5099726787766,3955.4310380730844,4340.352103467396,4725.273168861707] [-5.20856567209681,-1.3054480237079105,-0.7308300550620928,-0.43785659464324667,-0.2611467637502862,-0.14836627862273843,-0.0761029484857616,-0.03183631289039468,-0.008080185291646558,0.0,-0.0692159566806474,-0.23595872246115235,-0.458828087594668,-0.7182246118637252,-1.003305612837444,-1.307438671058648,-1.6262695535302996,-1.9567852060679414,-2.296813872989695,-2.644738384834593] False 60100.65603222185 60114.65603222185
7071.149185711414 8149.575733880153 9392.473966813408 1.6897276119057524e-16 6.690803321795235e-17 1.0632796019236036e-16 2.502492319154585e-13 2.0155176461897002e-09 0.0005183186761534841 4.015733962726235e-13 2.89189548599014e-13 3.3849378226159223e-13 2.398853149364357e-13 1.0824754686975318e-12 2.667073189021952e-05 1.920669294263137e-05 2.2481262446669523e-05 1.593212343859322e-05 7.189324111443825e-05 3776.7431590536257 2719.788361178325 3183.487971077554 2256.0887512790955 10180.534515467056 22.650840551122364 -16.956625291202847 [0.0,408.3035017218576,829.358458888329,1250.4134160547997,1671.4683732212707,2092.523330387743,2513.5782875542145,2934.6332447206837,3355.688201887156,3776.7431590536257,4798.563860928126,5820.384562802629,6842.205264677126,7864.025966551623,8885.846668426124,9907.667370300624,10929.488072175129,11951.308774049623,12973.129475924128,13994.950177798626] [-11.325420275561182,-2.676015622640783,-1.4927060791616533,-0.8949161030839115,-0.5352103039986673,-0.30558551535954237,-0.1581057972892026,-0.06725383640561589,-0.017819059428425987,0.0,-0.051258074669618736,-0.1950709611478132,-0.40135476602692677,-0.6526628858258405,-0.937969744463846,-1.2498614532958499,-1.5831125105251935,-1.9339011608037033,-2.2993476683691796,-2.6772280904096135] False 60100.65603222185 60114.65603222185
100.0 115.25240587974294 132.83117061068992 1.032068839474362e-11 5.8266427025901374e-12 7.754673669532428e-12 2.546187667290381e-10 2.9244389941636997e-08 0.11069757304746883 6.57691093340233e-09 8.768589586953492e-10 9.113529996453824e-10 8.423649177453158e-10 8.106175631589521e-09 8.736187782860777e-05 1.1647420194397395e-05 1.2105608578245993e-05 1.1189231810548793e-05 0.00010767527983198858 848.1222052247729 113.07490115805477 117.5230626694228 108.62673964668673 1045.3277567872547 112.42872224542907 -906.0429371585094 [0.0,600.1254840464171,631.1250741937118,662.1246643410061,693.124254488301,724.123844635595,755.1234347828897,786.123024930184,817.1226150774786,848.1222052247729,876.45565676203,904.7891082992876,933.1225598365443,961.4560113738016,989.7894629110596,1018.122914448316,1046.4563659855735,1074.7898175228304,1103.1232690600875,1131.456720597345] [-56.214361122714536,-2.710112595231294,-2.035756013092737,-1.4681727599954684,-1.0013094853680968,-0.6296467635912677,-0.34813570896426427,-0.15214395021530436,-0.03740932707557931,0.0,-0.03034955064379119,-0.11967378155657116,-0.26556005311670106,-0.46574940915775187,-0.7181233251947106,-1.0206918883845901,-1.371583224529786,-1.7690340149708845,-2.21138096910704,-2.6970531374197435] False 60114.65603222185 60128.65603222185
132.83117061068992 153.091119887046 176.4411988580621 6.655032817931074e-12 3.687571591351063e-12 4.953878274535183e-12 2.161588481022977e-10 3.296350095913728e-08 0.13089920214173217 3.754143781281448e-09 4.752867258911009e-10 4.948695014427028e-10 4.557039503394989e-10 4.585346095819266e-09 8.798545855618463e-05 1.1139243182881445e-05 1.1598202558732096e-05 1.0680283807030793e-05 0.00010746625659120509 757.8191415358699 95.94235052852535 99.89536965139416 91.98933140565654 925.607340695004 135.34428617429944 -953.4963571373025 [0.0,546.8256628595711,573.1998476941086,599.5740325286461,625.9482173631834,652.3224021977206,678.696587032258,705.0707718667952,731.4449567013323,757.8191415358699,781.9583570901078,806.0975726443456,830.2367881985833,854.3760037528207,878.515219307059,902.6544348612964,926.7936504155341,950.9328659697715,975.072081524009,999.2112970782466] [-67.67214308714972,-2.709801319920416,-2.035111030746066,-1.4674276580868764,-1.0006212145306108,-0.6291074052642216,-0.34778246935161405,-0.15196767161626212,-0.037361754687367466,0.0,-0.030381867257801787,-0.11978949477577316,-0.2657856011549029,-0.466089841812277,-0.7185651602006828,-1.0212056226021105,-1.37212554434484,-1.7695497440132613,-2.211804786096991,-2.69731109246959] False 60114.65603222185 60128.65603222185
