data/4C+01.02_allsed_14d_min11.ecsv
# %ECSV 1.0
# ---
# datatype:
# - {name: e_min, unit: MeV, datatype: float64}
# - {name: e_ref, unit: MeV, datatype: float64}
# - {name: e_max, unit: MeV, datatype: float64}
# - {name: ref_dnde_e_min, unit: ph / (cm2 MeV s), datatype: float64}
# - {name: ref_dnde_e_max, unit: ph / (cm2 MeV s), datatype: float64}
# - {name: ref_dnde, unit: ph / (cm2 MeV s), datatype: float64}
# - {name: ref_flux, unit: ph / (cm2 s), datatype: float64}
# - {name: ref_eflux, unit: MeV / (cm2 s), datatype: float64}
# - {name: ref_npred, datatype: float64}
# - {name: dnde, unit: ph / (cm2 MeV s), datatype: float64}
# - {name: dnde_err, unit: ph / (cm2 MeV s), datatype: float64}
# - {name: dnde_errp, unit: ph / (cm2 MeV s), datatype: float64}
# - {name: dnde_errn, unit: ph / (cm2 MeV s), datatype: float64}
# - {name: dnde_ul, unit: ph / (cm2 MeV s), datatype: float64}
# - {name: e2dnde, unit: MeV / (cm2 s), datatype: float64}
# - {name: e2dnde_err, unit: MeV / (cm2 s), datatype: float64}
# - {name: e2dnde_errp, unit: MeV / (cm2 s), datatype: float64}
# - {name: e2dnde_errn, unit: MeV / (cm2 s), datatype: float64}
# - {name: e2dnde_ul, unit: MeV / (cm2 s), datatype: float64}
# - {name: norm, datatype: float64}
# - {name: norm_err, datatype: float64}
# - {name: norm_errp, datatype: float64}
# - {name: norm_errn, datatype: float64}
# - {name: norm_ul, datatype: float64}
# - {name: ts, datatype: float64}
# - {name: loglike, datatype: float64}
# - {name: norm_scan, datatype: string, subtype: 'float64[20]'}
# - {name: dloglike_scan, datatype: string, subtype: 'float64[20]'}
# - {name: ShowUL, datatype: bool}
# - {name: tstart, datatype: float64}
# - {name: tend, datatype: float64}
# meta: !!omap
# - {UL_CONF: 0.95}
# - {EXTNAME: SED}
# - {CONFIG: '{"bin_index": 2.0, "use_local_index": true, "free_background": false, "free_radius": null, "free_pars": [], "ul_confidence":
#     0.95, "cov_scale": 3.0, "make_plots": false, "write_fits": true, "write_npy": true, "optimizer": {"optimizer": "MINUIT", "tol":
#     0.001, "max_iter": 100, "init_lambda": 0.0001, "retries": 3, "min_fit_quality": 2, "verbosity": 0}, "prefix": "", "outfile": null,
#     "loge_bins": []}'}
# - {SRCNAME: 4FGL J0108.6+0134}
# - {CREATOR: fermipy 1.2.0}
# - {STVER: 2.2.0}
# schema: astropy-2.0
e_min e_ref e_max ref_dnde_e_min ref_dnde_e_max ref_dnde ref_flux ref_eflux ref_npred dnde dnde_err dnde_errp dnde_errn dnde_ul e2dnde e2dnde_err e2dnde_errp e2dnde_errn e2dnde_ul norm norm_err norm_errp norm_errn norm_ul ts loglike norm_scan dloglike_scan ShowUL tstart tend
[from data line 1885]
2271.3810595726877 2617.821317854317 3017.1020504598932 1.0544886294453859e-14 4.841160960414345e-15 7.144892711631048e-15 5.364542696847343e-12 1.3926996060498202e-08 0.008077752002035421 1.7327047365080426e-12 1.2625460933808624e-12 1.47366723986361e-12 1.051424946898115e-12 4.681502383043857e-12 1.187420555038354e-05 8.65221379832507e-06 1.0099024577189206e-05 7.2054030194609356e-06 3.2082281770004914e-05 242.50955282889018 176.7060954359168 206.254635211618 147.15755566021562 655.2236082457781 10.740865307532616 -50.50954671187145 [0.0,20.604466925914306,48.342602663786316,76.08073840165828,103.81887413953028,131.5570098774023,159.29514561527432,187.03328135314626,214.77141709101826,242.50955282889018,308.50651032195367,374.5034678150169,440.50042530808037,506.4973828011435,572.4943402942071,638.4912977872706,704.4882552803338,770.4852127733974,836.4821702664609,902.479127759524] [-5.370432653766308,-2.668223425626863,-1.4782643483033482,-0.8803731862766,-0.5221878187210223,-0.29473159041187813,-0.14974567967151842,-0.06157478202582922,-0.014939450503504759,0.0,-0.05629185307981999,-0.20240604251381455,-0.40948509096037355,-0.6606746521125402,-0.9452701718910532,-1.2560468317010134,-1.5878976965149931,-1.9370791101195834,-2.3007648549915203,-2.6767688734249546] False 60240.65603222185 60254.65603222185
4007.6519721450045 4618.915317184078 5323.411028602609 1.7435644239935195e-15 7.617032917194886e-16 1.1524229957272029e-15 1.5299530385901846e-12 6.999974245245253e-09 0.002290557732902876 4.973911610965965e-13 5.055254239806301e-13 6.340839353010045e-13 3.769669126602559e-13 1.8282431452217077e-12 1.0611531396507252e-05 1.0785070841380104e-05 1.352778680793796e-05 8.042354874822252e-06 3.9004431629217524e-05 431.6046824306315 438.6630827872652 550.2180515765258 327.1081139980046 1586.4341062268097 9.280490143718712 -14.257717467712643 [0.0,47.95607582562578,95.91215165125156,143.86822747687725,191.82430330250313,239.78037912812877,287.7364549537545,335.6925307793803,383.64860660500625,431.6046824306315,620.4059296923701,809.2071769541091,998.0084242158479,1186.8096714775863,1375.6109187393251,1564.4121660010635,1753.2134132628019,1942.0146605245411,2130.8159077862797,2319.617155048019] [-4.640245071859356,-1.2902872692135627,-0.722807708052521,-0.43250439713297517,-0.2573261817897343,-0.14561818795666603,-0.0741966055769101,-0.030639324153680647,-0.007509488154765265,0.0,-0.07060501776238048,-0.23788289823543174,-0.4609142170145013,-0.7202744674327839,-1.005199897864932,-1.3090989375245154,-1.627640621818129,-1.9578261291327852,-2.297492903040345,-2.645029988087794] False 60240.65603222185 60254.65603222185
100.0 115.25240587974294 132.83117061068992 1.0286743718164427e-11 5.809838397289125e-12 7.730738557011501e-12 2.5383040744444846e-10 2.9154122313347686e-08 0.09569379422871967 3.430267514533477e-09 7.852153643192289e-10 8.232700255297577e-10 7.471607031087002e-10 4.822138539019775e-09 4.55646449463304e-05 1.0430107602402262e-05 1.0935592121981039e-05 9.924623082823487e-06 6.405303069849193e-05 443.7179564716167 101.5705496348815 106.49306265610049 96.64803661366253 623.761688932847 31.32651507192577 -668.2341429021657 [0.0,227.49326745850158,254.5213535851409,281.5494397117804,308.5775258384197,335.6056119650591,362.63369809169865,389.6617842183379,416.68987034497724,443.7179564716167,469.72638369343815,495.73481091525997,521.7432381370814,547.7516653589031,573.760092580725,599.7685198025463,625.7769470243685,651.7853742461896,677.7938014680111,703.8022286898325] [-15.663257535962885,-2.7137313836757357,-2.0197392592133383,-1.444201647309228,-0.9771155023490792,-0.6098171899541285,-0.3347414168396199,-0.1452336669883607,-0.03540222888420885,0.0,-0.03181971890137447,-0.12443290011378849,-0.2744173857043961,-0.4786574876176246,-0.7343066311253779,-1.038755694813858,-1.3896060147513936,-1.7846462353919605,-2.221832354506091,-2.69927043689961] False 60254.65603222185 60268.65603222185
132.83117061068992 153.091119887046 176.4411988580621 6.174897619581565e-12 3.4577511065767524e-12 4.620742264734785e-12 2.0156947727335914e-10 3.0746319887987575e-08 0.10925097573562173 1.6488698518543792e-09 3.6765064650980795e-10 3.877430272271612e-10 3.4755826579245465e-10 2.3061261394199296e-09 3.8644382971755814e-05 8.616588124017318e-06 9.08749106058474e-06 8.145685187449893e-06 5.4048426934784585e-05 356.84090507242746 79.56527878988071 83.91358033240495 75.21697724735645 499.0813179562382 36.508492508444306 -602.2569193486066 [0.0,187.6415313346652,208.79145305188544,229.9413747691057,251.0912964863259,272.2412182035464,293.39113992076665,314.5410616379868,335.6909833552072,356.84090507242746,377.49318194839435,398.14545882436096,418.79773570032813,439.4500125762948,460.10228945226174,480.7545663282286,501.4068432041953,522.0591200801622,542.7113969561292,563.363673832096] [-18.254246254222153,-2.7047698586784463,-2.0027409973183694,-1.4246460560201513,-0.9585880893592957,-0.5944614185212913,-0.32359224922811336,-0.13846751829544246,-0.032526774824304994,0.0,-0.03418834070816956,-0.1292648348161265,-0.28142526940996504,-0.4872402846162913,-0.7436054014431193,-1.0476993499778473,-1.3969490651292062,-1.7890000848138925,-2.2216913606472417,-2.6930336993822266] False 60254.65603222185 60268.65603222185
176.4411988580621 203.35272664697808 234.36890988269914 3.64365520162854e-12 2.0229217126980385e-12 2.7149271115371597e-12 1.5734908072647677e-10 3.187459244406973e-08 0.11141569681014257 9.645790389445608e-10 2.1092408867768585e-10 2.230297678997298e-10 1.9881840945564187e-10 1.3442792025842932e-09 3.988759211345833e-05 8.7222028225745e-06 9.222800882007357e-06 8.221604763141642e-06 5.558907912612138e-05 355.28726898249124 77.69051617679088 82.1494495936773 73.23158275990446 495.1437542730855 40.5139371140574 -622.7936119556857 [0.0,190.6897048900729,211.2644004016253,231.83909591317763,252.41379142472977,272.988486936282,293.5631824478344,314.1378779593867,334.7125734709388,355.28726898249124,375.5909078962802,395.8945468100692,416.19818572385793,436.50182463764713,456.80546355143576,477.10910246522496,497.4127413790141,517.7163802928029,538.0200192065917,558.3236581203807] [-20.2569685570287,-2.702818182402325,-2.0009347916508204,-1.4236905024941962,-0.9587051707089813,-0.5955360081560457,-0.32527358296397324,-0.14024087896746096,-0.033764835070201116,0.0,-0.032926371459097936,-0.12723774752259942,-0.27900069866950616,-0.48468198905857207,-0.7410934424282232,-1.0453462649238645,-1.3948129053648017,-1.7870949792281863,-2.2199961127244023,-2.691498810723715] False 60254.65603222185 60268.65603222185
234.36890988269914 270.1158072739371 311.3149665447022 2.11349125431396e-12 1.16337598071868e-12 1.5680513259226763e-12 1.2074300145339696e-10 3.248287559841173e-08 0.10371584142848772 6.761943841762774e-10 1.2184227474424774e-10 1.289673568593472e-10 1.1471719262914826e-10 8.961764213102763e-10 4.9336866118385904e-05 8.88992298263372e-06 9.409787138002877e-06 8.370058827264562e-06 6.538731635652419e-05 431.23230279365345 77.70298888179124 82.24689761571418 73.15908014786832 571.5223771664146 83.51528132229805 -521.1125407581006 [0.0,267.5648037901804,288.0232411656145,308.48167854104867,328.9401159164828,349.39855329191687,369.856990667351,390.3154280427852,410.77386541821943,431.23230279365345,451.5693882897305,471.9064737858075,492.2435592818847,512.5806447779617,532.9177302740386,553.2548157701156,573.591901266193,593.9289867622699,614.2660722583469,634.603157754424] [-41.757640661149026,-2.6961477798063243,-1.9978317967796784,-1.4228242410066514,-0.959205743042844,-0.5967971193973653,-0.32682776289129833,-0.14168058967936759,-0.034693066213890233,0.0,-0.032027151603074344,-0.1258181488832406,-0.277306565930985,-0.48283631245260494,-0.7391067681745653,-1.0431269304046964,-1.3921768369247047,-1.7837749078463503,-2.215650138244996,-2.6857182932890282] False 60254.65603222185 60268.65603222185
311.3149665447022 358.7979888064861 413.52331434760555 1.2050895138781249e-12 6.576832489166294e-13 8.902624257614859e-13 9.107895545657625e-11 3.2540380471607286e-08 0.0909756125521784 3.683581933202378e-10 7.196719729067798e-11 7.639732756139495e-11 6.753706701996102e-11 4.990953859761488e-10 4.7420959186058925e-05 9.264768878072333e-06 9.835086114301028e-06 8.694451641843638e-06 6.425154199773562e-05 413.7636079666764 80.838183448123 85.81439062313396 75.86197627311205 560.6160290874318 73.45260235340572 -465.8610439525944 [0.0,245.44528802481696,266.48507801754937,287.52486801028186,308.5646580030143,329.60444799574674,350.64423798847923,371.68402798121144,392.72381797394405,413.7636079666764,435.0904290789596,456.41725019124283,477.7440713035255,499.07089241580894,520.3977135280918,541.7245346403753,563.0513557526584,584.3781768649415,605.7049979772245,627.0318190895075] [-36.72630117670286,-2.6935530183405945,-1.9890674363597896,-1.4122072475458936,-0.949383899148529,-0.5891834460370546,-0.321913180803449,-0.13926261029564557,-0.03404542096336627,0.0,-0.03249556585490154,-0.12742899513790462,-0.2803276908534258,-0.48720675751184217,-0.7444987467412147,-1.0489958182257055,-1.3978017434581034,-1.7882917860622456,-2.218078939701229,-2.684985338491174] False 60254.65603222185 60268.65603222185
413.52331434760555 476.5900816815941 549.2752115212968 6.754502405697277e-13 3.655025843987599e-13 4.968690054340278e-13 6.75308638140893e-11 3.204160811437741e-08 0.07658098016005821 1.6938394885715132e-10 3.860012078358682e-11 4.100046054275622e-11 3.619978102441742e-11 2.401392656854511e-10 3.8473549322976195e-05 8.767558324505705e-06 9.312766951057369e-06 8.222349697954042e-06 5.454477797376265e-05 340.90262625496246 77.68671493177285 82.51764568599175 72.85578417755396 483.30498191506894 67.79779938075808 -353.6916560533941 [0.0,184.5068055949301,204.05628317743415,223.6057607599382,243.15523834244215,262.70471592494624,282.25419350745017,301.8036710899543,321.3531486724584,340.90262625496246,361.9035872072874,382.90454815961215,403.9055091119372,424.90647006426195,445.9074310165869,466.90839196891164,487.9093529212367,508.9103138735614,529.9112748258864,550.9122357782115] [-33.89889969037904,-2.7065814163327104,-1.9755797957616892,-1.3881415827842147,-0.9244700694019912,-0.568768177892025,-0.3082082333151561,-0.1322169859005271,-0.03196600452849907,0.0,-0.03449845318920097,-0.1337230710923336,-0.29187779707723394,-0.5039452508867726,-0.7655503218320518,-1.0728527404409078,-1.4224614844659982,-1.8113658598638267,-2.2368794735413076,-2.6965942850906686] False 60254.65603222185 60268.65603222185
549.2752115212968 633.0528961793416 729.6086933380817 3.7217339159508925e-13 1.996635394224243e-13 2.7259760938923014e-13 4.922849675689207e-11 3.101954159751773e-08 0.06172104901677289 8.470429760048257e-11 2.295170849621056e-11 2.4533037434913737e-11 2.1370379557507382e-11 1.2739769719418735e-10 3.3945752893928443e-05 9.19803418689116e-06 9.831761198599837e-06 8.564307175182486e-06 5.1055387633422355e-05 310.73015566888915 84.19629411877499 89.99725819269416 78.39533004485581 467.3470815816355 48.37995591616209 -310.9125785536033 [0.0,146.79851858979367,167.2899732246806,187.78142785956766,208.27288249445465,228.7643371293416,249.25579176422838,269.7472463991154,290.23870103400236,310.73015566888915,333.933444545438,357.1367334219865,380.3400222985352,403.5433111750841,426.7466000516326,449.94988892818094,473.1531778047299,496.3564666812786,519.559755557827,542.763044434376] [-24.189977958081045,-2.6962758664121225,-1.9464520848657116,-1.3551732934569145,-0.8956034595383358,-0.547503206040119,-0.29518716441310744,-0.126223874296727,-0.030574082189559704,0.0,-0.035351989908349424,-0.13709300577141903,-0.29830545492984584,-0.5131536132227552,-0.7766637467869373,-1.084558154310571,-1.4331278694864409,-1.819133603727721,-2.23972766395309,-2.692391684174993] False 60254.65603222185 60268.65603222185
729.6086933380817 840.8915725798939 969.1477682383326 2.015727344798402e-13 1.0721685599132323e-13 1.470101861930061e-13 3.527347090830853e-11 2.9517469546447976e-08 0.04813385515753876 3.607399690007144e-11 1.2168027622060612e-11 1.349681099438417e-11 1.0839244249737055e-11 5.936348585267898e-11 2.550787403326254e-05 8.60399574454048e-06 9.543576655760662e-06 7.664414833320301e-06 4.197583992425578e-05 245.38433583582278 82.76996266153628 91.80867900313068 73.7312463199419 403.8052558803109 39.99944917367304 -247.40900004265194 [0.0,94.87059671981682,113.68481410931759,132.49903149881828,151.31324888831907,170.12746627781976,188.9416836673205,207.7559010568212,226.57011844632197,245.38433583582278,269.1170930222547,292.8498502086864,316.5826073951184,340.3153645815503,364.0481217679823,387.7808789544142,411.513636140846,435.24639332727816,458.97915051370956,482.7119077001416] [-19.99972458683652,-2.6976927158839317,-1.8952615770450336,-1.2905168388751918,-0.8369720693904696,-0.503285310662136,-0.2672491342388241,-0.11251044641105068,-0.02665090593319519,0.0,-0.0390619009343709,-0.14799645335332912,-0.31722877902910795,-0.5391032852491549,-0.8073941232368611,-1.116963775736565,-1.463518767055234,-1.8434309393286412,-2.253604129977873,-2.691372995618451] False 60254.65603222185 60268.65603222185
969.1477682383326 1116.9661194245136 1287.3303254983532 1.0731833468054218e-13 5.6595648492165284e-14 7.793427196262565e-14 2.4844950261546884e-11 2.761094054948458e-08 0.03629726875097261 2.3138330230591907e-11 7.655255545685499e-12 8.503954074905248e-12 6.8065570164657506e-12 3.7904684371692215e-11 2.886768881180241e-05 9.550798725117015e-06 1.0609646307997387e-05 8.491951142236643e-06 4.729038880709283e-05 296.8954434024633 98.22707459635566 109.11700155463599 87.33714763807532 486.3673377210719 44.67186280462715 -193.3641788726027 [0.0,119.38173884553355,141.57095191514972,163.76016498476602,185.94937805438227,208.13859112399837,230.32780419361467,252.517017263231,274.70623033284727,296.8954434024633,325.30785022806674,353.7202570536703,382.13266387927354,410.5450707048769,438.95747753048033,467.36988435608373,495.78229118168707,524.1946980072904,552.6071048328938,581.0195116584972] [-22.335931402313577,-2.696454425987042,-1.8992382457837778,-1.2960785736757998,-0.842586952397113,-0.5082971346263321,-0.2713440108229008,-0.11547624468076378,-0.028269130017889665,0.0,-0.03763718834463248,-0.14641171815523535,-0.316229385628219,-0.5390378478928994,-0.808306087858341,-1.1186606759520714,-1.4656251735144394,-1.8454293413838343,-2.254866776999677,-2.691186889256727] False 60254.65603222185 60268.65603222185
