data/4C+01.02_allsed_14d_min11.ecsv
# %ECSV 1.0
# ---
# datatype:
# - {name: e_min, unit: MeV, datatype: float64}
# - {name: e_ref, unit: MeV, datatype: float64}
# - {name: e_max, unit: MeV, datatype: float64}
# - {name: ref_dnde_e_min, unit: ph / (cm2 MeV s), datatype: float64}
# - {name: ref_dnde_e_max, unit: ph / (cm2 MeV s), datatype: float64}
# - {name: ref_dnde, unit: ph / (cm2 MeV s), datatype: float64}
# - {name: ref_flux, unit: ph / (cm2 s), datatype: float64}
# - {name: ref_eflux, unit: MeV / (cm2 s), datatype: float64}
# - {name: ref_npred, datatype: float64}
# - {name: dnde, unit: ph / (cm2 MeV s), datatype: float64}
# - {name: dnde_err, unit: ph / (cm2 MeV s), datatype: float64}
# - {name: dnde_errp, unit: ph / (cm2 MeV s), datatype: float64}
# - {name: dnde_errn, unit: ph / (cm2 MeV s), datatype: float64}
# - {name: dnde_ul, unit: ph / (cm2 MeV s), datatype: float64}
# - {name: e2dnde, unit: MeV / (cm2 s), datatype: float64}
# - {name: e2dnde_err, unit: MeV / (cm2 s), datatype: float64}
# - {name: e2dnde_errp, unit: MeV / (cm2 s), datatype: float64}
# - {name: e2dnde_errn, unit: MeV / (cm2 s), datatype: float64}
# - {name: e2dnde_ul, unit: MeV / (cm2 s), datatype: float64}
# - {name: norm, datatype: float64}
# - {name: norm_err, datatype: float64}
# - {name: norm_errp, datatype: float64}
# - {name: norm_errn, datatype: float64}
# - {name: norm_ul, datatype: float64}
# - {name: ts, datatype: float64}
# - {name: loglike, datatype: float64}
# - {name: norm_scan, datatype: string, subtype: 'float64[20]'}
# - {name: dloglike_scan, datatype: string, subtype: 'float64[20]'}
# - {name: ShowUL, datatype: bool}
# - {name: tstart, datatype: float64}
# - {name: tend, datatype: float64}
# meta: !!omap
# - {UL_CONF: 0.95}
# - {EXTNAME: SED}
# - {CONFIG: '{"bin_index": 2.0, "use_local_index": true, "free_background": false, "free_radius": null, "free_pars": [], "ul_confidence":
#     0.95, "cov_scale": 3.0, "make_plots": false, "write_fits": true, "write_npy": true, "optimizer": {"optimizer": "MINUIT", "tol":
#     0.001, "max_iter": 100, "init_lambda": 0.0001, "retries": 3, "min_fit_quality": 2, "verbosity": 0}, "prefix": "", "outfile": null,
#     "loge_bins": []}'}
# - {SRCNAME: 4FGL J0108.6+0134}
# - {CREATOR: fermipy 1.2.0}
# - {STVER: 2.2.0}
# schema: astropy-2.0
e_min e_ref e_max ref_dnde_e_min ref_dnde_e_max ref_dnde ref_flux ref_eflux ref_npred dnde dnde_err dnde_errp dnde_errn dnde_ul e2dnde e2dnde_err e2dnde_errp e2dnde_errn e2dnde_ul norm norm_err norm_errp norm_errn norm_ul ts loglike norm_scan dloglike_scan ShowUL tstart tend
[from data line 1994]
729.6086933380817 840.8915725798939 969.1477682383326 2.0351200516247507e-13 1.0731895430850569e-13 1.4778597898063302e-13 3.546855980578575e-11 2.9674682941624846e-08 0.04664432005175656 4.7908319864702473e-11 1.392681810189577e-11 1.49946148561362e-11 1.2859021347655339e-11 7.427657082091355e-11 3.387590766942878e-05 9.847634095311856e-06 1.0602671724653051e-05 9.092596465970664e-06 5.2520861976312205e-05 324.17364756220024 94.23639642919606 101.46168777013149 87.01110508826065 502.5955190962149 45.3833528599572 -260.04947690333233 [0.0,145.1195763670786,167.5013352664688,189.88309416585895,212.26485306524916,234.6466119646395,257.0283708640296,279.4101297634199,301.79188866281027,324.17364756220024,350.7529397592806,377.3322319563607,403.9115241534412,430.49081635052124,457.0701085476013,483.6494007446819,510.228692941762,536.8079851388425,563.3872773359227,589.9665695330029] [-22.6916764299786,-2.697206009772742,-1.9334325224794497,-1.3383498430994791,-0.8804362111271757,-0.5364812600565756,-0.28885644182435044,-0.12383228817157033,-0.030491558313997302,0.0,-0.03549211368294891,-0.1394761067631407,-0.3038153947554747,-0.5217761228494737,-0.7877186264727811,-1.0968699253237446,-1.4451528473639996,-1.829055580205761,-2.2455306320044315,-2.6919155491019637] False 60184.65603222185 60198.65603222185
969.1477682383326 1116.9661194245136 1287.3303254983532 1.0764702072159031e-13 5.52178230957347e-14 7.709756252299838e-14 2.459916248749621e-11 2.7319925001289676e-08 0.0347576009968803 2.1190388130424712e-11 7.90139198371466e-12 8.817489244894691e-12 6.985294722534629e-12 3.6472762084881826e-11 2.643741031674106e-05 9.857881821756245e-06 1.1000816959838295e-05 8.714946683674196e-06 4.550390350040139e-05 274.8515963018101 102.48562633037402 114.36793792624007 90.60331473450798 473.0728299484425 27.096861021437917 -157.93325757846495 [0.0,91.21465292122117,114.16927084379482,137.12388876636848,160.0785066889421,183.0331246115157,205.98774253408922,228.9423604566629,251.8969783792365,274.8515963018101,304.6442700882221,334.436943874634,364.22961766104567,394.0222914474575,423.8149652338693,453.60763902028094,483.4003128066931,513.1929865931049,542.9856603795168,572.7783341659286] [-13.548430510718958,-2.7012362728289077,-1.8819894529636088,-1.2737442382437223,-0.822311419731534,-0.4927169094209489,-0.26093156686772545,-0.10965818538574013,-0.02598694663186052,0.0,-0.03969779696970477,-0.15024062313128184,-0.3213439011178423,-0.5448898453118716,-0.814347456976094,-1.1243765548869362,-1.470549452163425,-1.849150381625094,-2.2570277921617503,-2.6914835030157462] False 60184.65603222185 60198.65603222185
1287.3303254983532 1483.6791717563765 1709.9759409858673 5.387604793986417e-14 2.688214160496788e-14 3.805658352815542e-14 1.6143819710335932e-11 2.380029377167496e-08 0.024023909841600855 1.9526455506777167e-11 5.748116097349492e-12 6.234093862494161e-12 5.262138332204821e-12 3.059827388620013e-11 4.2983662361562284e-05 1.2653350294823236e-05 1.3723135037115813e-05 1.1583565552530657e-05 6.735609917091975e-05 513.0900805199946 151.0413065086849 163.81118020964726 138.2714328077225 804.0205149672092 63.75995289029322 -148.32962565838795 [0.0,230.13498953363035,265.5043759069261,300.8737622802214,336.2431486535171,371.6125350268124,406.98192140010786,442.3513077734035,477.7206941466993,513.0900805199946,556.8077867875412,600.5254930550873,644.243199322634,687.9609055901803,731.6786118577271,775.3963181252735,819.11402439282,862.8317306603666,906.5494369279126,950.2671431954591] [-31.87997644514661,-2.6955727768821305,-1.9124029868717116,-1.3115842323988716,-0.8553254491204996,-0.516597201408814,-0.27537572784359554,-0.11640049699877864,-0.027765979506966687,0.0,-0.03849731271850487,-0.14672177090665173,-0.31537748842299607,-0.5369257936997087,-0.8051666457934914,-1.1149380689518011,-1.4618957145018499,-1.842348156371827,-2.25313178746336,-2.691514390875426] False 60184.65603222185 60198.65603222185
1709.9759409858673 1970.7884119509856 2271.3810595726877 2.551356704417209e-14 1.2383122880788617e-14 1.7774634618895012e-14 1.0025394178334268e-11 1.961979762364945e-08 0.015334214341654384 8.543510447928842e-12 3.4045691490402716e-12 3.744825491454567e-12 3.064312806625977e-12 1.535683350791816e-11 3.318305408257442e-05 1.3223370286608052e-05 1.4544928290321817e-05 1.1901812282894291e-05 5.964604830018973e-05 480.6574442237372 191.5408795757244 210.68368333567298 172.39807581577588 863.974637858004 39.86070682683038 -142.44062573252654 [0.0,152.42474062001568,193.45382857048097,234.48291652094608,275.51200447141133,316.54109242187633,357.5701803723417,398.5992683228067,439.62835627327195,480.6574442237372,538.9028113935155,597.1481785632935,655.3935457330721,713.6389129028504,771.8842800726286,830.1296472424069,888.3750144121849,946.6203815819636,1004.8657487517419,1063.1111159215197] [-19.93035341341519,-2.699668026735793,-1.8495630089811925,-1.2374465591403236,-0.7929108686560369,-0.47342255575247805,-0.2511660534281077,-0.10687909865288248,-0.02663141828512039,0.0,-0.03894807600224226,-0.15273381571327604,-0.3285755516695872,-0.5567688198644873,-0.8297618053815938,-1.141556045940149,-1.487303486299652,-1.863027082088479,-2.265421914539843,-2.6917103672205087] False 60184.65603222185 60198.65603222185
2271.3810595726877 2617.821317854317 3017.1020504598932 1.1432161919514337e-14 5.397320843574064e-15 7.855128631366172e-15 5.8912270965258795e-12 1.5304392993019676e-08 0.00910490265726227 4.250308363308931e-12 1.9469623239974698e-12 2.1659383050312843e-12 1.7279863429636547e-12 8.279692754164828e-12 2.9127314132098366e-05 1.3342510323247495e-05 1.4843150192584134e-05 1.1841870453910856e-05 5.674063883215918e-05 541.0870480640001 247.85874495079426 275.73556165363294 219.98192824795558 1054.0492896708702 33.23787746552185 -57.196940698771144 [0.0,143.19590628639025,192.93229900859137,242.66869173079266,292.40508445299395,342.14147717519506,391.8778698973966,441.61426261959747,491.35065534179887,541.0870480640001,620.4928607462024,699.8986734284045,779.3044861106067,858.7102987928092,938.1161114750113,1017.5219241572139,1096.9277368394155,1176.3335495216184,1255.7393622038203,1335.145174886023] [-16.618938732760924,-2.6984859491357795,-1.7817010921559557,-1.1590952456347168,-0.7256194124770872,-0.4241610689734969,-0.22015518751867091,-0.09107145452794896,-0.02139885048593726,0.0,-0.046092619709583005,-0.17060807015306523,-0.35702538126243155,-0.5935559216621868,-0.8714918821197273,-1.1842179117171412,-1.5265899240017404,-1.894528623888469,-2.2847444079143173,-2.69454575752917] False 60184.65603222185 60198.65603222185
5323.411028602609 6135.359285332078 7071.149185711414 7.380577278212593e-16 3.2071022202937845e-16 4.86520973607566e-16 8.581697998337593e-13 5.214792202622704e-09 0.001319298850969819 3.7108729550757774e-13 3.7581857720752336e-13 4.714637869048068e-13 2.8017336751023997e-13 1.3595370162714096e-12 1.3968703083604206e-05 1.4146800986904914e-05 1.7747138567319685e-05 1.0546463406490144e-05 5.117655371491072e-05 762.7364813400657 772.4612043357937 969.0513101807105 575.8710984908769 2794.405770814784 10.83353291981858 -31.15954947907204 [0.0,84.74849792667393,169.49699585334787,254.24549378002183,338.99399170669574,423.74248963336964,508.49098756004366,593.2394854867176,677.9879834133915,762.7364813400657,1094.2804790625103,1425.8244767849556,1757.3684745074,2088.9124722298448,2420.4564699522894,2752.0004676747344,3083.544465397179,3415.088463119623,3746.63246084207,4078.1764585645105] [-5.41676645990929,-1.3024095921315393,-0.7268142804933468,-0.4340197281076783,-0.2577824938172206,-0.14559349019254597,-0.07398193359977157,-0.03040217060151562,-0.007355389939149859,0.0,-0.07077439890496251,-0.23763039777484352,-0.4599983536737682,-0.7185812645307692,-1.0026728682289772,-1.3057112520765557,-1.6233822444677912,-1.9526971991064812,-2.291500047180392,-2.6381841337519347] False 60184.65603222185 60198.65603222185
7071.149185711414 8149.575733880153 9392.473966813408 2.650805184630909e-16 1.1205260763239974e-16 1.7234547666340974e-16 4.042884295006196e-13 3.261138470861064e-09 0.0006296868648356657 3.651412431476283e-13 3.4842290489119873e-13 4.239804120445334e-13 2.7286539773786413e-13 1.232889533815507e-12 2.425106914064705e-05 2.3140710931099416e-05 2.8158906942798992e-05 1.8122514919399844e-05 8.188307918766579e-05 2118.658697731583 2021.653899113742 2460.061153055766 1583.2466451717182 7153.593802890094 12.696599792834107 -22.249788204356346 [0.0,14.658344734954909,277.6583888595332,540.6584329841116,803.6584771086899,1066.6585212332686,1329.6585653578472,1592.658609482425,1855.6586536070038,2118.658697731583,2895.5550444356527,3672.451391139726,4449.347737843795,5226.244084547867,6003.140431251938,6780.036777956011,7556.933124660083,8333.829471364152,9110.725818068224,9887.6221647723] [-6.348299896417053,-3.988936561248696,-1.239979938480424,-0.6795524192914897,-0.39103349051609015,-0.2185689335528771,-0.11153401414295772,-0.04692022751592617,-0.012258753475656192,0.0,-0.05365683853120373,-0.19539160857138071,-0.39366388412195974,-0.6317296250010465,-0.8995203694768215,-1.190459322928639,-1.499989170372448,-1.8248090583386762,-2.162444444430122,-2.51098841095223] False 60184.65603222185 60198.65603222185
100.0 115.25240587974294 132.83117061068992 3.7885024977988995e-12 2.4201513448760942e-12 3.027994289148253e-12 9.919091222017006e-11 1.1425968269701482e-08 0.021055111969365554 3.045138855389815e-09 1.0445026909243072e-09 1.09936276804008e-09 9.896426138085343e-10 4.918137821388712e-09 4.0448935883352596e-05 1.3874251514149151e-05 1.4602964340457235e-05 1.3145538687841066e-05 6.532820040397714e-05 1005.6620206659588 344.9486991001282 363.06632809050666 326.83107010974965 1624.222951481239 12.972120653853267 -416.34454673250383 [0.0,297.17015392805837,385.73163727029583,474.29312061253313,562.854603954771,651.4160872970085,739.9775706392459,828.5390539814836,917.1005373237213,1005.6620206659588,1096.3200001058726,1186.9779795457866,1277.635958985701,1368.293938425615,1458.9519178655282,1549.6098973054422,1640.267876745358,1730.9258561852719,1821.5838356251863,1912.2418150650997] [-6.4860603269266335,-2.70528960690217,-1.983492932181946,-1.3989406256754364,-0.9342456561645349,-0.575514886268536,-0.3114155842230275,-0.1325446009137181,-0.030987270115076626,0.0,-0.03531793669947092,-0.13310029387679378,-0.2886264641886669,-0.49774256496499447,-0.7567690522592443,-1.0624271007006314,-1.411779243602325,-1.8021810024174556,-2.231241092521543,-2.696788399169691] False 60198.65603222185 60212.65603222185
132.83117061068992 153.091119887046 176.4411988580621 3.077916599339714e-12 1.900845664321287e-12 2.4188105388800965e-12 1.053028863444067e-10 1.6099561478000618e-08 0.03201558045094912 1.5317554140987524e-09 5.428076330469288e-10 5.720736230795363e-10 5.135416430143214e-10 2.507443418291262e-09 3.589958466092467e-05 1.2721723323321677e-05 1.3407627141379693e-05 1.2035819505263662e-05 5.8766678053747135e-05 633.2680420716011 224.4109756931386 236.51030698105237 212.31164440522485 1036.643167369447 12.162543468140257 -442.5265498026438 [0.0,174.45628901972523,231.8077581512096,289.159227282694,346.5106964141787,403.86216554566346,461.2136346771478,518.5651038086321,575.9165729401166,633.2680420716011,692.4549343296557,751.6418265877112,810.828718845765,870.0156111038197,929.2025033618743,988.3893956199292,1047.5762878779833,1106.7631801360378,1165.9500723940928,1225.1369646521473] [-6.081271734070128,-2.702413808132121,-1.9767089507679998,-1.3912817107656679,-0.927366613780066,-0.570203461953156,-0.30789514280013464,-0.13066238253327356,-0.030336192233107795,0.0,-0.0358082018220216,-0.1342328517098963,-0.2903902225213528,-0.5000024951183377,-0.7592957669498333,-1.0649194511192945,-1.4138817600429547,-1.8034974713651764,-2.2313452023767013,-2.6952321370611116] False 60198.65603222185 60212.65603222185
176.4411988580621 203.35272664697808 234.36890988269914 2.3370943201385684e-12 1.395344065972349e-12 1.805837947110157e-12 1.0449129088738809e-10 2.1203452120445445e-08 0.041811698316509244 9.23552642979425e-10 2.870216523024157e-10 3.069181091637901e-10 2.671251954410413e-10 1.4531457191664892e-09 3.819105498993431e-05 1.186901449496211e-05 1.269177937347108e-05 1.1046249616453142e-05 6.009096340197621e-05 511.42609139284406 158.94097959439281 169.95883249377079 147.92312669501487 804.6933123162721 18.413417623426085 -430.01968130950854 [0.0,186.3848385709732,227.01499517370695,267.6451517764409,308.27530837917476,348.9054649819087,389.5356215846426,430.1657781873764,470.79593479011015,511.42609139284406,554.4596104930437,597.4931295932435,640.526648693443,683.5601677936428,726.5936868938421,769.627205994042,812.6607250942412,855.6942441944409,898.7277632946406,941.7612823948401] [-9.206708811713042,-2.7068439010835164,-1.9711700764523812,-1.3822691768064033,-0.9186113740959172,-0.5635718129445308,-0.3039705686463776,-0.12913374434049274,-0.03026344937217118,0.0,-0.035843053370626876,-0.13534626352100076,-0.29309026086320955,-0.5043840231327295,-0.7651335918100131,-1.0717399731287856,-1.421018613898923,-1.8101350938098903,-2.236553188957089,-2.6979924998777847] False 60198.65603222185 60212.65603222185
234.36890988269914 270.1158072739371 311.3149665447022 1.658539251901222e-12 9.572952084983034e-13 1.26004431626487e-12 9.6915069549355e-11 2.6101808822346314e-08 0.04761663535445862 4.746910080212452e-10 1.4914332617359691e-10 1.5933994378387478e-10 1.3894670856331908e-10 7.508490654228982e-10 3.463466609364877e-05 1.088187729456103e-05 1.1625848510044402e-05 1.013790607907766e-05 5.478386198224851e-05 376.7256451966422 118.36355614515226 126.45582518573929 110.27128710456523 595.8909982218947 21.23914611969508 -333.3553482103362 [0.0,141.05745745593674,170.51598092352495,199.9745043911131,229.43302785870128,258.89155132628946,288.3500747938775,317.8085982614657,347.26712172905405,376.7256451966422,409.26273887156395,441.79983254648556,474.3369262214073,506.8740198963287,539.4111135712504,571.9482072461723,604.4853009210937,637.0223945960153,669.5594882709373,702.0965819458586] [-10.61957305984754,-2.699651274732389,-1.945723126364669,-1.3517913325810582,-0.8905465671539332,-0.5416155946392678,-0.2893211691492752,-0.12129459269539211,-0.027574748665699644,0.0,-0.038292096719146684,-0.14138138432252845,-0.30286508691011704,-0.5173152307731357,-0.7800833053634051,-1.0871524979816627,-1.4350240680180946,-1.8206286921587775,-2.2412563870046824,-2.6945004642929575] False 60198.65603222185 60212.65603222185
