data/4C+21.35_allsed_1d_min11.ecsv
# %ECSV 1.0
# ---
# datatype:
# - {name: e_min, unit: MeV, datatype: float64}
# - {name: e_ref, unit: MeV, datatype: float64}
# - {name: e_max, unit: MeV, datatype: float64}
# - {name: ref_dnde_e_min, unit: ph / (MeV s cm2), datatype: float64}
# - {name: ref_dnde_e_max, unit: ph / (MeV s cm2), datatype: float64}
# - {name: ref_dnde, unit: ph / (MeV s cm2), datatype: float64}
# - {name: ref_flux, unit: ph / (s cm2), datatype: float64}
# - {name: ref_eflux, unit: MeV / (s cm2), datatype: float64}
# - {name: ref_npred, datatype: float64}
# - {name: dnde, unit: ph / (MeV s cm2), datatype: float64}
# - {name: dnde_err, unit: ph / (MeV s cm2), datatype: float64}
# - {name: dnde_errp, unit: ph / (MeV s cm2), datatype: float64}
# - {name: dnde_errn, unit: ph / (MeV s cm2), datatype: float64}
# - {name: dnde_ul, unit: ph / (MeV s cm2), datatype: float64}
# - {name: e2dnde, unit: MeV / (s cm2), datatype: float64}
# - {name: e2dnde_err, unit: MeV / (s cm2), datatype: float64}
# - {name: e2dnde_errp, unit: MeV / (s cm2), datatype: float64}
# - {name: e2dnde_errn, unit: MeV / (s cm2), datatype: float64}
# - {name: e2dnde_ul, unit: MeV / (s cm2), datatype: float64}
# - {name: norm, datatype: float64}
# - {name: norm_err, datatype: float64}
# - {name: norm_errp, datatype: float64}
# - {name: norm_errn, datatype: float64}
# - {name: norm_ul, datatype: float64}
# - {name: ts, datatype: float64}
# - {name: loglike, datatype: float64}
# - {name: norm_scan, datatype: string, subtype: 'float64[20]'}
# - {name: dloglike_scan, datatype: string, subtype: 'float64[20]'}
# - {name: ShowUL, datatype: bool}
# - {name: tstart, datatype: float64}
# - {name: tend, datatype: float64}
# meta: !!omap
# - {UL_CONF: 0.95}
# - {EXTNAME: SED}
# - {CONFIG: '{"bin_index": 2.0, "use_local_index": true, "free_background": false, "free_radius": null, "free_pars": [], "ul_confidence":
#     0.95, "cov_scale": 3.0, "make_plots": false, "write_fits": true, "write_npy": true, "optimizer": {"optimizer": "MINUIT", "tol":
#     0.001, "max_iter": 100, "init_lambda": 0.0001, "retries": 3, "min_fit_quality": 2, "verbosity": 0}, "prefix": "", "outfile": null,
#     "loge_bins": []}'}
# - {SRCNAME: 4FGL J1224.9+2122}
# - {CREATOR: fermipy 1.2.0}
# - {STVER: 2.2.0}
# schema: astropy-2.0
e_min e_ref e_max ref_dnde_e_min ref_dnde_e_max ref_dnde ref_flux ref_eflux ref_npred dnde dnde_err dnde_errp dnde_errn dnde_ul e2dnde e2dnde_err e2dnde_errp e2dnde_errn e2dnde_ul norm norm_err norm_errp norm_errn norm_ul ts loglike norm_scan dloglike_scan ShowUL tstart tend
[from data line 97]
234.36890988269914 270.1158072739371 311.3149665447022 8.293948017569175e-13 5.482455726544201e-13 6.743233853618167e-13 5.174913844129906e-11 1.3982192551650024e-08 0.0031664173968578516 9.465338243965124e-09 1.51222421748979e-09 1.5851283431160466e-09 1.439320091863533e-09 1.2165690952602679e-08 0.0006906152086380023 0.00011033573408060862 0.00011565500494364931 0.00010501646321756793 0.0008876398263753492 14036.793694892216 2242.5801185560053 2350.6946036960085 2134.465633416002 18041.330341932342 180.45962799383722 -300.49286475931746 [0.0,9377.015559898618,9959.487826772818,10541.96009364702,11124.432360521221,11706.904627395423,12289.37689426961,12871.849161143817,13454.321428018025,14036.793694892216,14620.427760615925,15204.06182633963,15787.695892063339,16371.329957787044,16954.964023510744,17538.598089234456,18122.232154958154,18705.866220681866,19289.50028640556,19873.134352129262] [-90.22981399691861,-2.6960447479251,-1.9975544470726163,-1.4224542364538593,-0.9588751796356405,-0.5966176157384666,-0.3268483243746232,-0.14186391150030886,-0.034903679818910405,0.0,-0.031984486454746275,-0.12624740193137995,-0.2785358296782192,-0.4850257444460908,-0.7422655656779398,-1.0471287719140605,-1.3967738759698705,-1.788610422863087,-2.2202699489659494,-2.6895810537484977] False 55341.699990555186 55342.699990555186
311.3149665447022 358.7979888064861 413.52331434760555 6.027831099405104e-13 3.8936303653997825e-13 4.844599695139406e-13 4.9398188482526776e-11 1.7719282877820274e-08 0.0034894133798762036 5.864895397999913e-09 9.362619303092954e-10 9.843571146487367e-10 8.881667459698543e-10 7.540980452537683e-09 0.0007550231550225673 0.00012053061283765009 0.0001267221943335009 0.00011433903134179929 0.0009707956351924341 12106.047490124245 1932.5888395869908 2031.864708319128 1833.3129708548538 15565.745215447956 209.6084958438771 -259.9580228023197 [0.0,8070.903735185534,8575.296704552877,9079.689673920217,9584.082643287551,10088.475612654891,10592.868582022233,11097.261551389574,11601.654520756912,12106.047490124245,12612.017354470137,13117.987218816039,13623.957083161926,14129.926947507825,14635.896811853716,15141.86667619961,15647.83654054551,16153.8064048914,16659.776269237296,17165.746133583194] [-104.80424792193855,-2.6941070675760557,-1.9904232860882303,-1.4128919983676838,-0.9488641761327585,-0.58752797994606,-0.3195667606599386,-0.13689346508783728,-0.03244177678698179,0.0,-0.03428316129321729,-0.1305797758940912,-0.28449765037720454,-0.4921010221443112,-0.7498489766098828,-1.0545439594719141,-1.4032884550694007,-1.7934483195466555,-2.2226215748173104,-2.688611712560032] False 55341.699990555186 55342.699990555186
413.52331434760555 476.5900816815941 549.2752115212968 4.183302009638377e-13 2.6406406142309315e-13 3.3236421570688065e-13 4.502612088664768e-11 2.1441624597399083e-08 0.0035828023884092487 3.2972590226386235e-09 5.826870341688689e-10 6.233278344132692e-10 5.420462339244686e-10 4.3539988039857475e-09 0.0007489331692526513 0.00013235042930697508 0.00014158150369907588 0.0001231193549148743 0.000988959041677535 9920.619810486904 1753.158151907525 1875.4360576621036 1630.8802461529467 13100.082975917105 180.89163006334383 -240.02836822646665 [0.0,6373.423839052953,6816.823335482198,7260.222831911441,7703.6223283406825,8147.021824769927,8590.421321199168,9033.820817628413,9477.220314057657,9920.619810486904,10383.825283101924,10847.030755716949,11310.23622833197,11773.441700946996,12236.647173562023,12699.852646177042,13163.058118792067,13626.2635914071,14089.46906402212,14552.674536637145] [-90.44581503167191,-2.689628174072624,-1.9866176869107335,-1.4117380843074727,-0.9509466911706852,-0.5924222525314917,-0.32611635779915105,-0.1434131702901027,-0.03686742908783458,0.0,-0.02976006791456598,-0.12369057764047398,-0.27678325214773736,-0.48460213660794693,-0.7431989462849344,-1.0490435782921281,-1.3989666305046455,-1.7901115135436783,-2.2198942908742936,-2.6859697926884962] False 55341.699990555186 55342.699990555186
549.2752115212968 633.0528961793416 729.6086933380817 2.772393282124932e-13 1.7100505097853716e-13 2.177368261324499e-13 3.919847571916627e-11 2.4781082605974155e-08 0.003431696827868952 2.2144769294598872e-09 3.753440161489059e-10 4.0017888918408024e-10 3.5050914311373153e-10 2.9031071169271385e-09 0.0008874648484933837 0.00015042135503562525 0.0001603740786527952 0.00014046863141845527 0.0011634375068031051 10170.428993544781 1723.8425984981666 1837.9017288543114 1609.7834681420215 13333.101104179643 260.50449005070084 -164.75068075893984 [0.0,6624.60090711679,7067.829417920288,7511.057928723786,7954.28643952729,8397.514950330782,8840.743461134281,9283.971971937784,9727.200482741284,10170.428993544781,10631.020935168579,11091.612876792376,11552.204818416181,12012.796760039975,12473.388701663775,12933.980643287574,13394.572584911364,13855.164526535173,14315.756468158972,14776.348409782766] [-130.25224502535042,-2.688023388728112,-1.980507012441592,-1.4031672866154565,-0.94153140536568,-0.5834213814716804,-0.31849211398889565,-0.13788031784162058,-0.03393380716426009,0.0,-0.03267779104493229,-0.12894688108542596,-0.28375818586505375,-0.4926425998872048,-0.7516252888142105,-1.057155270637793,-1.4060471222453828,-1.7954323868168274,-2.222718805322444,-2.6855559060892915] False 55341.699990555186 55342.699990555186
729.6086933380817 840.8915725798939 969.1477682383326 1.7544264100801286e-13 1.0574724899503528e-13 1.3620784354441916e-13 3.258482160821594e-11 2.73482451098704e-08 0.0030892770593898347 1.4951986385774904e-09 2.571854155499786e-10 2.7430108542731297e-10 2.400697456726442e-10 1.9673643832564465e-09 0.0010572529191370179 0.00018185545674946106 0.00019395792358825728 0.00016975298991066484 0.0013911206735601094 10977.331405220335 1888.1835939654022 2013.8420687782184 1762.525119152586 14443.840619316928 270.9481377293016 -162.4445577324974 [0.0,7100.621905989902,7585.210593393707,8069.799280797516,8554.387968201316,9038.976655605122,9523.565343008928,10008.154030412734,10492.742717816534,10977.331405220335,11482.364495117758,11987.397585015166,12492.43067491258,12997.463764810005,13502.496854707415,14007.529944604823,14512.563034502246,15017.596124399659,15522.629214297069,16027.662304194479] [-135.4740688646508,-2.6871887641959518,-1.9784860100659216,-1.400782369772486,-0.9392946679087117,-0.5816174926331428,-0.31723781532775774,-0.1371677203069055,-0.033662295797398656,0.0,-0.03291520654650526,-0.129493989748255,-0.2846156919021894,-0.4937550149923595,-0.7528930077893676,-1.058444113524132,-1.4071959175394397,-1.7962590279397261,-2.22302510848192,-2.68513152086814] False 55341.699990555186 55342.699990555186
969.1477682383326 1116.9661194245136 1287.3303254983532 1.0601690396003638e-13 6.244373331171163e-14 8.136394334970399e-14 2.5866661550185832e-11 2.8821565072897404e-08 0.0026155454727494823 7.871509342572249e-10 1.5705802931719842e-10 1.688001524245154e-10 1.4531590620988141e-10 1.0808741582173333e-09 0.000982059984087098 0.000195947688123554 0.00021059731722270744 0.00018129805902440053 0.001348512988326326 9674.444254428932 1930.3148649292918 2074.6309172726387 1785.998812585945 13284.436738417566 235.75425316628923 -114.47895231897246 [0.0,5795.908460692202,6280.725434909293,6765.5424091263885,7250.3593833434725,7735.176357560569,8219.993331777663,8704.81030599475,9189.62728021184,9674.444254428932,10202.709606247132,10730.974958065324,11259.240309883515,11787.505661701716,12315.771013519914,12844.036365338108,13372.301717156297,13900.567068974498,14428.8324207927,14957.097772610896] [-117.87712658314462,-2.684262022105088,-1.9616524727561853,-1.379970380376193,-0.9203040858359941,-0.5673375323183336,-0.30848914013471074,-0.13329462016849902,-0.0329550952554456,0.0,-0.03332738303357985,-0.13197560838845845,-0.289844601925779,-0.5016558703276246,-0.7628107252989764,-1.0692779057359019,-1.4175035604656614,-1.8043384468679733,-2.226978532549083,-2.682916138694509] False 55341.699990555186 55342.699990555186
1287.3303254983532 1483.6791717563765 1709.9759409858673 6.117510461220493e-14 3.521018321570684e-14 4.6411061630130504e-14 1.9608495269028194e-11 2.900578125796449e-08 0.0020760378370410296 5.883415277773812e-10 1.1438084857127923e-10 1.227477208568846e-10 1.0601397628567385e-10 8.013544827032941e-10 0.0012951184906288516 0.00025178700629566116 0.0002702050347607839 0.00023336897783053843 0.0017640247357994753 12676.752203302854 2464.516961125106 2644.7945068594513 2284.2394153907603 17266.45447349662 276.30954517730004 -112.46476603444195 [0.0,7703.014361286727,8324.731591538743,8946.448821790758,9568.166052042772,10189.883282294786,10811.6005125468,11433.317742798814,12055.034973050833,12676.752203302854,13348.691053609678,14020.629903916495,14692.568754223326,15364.507604530154,16036.44645483699,16708.385305143813,17380.32415545063,18052.26300575747,18724.201856064294,19396.140706371123] [-138.15477258865002,-2.6874976077646267,-1.9641039181542794,-1.3813139129340328,-0.9205522573645766,-0.5667123183840204,-0.30734132449710216,-0.13205183001450393,-0.03208796221782961,0.0,-0.03428222789013091,-0.13345799282895143,-0.29155179271235454,-0.5033809686051853,-0.7644210714526167,-1.07069867847747,-1.418705201014049,-1.8053269324141326,-2.227787794493125,-2.683602110944733] False 55341.699990555186 55342.699990555186
1709.9759409858673 1970.7884119509856 2271.3810595726877 3.3708076165202154e-14 1.8958647510946625e-14 2.5279626862123735e-14 1.4194725471438742e-11 2.787600196869542e-08 0.0015386530452047367 2.677661515983014e-10 6.644541919089688e-11 7.141144369224131e-11 6.147939468955244e-11 3.92969608992195e-10 0.0010400055977134403 0.0002580744709085447 0.0002773625446585394 0.00023878639715854994 0.0015262966982333745 10592.171833022321 2628.417719663874 2824.8614618294273 2431.9739774983204 15544.913346050145 178.95481784615203 -69.5010507321719 [0.0,5560.142090603449,6189.145808405808,6818.1495262081635,7447.153244010524,8076.156961812884,8705.16067961524,9334.1643974176,9963.168115219964,10592.171833022321,11330.713165828281,12069.254498634245,12807.795831440208,13546.337164246166,14284.878497052137,15023.419829858096,15761.96116266406,16500.502495470017,17239.04382827598,17977.58516108194] [-89.47740892307601,-2.699705977515137,-1.9405188206423958,-1.3453550918514594,-0.885524772965951,-0.5392788603624155,-0.289734991751331,-0.12352462775470485,-0.029880051799253238,0.0,-0.036535968855702095,-0.14123672665363074,-0.30608202310459376,-0.5243929955112776,-0.7905483938205577,-1.0997721349867788,-1.4479716917653889,-1.8316133793770177,-2.2476248676416333,-2.6933180813646516] False 55341.699990555186 55342.699990555186
2271.3810595726877 2617.821317854317 3017.1020504598932 1.773588462527852e-14 9.7477876928326e-15 1.3148598323463578e-14 9.812700823569699e-12 2.558322660276184e-08 0.0010710502708967257 1.3241228674212856e-10 4.0536539328388127e-11 4.39922205317849e-11 3.708085812499135e-11 2.1066690851786429e-10 0.000907419871974859 0.0002777964359101022 0.00030147817929150817 0.0002541146925286963 0.0014436978913362339 10070.448840606814 3082.955181317766 3345.77264051645 2820.137722119082 16022.005033185227 121.94889774915617 -55.46430366107042 [0.0,4443.059119557494,5146.482834688657,5849.906549819822,6553.330264950993,7256.753980082155,7960.177695213322,8663.601410344485,9367.025125475651,10070.448840606814,10967.568833091935,11864.688825577052,12761.80881806217,13658.928810547297,14556.048803032416,15453.168795517533,16350.288788002646,17247.40878048777,18144.528772972888,19041.648765458] [-60.97444887457809,-2.694744758226733,-1.8984208600318127,-1.2943550155671062,-0.8398118899772697,-0.50493023898769,-0.26801022356689685,-0.11278059349476166,-0.026723444937431395,0.0,-0.039700637591153054,-0.15025239821095226,-0.3214825358320752,-0.5452660120965049,-0.8150097826044487,-1.1252899877206417,-1.4715906437102504,-1.8501115369194423,-2.257624418047058,-2.6913636114011084] False 55341.699990555186 55342.699990555186
3017.1020504598932 3477.2827010020824 4007.6519721450045 8.911101404617674e-15 4.785908747715002e-15 6.53052204376764e-15 6.47782088440192e-12 2.242121069207824e-08 0.0007056701687444406 8.308362325043775e-11 2.7599365317842204e-11 3.011774224068139e-11 2.5080988395003012e-11 1.3717062781321544e-10 0.0010046052136762362 0.0003337175872660715 0.00036416852919309966 0.00030326664533904333 0.0016585979579757037 12722.355532009575 4226.211186926698 4611.842979601311 3840.5793942520854 21004.54249964952 117.78714386331706 -31.594398743321094 [0.0,5218.226699181331,6156.242803284862,7094.258907388389,8032.27501149192,8970.291115595453,9908.307219698983,10846.323323802511,11784.339427906047,12722.355532009575,13978.797717817548,15235.239903625517,16491.68208943349,17748.12427524146,19004.56646104942,20261.008646857405,21517.450832665367,22773.89301847335,24030.335204281313,25286.77739008929] [-58.89357193165853,-2.69522091270958,-1.877122210227462,-1.2683996567793088,-0.8170865723342615,-0.48844537888541595,-0.2581035397432814,-0.10830032888738828,-0.025692318880956577,0.0,-0.040904295225985265,-0.1545008031264956,-0.3292763542960877,-0.5562534514499617,-0.8282963088906001,-1.1396391691150285,-1.4855565805412567,-1.8621272634282633,-2.266061392189563,-2.6945718942238273] False 55341.699990555186 55342.699990555186
4007.6519721450045 4618.915317184078 5323.411028602609 4.27532918179862e-15 2.24379103419336e-15 3.097248018216332e-15 4.083646265095043e-12 1.876470370322179e-08 0.00044073905473100694 2.812793486221039e-11 1.4019170855502105e-11 1.5729503243622682e-11 1.2308838467381529e-11 5.7818494743187346e-11 0.0006000920146051604 0.00029909030019387286 0.00033557917907742836 0.0002626014213103174 0.001233521663138216 9081.58942931827 4526.331366764608 5078.541708997885 3974.1210245313323 18667.69932634724 57.42187858550844 -23.421772275618636 [0.0,2159.249271842789,3024.5417915272233,3889.834311211658,4755.126830896094,5620.419350580528,6485.711870264962,7351.0043899493985,8216.29690963384,9081.58942931827,10577.460330780143,12073.331232242022,13569.202133703893,15065.073035165777,16560.943936627642,18056.814838089533,19552.685739551405,21048.556641013274,22544.42754247515,24040.298443937027] [-28.71093929275422,-2.690083826582594,-1.7263544226646488,-1.102672147288498,-0.6812983306223259,-0.39424723415076457,-0.20292283087324847,-0.08329343670888889,-0.019375951031204153,0.0,-0.04887842284936639,-0.17846735274755332,-0.36986976687522244,-0.6101352157703062,-0.8899999721328378,-1.2026081444667405,-1.5427433448829895,-1.9063443078789248,-2.2901871546302672,-2.6916699111371045] False 55341.699990555186 55342.699990555186
