data/4C+21.35_allsed_14d_min11.ecsv
# %ECSV 1.0
# ---
# datatype:
# - {name: e_min, unit: MeV, datatype: float64}
# - {name: e_ref, unit: MeV, datatype: float64}
# - {name: e_max, unit: MeV, datatype: float64}
# - {name: ref_dnde_e_min, unit: ph / (MeV s cm2), datatype: float64}
# - {name: ref_dnde_e_max, unit: ph / (MeV s cm2), datatype: float64}
# - {name: ref_dnde, unit: ph / (MeV s cm2), datatype: float64}
# - {name: ref_flux, unit: ph / (s cm2), datatype: float64}
# - {name: ref_eflux, unit: MeV / (s cm2), datatype: float64}
# - {name: ref_npred, datatype: float64}
# - {name: dnde, unit: ph / (MeV s cm2), datatype: float64}
# - {name: dnde_err, unit: ph / (MeV s cm2), datatype: float64}
# - {name: dnde_errp, unit: ph / (MeV s cm2), datatype: float64}
# - {name: dnde_errn, unit: ph / (MeV s cm2), datatype: float64}
# - {name: dnde_ul, unit: ph / (MeV s cm2), datatype: float64}
# - {name: e2dnde, unit: MeV / (s cm2), datatype: float64}
# - {name: e2dnde_err, unit: MeV / (s cm2), datatype: float64}
# - {name: e2dnde_errp, unit: MeV / (s cm2), datatype: float64}
# - {name: e2dnde_errn, unit: MeV / (s cm2), datatype: float64}
# - {name: e2dnde_ul, unit: MeV / (s cm2), datatype: float64}
# - {name: norm, datatype: float64}
# - {name: norm_err, datatype: float64}
# - {name: norm_errp, datatype: float64}
# - {name: norm_errn, datatype: float64}
# - {name: norm_ul, datatype: float64}
# - {name: ts, datatype: float64}
# - {name: loglike, datatype: float64}
# - {name: norm_scan, datatype: string, subtype: 'float64[20]'}
# - {name: dloglike_scan, datatype: string, subtype: 'float64[20]'}
# - {name: ShowUL, datatype: bool}
# - {name: tstart, datatype: float64}
# - {name: tend, datatype: float64}
# meta: !!omap
# - {UL_CONF: 0.95}
# - {EXTNAME: SED}
# - {CONFIG: '{"bin_index": 2.0, "use_local_index": true, "free_background": false, "free_radius": null, "free_pars": [], "ul_confidence":
#     0.95, "cov_scale": 3.0, "make_plots": false, "write_fits": true, "write_npy": true, "optimizer": {"optimizer": "MINUIT", "tol":
#     0.001, "max_iter": 100, "init_lambda": 0.0001, "retries": 3, "min_fit_quality": 2, "verbosity": 0}, "prefix": "", "outfile": null,
#     "loge_bins": []}'}
# - {SRCNAME: 4FGL J1224.9+2122}
# - {CREATOR: fermipy 1.2.0}
# - {STVER: 2.2.0}
# schema: astropy-2.0
e_min e_ref e_max ref_dnde_e_min ref_dnde_e_max ref_dnde ref_flux ref_eflux ref_npred dnde dnde_err dnde_errp dnde_errn dnde_ul e2dnde e2dnde_err e2dnde_errp e2dnde_errn e2dnde_ul norm norm_err norm_errp norm_errn norm_ul ts loglike norm_scan dloglike_scan ShowUL tstart tend
[from data line 629]
1709.9759409858673 1970.7884119509856 2271.3810595726877 2.977799430494753e-14 1.5684731553143798e-14 2.1611567431913533e-14 1.2156584086086916e-11 2.3836483084125487e-08 0.017780642094559207 1.2738231220792286e-11 4.086733616235209e-12 4.43323610695599e-12 3.740231125514428e-12 2.061401769762775e-11 4.947537877926511e-05 1.587290182825061e-05 1.7218719915489188e-05 1.4527083741012027e-05 8.006498830762888e-05 589.4172766933088 189.09936214068307 205.13255787312704 173.0661664082391 953.8418609650352 62.90301055123089 -118.6813043180773 [0.0,241.69509555098819,285.16036819377825,328.6256408365684,372.0909134793587,415.5561861221486,459.02145876493887,502.486731407729,545.9520040505192,589.4172766933088,644.5662675613158,699.7152584293226,754.8642492973293,810.0132401653356,865.1622310333424,920.3112219013489,975.4602127693557,1030.609203637362,1085.7581945053687,1140.9071853733756] [-31.451505275615446,-2.6962399363106186,-1.88608658565758,-1.2772950428777534,-0.822691302935354,-0.4901078950697979,-0.2565981209290129,-0.10520162585146409,-0.02301801819827176,0.0,-0.043602943449670306,-0.15685654043184627,-0.32971691036910045,-0.5541919316309958,-0.8238149699511297,-1.1332777084881798,-1.4781675312604676,-1.8547755832650097,-2.259953799414319,-2.6910066059744935] False 55606.65603222185 55620.65603222185
2271.3810595726877 2617.821317854317 3017.1020504598932 1.540252681530968e-14 8.062038117436817e-15 1.1143417711360806e-14 8.327707778300639e-12 2.1686611477116523e-08 0.012272208148822683 6.432927260602579e-12 2.4995448770009294e-12 2.7498937466884267e-12 2.249196007313432e-12 1.1444088937493565e-11 4.408477623083254e-05 1.7129352177874315e-05 1.8844990090867187e-05 1.541371426488144e-05 7.842620933473636e-05 577.2849432041085 224.3068456863663 246.77292172982868 201.84076964290392 1026.9819577728135 43.37270035005716 -112.67888363420276 [0.0,192.82773012392175,240.88488175894506,288.9420333939685,336.99918502899175,385.0563366640151,433.11348829903835,481.1706399340619,529.227791569085,577.2849432041085,645.9898156432404,714.6946880823718,783.3995605215036,852.104432960635,920.8093053997671,989.5141778388983,1058.2190502780302,1126.9239227171615,1195.6287951562933,1264.3336675954247] [-21.68635017502858,-2.69949805697091,-1.843499744343518,-1.2278037969152393,-0.7822055954422353,-0.4635142800634924,-0.2432211064461285,-0.10150172313713313,-0.02400431708660733,0.0,-0.0426311322013504,-0.15995830080963458,-0.338723639104316,-0.5689322987592078,-0.8428606438833555,-1.1544151246152552,-1.4987027257250958,-1.8717343198514556,-2.270214415718911,-2.691388746475141] False 55606.65603222185 55620.65603222185
3017.1020504598932 3477.2827010020824 4007.6519721450045 7.867395021965424e-15 4.09218308891535e-15 5.674048013782016e-15 5.6335644585768e-12 1.948431311777587e-08 0.00829013573362003 3.4022493375745702e-12 1.6855206713151108e-12 1.8725394003691003e-12 1.4985019422611214e-12 6.867891826261462e-12 4.1138280795137635e-05 2.038046474042414e-05 2.2641800764449207e-05 1.8119128716399078e-05 8.304307955888671e-05 599.6158878653574 297.0578795281701 330.0182507833532 264.097508272987 1210.4042492378724 22.11444899152889 -64.22279833975531 [0.0,124.99630446443128,184.32375238954697,243.65120031466276,302.97864823977864,362.3060961648939,421.63354409001005,480.96099201512556,540.2884399402418,599.6158878653574,693.7388832057247,787.8618785460925,881.9848738864603,976.1078692268279,1070.2308645671953,1164.3538599075625,1258.4768552479304,1352.599850588298,1446.7228459286662,1540.8458412690336] [-11.057224495764444,-2.7055449597681047,-1.764540903635634,-1.1422497747781648,-0.7136740911011401,-0.41691886331473427,-0.21636583127371978,-0.08946471921758814,-0.020957413306362582,0.0,-0.045385328579669704,-0.1679805433828534,-0.352096419282077,-0.5864932814570807,-0.8628253057034811,-1.1747144922373138,-1.5171700339956686,-1.8862085410092817,-2.278596774036572,-2.6916721309309537] False 55606.65603222185 55620.65603222185
4007.6519721450045 4618.915317184078 5323.411028602609 3.968372138967798e-15 2.0511986292057194e-15 2.8530544144178065e-15 3.763439422969219e-12 1.728710946646525e-08 0.0054852312557468474 1.572823903747143e-12 9.103020685976298e-13 1.0364369383672355e-12 7.841671988280243e-13 3.57756637098973e-12 3.3555220802463336e-05 1.9420729069516524e-05 2.2111738149379486e-05 1.6729719989653562e-05 7.632515580925912e-05 551.2772191791838 319.062287770416 363.27275537740854 274.85182016342344 1253.9425651717781 31.84045389195073 -37.60717170271983 [0.0,98.29737029603122,154.9198514064253,211.54233251681939,268.1648136272134,324.78729473760774,381.40977584800174,438.03225695839564,494.65473806878975,551.2772191791838,662.206758961822,773.1362987444592,884.0658385270965,994.9953783097344,1105.9249180923716,1216.8544578750093,1327.783997657648,1438.7135374402853,1549.6430772229223,1660.5726170055596] [-15.920226945975365,-2.696444900765009,-1.650066980694767,-1.027288888181566,-0.6251210096435713,-0.35863254795767574,-0.1841103453601889,-0.07606602765756065,-0.01833040780223172,0.0,-0.05074064690046498,-0.1866359979245118,-0.3848115573401927,-0.6305322028607492,-0.9137467474561944,-1.227291488975034,-1.5658801499239559,-1.9255001739460766,-2.3030337286898543,-2.696009965728628] False 55606.65603222185 55620.65603222185
51591.719177855455 59460.697587199145 68529.88452212527 4.765231055090142e-18 2.327665367335824e-18 3.3304449093606805e-18 5.6662073257009237e-14 3.346115682934404e-09 8.811228926441927e-05 3.6501833795147256e-14 3.7892438949451105e-14 4.75332946333609e-14 2.8251583265541308e-14 1.373501427228342e-13 0.00012905495487027318 0.0001339715430734366 0.00016805750714254063 9.98855790043326e-05 0.00048561167008758616 10960.04731756821 11377.590676533671 14272.355774377755 8482.825578689588 41240.77907332815 13.532613896348822 -5.2994808924653585 [0.0,1217.7830352853573,2435.5660705707146,3653.3491058560703,4871.132141141429,6088.915176426788,7306.698211712141,8524.4812469975,9742.264282282858,10960.04731756821,15925.259410900166,20890.47150423213,25855.683597564068,30820.89569089602,35786.10778422798,40751.31987755992,45716.531970891876,50681.74406422382,55646.95615755578,60612.16825088773] [-6.766306948174411,-1.335309056721191,-0.7514320682389091,-0.4539256536223073,-0.2738739154097365,-0.1582292769337803,-0.08334090067534117,-0.03658583212824684,-0.010426566524620817,0.0,-0.06398305563387918,-0.23016435363126675,-0.45446745367216135,-0.7163311680732614,-1.0044821406968394,-1.3120662537566643,-1.6346035189217156,-1.969004241233625,-2.313047298677593,-2.665082292114458] False 55606.65603222185 55620.65603222185
68529.88452212527 78982.3406583588 91029.0478288929 2.1197779114780248e-18 1.0289592363697818e-18 1.47687679278536e-18 3.3383607190225394e-14 2.6182883733843582e-09 5.1690852687524824e-05 2.853019618435029e-14 2.870151893685926e-14 3.5968569221012897e-14 2.143446865270562e-14 1.039489632178983e-13 0.0001779773590156602 0.00017904610634686735 0.0002243794930873736 0.00013371271960636107 0.0006484554759593867 19317.925722526197 19433.929138211166 24354.481969465374 14513.376306956956 70384.31623118179 19.219145952288468 -2.8396107965746755 [0.0,2146.4361913917983,4292.872382783597,6439.308574175398,8585.744765567193,10732.18095695899,12878.617148350795,15025.053339742595,17171.489531134386,19317.925722526197,27751.83696657615,36185.74821062611,44619.65945467606,53053.57069872603,61487.48194277597,69921.39318682592,78355.30443087587,86789.21567492581,95223.12691897582,103657.03816302573] [-9.609572976144234,-1.3094179475870926,-0.7273330820480042,-0.4328561596764473,-0.2561437390945476,-0.14396242585619268,-0.07259940017237243,-0.029405133163881825,-0.006828829414980309,0.0,-0.07369499824733516,-0.24429176115421658,-0.4707411073642791,-0.7335712579312395,-1.02199711850951,-1.3294160706484903,-1.6514908576527545,-1.98521881114304,-2.3284348905270575,-2.6795264645446895] False 55606.65603222185 55620.65603222185
100.0 115.25240587974294 132.83117061068992 7.413211199679599e-12 4.35947897395819e-12 5.684869246914526e-12 1.864888738384294e-10 2.1439956404222418e-08 0.05733293757453764 6.064144587475368e-09 1.0337915483232223e-09 1.0795079618219492e-09 9.880751348244955e-10 7.867354335076343e-09 8.055074243068332e-05 1.3731974153121138e-05 1.4339230625236962e-05 1.3124717681005313e-05 0.00010450298859372776 1066.7166339431105 181.8496615176004 189.89143196351515 173.80789107168565 1383.9112200067514 64.97220169401885 -747.731998123192 [0.0,669.9756326164801,719.5682577823089,769.1608829481381,818.7535081139666,868.3461332797957,917.9387584456242,967.5313836114533,1017.1240087772816,1066.7166339431105,1112.6255760516049,1158.5345181601003,1204.4434602685951,1250.3524023770897,1296.2613444855845,1342.1702865940795,1388.0792287025736,1433.988170811069,1479.8971129195634,1525.8060550280584] [-32.486100847009425,-2.706018349006058,-2.0149611909565692,-1.4395233121452975,-0.9712246466164061,-0.6025482337641961,-0.3267947841864043,-0.13796421473182363,-0.03065829610034143,0.0,-0.03608658839073087,-0.13085856269151463,-0.28137081897659755,-0.484909029482651,-0.7389652965838422,-1.0412170006904944,-1.389508345634681,-1.7818341936327897,-2.2163258527413063,-2.6912385367438674] False 55620.65603222185 55634.65603222185
132.83117061068992 153.091119887046 176.4411988580621 5.179923681120376e-12 2.9731658801353557e-12 3.9243817793905144e-12 1.710924818376631e-10 2.6112768243067297e-08 0.08002008095215593 2.9873315617980605e-09 4.997868636705509e-10 5.237463635092717e-10 4.758273638318302e-10 3.868255709159615e-09 7.001376415967919e-05 1.1713450241216009e-05 1.2274986427069577e-05 1.115191405536244e-05 9.065988737032655e-05 761.2234817434137 127.35429215762272 133.45958496184164 121.2489993534038 985.6981116043158 72.45660415445195 -737.8313177141533 [0.0,484.71496767573007,519.2785319341903,553.842096192651,588.4056604511111,622.9692247095718,657.5327889680322,692.0963532264927,726.6599174849529,761.2234817434137,793.6916135940654,826.1597454447173,858.6278772953685,891.0960091460208,923.5641409966726,956.0322728473244,988.5004046979763,1020.968536548628,1053.4366683992796,1085.904800249932] [-36.228302077225976,-2.7035018942425495,-2.0144964210476246,-1.4410183022453111,-0.9743155900521288,-0.6066665606346078,-0.33121812253307326,-0.1418554088362498,-0.0330954950522937,0.0,-0.033841760417658406,-0.12713677911631294,-0.2767978114144398,-0.47998854639035926,-0.7340961233840062,-1.0367073945712946,-1.385588328155336,-1.778666059082184,-2.2140131831413328,-2.689833961252816] False 55620.65603222185 55634.65603222185
176.4411988580621 203.35272664697808 234.36890988269914 3.448065275886141e-12 1.931696189139246e-12 2.5808166446558357e-12 1.4954271734708593e-10 3.02997015389838e-08 0.09541155599746914 2.3097501654550155e-09 2.9472150199709354e-10 3.08327575565724e-10 2.811154284284631e-10 2.830052301525271e-09 9.551355437338893e-05 1.2187421231534271e-05 1.2750064095270012e-05 1.1624778367798529e-05 0.00011702926075038005 894.9687186177587 114.19699365601235 119.46899684027764 108.92499047174705 1096.5723998198532 170.26515999624212 -762.1824755343551 [0.0,646.4908235992787,677.5505604765893,708.6102973538985,739.6700342312088,770.7297711085187,801.7895079858287,832.8492448631383,863.9089817404487,894.9687186177587,924.0302734691817,953.0918283206053,982.1533831720279,1011.2149380234519,1040.2764928748752,1069.3380477262988,1098.3996025777224,1127.4611574291457,1156.5227122805697,1185.584267131992] [-85.13257999812106,-2.7063338722903154,-2.027433239553943,-1.4586654327699762,-0.9928058234206674,-0.6233541834099015,-0.34443835497165765,-0.15073368099865547,-0.037395165794919194,0.0,-0.030189162941383074,-0.12026260773450304,-0.2673944551123668,-0.46896390207177774,-0.7225353212919572,-1.0258407570165673,-1.3767644753878585,-1.7733292833013365,-2.213684375589878,-2.696094507867997] False 55620.65603222185 55634.65603222185
234.36890988269914 270.1158072739371 311.3149665447022 2.18656668421649e-12 1.1956212788880638e-12 1.6168814598964762e-12 1.2452482417155862e-10 3.349501732537613e-08 0.09888444585921691 1.2251753053098401e-09 1.6124232906271e-10 1.6912186650479745e-10 1.5336279162062254e-10 1.5113902251453619e-09 8.939191366290079e-05 1.1764651389813682e-05 1.233956252920246e-05 1.1189740250424901e-05 0.00011027488387302973 757.739720380172 99.7242735859151 104.59756679727516 94.85098037455502 934.7563582318096 186.821476335007 -640.2368962859151 [0.0,542.979204276109,569.8242687891169,596.669333302125,623.5143978151328,650.3594623281406,677.2045268411484,704.0495913541564,730.8946558671644,757.739720380172,783.2716877869633,808.803655193755,834.3356226005467,859.8675900073384,885.3995574141304,910.9315248209211,936.4634922277131,961.9954596345046,987.5274270412959,1013.0593944480873] [-93.4107381675035,-2.705093798026951,-2.02255330660671,-1.4526440464292136,-0.9872696794745934,-0.6192103821574619,-0.34199825388043337,-0.1498143622942507,-0.03740303254699029,0.0,-0.030061614983310392,-0.12064162068361384,-0.2686072130532011,-0.4710720219907216,-0.7253704156415779,-1.0290351083347105,-1.3797775712254179,-1.7754708316521146,-2.214134317236585,-2.693920457523859] False 55620.65603222185 55634.65603222185
311.3149665447022 358.7979888064861 413.52331434760555 1.3209461224093726e-12 7.049910090942462e-13 9.650156163485195e-13 9.878770999208997e-11 3.5275930774459206e-08 0.0923256948437165 4.3701934114958187e-10 7.92400519565651e-11 8.392719244318708e-11 7.45529114699431e-11 5.801851381356387e-10 5.6260120491350296e-05 1.0201047072860142e-05 1.080445077541385e-05 9.597643370306433e-06 7.469071206994789e-05 452.86245501725693 82.11271466921755 86.96977646927158 77.25565286916351 601.2183930566595 95.52211770045233 -509.2322430171256 [0.0,281.59880066587414,303.0067574597968,324.4147142537198,345.82267104764276,367.23062784156554,388.6385846354884,410.0465414294116,431.45449822333427,452.86245501725693,474.3836453393467,495.9048356614363,517.4260259835263,538.9472163056158,560.4684066277055,581.9895969497953,603.5107872718847,625.0319775939747,646.5531679160647,668.0743582381541] [-47.76105885022616,-2.692635314422432,-1.9905596584791851,-1.414428036975437,-0.9513787131238587,-0.5905077832162533,-0.322482824254962,-0.1392485573589397,-0.033799199004874936,0.0,-0.032784618293874246,-0.12765275878302873,-0.28027446049782156,-0.4867771435539794,-0.7436820589915669,-1.047851539283215,-1.3964449011394322,-1.786881337787861,-2.216808501376704,-2.684075751162709] False 55620.65603222185 55634.65603222185
