data/4C+21.35_allsed_1d_min11.ecsv
# %ECSV 1.0
# ---
# datatype:
# - {name: e_min, unit: MeV, datatype: float64}
# - {name: e_ref, unit: MeV, datatype: float64}
# - {name: e_max, unit: MeV, datatype: float64}
# - {name: ref_dnde_e_min, unit: ph / (MeV s cm2), datatype: float64}
# - {name: ref_dnde_e_max, unit: ph / (MeV s cm2), datatype: float64}
# - {name: ref_dnde, unit: ph / (MeV s cm2), datatype: float64}
# - {name: ref_flux, unit: ph / (s cm2), datatype: float64}
# - {name: ref_eflux, unit: MeV / (s cm2), datatype: float64}
# - {name: ref_npred, datatype: float64}
# - {name: dnde, unit: ph / (MeV s cm2), datatype: float64}
# - {name: dnde_err, unit: ph / (MeV s cm2), datatype: float64}
# - {name: dnde_errp, unit: ph / (MeV s cm2), datatype: float64}
# - {name: dnde_errn, unit: ph / (MeV s cm2), datatype: float64}
# - {name: dnde_ul, unit: ph / (MeV s cm2), datatype: float64}
# - {name: e2dnde, unit: MeV / (s cm2), datatype: float64}
# - {name: e2dnde_err, unit: MeV / (s cm2), datatype: float64}
# - {name: e2dnde_errp, unit: MeV / (s cm2), datatype: float64}
# - {name: e2dnde_errn, unit: MeV / (s cm2), datatype: float64}
# - {name: e2dnde_ul, unit: MeV / (s cm2), datatype: float64}
# - {name: norm, datatype: float64}
# - {name: norm_err, datatype: float64}
# - {name: norm_errp, datatype: float64}
# - {name: norm_errn, datatype: float64}
# - {name: norm_ul, datatype: float64}
# - {name: ts, datatype: float64}
# - {name: loglike, datatype: float64}
# - {name: norm_scan, datatype: string, subtype: 'float64[20]'}
# - {name: dloglike_scan, datatype: string, subtype: 'float64[20]'}
# - {name: ShowUL, datatype: bool}
# - {name: tstart, datatype: float64}
# - {name: tend, datatype: float64}
# meta: !!omap
# - {UL_CONF: 0.95}
# - {EXTNAME: SED}
# - {CONFIG: '{"bin_index": 2.0, "use_local_index": true, "free_background": false, "free_radius": null, "free_pars": [], "ul_confidence":
#     0.95, "cov_scale": 3.0, "make_plots": false, "write_fits": true, "write_npy": true, "optimizer": {"optimizer": "MINUIT", "tol":
#     0.001, "max_iter": 100, "init_lambda": 0.0001, "retries": 3, "min_fit_quality": 2, "verbosity": 0}, "prefix": "", "outfile": null,
#     "loge_bins": []}'}
# - {SRCNAME: 4FGL J1224.9+2122}
# - {CREATOR: fermipy 1.2.0}
# - {STVER: 2.2.0}
# schema: astropy-2.0
e_min e_ref e_max ref_dnde_e_min ref_dnde_e_max ref_dnde ref_flux ref_eflux ref_npred dnde dnde_err dnde_errp dnde_errn dnde_ul e2dnde e2dnde_err e2dnde_errp e2dnde_errn e2dnde_ul norm norm_err norm_errp norm_errn norm_ul ts loglike norm_scan dloglike_scan ShowUL tstart tend
[from data line 941]
1709.9759409858673 1970.7884119509856 2271.3810595726877 2.4660353125614293e-14 1.1755494449156345e-14 1.7026292734544222e-14 9.609743303402362e-12 1.8798395690000613e-08 0.0010654410867817626 9.562984711379378e-11 3.8946164832536136e-11 4.3035919970329766e-11 3.485640969474251e-11 1.7469034619825014e-10 0.0003714269922212861 0.00015126717545715682 0.00016715181289618424 0.0001353825380181294 0.0006784985212964141 5616.5983167770155 2287.4130874960956 2527.615414658956 2047.210760333235 10260.034225995965 71.84730923003988 -33.314123317202686 [0.0,1813.6533020383981,2289.0214288807247,2764.389555723052,3239.7576825653787,3715.125809407706,4190.493936250036,4665.862063092362,5141.230189934688,5616.5983167770155,6330.4820158876055,7044.3657149981955,7758.249414108784,8472.133113219374,9186.01681232997,9899.900511440555,10613.78421055114,11327.667909661739,12041.551608772332,12755.435307882915] [-35.92365461501994,-2.6983350074510426,-1.8179306195742555,-1.1986943082557175,-0.7576753100142071,-0.44608011385764,-0.23276238710194974,-0.09662123415049706,-0.022697590152517932,0.0,-0.04444360845121764,-0.16532562704804832,-0.3478910115742906,-0.5812834842346035,-0.8572824560725891,-1.1695133434218192,-1.5129331349898223,-1.8834835454347,-2.2778502302040096,-2.6932913758446304] False 55313.699990555186 55314.699990555186
2271.3810595726877 2617.821317854317 3017.1020504598932 1.0349021076223033e-14 4.720510871265179e-15 6.9894682556875135e-15 5.2492538531698315e-12 1.3625614002373228e-08 0.0005884371891311246 5.923674492287943e-11 2.6440968261992842e-11 2.9404193345537776e-11 2.3477743178447905e-11 1.1388676585234684e-10 0.0004059487289031509 0.00018119965016475447 0.00020150659744359438 0.00016089270288591458 0.0007804646912459632 8475.143280703356 3782.9727948870977 4206.928520150415 3359.01706962378 16294.052950261874 65.58601102024076 -28.238681213594095 [0.0,2404.3183037229574,3163.1714258455067,3922.024547968058,4680.877670090604,5439.730792213156,6198.583914335704,6957.437036458257,7716.290158580804,8475.143280703356,9685.596450958368,10896.049621213378,12106.50279146839,13316.955961723395,14527.409131978417,15737.862302233425,16948.31547248844,18158.768642743442,19369.22181299845,20579.674983253462] [-32.79300551012038,-2.6949981345643472,-1.7806747038125863,-1.1586235163451981,-0.7252279017926107,-0.4237635940484701,-0.21977787620344458,-0.09076826149081185,-0.02122412634605908,0.0,-0.046363504965665214,-0.17108196518429608,-0.3576420010194141,-0.5942564662918421,-0.8722169218677216,-1.1849068043137834,-1.52718081932235,-1.8949586765022168,-2.284950043050994,-2.694462929159762] False 55313.699990555186 55314.699990555186
3017.1020504598932 3477.2827010020824 4007.6519721450045 3.9764497063419575e-15 1.7355348779391075e-15 2.627026295210455e-15 2.6257243192484576e-12 9.043943650654623e-09 0.0002953534548645609 8.893378224592767e-12 8.93654571018436e-12 1.1200217304642377e-11 6.6728741157263444e-12 3.2359781866104166e-11 0.00010753423818181316 0.00010805619761725917 0.0001354273713441024 8.068502389041596e-05 0.00039127814007488756 3385.3403906946087 3401.7724628327105 4263.458392122836 2540.086533542585 12318.027392836499 16.591496168643744 -4.658352871779708 [0.0,376.14893229940066,752.2978645988013,1128.446796898203,1504.5957291976026,1880.7446614970045,2256.893593796406,2633.042526095806,3009.1914583952052,3385.3403906946087,4858.739994148037,6332.139597601464,7805.539201054893,9278.938804508323,10752.338407961754,12225.73801141518,13699.137614868609,15172.537218322044,16645.936821775475,18119.336425228896] [-8.295748084321872,-1.3077151491046228,-0.7260778521263749,-0.43184733425661825,-0.2553310073846653,-0.14332566037370498,-0.07212853629644034,-0.02909441935945889,-0.006674670831276153,0.0,-0.0738768255321478,-0.2442063321987149,-0.4701938152889502,-0.7324602511565077,-1.0202624355334162,-1.327019437946869,-1.6484063556987962,-1.9814280740369856,-2.3239244307737366,-2.6742860858325734] False 55313.699990555186 55314.699990555186
100.0 115.25240587974294 132.83117061068992 4.281555779137784e-12 2.694170820974123e-12 3.3963572616151743e-12 1.112817517483995e-10 1.2814159036382921e-08 0.0034330531719344148 1.552997765433219e-08 4.4496899678160466e-09 4.792370593388116e-09 4.107009342243975e-09 2.396373182236039e-08 0.00020628651113828033 5.910575272796492e-05 6.365761959199908e-05 5.4553885863930745e-05 0.0003183130550164775 4572.539476293713 1310.136014872578 1411.0325340476852 1209.2394956974706 7055.715867465656 33.66473824176188 -154.60964868552202 [0.0,2034.6486375482125,2351.884992391401,2669.121347234589,2986.3577020777752,3303.5940569209624,3620.830411764149,3938.066766607337,4255.303121450525,4572.539476293713,4940.914977253219,5309.290478212728,5677.665979172235,6046.041480131744,6414.416981091252,6782.79248205076,7151.167983010267,7519.543483969776,7887.918984929283,8256.294485888795] [-16.83236912088094,-2.691959604820056,-1.9448371133710225,-1.3558738294484556,-0.8981508576014505,-0.5512889386056941,-0.2994577658889739,-0.13009529756462257,-0.033051921793372685,0.0,-0.032821650783233736,-0.13362218081863375,-0.2949287958967375,-0.5104710425093515,-0.7749318008737589,-1.0837602031066353,-1.4330287563482784,-1.8193226218722884,-2.2396526827632783,-2.6913864785964563] False 55325.699990555186 55326.699990555186
132.83117061068992 153.091119887046 176.4411988580621 3.349490808819494e-12 2.0441096427211637e-12 2.6166250133547695e-12 1.1393775645286432e-10 1.7414831821976796e-08 0.004704753460062919 1.7170199290332287e-08 3.346280384009036e-09 3.540267707896942e-09 3.1522930601211303e-09 2.3251706400315468e-08 0.0004024160890143869 7.842640857620569e-05 8.297286833927275e-05 7.387994881313864e-05 0.000544947708195451 6561.964057783891 1278.8536251584544 1352.9900883114972 1204.7171620054116 8886.143899734607 92.3772461586741 -240.2604970283782 [0.0,3945.3156917927786,4272.396737541666,4599.477783290556,4926.558829039447,5253.639874788336,5580.720920537222,5907.801966286111,6234.883012035005,6561.964057783891,6902.311609430595,7242.659161077294,7583.0067127239945,7923.354264370699,8263.701816017396,8604.049367664102,8944.3969193108,9284.744470957505,9625.092022604202,9965.43957425091] [-46.18862307933705,-2.6862403428522725,-1.976137479292305,-1.3980854481656593,-0.9368132635387951,-0.5796158049576832,-0.315801266320193,-0.1362811270525981,-0.0332604136922896,0.0,-0.03314626702780288,-0.12969697377170064,-0.2845802336996712,-0.4933204311808481,-0.7519471323945481,-1.0569208989245453,-1.4050723518049324,-1.793551726655977,-2.2197868115038943,-2.681447639442581] False 55325.699990555186 55326.699990555186
176.4411988580621 203.35272664697808 234.36890988269914 2.46467536223654e-12 1.458770576112345e-12 1.8961529205472046e-12 1.0973596502698693e-10 2.226312572414677e-08 0.005596818289095798 6.246958771890015e-09 1.6116935173277387e-09 1.727705035133255e-09 1.495681999522222e-09 9.269651396353748e-09 0.00025832630959448093 6.664728449979171e-05 7.144463123433505e-05 6.184993776524837e-05 0.0003833216968267115 3294.5437597339046 849.9807688836748 911.1633436372116 788.7981941301381 4888.66235202098 50.766825491221994 -170.63657941479244 [0.0,1632.296300227824,1840.0772326660856,2047.8581651043446,2255.6390975426043,2463.420029980864,2671.2009624191255,2878.9818948573857,3086.762827295644,3294.5437597339046,3530.5223052379647,3766.500850742022,4002.4793962460785,4238.457941750138,4474.4364872541955,4710.415032758256,4946.393578262308,5182.372123766372,5418.350669270424,5654.329214774484] [-25.383412745610997,-2.7015609498027686,-1.959986186029795,-1.3710576316108245,-0.9106442916798301,-0.5600784704987518,-0.3045961971294844,-0.13230271820697226,-0.03346282552371349,0.0,-0.032734708018182346,-0.13273754073537702,-0.29300629041401294,-0.5076036202203227,-0.771448612922768,-1.080157400321923,-1.4299195422194657,-1.8174008850990901,-2.239666331843864,-2.6941177881312797] False 55325.699990555186 55326.699990555186
234.36890988269914 270.1158072739371 311.3149665447022 1.7058640083841563e-12 9.792048411291445e-13 1.2924357993021307e-12 9.941865907313224e-11 2.677260792899863e-08 0.005918600031668473 5.026502841161165e-09 1.1403486447134487e-09 1.2144090022930462e-09 1.0662882871338515e-09 7.134410143729641e-09 0.0003667464615521055 8.320274425385271e-05 8.860637674783665e-05 7.77991117598688e-05 0.0005205447521183249 3889.170234897005 882.3251764839665 939.6281060527601 825.022246915173 5520.127303485379 82.89777204561182 -197.03047002437225 [0.0,2140.770116078992,2359.320130931243,2577.870145783494,2796.4201606357465,3014.970175487998,3233.520190340251,3452.070205192503,3670.620220044753,3889.170234897005,4129.610810345617,4370.051385794225,4610.491961242838,4850.932536691451,5091.37311214006,5331.813687588672,5572.254263037283,5812.694838485894,6053.135413934503,6293.575989383118] [-41.44888602280591,-2.704191213936781,-1.972818769224574,-1.3863364813861097,-0.9241760623273194,-0.5699705148749956,-0.31046787152968136,-0.1347774096327896,-0.0338326486125311,0.0,-0.032589199159616555,-0.13120311897418446,-0.2895577593900214,-0.5022470904290515,-0.7645845887746816,-1.0724792717997786,-1.4223375450823426,-1.8109846365569808,-2.2356010816964442,-2.6936709085496204] False 55325.699990555186 55326.699990555186
311.3149665447022 358.7979888064861 413.52331434760555 1.1105365021560774e-12 6.18249620159323e-13 8.286065234060476e-13 8.472749746506078e-11 3.028537149123586e-08 0.005729979988927138 1.946562964485122e-09 5.889551131822184e-10 6.452503541309311e-10 5.326598722335058e-10 3.055470301590178e-09 0.00025059272351163255 7.581972354923122e-05 8.306694750625997e-05 6.857249959220247e-05 0.0003933490148811697 2349.2006271971322 710.7777896332212 778.7174441719122 642.8381350945302 3687.480384574387 44.19003368419902 -120.7572460162117 [0.0,1011.7409092636896,1178.92337400537,1346.1058387470503,1513.2883034887307,1680.4707682304113,1847.653232972092,2014.8356977137703,2182.018162455453,2349.2006271971322,2548.5470542944995,2747.893481391865,2947.239908489234,3146.5863355865995,3345.932762683966,3545.279189781336,3744.6256168786995,3943.9720439760677,4143.318471073435,4342.6648981707995] [-22.09501684209951,-2.696065411707849,-1.9241521311281389,-1.3266071718711032,-0.8691726149979928,-0.5271311071821714,-0.28199519305253773,-0.11953506974508343,-0.028539039318786763,0.0,-0.03746373245586199,-0.14315862202124663,-0.30882112010387175,-0.527639892652843,-0.7939288595561607,-1.1028883757574732,-1.4504272722607539,-1.8330279012719615,-2.2476421924240952,-2.6916104785877195] False 55325.699990555186 55326.699990555186
413.52331434760555 476.5900816815941 549.2752115212968 6.800225923941329e-13 3.6717954912365677e-13 4.99690292950722e-13 6.791837324693868e-11 3.222382080160059e-08 0.00514647214937413 9.749863305663997e-10 3.276052150040275e-10 3.64528191648716e-10 2.9068223835933893e-10 1.607032579772764e-09 0.00022145654845907934 7.441162803773853e-05 8.279824301911755e-05 6.60250130563595e-05 0.0003650183363812087 1951.1812503080803 655.6165281288243 729.5082509931101 581.7248052645384 3216.057230736009 42.535977911282544 -85.26447889160448 [0.0,768.5903028165505,916.4141712529914,1064.2380396894325,1212.061908125874,1359.8857765623147,1507.7096449987557,1655.5335134351967,1803.3573818716377,1951.1812503080803,2141.355340805848,2331.5294313036165,2521.7035218013875,2711.8776122991567,2902.051702796926,3092.2257932946954,3282.3998837924655,3472.573974290234,3662.7480647880066,3852.9221552857744] [-21.267988955641272,-2.697213465602104,-1.8927736282594765,-1.2870931389398805,-0.8336100125398502,-0.5006411361765117,-0.2656056748846254,-0.1118168285909178,-0.026579175505062835,0.0,-0.03958780716779131,-0.15016487055348193,-0.32144383227270623,-0.5452518909767292,-0.8149841948569758,-1.1252239284181371,-1.4714714147149834,-1.8499466187812885,-2.257442340236963,-2.6912131976096703] False 55325.699990555186 55326.699990555186
549.2752115212968 633.0528961793416 729.6086933380817 3.9168907629904367e-13 2.0510550069115436e-13 2.8343885426943663e-13 5.12225179104195e-11 3.2257556201131164e-08 0.004253733131173568 1.1538753987114637e-09 2.808059096925312e-10 3.0168723471861033e-10 2.599245846664521e-10 1.6821709122556032e-09 0.00046242245393248333 0.00011253464454114244 0.00012090296019351198 0.00010416632888877291 0.0006741400345719598 4070.9852630669693 990.7107140138149 1064.382071033306 917.0393569943241 5934.8635055394825 124.50550596990854 -98.8401712998288 [0.0,2145.451222041882,2386.142977170018,2626.8347322981544,2867.5264874262903,3108.2182425544256,3348.9099976825637,3589.601752810698,3830.293507938835,4070.9852630669693,4348.717399996733,4626.4495369264905,4904.181673856252,5181.9138107860135,5459.6459477157705,5737.378084645531,6015.110221575292,6292.842358505047,6570.574495434811,6848.306632364569] [-62.25275298495427,-2.703593233584499,-1.9482365182127808,-1.353461773521687,-0.8922521217687915,-0.5439262243728109,-0.2922929242667749,-0.12443399836679703,-0.02987431383041894,0.0,-0.03660289995384858,-0.1406607466992682,-0.3045691375296542,-0.5219481889580919,-0.7873921595426054,-1.096280096015846,-1.444630455525342,-1.828987972574211,-2.246334539510741,-2.6940182237316748] False 55325.699990555186 55326.699990555186
729.6086933380817 840.8915725798939 969.1477682383326 2.1219898198631677e-13 1.0776581522795878e-13 1.5122101799782476e-13 3.6335576660642556e-11 3.0373084180513716e-08 0.003259828622332109 3.087360124232342e-10 1.21694876532319e-10 1.34502536433873e-10 1.0888721663076503e-10 5.555640014365825e-10 0.00021830681352661644 8.605028130591437e-05 9.510656016336085e-05 7.69940024484679e-05 0.00039283854809089836 2041.6210425701215 804.748428119096 889.4434002276572 720.053456010535 3673.8543940008 42.35347045689025 -50.16781203716258 [0.0,679.9456517416311,850.1550755951927,1020.3644994487536,1190.573923302315,1360.7833471558763,1530.9927710094382,1701.2021948629992,1871.4116187165616,2041.6210425701215,2290.582342953289,2539.5436433364553,2788.504943719621,3037.4662441027876,3286.427544485954,3535.38884486912,3784.3501452522864,4033.311445635455,4282.27274601862,4531.234046401786] [-21.176735228445125,-2.6999656046517373,-1.8483810066675375,-1.2354380120463446,-0.7911297529991899,-0.4724874590967545,-0.25119123672917,-0.10756727594822024,-0.02738207475566412,0.0,-0.03852491483975484,-0.15374563458772172,-0.33173387396512055,-0.5620482748100599,-0.8366580748927959,-1.1492529154433413,-1.494783485763989,-1.8691460681859695,-2.2689600240114203,-2.6914071594448146] False 55325.699990555186 55326.699990555186
