data/4C+21.35_allsed_14d_min11.ecsv
# %ECSV 1.0
# ---
# datatype:
# - {name: e_min, unit: MeV, datatype: float64}
# - {name: e_ref, unit: MeV, datatype: float64}
# - {name: e_max, unit: MeV, datatype: float64}
# - {name: ref_dnde_e_min, unit: ph / (cm2 MeV s), datatype: float64}
# - {name: ref_dnde_e_max, unit: ph / (cm2 MeV s), datatype: float64}
# - {name: ref_dnde, unit: ph / (cm2 MeV s), datatype: float64}
# - {name: ref_flux, unit: ph / (cm2 s), datatype: float64}
# - {name: ref_eflux, unit: MeV / (cm2 s), datatype: float64}
# - {name: ref_npred, datatype: float64}
# - {name: dnde, unit: ph / (cm2 MeV s), datatype: float64}
# - {name: dnde_err, unit: ph / (cm2 MeV s), datatype: float64}
# - {name: dnde_errp, unit: ph / (cm2 MeV s), datatype: float64}
# - {name: dnde_errn, unit: ph / (cm2 MeV s), datatype: float64}
# - {name: dnde_ul, unit: ph / (cm2 MeV s), datatype: float64}
# - {name: e2dnde, unit: MeV / (cm2 s), datatype: float64}
# - {name: e2dnde_err, unit: MeV / (cm2 s), datatype: float64}
# - {name: e2dnde_errp, unit: MeV / (cm2 s), datatype: float64}
# - {name: e2dnde_errn, unit: MeV / (cm2 s), datatype: float64}
# - {name: e2dnde_ul, unit: MeV / (cm2 s), datatype: float64}
# - {name: norm, datatype: float64}
# - {name: norm_err, datatype: float64}
# - {name: norm_errp, datatype: float64}
# - {name: norm_errn, datatype: float64}
# - {name: norm_ul, datatype: float64}
# - {name: ts, datatype: float64}
# - {name: loglike, datatype: float64}
# - {name: norm_scan, datatype: string, subtype: 'float64[20]'}
# - {name: dloglike_scan, datatype: string, subtype: 'float64[20]'}
# - {name: ShowUL, datatype: bool}
# - {name: tstart, datatype: float64}
# - {name: tend, datatype: float64}
# meta: !!omap
# - {UL_CONF: 0.95}
# - {EXTNAME: SED}
# - {CONFIG: '{"bin_index": 2.0, "use_local_index": true, "free_background": false, "free_radius": null, "free_pars": [], "ul_confidence":
#     0.95, "cov_scale": 3.0, "make_plots": false, "write_fits": true, "write_npy": true, "optimizer": {"optimizer": "MINUIT", "tol":
#     0.001, "max_iter": 100, "init_lambda": 0.0001, "retries": 3, "min_fit_quality": 2, "verbosity": 0}, "prefix": "", "outfile": null,
#     "loge_bins": []}'}
# - {SRCNAME: 4FGL J1224.9+2122}
# - {CREATOR: fermipy 1.2.0}
# - {STVER: 2.2.0}
# schema: astropy-2.0
e_min e_ref e_max ref_dnde_e_min ref_dnde_e_max ref_dnde ref_flux ref_eflux ref_npred dnde dnde_err dnde_errp dnde_errn dnde_ul e2dnde e2dnde_err e2dnde_errp e2dnde_errn e2dnde_ul norm norm_err norm_errp norm_errn norm_ul ts loglike norm_scan dloglike_scan ShowUL tstart tend
100.0 115.25240587974294 132.83117061068992 1.4033518350009982e-11 7.628179942782537e-12 1.0346506811683674e-11 3.4004836496065855e-10 3.902151342615897e-08 0.1391250525245976 2.722100293195659e-09 6.591839336079373e-10 6.930945574382921e-10 6.252733097775824e-10 3.893584319923341e-09 3.61579768464882e-05 8.756017354890168e-06 9.206456140842648e-06 8.305578568937689e-06 5.171893630868449e-05 263.0936549639883 63.710771722835126 66.98826667331075 60.433276772359505 376.3187316057779 27.983831066997027 -597.01912660552 [0.0,127.83233434632092,144.7399994235293,161.64766450073768,178.5553295779462,195.4629946551546,212.37065973236307,229.27832480957136,246.18598988677974,263.0936549639883,279.51751940964374,295.94138385529897,312.3652483009544,328.7891127466099,345.21297719226544,361.63684163792084,378.0607060835763,394.48457052923163,410.9084349748872,427.3322994205425] [-13.991915533498513,-2.7125324516513274,-2.010608014587092,-1.4315052465411782,-0.9639086777589227,-0.5981119153233294,-0.3257157971936522,-0.13939553899126622,-0.03271853890919374,0.0,-0.03423647883914782,-0.1293455131827841,-0.2815960288594397,-0.4876146707653106,-0.7443398185384922,-1.0489829152623997,-1.3989957381434124,-1.792042533647077,-2.225976162934444,-2.6988175750597065] False 55214.65603222185 55228.65603222185
132.83117061068992 153.091119887046 176.4411988580621 8.108335031605059e-12 4.369759620493616e-12 5.952434376836226e-12 2.5992252842692966e-10 3.961131822654787e-08 0.14305419503126499 1.4145116731742728e-09 3.464098008870298e-10 3.657992381864734e-10 3.270203635875862e-10 2.034899679374729e-09 3.315175588582069e-05 8.118768740657598e-06 8.573196868968551e-06 7.664340612346643e-06 4.769172195757088e-05 237.63582823841196 58.19632421905839 61.45372044922889 54.93892798888789 341.86007783529686 28.723407643841483 -600.3249736073918 [0.0,114.64970583530499,130.02297113569344,145.39623643608178,160.76950173647012,176.14276703685846,191.5160323372468,206.88929763763522,222.26256293802356,237.63582823841196,252.80312359249902,267.9704189465859,283.13771430067294,298.3050096547599,313.4723050088469,328.6396003629337,343.8068957170209,358.97419107110767,374.14148642519467,389.3087817792815] [-14.361703821920742,-2.7054396755943344,-1.997726277029642,-1.417139354976939,-0.9507525863930368,-0.587654445381645,-0.31853616761713965,-0.13538201869539535,-0.031232417645242094,0.0,-0.03541305540477424,-0.13202105827951982,-0.2857540485545087,-0.49296405408085775,-0.7503667332788382,-1.0549929655986716,-1.404148395552511,-1.7953793918053407,-2.2264442224244476,-2.6952885033316534] False 55214.65603222185 55228.65603222185
176.4411988580621 203.35272664697808 234.36890988269914 4.605107821050327e-12 2.4605781584595843e-12 3.3661889016850816e-12 1.952957568897627e-10 3.9525752691493954e-08 0.13291635029963844 1.1557662501881163e-09 2.224194589981935e-10 2.3518932595780177e-10 2.0964959203858528e-10 1.556468060793022e-09 4.7793629038889426e-05 9.197563186033443e-06 9.725626956924964e-06 8.669499415141924e-06 6.436358311753215e-05 343.34563030896766 66.07456250801982 69.86813064473841 62.28099437130124 462.38286271274586 59.520273459563896 -662.4736809159668 [0.0,203.26560057693746,220.77560429344115,238.285608009945,255.79561172644887,273.3056154429525,290.8156191594564,308.3256228759601,325.83562659246394,343.34563030896766,360.6016791464956,377.8577279840235,395.1137768215515,412.36982565907925,429.62587449660737,446.88192333413497,464.13797217166314,481.394021009191,498.6500698467191,515.9061186842467] [-29.760136729781948,-2.699935331445886,-2.0024194820373395,-1.4272399408903311,-0.9628541145649478,-0.599391826472015,-0.32833718355993824,-0.1422839427730196,-0.034744679204209206,0.0,-0.03203772472795663,-0.1255155923958,-0.2765474533827046,-0.4816311582809476,-0.7375978912787104,-1.0415697474680883,-1.390923976486306,-1.7832626590263772,-2.216386843189639,-2.6882743667107434] False 55214.65603222185 55228.65603222185
234.36890988269914 270.1158072739371 311.3149665447022 2.5709339543955167e-12 1.3619456641947933e-12 1.871222154667948e-12 1.442405414819556e-10 3.876918481225959e-08 0.11470544486671574 6.227830888076148e-10 1.2474793308542666e-10 1.3224053221414907e-10 1.172553339567043e-10 8.482235771243814e-10 4.543984184477657e-05 9.101927222714993e-06 9.648606356323628e-06 8.55524808910636e-06 6.188855459665343e-05 332.8215665115023 66.66655414175739 70.67067471612712 62.66243356738767 453.29923815213715 62.56539366147831 -516.3577115082448 [0.0,192.84331023327817,210.3405922680563,227.83787430283425,245.33515633761218,262.8324383723902,280.3297204071684,297.82700244194626,315.3242844767243,332.8215665115023,350.35012375740934,367.8786810033162,385.4072382492233,402.93579549513044,420.4643527410375,437.9929099869446,455.5214672328517,473.0500244787588,490.57858172466604,508.10713897057286] [-31.282696830739155,-2.694065847539605,-1.9871890212644985,-1.408674728103847,-0.9448720785798059,-0.584332870212279,-0.31734760673430173,-0.13559970572293878,-0.03190311027424286,0.0,-0.034520493290870036,-0.13071566862276995,-0.28426527636429455,-0.4913154223360152,-0.7484117025443311,-1.0524441249458505,-1.400601380181115,-1.7903325968488844,-2.219315140349636,-2.685427330639527] False 55214.65603222185 55228.65603222185
311.3149665447022 358.7979888064861 413.52331434760555 1.4108636249414232e-12 7.410122672231172e-13 1.0224809306096948e-12 1.0471949315380035e-10 3.737996208403424e-08 0.09473647686700193 2.1677372936895005e-10 5.979983852090183e-11 6.398872360543442e-11 5.561095343636925e-11 3.2817508699436386e-10 2.7906582124204367e-05 7.698391818767784e-06 8.237652115486687e-06 7.159131522048879e-06 4.224794693981919e-05 212.00760119769674 58.485040386272836 62.58182591950992 54.388254853035754 320.95961613550725 33.939084560750985 -377.98425602691725 [0.0,96.0358702702143,110.53233663614958,125.0288030020849,139.52526936802028,154.02173573395552,168.51820209989077,183.01466846582613,197.51113483176144,212.00760119769674,228.14029328670944,244.27298537572204,260.4056774647348,276.5383695537474,292.6710616427599,308.8037537317727,324.9364458207853,341.06913790979786,357.2018299988105,373.3345220878232] [-16.969542280375492,-2.697672648080186,-1.9543031453924868,-1.3645315895784051,-0.9038835968378294,-0.5535757187769832,-0.29883994682984394,-0.12783043043265252,-0.030883320803923198,0.0,-0.03515905247218143,-0.13609265722465125,-0.29626520887825336,-0.5101192223772841,-0.7728849568061378,-1.080434799919999,-1.4291702474669705,-1.8159330245889578,-2.237934362963699,-2.692698120549494] False 55214.65603222185 55228.65603222185
413.52331434760555 476.5900816815941 549.2752115212968 7.61064881220761e-13 3.9632975405271557e-13 5.492109405250264e-13 7.472808270368361e-11 3.542440474790778e-08 0.07587792768262513 1.4028173066481305e-10 3.6419014719780524e-11 3.899140207853908e-11 3.3846627361021966e-11 2.082525967357649e-10 3.186332660361331e-05 8.27214602428083e-06 8.85643321673767e-06 7.687858831823991e-06 4.7302100383244484e-05 255.424137273574 66.31152446629198 70.99531200391723 61.62773692866674 379.1850842167906 50.4509874489421 -299.19689826426367 [0.0,125.49271865685009,141.7341459839406,157.97557331103116,174.2170006381216,190.45842796521208,206.69985529230263,222.94128261939295,239.1827099464835,255.424137273574,273.7858617770975,292.14758628062094,310.50931078414425,328.8710352876678,347.23275979119114,365.5944842947147,383.95620879823815,402.31793330176146,420.6796578052847,439.04138230880824] [-25.22549372447105,-2.6992949303272553,-1.9519619626066742,-1.3605334937766997,-0.8997631226961289,-0.5502321043229585,-0.2966617571607344,-0.1268003408060281,-0.030663370890295027,0.0,-0.03555838727203309,-0.13765954330841623,-0.299313412128015,-0.5146076727523905,-0.778494411775057,-1.086627448197703,-1.4352364651281277,-1.8210283413880006,-2.241108889674649,-2.692920115026709] False 55214.65603222185 55228.65603222185
549.2752115212968 633.0528961793416 729.6086933380817 4.035756134392294e-13 2.0835723160177241e-13 2.899791329702617e-13 5.2427318549232685e-11 3.300525004611932e-08 0.0583412380352486 4.692315310537625e-11 1.746392664252753e-11 1.956079216108923e-11 1.536706112396583e-11 8.10038834902532e-11 1.880473370822213e-05 6.998772850476427e-06 7.839104223987385e-06 6.158441476965468e-06 3.246278985014616e-05 161.8156197128446 60.224770188269076 67.45586125707622 52.99367911946193 279.34383643584596 28.54304654855372 -232.1000694826646 [0.0,55.34218799320974,68.65136695816408,81.96054592311843,95.2697248880728,108.57890385302717,121.88808281798151,135.19726178293595,148.50644074789025,161.8156197128446,179.5571478117471,197.2986759106497,215.04020400955224,232.78173210845483,250.52326020735742,268.2647883062598,286.00631640516247,303.74784450406486,321.48937260296736,339.2309007018701] [-14.27152327427686,-2.701874963078666,-1.8734576214271783,-1.2621763901610734,-0.811298331081133,-0.4840595092116473,-0.2552249612523383,-0.10669731171591934,-0.02504142777877405,0.0,-0.041050974888008795,-0.15396869088741028,-0.3276043043380241,-0.5532829768981742,-0.824116504821319,-1.1345400081395098,-1.47999022305072,-1.8566763458258606,-2.261413145444976,-2.691497040560961] False 55214.65603222185 55228.65603222185
729.6086933380817 840.8915725798939 969.1477682383326 2.1035296359637116e-13 1.076722522464845e-13 1.50496436360281e-13 3.615225453306576e-11 3.022545299241414e-08 0.04341713240168954 3.0216512943108266e-11 1.1263956472192892e-11 1.2355089457976085e-11 1.0172823486409699e-11 5.2587494674803885e-11 2.1366055112005798e-05 7.964728266866363e-06 8.73626691372033e-06 7.193189620012396e-06 3.718454579916831e-05 200.77892655724713 74.84533683726264 82.09556157461837 67.5951120999069 349.42684323044057 35.023521915833896 -173.96842690366722 [0.0,68.90158960355372,85.38625672276542,101.87092384197706,118.3555909611887,134.84025808040036,151.32492519961204,167.80959231882375,184.29425943803537,200.77892655724713,223.31165323763852,245.8443799180301,268.3771065984217,290.90983327881315,313.4425599592046,335.9752866395963,358.5080133199878,381.04074000037934,403.57346668077076,426.1061933611624] [-17.511760957916948,-2.699458530293356,-1.8652177409964565,-1.2547293753696636,-0.8066725014895155,-0.4823464067097234,-0.2556777584274528,-0.10822024838552124,-0.026417747525812274,0.0,-0.03928473744068128,-0.15174066164786382,-0.32563218846132713,-0.5519086045299275,-0.8234345780424235,-1.1344794488140337,-1.480367080399816,-1.8572290650820662,-2.261826579596516,-2.6914190970350944] False 55214.65603222185 55228.65603222185
969.1477682383326 1116.9661194245136 1287.3303254983532 1.0777433550181559e-13 5.469429340435725e-14 7.67765662646873e-14 2.4505229481731716e-11 2.72087302804558e-08 0.03125408961838905 1.2427549865672418e-11 6.02030260917965e-12 6.693754504019637e-12 5.346850714339662e-12 2.4875628645316672e-11 1.5504776647239114e-05 7.511009677133233e-06 8.351217226088339e-06 6.670802128178128e-06 3.1035165440829205e-05 161.86644532693 78.41328288145435 87.18486420638963 69.64170155651907 324.00027580756756 19.315257732864552 -141.24138235912363 [0.0,34.539157653884,50.45506861301473,66.37097957214549,82.28689053127623,98.20280149040704,114.11871244953772,130.03462340866847,145.95053436779924,161.86644532693,186.90190109632016,211.93735686571034,236.9728126351006,262.0082684044906,287.04372417388083,312.0791799432711,337.1146357126612,362.1500914820514,387.1855472514418,412.22100302083174] [-9.657628866432276,-2.8068665294053403,-1.8310961760054738,-1.1837286555949902,-0.7382696441474934,-0.43048128686780274,-0.22299025478574208,-0.09203186808454689,-0.021511119061131012,0.0,-0.045771893313514056,-0.1691301327774397,-0.35405381546777903,-0.5890982210347318,-0.8657932552009697,-1.177688500514222,-1.5197542652871903,-1.8879900626820074,-2.2791597101521575,-2.690606790153879] False 55214.65603222185 55228.65603222185
1287.3303254983532 1483.6791717563765 1709.9759409858673 5.427815439291984e-14 2.7310096451519266e-14 3.8501190003441434e-14 1.6327805130798907e-11 2.4076280722443046e-08 0.021760796413661243 1.0687874642422644e-11 4.9486552955219864e-12 5.4637985699005795e-12 4.433512021143393e-12 2.0700819188574366e-11 2.3527259969591e-05 1.0893494126092022e-05 1.2027481017160597e-05 9.759507235023448e-06 4.5568793696357384e-05 277.5985532256875 128.53252834729653 141.91245957364427 115.15259712094881 537.6669964415131 17.629138392745205 -119.80134781632121 [0.0,62.36956595623598,89.27318936491739,116.1768127735988,143.0804361822803,169.9840595909617,196.8876829996432,223.79130640832463,250.694929817006,277.5985532256875,317.34603911764685,357.0935250096064,396.84101090156577,436.58849679352534,476.33598268548485,516.0834685774443,555.8309544694037,595.578440361363,635.3259262533227,675.073412145282] [-8.814569196372602,-2.703133930353829,-1.8084475391042218,-1.1912095113255958,-0.7543764246110527,-0.44584390277300656,-0.23401003608519488,-0.09809125755646164,-0.023602953427200646,0.0,-0.04187135234656125,-0.15891612488130136,-0.33757218320664606,-0.5677588310110053,-0.8417578338280833,-1.1535155495483451,-1.4981879276223253,-1.8718327912093429,-2.271195232222837,-2.6935539756000964] False 55214.65603222185 55228.65603222185
1709.9759409858673 1970.7884119509856 2271.3810595726877 2.6870626330748537e-14 1.3404402223882861e-14 1.897853217045539e-14 1.069405686308247e-11 2.094190508111673e-08 0.014666150249941223 3.93050412031371e-12 2.329694142215788e-12 2.650975850081414e-12 2.008412434350162e-12 9.05044319913165e-12 1.5266105378003015e-05 9.048548273940988e-06 1.0296408664915457e-05 7.80068788296652e-06 3.515198441887067e-05 207.10264023644987 122.75417936917759 139.68287042810877 105.82548831024641 476.87793333252733 18.31836188661802 -71.9523707656177 [0.0,32.54622609944952,54.365777866574554,76.18532963369961,98.00488140082467,119.82443316794972,141.64398493507468,163.4635367021996,185.2830884693249,207.10264023644987,249.66077930969243,292.21891838293493,334.7770574561773,377.33519652941976,419.8933356026624,462.45147467590465,505.0096137491471,547.56775282239,590.1258918956323,632.6840309688747] [-9.15918094330901,-2.6988921005648763,-1.6473172379840548,-1.0246479046995915,-0.623128200488253,-0.3572164383315908,-0.18314497256029938,-0.07546022991355983,-0.018034938913118026,0.0,-0.05093392884830905,-0.1865494377616983,-0.3842773736257499,-0.6295501660762994,-0.9124133994248353,-1.2257609620476728,-1.5643412066353193,-1.9241621467454308,-2.302117611901693,-2.6957426236336346] False 55214.65603222185 55228.65603222185
2271.3810595726877 2617.821317854317 3017.1020504598932 1.307595768676057e-14 6.467175816792561e-15 9.195896766124607e-15 6.8849820855004965e-12 1.7905590192921144e-08 0.00963843170735701 1.875548583847819e-12 1.3666943581535724e-12 1.5956627561209985e-12 1.1377259601861465e-12 5.0663564451953345e-12 1.2853112786672636e-05 9.365940654130423e-06 1.0935058441322793e-05 7.796822866938055e-06 3.4719682213716065e-05 203.95494115993904 148.62001965791242 173.5189940364514 123.72104527937347 550.9366377250482 13.054283437012032 -52.03644598939603 [0.0,17.577616731031775,40.87478228464518,64.17194783825859,87.46911339187203,110.76627894548542,134.0634444990989,157.36061005271225,180.65777560632569,203.95494115993904,259.4359040105716,314.91686686120414,370.39782971183666,425.87879256246947,481.359755413102,536.8407182637345,592.3216811143669,647.8026439649997,703.2836068156324,758.764569666265] [-6.527141718506016,-2.6697980322769936,-1.4715364764379473,-0.8756328375058828,-0.5191658922678144,-0.29288506783169055,-0.14868449255908445,-0.06103350541080488,-0.014734261545783056,0.0,-0.05653597636081997,-0.2027357708909605,-0.4098106098048149,-0.6609436461156974,-0.9454522399408916,-1.2561251257726553,-1.5878641410218393,-1.9369315180025524,-2.3005051083354715,-2.676401731645498] False 55214.65603222185 55228.65603222185
