data/4C+21.35_allsed_1d_min11.ecsv
# %ECSV 1.0
# ---
# datatype:
# - {name: e_min, unit: MeV, datatype: float64}
# - {name: e_ref, unit: MeV, datatype: float64}
# - {name: e_max, unit: MeV, datatype: float64}
# - {name: ref_dnde_e_min, unit: ph / (MeV s cm2), datatype: float64}
# - {name: ref_dnde_e_max, unit: ph / (MeV s cm2), datatype: float64}
# - {name: ref_dnde, unit: ph / (MeV s cm2), datatype: float64}
# - {name: ref_flux, unit: ph / (s cm2), datatype: float64}
# - {name: ref_eflux, unit: MeV / (s cm2), datatype: float64}
# - {name: ref_npred, datatype: float64}
# - {name: dnde, unit: ph / (MeV s cm2), datatype: float64}
# - {name: dnde_err, unit: ph / (MeV s cm2), datatype: float64}
# - {name: dnde_errp, unit: ph / (MeV s cm2), datatype: float64}
# - {name: dnde_errn, unit: ph / (MeV s cm2), datatype: float64}
# - {name: dnde_ul, unit: ph / (MeV s cm2), datatype: float64}
# - {name: e2dnde, unit: MeV / (s cm2), datatype: float64}
# - {name: e2dnde_err, unit: MeV / (s cm2), datatype: float64}
# - {name: e2dnde_errp, unit: MeV / (s cm2), datatype: float64}
# - {name: e2dnde_errn, unit: MeV / (s cm2), datatype: float64}
# - {name: e2dnde_ul, unit: MeV / (s cm2), datatype: float64}
# - {name: norm, datatype: float64}
# - {name: norm_err, datatype: float64}
# - {name: norm_errp, datatype: float64}
# - {name: norm_errn, datatype: float64}
# - {name: norm_ul, datatype: float64}
# - {name: ts, datatype: float64}
# - {name: loglike, datatype: float64}
# - {name: norm_scan, datatype: string, subtype: 'float64[20]'}
# - {name: dloglike_scan, datatype: string, subtype: 'float64[20]'}
# - {name: ShowUL, datatype: bool}
# - {name: tstart, datatype: float64}
# - {name: tend, datatype: float64}
# meta: !!omap
# - {UL_CONF: 0.95}
# - {EXTNAME: SED}
# - {CONFIG: '{"bin_index": 2.0, "use_local_index": true, "free_background": false, "free_radius": null, "free_pars": [], "ul_confidence":
#     0.95, "cov_scale": 3.0, "make_plots": false, "write_fits": true, "write_npy": true, "optimizer": {"optimizer": "MINUIT", "tol":
#     0.001, "max_iter": 100, "init_lambda": 0.0001, "retries": 3, "min_fit_quality": 2, "verbosity": 0}, "prefix": "", "outfile": null,
#     "loge_bins": []}'}
# - {SRCNAME: 4FGL J1224.9+2122}
# - {CREATOR: fermipy 1.2.0}
# - {STVER: 2.2.0}
# schema: astropy-2.0
e_min e_ref e_max ref_dnde_e_min ref_dnde_e_max ref_dnde ref_flux ref_eflux ref_npred dnde dnde_err dnde_errp dnde_errn dnde_ul e2dnde e2dnde_err e2dnde_errp e2dnde_errn e2dnde_ul norm norm_err norm_errp norm_errn norm_ul ts loglike norm_scan dloglike_scan ShowUL tstart tend
[from data line 928]
1287.3303254983532 1483.6791717563765 1709.9759409858673 5.4268777271236933e-14 2.73000758039603e-14 3.8490800632008287e-14 1.6323505362114303e-11 2.4069830259415608e-08 0.0016056620626038604 4.6746601701212634e-11 3.426674181827482e-11 3.9930907554675645e-11 2.8602576081873995e-11 1.2577686417223056e-10 0.00010290347592157537 7.543151188070666e-05 8.790006191985132e-05 6.2962961841562e-05 0.0002768730997081792 1214.4876420767139 890.2579643869291 1037.414314564031 743.1016142098272 3267.7123392345516 11.969349145641644 -23.79853636870306 [0.0,83.89072567506462,225.21534022527064,366.5399547754769,507.86456932568285,649.1891838758887,790.513798426095,931.8384129763012,1073.1630275265077,1214.4876420767139,1543.0703757030715,1871.6531093294288,2200.2358429557867,2528.8185765821454,2857.4013102085014,3185.984043834859,3514.5667774612175,3843.1495110875726,4171.732244713933,4500.3149783402905] [-5.984674572820822,-2.6477438749643945,-1.4205761023127437,-0.8349451232317904,-0.4883232308985157,-0.2701532028970064,-0.13275586670143724,-0.05099690715507066,-0.009947820768367421,0.0,-0.06394730356603873,-0.21310150902741753,-0.42059909849621846,-0.6705809570182133,-0.9528946114497394,-1.2606460206046926,-1.5889384322762723,-1.9341680822433602,-2.2936054189072514,-2.665133279713409] False 55383.699990555186 55384.699990555186
2271.3810595726877 2617.821317854317 3017.1020504598932 1.3307304261223122e-14 6.621663251066054e-15 9.387038276117558e-15 7.0266115646595196e-12 1.82765361791469e-08 0.0007264461313026827 1.3026668834953302e-11 1.3141514980488753e-11 1.6482014353536164e-11 9.801015607441339e-12 4.75493148383327e-11 8.92716110967316e-05 9.005865040586717e-05 0.00011295105403398422 6.71662467777501e-05 0.0003258549054977111 1387.72938298288 1399.963928337579 1755.8269039415338 1044.1009527336241 5065.422494260768 11.864042174444116 -15.543776143942576 [0.0,154.19215366476445,308.3843073295289,462.5764609942932,616.7686146590578,770.9607683238222,925.1529219885864,1079.3450756533516,1233.5372293181156,1387.72938298288,1989.3192335270799,2590.9090840712806,3192.4989346154807,3794.0887851596813,4395.678635703885,4997.268486248085,5598.858336792286,6200.448187336485,6802.03803788068,7403.627888424884] [-5.932021087222058,-1.304137721838945,-0.7260291224342659,-0.4326851697344818,-0.25639386839759304,-0.1443496463934295,-0.07298250264873829,-0.029704166142998645,-0.006994485237564518,0.0,-0.07196025443287013,-0.23971744887426816,-0.46286295292361856,-0.7221586490891774,-1.0069249186192764,-1.3106136578678758,-1.6289185652718992,-1.9588558068068274,-2.2982724204384475,-2.6455638454998187] False 55383.699990555186 55384.699990555186
3017.1020504598932 3477.2827010020824 4007.6519721450045 6.482684609358086e-15 3.2082151900442093e-15 4.560465681924201e-15 4.535326823642364e-12 1.566753655480812e-08 0.0004737492527287779 1.9111713837617524e-11 1.357650222587443e-11 1.5849556270467692e-11 1.1303448181281169e-11 5.082446806781981e-11 0.00023108919197812756 0.00016416020854661772 0.00019164483012219655 0.00013667558697103886 0.0006145438006398468 4190.737343637613 2976.9990989486155 3475.4249622552306 2478.5732356420003 11144.578561191014 30.23741164582595 -7.031663264012233 [0.0,452.3494386356533,919.6479267608984,1386.9464148861427,1854.2449030113887,2321.5433911366335,2788.841879261879,3256.140367387122,3723.4388555123687,4190.737343637613,5302.9409256130575,6415.1445075884985,7527.348089563943,8639.551671539382,9751.75525351483,10863.958835490272,11976.162417465714,13088.365999441157,14200.569581416592,15312.77316339204] [-15.118705822912975,-2.6777931884079313,-1.4820977215637763,-0.8823931480465426,-0.5233522695292363,-0.29541818596811353,-0.1501404027575184,-0.06178189845529758,-0.015022512052907722,0.0,-0.05622486582409447,-0.2023886760449125,-0.4095726903536141,-0.6608929317151349,-0.9456288132259996,-1.256546121595922,-1.5885320825378946,-1.937839244715513,-2.3016388383861264,-2.677743044416137] False 55383.699990555186 55384.699990555186
100.0 115.25240587974294 132.83117061068992 1.1383999151090646e-12 8.434390398250576e-13 9.798831212632023e-13 3.206325917394532e-11 3.7063933964768234e-09 0.000883753875745699 1.9627281448859042e-08 5.54749275315574e-09 5.939121890074976e-09 5.1558636162365044e-09 2.997854300558082e-08 0.0002607114770757427 7.368799563559968e-05 7.88900513058233e-05 6.848593996537605e-05 0.00039820849606342145 20030.22709846948 5661.382090145883 6061.051324589244 5261.712855702522 30593.998768888283 28.90388383289178 -193.3031606102394 [0.0,8775.314423653683,10182.17850800566,11589.042592357635,12995.906676709608,14402.770761061578,15809.63484541355,17216.49892976552,18623.36301411749,20030.22709846948,21594.141742687698,23158.05638690591,24721.97103112412,26285.885675342328,27849.80031956054,29413.714963778748,30977.629607996976,32541.5442522152,34105.4588964334,35669.37354065162] [-14.45194191644589,-2.699642682634135,-1.9594955426379386,-1.3705474034974827,-0.9094334064789678,-0.5580412385048135,-0.30201096102771885,-0.12974196706161933,-0.03171256177745363,0.0,-0.03449623837582294,-0.1349865493150446,-0.2949346201864671,-0.5087626517940862,-0.7716687339205919,-1.0794863290740295,-1.4285746194869091,-1.8157318496159291,-2.2381260564684737,-2.693239123791159] False 55313.699990555186 55314.699990555186
132.83117061068992 153.091119887046 176.4411988580621 1.1540624341771264e-12 8.181562835353512e-13 9.717013080747188e-13 4.224028941315138e-11 6.4791483670998265e-09 0.0016458304062452155 5.042982380753775e-09 2.1435661535815476e-09 2.3311640521542295e-09 1.9559682550088665e-09 9.200724998090413e-09 0.000118191828313492 5.0238526267635735e-05 5.4635237766112186e-05 4.584181476915929e-05 0.00021563638879329474 5189.848298903385 2205.99286608835 2399.054146353969 2012.9315858227317 9468.676147323788 11.699087208478119 -121.97497764250541 [0.0,1135.934099983794,1642.6733748487438,2149.4126497136926,2656.1519245786403,3162.891199443591,3669.6304743085375,4176.369749173488,4683.109024038437,5189.848298903385,5835.278238245869,6480.708177588358,7126.138116930841,7771.5680562733305,8416.997995615813,9062.427934958305,9707.857874300787,10353.287813643276,10998.717752985762,11644.147692328246] [-5.849543604239059,-2.693576810530189,-1.8797307971050117,-1.2730307636996514,-0.821535554221299,-0.49138431405538086,-0.2591375063050094,-0.10782355118122666,-0.024716061556247837,0.0,-0.04099987649047421,-0.15171184862988696,-0.32235927237343276,-0.5451741355518038,-0.8138705530814576,-1.123282149685096,-1.4691052731045886,-1.8477127486611806,-2.256015957297805,-2.691360816542627] False 55313.699990555186 55314.699990555186
176.4411988580621 203.35272664697808 234.36890988269914 1.0711739361378636e-12 7.266329434646115e-13 8.822416166665618e-13 5.095804159735367e-11 1.037172032989911e-08 0.0025745987582018875 4.3068310317194185e-09 1.3889446821552914e-09 1.5026268590397846e-09 1.2752625052707981e-09 6.96630220354273e-09 0.00017809750425717334 5.7436100841033823e-05 6.213712389778647e-05 5.273507778428118e-05 0.00028807283759560204 4881.691081398125 1574.3359369094862 1703.191994861079 1445.4798789578938 7896.138735626665 28.06947479133862 -137.8806316971495 [0.0,1907.4008001909338,2279.1870853418336,2650.9733704927307,3022.7596556436297,3394.54594079453,3766.3322259454276,4138.118511096328,4509.904796247226,4881.691081398125,5331.953467759488,5782.215854120854,6232.478240482221,6682.74062684359,7133.003013204955,7583.265399566322,8033.527785927686,8483.790172289051,8934.05255865042,9384.314945011783] [-14.03473739566931,-2.6969961274165826,-1.923537844691083,-1.326348103339825,-0.8699349189604675,-0.5288927694899144,-0.2843465941558634,-0.12185259477359978,-0.0300886065585928,0.0,-0.03568378840952846,-0.14048226814875875,-0.3058317556654231,-0.5247155675762372,-0.7913066227712875,-1.1007086047376333,-1.4487645657755195,-1.831912796648993,-2.247076525004246,-2.6915782809635687] False 55313.699990555186 55314.699990555186
234.36890988269914 270.1158072739371 311.3149665447022 9.103050069344162e-13 5.90867549933518e-13 7.333959974935461e-13 5.6294396995730273e-11 1.5203731579556455e-08 0.003435112303153031 2.945360818163725e-09 8.671643743505345e-10 9.347569393989112e-10 7.995718093021577e-10 4.592798842539173e-09 0.0002149010340171667 6.327052344879136e-05 6.820224931110007e-05 5.833879758648266e-05 0.0003351023121540181 4016.0579389985614 1182.395837056863 1274.559641167304 1090.232032946422 6262.372385771835 43.42451742207277 -120.80274713532629 [0.0,1781.1434442582274,2060.507756100769,2339.8720679433104,2619.236379785853,2898.6006916283964,3177.965003470938,3457.329315313477,3736.693627156019,4016.0579389985614,4350.6669535078945,4685.2759680172285,5019.884982526561,5354.493997035892,5689.103011545228,6023.712026054558,6358.321040563893,6692.930055073225,7027.539069582559,7362.148084091892] [-21.712258711036384,-2.696985466968016,-1.9331807074027836,-1.3385664975608478,-0.8812201861240965,-0.5377107270111168,-0.2902857947727,-0.12514619065288457,-0.03133590728549507,0.0,-0.03458876692369017,-0.13821882857587298,-0.3025632908356499,-0.5207444242516601,-0.7870117871707691,-1.0965057491039545,-1.4450804323130626,-1.829168908241499,-2.2456790294901197,-2.6919118586173028] False 55313.699990555186 55314.699990555186
311.3149665447022 358.7979888064861 413.52331434760555 7.082883662893854e-13 4.39907572264498e-13 5.581947829186068e-13 5.6948747073831603e-11 2.0408738532884028e-08 0.004027435829021073 2.0187788734780497e-09 5.499439036523539e-10 6.045251362466009e-10 4.953626710581069e-10 3.0564696104862143e-09 0.0002598895105386028 7.079757660513917e-05 7.782414598818097e-05 6.377100722209737e-05 0.00039347766190798365 3616.620819926971 985.2186377968065 1083.0003338364231 887.43694175719 5475.632707466371 66.33683933984616 -99.04483231660399 [0.0,1758.5292260052734,1990.7906752454862,2223.0521244856973,2455.313573725909,2687.5750229661226,2919.836472206335,3152.0979214465483,3384.359370686758,3616.620819926971,3893.182222793916,4169.743625660859,4446.305028527807,4722.866431394747,4999.427834261694,5275.989237128638,5552.550639995579,5829.112042862526,6105.673445729473,6382.2348485964185] [-33.16841966992308,-2.698506106821739,-1.9358097443692799,-1.3403873043306618,-0.8817489194127575,-0.5371229080386684,-0.28903756846035833,-0.1237851341129641,-0.030406868466258175,0.0,-0.035836881181595004,-0.14044610573125738,-0.3055135637339106,-0.524155314625034,-0.7906059716719085,-1.0999878471783262,-1.4481369168694584,-1.8314695685816105,-2.2468791526980993,-2.6916546603606264] False 55313.699990555186 55314.699990555186
413.52331434760555 476.5900816815941 549.2752115212968 5.045766073541006e-13 2.998787339138531e-13 3.8898816714123235e-13 5.275169473869243e-11 2.508480025194542e-08 0.004216773192132692 1.6940372008901665e-09 4.0395831453344714e-10 4.336153926032523e-10 3.743012364636419e-10 2.452590288646442e-09 0.0003847804012313452 9.175432644881773e-05 9.849057898982012e-05 8.501807390781534e-05 0.0005570767128523434 4354.983888944627 1038.4848400459941 1114.726434456853 962.2432456351354 6305.051145054407 125.89039640444085 -117.86113293712607 [0.0,2327.6615674600916,2581.076857645659,2834.492147831227,3087.907438016793,3341.3227282023586,3594.7380183879272,3848.153308573491,4101.5685987590605,4354.983888944627,4645.046085324056,4935.108281703479,5225.170478082911,5515.232674462336,5805.294870841765,6095.3570672211945,6385.419263600618,6675.481459980048,6965.543656359475,7255.6058527389005] [-62.945198202220425,-2.7038453663590616,-1.9523668052268732,-1.3589361516730634,-0.8975729454541153,-0.5482877435956226,-0.295361576261314,-0.12620347684553224,-0.030567297425676543,0.0,-0.03584916651078629,-0.13890011202833819,-0.30178811467972366,-0.5183093249973183,-0.7831874570930211,-1.091896510576717,-1.4405240764814664,-1.8256645384135624,-2.2443346319005286,-2.693905956253815] False 55313.699990555186 55314.699990555186
549.2752115212968 633.0528961793416 729.6086933380817 3.2912569883689684e-13 1.8715908748436595e-13 2.481911873172932e-13 4.47537031655291e-11 2.823874056495242e-08 0.003945628029923251 6.52635329458925e-10 2.1042388134431025e-10 2.2969604046249796e-10 1.9115172222612257e-10 1.0650577262904788e-09 0.0002615475040965812 8.432862654485411e-05 9.205205935394386e-05 7.660519373576435e-05 0.00042682824152501914 2629.5668936245565 847.829786459338 925.4802434578363 770.1793294608398 4291.27938748641 63.16271864813123 -78.4175645707187 [0.0,1093.5167993295051,1285.5230611163872,1477.5293229032682,1669.5355846901498,1861.541846477031,2053.5481082639135,2245.5543700507938,2437.5606318376736,2629.5668936245565,2879.330222454791,3129.0935512850256,3378.856880115262,3628.620208945497,3878.383537775731,4128.146866605967,4377.910195436201,4627.673524266435,4877.436853096674,5127.200181926908] [-31.581359324065616,-2.694825720425243,-1.901049812137856,-1.300111793896889,-0.8478405436180623,-0.5139064328020879,-0.2765403974419627,-0.11956362328960779,-0.030608768282135657,0.0,-0.034973915623680796,-0.14232178555253938,-0.31157587905171624,-0.534414271027785,-0.804107364891081,-1.1151329424505718,-1.4629014909240396,-1.8435558228158868,-2.253822029938007,-2.6908967051665087] False 55313.699990555186 55314.699990555186
729.6086933380817 840.8915725798939 969.1477682383326 1.9655170024142027e-13 1.0694834071370446e-13 1.449857862180889e-13 3.4765652763412294e-11 2.910812730841242e-08 0.0033366657461373628 5.812534006314291e-10 1.6255910290905184e-10 1.7558478561709547e-10 1.495334202010082e-10 8.912058589957104e-10 0.00041100348724270734 0.00011494532007225527 0.0001241557625589697 0.00010573487758554083 0.0006301704480360228 4009.0371324889943 1121.2071689877862 1211.0482702971951 1031.3660676783772 6146.849855027518 106.58894314065492 -91.25422525074376 [0.0,1898.9267109268224,2162.6905136220935,2426.4543163173657,2690.2181190126375,2953.981921707908,3217.745724403179,3481.509527098452,3745.2733297937207,4009.0371324889943,4329.305000829098,4649.572869169203,4969.840737509308,5290.108605849414,5610.376474189521,5930.644342529625,6250.912210869731,6571.1800792098375,6891.44794754994,7211.715815890044] [-53.29447157032746,-2.6983374851358235,-1.9221019924992788,-1.3225735703284869,-0.86486004313754,-0.5235767789443599,-0.2796612212959815,-0.11842300566189579,-0.028294601391749552,0.0,-0.037989481042288276,-0.14510200051310562,-0.3124911526092973,-0.532920907656063,-0.8003952044990967,-1.1098885884668306,-1.4571464543758168,-1.838534323583346,-2.2509223556380675,-2.691595630303354] False 55313.699990555186 55314.699990555186
969.1477682383326 1116.9661194245136 1287.3303254983532 1.074702002273603e-13 5.5954294613978294e-14 7.754623940427373e-14 2.4730794389017495e-11 2.7475767893103935e-08 0.002540572998116511 1.2071860868685986e-10 6.078205361605729e-11 6.819960324153881e-11 5.336450399057577e-11 2.4949058941398273e-10 0.00015061014319687452 7.583249921858105e-05 8.50867328733241e-05 6.657826556383801e-05 0.0003112677805572047 1556.7306630759304 783.8169082472291 879.4701556833998 688.1636608110585 3217.3138417880878 34.34941595264337 -23.85185281919148 [0.0,357.47210625494,507.37942585756366,657.2867454601876,807.1940650628118,957.1013846654349,1107.008704268059,1256.9160238706822,1406.8233434733067,1556.7306630759304,1815.8718622256133,2075.013061375296,2334.154260524978,2593.2954596746595,2852.436658824342,3111.5778579740263,3370.7190571237084,3629.8602562733895,3889.001455423072,4148.142654572757] [-17.174707976321685,-2.693014832458765,-1.727606764967721,-1.1032851059989675,-0.6816165334820141,-0.39441413119163116,-0.2030072755877832,-0.08333185196063297,-0.019388993810927957,0.0,-0.048868500993783925,-0.17845277731286657,-0.36985194302956614,-0.6101138792529426,-0.8899741224629771,-1.20257646680707,-1.5427044080346626,-1.9062966585564638,-2.290129361679405,-2.6916005849435365] False 55313.699990555186 55314.699990555186
