data/4C+21.35_allsed_14d_min11.ecsv
# %ECSV 1.0
# ---
# datatype:
# - {name: e_min, unit: MeV, datatype: float64}
# - {name: e_ref, unit: MeV, datatype: float64}
# - {name: e_max, unit: MeV, datatype: float64}
# - {name: ref_dnde_e_min, unit: ph / (MeV s cm2), datatype: float64}
# - {name: ref_dnde_e_max, unit: ph / (MeV s cm2), datatype: float64}
# - {name: ref_dnde, unit: ph / (MeV s cm2), datatype: float64}
# - {name: ref_flux, unit: ph / (s cm2), datatype: float64}
# - {name: ref_eflux, unit: MeV / (s cm2), datatype: float64}
# - {name: ref_npred, datatype: float64}
# - {name: dnde, unit: ph / (MeV s cm2), datatype: float64}
# - {name: dnde_err, unit: ph / (MeV s cm2), datatype: float64}
# - {name: dnde_errp, unit: ph / (MeV s cm2), datatype: float64}
# - {name: dnde_errn, unit: ph / (MeV s cm2), datatype: float64}
# - {name: dnde_ul, unit: ph / (MeV s cm2), datatype: float64}
# - {name: e2dnde, unit: MeV / (s cm2), datatype: float64}
# - {name: e2dnde_err, unit: MeV / (s cm2), datatype: float64}
# - {name: e2dnde_errp, unit: MeV / (s cm2), datatype: float64}
# - {name: e2dnde_errn, unit: MeV / (s cm2), datatype: float64}
# - {name: e2dnde_ul, unit: MeV / (s cm2), datatype: float64}
# - {name: norm, datatype: float64}
# - {name: norm_err, datatype: float64}
# - {name: norm_errp, datatype: float64}
# - {name: norm_errn, datatype: float64}
# - {name: norm_ul, datatype: float64}
# - {name: ts, datatype: float64}
# - {name: loglike, datatype: float64}
# - {name: norm_scan, datatype: string, subtype: 'float64[20]'}
# - {name: dloglike_scan, datatype: string, subtype: 'float64[20]'}
# - {name: ShowUL, datatype: bool}
# - {name: tstart, datatype: float64}
# - {name: tend, datatype: float64}
# meta: !!omap
# - {UL_CONF: 0.95}
# - {EXTNAME: SED}
# - {CONFIG: '{"bin_index": 2.0, "use_local_index": true, "free_background": false, "free_radius": null, "free_pars": [], "ul_confidence":
#     0.95, "cov_scale": 3.0, "make_plots": false, "write_fits": true, "write_npy": true, "optimizer": {"optimizer": "MINUIT", "tol":
#     0.001, "max_iter": 100, "init_lambda": 0.0001, "retries": 3, "min_fit_quality": 2, "verbosity": 0}, "prefix": "", "outfile": null,
#     "loge_bins": []}'}
# - {SRCNAME: 4FGL J1224.9+2122}
# - {CREATOR: fermipy 1.2.0}
# - {STVER: 2.2.0}
# schema: astropy-2.0
e_min e_ref e_max ref_dnde_e_min ref_dnde_e_max ref_dnde ref_flux ref_eflux ref_npred dnde dnde_err dnde_errp dnde_errn dnde_ul e2dnde e2dnde_err e2dnde_errp e2dnde_errn e2dnde_ul norm norm_err norm_errp norm_errn norm_ul ts loglike norm_scan dloglike_scan ShowUL tstart tend
[from data line 508]
1709.9759409858673 1970.7884119509856 2271.3810595726877 2.290191021671616e-14 1.04981111551127e-14 1.5505702148548345e-14 8.765080442728781e-12 1.7130299055839318e-08 0.012579450652509427 9.145226086503289e-12 3.476408370583664e-12 3.828302824375964e-12 3.1245139167913648e-12 1.612486979606149e-11 3.552012181355462e-05 1.35023943234198e-05 1.4869154832781458e-05 1.2135633814058144e-05 6.262910659246563e-05 589.7976111555495 224.20193147519785 246.89645058958988 201.50741236080586 1039.9316097769306 45.00309081567394 -83.60607234032659 [0.0,204.10458691931206,252.31621494884183,300.52784297837127,348.73947100790105,396.95109903743065,445.1627270669604,493.3743550964902,541.5859831260198,589.7976111555495,658.224848336966,726.652085518383,795.0793226997996,863.5065598812167,931.9337970626332,1000.3610342440501,1068.7882714254667,1137.2155086068838,1205.6427457883,1274.0699829697173] [-22.50154540783697,-2.6974399156435993,-1.8572483579044103,-1.2466122513467752,-0.8007369442402847,-0.47917458937766355,-0.2549087023513863,-0.10896190050812038,-0.027473518947829234,0.0,-0.03830907476536538,-0.15192917808640516,-0.32790834608235286,-0.5563961858027824,-0.8297219131103759,-1.1417924905264556,-1.4876858054211368,-1.8633674618428415,-2.2654885819811454,-2.6912382473648506] False 55494.65603222185 55508.65603222185
2271.3810595726877 2617.821317854317 3017.1020504598932 9.950551322073095e-15 4.47750115239693e-15 6.674848688290036e-15 5.015839083602935e-12 1.3015577179501341e-08 0.007309343449246164 2.742376780736301e-12 1.6344652890780622e-12 1.8578539291087192e-12 1.4110766490474052e-12 6.3245872710281395e-12 1.8793476410001595e-05 1.1200971751594146e-05 1.2731851522079697e-05 9.670091981108596e-06 4.3342323533366086e-05 410.85227677855323 244.8692645191302 278.33648609413865 211.40204294412177 947.5251899153347 17.667959890461532 -49.31117072722911 [0.0,61.116592055987084,104.8335526463079,148.55051323662866,192.26747382694936,235.9844344172703,279.701395007591,323.4183555979117,367.1353161882326,410.85227677855323,495.60752559049433,580.3627744024357,665.1180232143769,749.8732720263181,834.6285208382591,919.3837696502001,1004.1390184621412,1088.8942672740827,1173.649516086024,1258.4047648979652] [-8.833979945230766,-2.702852372085488,-1.6458986411257328,-1.0214985392519793,-0.6195427723960307,-0.35383625584739065,-0.18033736817828583,-0.07345396205946741,-0.01698044964025769,0.0,-0.05257703094289923,-0.18912030762903242,-0.387312132682915,-0.6327249986106267,-0.9154891700712113,-1.2285530983538138,-1.5667021408243755,-1.9259704912278295,-2.3032711715045266,-2.69615370620366] False 55494.65603222185 55508.65603222185
3017.1020504598932 3477.2827010020824 4007.6519721450045 4.16601459068375e-15 1.84017214379768e-15 2.768787460321017e-15 2.7659337089005513e-12 9.529553043959297e-09 0.0040539684185505465 2.7311289448766356e-12 1.3809099670212783e-12 1.5520234569991361e-12 1.2097964770434206e-12 5.66841032937991e-12 3.3023431934050734e-05 1.6697265937782107e-05 1.8766283843319664e-05 1.4628248032244547e-05 6.853955505751593e-05 986.398914331975 498.7417730002193 560.5426488095957 436.9408971908429 2047.2536843700914 36.14424297200151 -34.33143081644893 [0.0,227.45269324752536,322.32097088308166,417.1892485186377,512.0575261541939,606.9258037897505,701.7940814253067,796.6623590608624,891.5306366964186,986.398914331975,1151.6889735941631,1316.9790328563518,1482.26909211854,1647.5591513807278,1812.8492106429167,1978.1392699051044,2143.429329167294,2308.7193884294816,2474.009447691669,2639.299506953859] [-18.072121486000754,-2.6933534269647765,-1.7322312915757863,-1.1094072025467696,-0.6878776770754769,-0.40006119667941675,-0.20758662969859643,-0.08655473545892534,-0.02106477079584579,0.0,-0.04649263495640099,-0.17467113219724695,-0.3653438103411446,-0.6053833282678411,-0.8854130551852109,-1.1985014171194592,-1.5393792042856091,-1.903947008353967,-2.288952589844996,-2.691772341853472] False 55494.65603222185 55508.65603222185
4007.6519721450045 4618.915317184078 5323.411028602609 1.6807094260795547e-15 7.287514040259093e-16 1.106715570512613e-15 1.4697734924666197e-12 6.723450927848185e-09 0.0021519737116415527 1.4985390011389033e-12 8.917309016481757e-13 1.0178634079154791e-12 7.655983953808727e-13 3.4748402976731647e-12 3.197039855798294e-05 1.902452476078005e-05 2.1715483416789818e-05 1.633356610477028e-05 7.413355885800783e-05 1354.0416716508319 805.7453291590903 919.7154490597985 691.7752092583821 3139.7771841808226 26.337168556886326 -62.9221856471959 [0.0,221.50131087977303,363.06885597615536,504.6364010725379,646.2039461689201,787.7714912653029,929.339036361685,1070.9065814580676,1212.4741265544503,1354.0416716508319,1635.4963290849155,1916.9509865189996,2198.4056439530827,2479.860301387166,2761.314958821248,3042.769616255333,3324.2242736894163,3605.6789311235,3887.133588557583,4168.588245991664] [-13.168584278443163,-2.701258709055139,-1.6542941151524673,-1.0330778227416317,-0.631555223179916,-0.364810141344293,-0.18935911313283071,-0.07989705993758633,-0.02038252865889234,0.0,-0.04753693272186865,-0.18182255360597566,-0.37934442804532154,-0.6250216294317497,-0.9085994896089176,-1.2227869171773165,-1.562213927745674,-1.922810788088512,-2.3014193558717153,-2.6955396102652003] False 55494.65603222185 55508.65603222185
7071.149185711414 8149.575733880153 9392.473966813408 2.4475591857600736e-16 1.0227023252093489e-16 1.5821265658487424e-16 3.713432997459643e-13 2.994578696604696e-09 0.000552457862893263 2.812217503362549e-13 2.875131582302752e-13 3.6054392132561544e-13 2.1448239513493496e-13 1.0413769724755688e-12 1.867750696269874e-05 1.9095354496202954e-05 2.3945735324049502e-05 1.4244973668356405e-05 6.916366045993936e-05 1777.4921198253917 1817.2576356180255 2278.8563766527695 1355.6588945832816 6582.134419296064 12.488376745933742 -17.68948480042577 [0.0,197.4991244250434,394.9982488500868,592.4973732751303,789.9964977001736,987.4956221252178,1184.9947465502605,1382.4938709753044,1579.9929954003471,1777.4921198253917,2565.7724546351565,3354.052789444922,4142.333124254687,4930.613459064454,5718.89379387422,6507.174128683987,7295.454463493751,8083.734798303517,8872.015133113278,9660.295467923046] [-6.244188372966871,-1.318800094012424,-0.7379907180374303,-0.4426923514107628,-0.2646329258619211,-0.15089417073366107,-0.07786842586873988,-0.032951259835030555,-0.00861443547557883,0.0,-0.06853024686841636,-0.23610177541212352,-0.46044826585672993,-0.7216568609589977,-1.0087439569496262,-1.3150043999110714,-1.6360426250631122,-1.9688203582846384,-2.3111495866716716,-2.6614021934495717] False 55494.65603222185 55508.65603222185
100.0 115.25240587974294 132.83117061068992 2.2910063088646554e-11 1.1722899563787417e-11 1.638817770797706e-11 5.395783707511363e-10 6.182989540087526e-08 0.1604394705350411 5.6806293947255075e-09 1.0243475339163824e-09 1.0738219064587554e-09 9.748731613740092e-10 7.495039088213167e-09 7.545646523068848e-05 1.360652820422866e-05 1.426370208623194e-05 1.294935432222538e-05 9.955748158602339e-05 346.629716613362 62.505273750953656 65.52418002741483 59.486367474492475 457.3442649798033 57.939744683032586 -680.8061533127321 [0.0,212.1691803385393,228.9767473728921,245.78431440724495,262.5918814415979,279.3994484759507,296.2070155103036,313.01458254465643,329.8221495790091,346.629716613362,362.6006885754342,378.57166053750626,394.54263249957813,410.5136044616502,426.4845764237225,442.4555483857945,458.4265203478665,474.39749230993857,490.3684642720106,506.3394362340826] [-28.969872341516293,-2.706909358264852,-2.0199106372127744,-1.447737031168117,-0.9816321541055686,-0.6138779676340391,-0.3376307680532591,-0.14678900133208117,-0.035885675074950996,0.0,-0.031352511531395066,-0.12295122168166017,-0.2716216967469336,-0.474451392856281,-0.7287605163830904,-1.0320769187402448,-1.3821143637979958,-1.7767536306525926,-2.2140260127195006,-2.6920988522136895] False 55508.65603222185 55522.65603222185
132.83117061068992 153.091119887046 176.4411988580621 1.2497460530553737e-11 6.337567213666284e-12 8.899634605562522e-12 3.893345620984005e-10 5.9248147573022116e-08 0.1796085270182364 4.079403427134594e-09 5.607699496483942e-10 5.853635031910016e-10 5.361763961057866e-10 5.0611248581893295e-09 9.560853341892808e-05 1.3142704179407009e-05 1.3719100612799281e-05 1.2566307746014737e-05 0.00011861703157940625 458.3787546271679 63.01044643989059 65.7738805169746 60.247012362806586 568.6890622482393 118.07347328064975 -821.2575936269587 [0.0,320.0329138058837,337.32614390854434,354.61937401120485,371.91260411386537,389.20583421652583,406.49906431918623,423.7922944218468,441.08552452450704,458.3787546271679,474.30698031595176,490.235206004736,506.1634316935201,522.0916573823044,538.0198830710888,553.9481087598725,569.8763344486567,585.8045601374413,601.7327858262254,617.6610115150097] [-59.036736640324875,-2.708756252721855,-2.0268970484360125,-1.4557685671285299,-0.9882406233791698,-0.61789543220209,-0.33893227558451144,-0.14608796043410166,-0.03456998257888699,0.0,-0.03277385096271246,-0.12453005480131196,-0.27258851199837864,-0.4744586624111662,-0.7278213937481723,-1.0305131068114406,-1.3805116314366614,-1.7759237371180916,-2.2149740231405985,-2.695995006546923] False 55508.65603222185 55522.65603222185
176.4411988580621 203.35272664697808 234.36890988269914 6.695782738850201e-12 3.3650707790328084e-12 4.746765513194961e-12 2.759169522428786e-10 5.576196393583126e-08 0.1757400860913808 2.005106277542387e-09 2.806122500321422e-10 2.9413407514877826e-10 2.670904249155061e-10 2.5017988204988866e-09 8.291581935085187e-05 1.1603970767983056e-05 1.216312976180906e-05 1.104481177415705e-05 0.0001034552140083631 422.4152787763867 59.1165182379669 61.96515802837752 56.26787844755628 527.0533826759375 134.01486004007188 -739.6174851838134 [0.0,294.19780877061856,310.2249925213398,326.25217627206075,342.27936002278176,358.30654377350277,374.3337275242236,390.36091127494444,406.3880950256658,422.4152787763867,437.5257066046452,452.63613443290353,467.7465622611616,482.85699008942015,497.9674179176787,513.0778457459368,528.1882735741955,543.2987014024537,558.4091292307121,573.5195570589703] [-67.00743002003594,-2.707564796916131,-2.0237860177811626,-1.4527596599496064,-0.9864628182604065,-0.6177498501026548,-0.3402251249826804,-0.1481384425160286,-0.036298385789223175,0.0,-0.03111233331776475,-0.1222843041679198,-0.2704983940575403,-0.47297176604240576,-0.7271318020034414,-1.0305948047432594,-1.3811473801169996,-1.7767300996011954,-2.215423112106123,-2.695433429091736] False 55508.65603222185 55522.65603222185
234.36890988269914 270.1158072739371 311.3149665447022 3.5234249383910395e-12 1.7548900809223818e-12 2.4866088303665715e-12 1.920528727467107e-10 5.154521622007428e-08 0.15328345733669235 8.623254001136438e-10 1.3867279909170095e-10 1.4625536980229489e-10 1.3109022838110701e-10 1.1107508849802166e-09 6.291745955228087e-05 1.0117920945740234e-05 1.0671164635330301e-05 9.564677256150167e-06 8.104321624898548e-05 346.78771730514666 55.76783826962363 58.81720036389245 52.718476175354816 446.6930509598776 106.24984336619718 -568.5447744975619 [0.0,228.00764436685432,242.85515348414083,257.7026626014274,272.55017171871384,287.39768083600046,302.2451899532868,317.09269907057364,331.9402081878602,346.78771730514666,361.24295758160235,375.69819785805794,390.1534381345134,404.60867841096905,419.0639186874247,433.5191589638805,447.97439924033563,462.42963951679184,476.8848797932472,491.34012006970295] [-53.12492168309859,-2.696081879404346,-2.0049952209230923,-1.4324767276106058,-0.9684003849935152,-0.6039369676286697,-0.3313365606422849,-0.14375555006404284,-0.03511747514266972,0.0,-0.031811049480211295,-0.12465650684498542,-0.27487274713610077,-0.47912876007023897,-0.7343862549388405,-1.0378656539938902,-1.3870169507721357,-1.7794946131509732,-2.2131358691011656,-2.685941837120822] False 55508.65603222185 55522.65603222185
311.3149665447022 358.7979888064861 413.52331434760555 1.8210119058792e-12 8.988551809396371e-13 1.2793850030980814e-12 1.3129561700900704e-10 4.6797827230574664e-08 0.12369754939896538 3.2703027650129656e-10 7.203249064427217e-11 7.671243623935231e-11 6.735254504919205e-11 4.5877935313288835e-10 4.210056861987961e-05 9.27317448302984e-06 9.875651944049243e-06 8.670697022010439e-06 5.906141732378277e-05 255.6152180222372 56.302434740006056 59.96039976519195 52.64446971482017 358.59366181558795 51.75878679586265 -479.437723365823 [0.0,139.35883697223127,153.89088460348202,168.42293223473274,182.95497986598352,197.4870274972342,212.0190751284849,226.55112275973565,241.08317039098637,255.6152180222372,270.6080075031442,285.60079698405116,300.5935864649583,315.58637594586537,330.5791654267723,345.57195490767947,360.56474438858646,375.55753386949374,390.5503233504006,405.5431128313078] [-25.879393397931324,-2.6898192346847623,-1.9783617121927932,-1.399532411724067,-0.9377121145020055,-0.5800575360674429,-0.31585907132966895,-0.13607775458569904,-0.0330038266654924,0.0,-0.033291862955707074,-0.1295174920262525,-0.2838353600957362,-0.4919734169457115,-0.7501404340347904,-1.05495428526865,-1.403383373492204,-1.7926983757955668,-2.220432172089204,-2.6843463246913757] False 55508.65603222185 55522.65603222185
413.52331434760555 476.5900816815941 549.2752115212968 9.243663866078721e-13 4.522082426254034e-13 6.465339118947598e-13 8.815319355915789e-11 4.172697696859321e-08 0.0953273263225295 2.4078217245732366e-10 4.5880427759914196e-11 4.847878114460111e-11 4.328207437522728e-11 3.240252683345532e-10 5.469080660023289e-05 1.0421193461896196e-05 1.1011378528301638e-05 9.83100839549075e-06 7.35984857318061e-05 372.4200200909448 70.96368328995314 74.98258057729274 66.94478600261353 501.172888804782 96.57795795292452 -402.50959322703574 [0.0,226.73855530710745,244.9487384050871,263.15892150306684,281.3691046010465,299.5792876990262,317.7894707970058,335.99965389498533,354.2098369929651,372.4200200909448,391.23360329838937,410.04718650583374,428.86076971327856,447.67435292072327,466.48793612816786,485.3015193356122,504.11510254305716,522.9286857505016,541.7422689579462,560.5558521653907] [-48.28897897646226,-2.687998351128101,-1.9814100638802188,-1.4047123147443017,-0.9433556813619361,-0.5851843812218931,-0.31993072632212716,-0.13883749677967216,-0.034371041709164274,0.0,-0.032059457018419835,-0.12734074326664313,-0.2809907811675316,-0.4887140046699301,-0.7466887557321229,-1.0514989259923482,-1.4000776058276756,-1.7896602810952231,-2.2177456886777804,-2.682062865787202] False 55508.65603222185 55522.65603222185
