data/4C+21.35_allsed_14d_min11.ecsv
# %ECSV 1.0
# ---
# datatype:
# - {name: e_min, unit: MeV, datatype: float64}
# - {name: e_ref, unit: MeV, datatype: float64}
# - {name: e_max, unit: MeV, datatype: float64}
# - {name: ref_dnde_e_min, unit: ph / (cm2 MeV s), datatype: float64}
# - {name: ref_dnde_e_max, unit: ph / (cm2 MeV s), datatype: float64}
# - {name: ref_dnde, unit: ph / (cm2 MeV s), datatype: float64}
# - {name: ref_flux, unit: ph / (cm2 s), datatype: float64}
# - {name: ref_eflux, unit: MeV / (cm2 s), datatype: float64}
# - {name: ref_npred, datatype: float64}
# - {name: dnde, unit: ph / (cm2 MeV s), datatype: float64}
# - {name: dnde_err, unit: ph / (cm2 MeV s), datatype: float64}
# - {name: dnde_errp, unit: ph / (cm2 MeV s), datatype: float64}
# - {name: dnde_errn, unit: ph / (cm2 MeV s), datatype: float64}
# - {name: dnde_ul, unit: ph / (cm2 MeV s), datatype: float64}
# - {name: e2dnde, unit: MeV / (cm2 s), datatype: float64}
# - {name: e2dnde_err, unit: MeV / (cm2 s), datatype: float64}
# - {name: e2dnde_errp, unit: MeV / (cm2 s), datatype: float64}
# - {name: e2dnde_errn, unit: MeV / (cm2 s), datatype: float64}
# - {name: e2dnde_ul, unit: MeV / (cm2 s), datatype: float64}
# - {name: norm, datatype: float64}
# - {name: norm_err, datatype: float64}
# - {name: norm_errp, datatype: float64}
# - {name: norm_errn, datatype: float64}
# - {name: norm_ul, datatype: float64}
# - {name: ts, datatype: float64}
# - {name: loglike, datatype: float64}
# - {name: norm_scan, datatype: string, subtype: 'float64[20]'}
# - {name: dloglike_scan, datatype: string, subtype: 'float64[20]'}
# - {name: ShowUL, datatype: bool}
# - {name: tstart, datatype: float64}
# - {name: tend, datatype: float64}
# meta: !!omap
# - {UL_CONF: 0.95}
# - {EXTNAME: SED}
# - {CONFIG: '{"bin_index": 2.0, "use_local_index": true, "free_background": false, "free_radius": null, "free_pars": [], "ul_confidence":
#     0.95, "cov_scale": 3.0, "make_plots": false, "write_fits": true, "write_npy": true, "optimizer": {"optimizer": "MINUIT", "tol":
#     0.001, "max_iter": 100, "init_lambda": 0.0001, "retries": 3, "min_fit_quality": 2, "verbosity": 0}, "prefix": "", "outfile": null,
#     "loge_bins": []}'}
# - {SRCNAME: 4FGL J1224.9+2122}
# - {CREATOR: fermipy 1.2.0}
# - {STVER: 2.2.0}
# schema: astropy-2.0
e_min e_ref e_max ref_dnde_e_min ref_dnde_e_max ref_dnde ref_flux ref_eflux ref_npred dnde dnde_err dnde_errp dnde_errn dnde_ul e2dnde e2dnde_err e2dnde_errp e2dnde_errn e2dnde_ul norm norm_err norm_errp norm_errn norm_ul ts loglike norm_scan dloglike_scan ShowUL tstart tend
[from data line 677]
1709.9759409858673 1970.7884119509856 2271.3810595726877 2.7084802802003334e-14 1.3568129720920288e-14 1.917003176531342e-14 1.0800419010188495e-11 2.115228611962977e-08 0.01510244689203466 6.248587936452958e-12 3.0140214287973395e-12 3.356932303370665e-12 2.671110554224015e-12 1.2493469994477187e-11 2.4269559064600513e-05 1.1706480221144498e-05 1.3038348446251902e-05 1.0374611996037095e-05 4.8524724471573585e-05 325.9560554176679 157.22568776599323 175.1135493392742 139.3378261927123 651.7187945970483 30.513138297886968 -86.29979779681727 [0.0,77.41197821526087,108.4799878655618,139.5479975158626,170.61600716616348,201.68401681646452,232.75202646676533,263.82003611706637,294.8880457673671,325.9560554176679,376.3560799504739,426.7561044832797,477.15612901608586,527.5561535488915,577.9561780816972,628.3562026145033,678.7562271473091,729.156251680115,779.5562762129211,829.9563007457273] [-15.256569148943484,-2.7010087658777593,-1.7579117280022558,-1.134476845041803,-0.7067014919665269,-0.41172636289435616,-0.21314919553941536,-0.0879347624160971,-0.020548744407932418,0.0,-0.046353369780618436,-0.17090545824621017,-0.35713266072212946,-0.5933413348207921,-0.8709370057020749,-1.1834085527824811,-1.5256990625047138,-1.8937987134635677,-2.2844715731187932,-2.695066538063003] False 55690.65603222185 55704.65603222185
4007.6519721450045 4618.915317184078 5323.411028602609 3.1363615889837035e-15 1.5449799091032875e-15 2.201275912434217e-15 2.9083348403811476e-12 1.3344095041101876e-08 0.004189926171465075 1.0205353249376031e-12 7.528381125638783e-13 8.795130634765848e-13 6.261631616511718e-13 2.7816259457612206e-12 2.177248710641434e-05 1.6061333398740047e-05 1.8763864774242605e-05 1.3358802023237485e-05 5.934426134897062e-05 463.61081733233254 342.00079522578983 399.5469438921906 284.454646559389 1263.6425674986106 10.590335468567588 -34.76295698352776 [0.0,36.27728639728184,89.69397776416318,143.1106691310445,196.52736049792583,249.94405186480716,303.3607432316886,356.7774345985699,410.19412596545146,463.61081733233254,591.3982257161736,719.1856341000145,846.9730424838554,974.7604508676961,1102.5478592515371,1230.3352676353777,1358.1226760192187,1485.9100844030597,1613.6974927869005,1741.4849011707415] [-5.295167734283794,-2.6674437763212993,-1.4728947356892164,-0.8780437941681143,-0.5217363197938383,-0.2952202885301318,-0.15057752550809056,-0.06236327823316401,-0.015424486873421017,0.0,-0.05525165435165036,-0.20073205229181923,-0.40740929843057927,-0.6583488785133653,-0.942804163334209,-1.2535260248020066,-1.5853924062692784,-1.934649669948513,-2.2984646761244676,-2.6746463598713746] False 55690.65603222185 55704.65603222185
100.0 115.25240587974294 132.83117061068992 1.0202568836406764e-11 5.768138079721317e-12 7.671364012759124e-12 2.5187481526343684e-10 2.8930202052980445e-08 0.09874235552839168 2.9049969184277535e-09 7.286275773372475e-10 7.646439969236796e-10 6.926111577508154e-10 4.19557826164788e-09 3.8587414129520575e-05 9.678445403693768e-06 1.0156855721180924e-05 9.200035086206613e-06 5.573035718834519e-05 378.6806249313836 94.98018554788739 99.67510284375929 90.28526825201548 546.9142455852353 25.236140849272942 -654.9258276930999 [0.0,176.87198407041106,202.09806417803264,227.32414428565426,252.5502243932759,277.77630450089737,303.00238460851887,328.22846471614065,353.4545448237622,378.6806249313836,403.0454417402759,427.4102585491681,451.7750753580601,476.13989216695205,500.5047089758441,524.8695257847363,549.2343425936285,573.5991594025203,597.9639762114124,622.3287930203046] [-12.618070424636471,-2.711453089523502,-2.011669200830056,-1.433678119443698,-0.9664061012257434,-0.6003841689407636,-0.3274350948247502,-0.14043562932295117,-0.03313282159319897,0.0,-0.03379598505659942,-0.12822933758400268,-0.27972245332125567,-0.4850349147154702,-0.741220153792824,-1.0455890913559642,-1.395679417100041,-1.7892294688721222,-2.2241558905603824,-2.698534416620987] False 55704.65603222185 55718.65603222185
132.83117061068992 153.091119887046 176.4411988580621 6.79587252990181e-12 3.754536665584274e-12 5.051272373190081e-12 2.2042520639553057e-10 3.36117675866315e-08 0.11809300540346121 1.9411976851833973e-09 3.977300598151441e-10 4.1884192985528934e-10 3.766181897749988e-10 2.6512017206030344e-09 4.5495638534325143e-05 9.321556054645596e-06 9.816352651335002e-06 8.82675945795619e-06 6.21359257136869e-05 384.29875519807956 78.73858909808928 82.91810437273527 74.55907382344328 524.8581990300979 44.43070192904452 -661.3834722741416 [0.0,216.31051739501797,237.30904712040072,258.3075768457834,279.3061065711662,300.3046362965488,321.30316602193113,342.30169574731394,363.3002254726966,384.29875519807956,404.65078522772393,425.0028152573688,445.3548452870132,465.706875316658,486.0589053463025,506.4109353759472,526.7629654055916,547.1149954352363,567.467025464881,587.8190554945254] [-22.21535096452226,-2.704346914403459,-2.008882489770599,-1.4336369213954185,-0.9679641650955091,-0.602688777891899,-0.32983640620898314,-0.14242467054361896,-0.03429867200759418,0.0,-0.03260911412189671,-0.12601725675347097,-0.27663213156142774,-0.4811965228406052,-0.7367461731477079,-1.0405742325748406,-1.3902010683241315,-1.7833484786497138,-2.2179175504362547,-2.691969550270528] False 55704.65603222185 55718.65603222185
176.4411988580621 203.35272664697808 234.36890988269914 4.322658604654307e-12 2.3337110034803216e-12 3.1761353796667147e-12 1.8421583010740312e-10 3.72924149772844e-08 0.12384694680381841 1.016786212686407e-09 2.145274676505458e-10 2.2733368987027014e-10 2.0172124543082148e-10 1.4049799707603e-09 4.204648046530328e-05 8.871210944145252e-06 9.400778089802489e-06 8.341643798488016e-06 5.809919741008018e-05 320.1331464633923 67.5435527792449 71.57556674870868 63.51153880978113 442.35519044774804 46.87396640568136 -632.573780711352 [0.0,177.76058383062718,195.55715415972287,213.35372448881844,231.15029481791416,248.94686514700982,266.7434354761055,284.54000580520125,302.33657613429705,320.1331464633923,337.885654468555,355.63816247371744,373.3906704788799,391.14317848404255,408.895686489205,426.64819449436754,444.40070249952976,462.15321050469265,479.9057185098549,497.6582265150174] [-23.43698320284068,-2.70099866945327,-1.9981146288138234,-1.4208620538777268,-0.9564756410903783,-0.59418252472517,-0.32479462375692947,-0.14040206876347838,-0.03413870314864198,0.0,-0.03254023455281185,-0.12694022194079935,-0.27905949445028,-0.4851911724306319,-0.7420013328413688,-1.0464788260593423,-1.3958934256085058,-1.7877606830534205,-2.219812222739165,-2.6899704835344664] False 55704.65603222185 55718.65603222185
234.36890988269914 270.1158072739371 311.3149665447022 2.6255885651330745e-12 1.3851851283222814e-12 1.9070726870036664e-12 1.4702182340048658e-10 3.951290262492128e-08 0.11672262474609219 5.147208668804551e-10 1.1442688303879658e-10 1.219889893800481e-10 1.0686477669754505e-10 7.245227319632884e-10 3.7555346645707116e-05 8.34887709945487e-06 8.900627656487093e-06 7.797126542422643e-06 5.286302557828017e-05 269.9010218059221 60.00132235052905 63.96661763936928 56.03602706168881 379.9135381156531 50.30571909691798 -504.9526823490463 [0.0,146.3471254698766,161.79136251188226,177.23559955388797,192.67983659589365,208.1240736378993,223.5683106799051,239.01254772191075,254.4567847639164,269.9010218059221,285.93267146881766,301.964321131713,317.99597079460847,334.02762045750376,350.05927012039916,366.0909197832945,382.12256944619,398.1542191090855,414.185868771981,430.2175184348763] [-25.15285954845899,-2.6909787153869047,-1.9770672078608413,-1.3972518816847241,-0.9353675795492222,-0.5781627355648311,-0.31462281252112234,-0.13548167800024657,-0.032861136442988936,0.0,-0.033418939509488155,-0.13001198792034074,-0.28480515120969585,-0.4934241563514661,-0.751999172858973,-1.0570880128097997,-1.4056136305529776,-1.794812812277712,-2.222193711830869,-2.6855004460684313] False 55704.65603222185 55718.65603222185
311.3149665447022 358.7979888064861 413.52331434760555 1.5229036577161544e-12 7.851246066392344e-13 1.093466567945195e-12 1.1205359972197431e-10 3.998035325923922e-08 0.10185951969993756 2.67341455047885e-10 6.620105805485658e-11 7.045379889682755e-11 6.194831721288563e-11 3.8912752081025055e-10 3.4416468693953844e-05 8.522459196025153e-06 9.06994002732749e-06 7.974978364722816e-06 5.009471926276109e-05 244.48982976248098 60.54237047160879 64.43159851628744 56.653142426930145 355.8659516600363 41.311453626178036 -437.9623169949638 [0.0,121.72645668968775,137.07187832378693,152.41729995788606,167.76272159198518,183.1081432260843,198.45356486018346,213.79898649428262,229.1444081283817,244.48982976248098,260.91420269648717,277.33857563049344,293.7629485644996,310.18732149850587,326.61169443251197,343.03606736651835,359.4604403005245,375.8848132345306,392.3091861685369,408.73355910254315] [-20.655726813089018,-2.705514281530725,-1.975370616531393,-1.3884455942481395,-0.9249871763738611,-0.5692789578335464,-0.3085826471377686,-0.13241088732507933,-0.03201264882108035,0.0,-0.03437654317201577,-0.13326754218138603,-0.2909839782825543,-0.502596095122442,-0.7638005834782575,-1.0708160402480758,-1.4202996992914336,-1.8092803894914482,-2.235104028285832,-2.69538891019306] False 55704.65603222185 55718.65603222185
413.52331434760555 476.5900816815941 549.2752115212968 8.435036114165129e-13 4.249743036495626e-13 5.987214376382598e-13 8.155099415463587e-11 3.8628632037353686e-08 0.08347933816869468 1.4604637114912413e-10 3.758693502887876e-11 4.0180996503220525e-11 3.4992873554536995e-11 2.1594210145398138e-10 3.317269612474432e-05 8.537425231198433e-06 9.12663544121714e-06 7.948215021179724e-06 4.904867992068965e-05 243.9304190029079 62.77866912056075 67.11133755577563 58.446000685345865 360.67207198358403 50.88117385633643 -313.92178241278856 [0.0,120.35998577458724,135.80628992812737,151.25259408166735,166.69889823520748,182.14520238874766,197.59150654228776,213.0378106958278,228.4841148493678,243.9304190029079,261.2271332091015,278.5238474152951,295.8205616214887,313.1172758276822,330.4139900338759,347.71070424006933,365.00741844626316,382.30413265245636,399.60084685864996,416.89756106484367] [-25.440586928168216,-2.6998653103247534,-1.9543237800796192,-1.3634343225237444,-0.9024200994140301,-0.5522275212402974,-0.29786240284778387,-0.12729477172371162,-0.03071286140158236,0.0,-0.03543577391752706,-0.13695921025754387,-0.29784254994285675,-0.5123767746952694,-0.7756719978238493,-1.0835049638766918,-1.4322008322045008,-1.8185403332560668,-2.239685988191866,-2.693122848133953] False 55704.65603222185 55718.65603222185
549.2752115212968 633.0528961793416 729.6086933380817 4.4616680751442203e-13 2.1965153948975142e-13 3.1305147522375635e-13 5.6688483607822644e-11 3.564785815404767e-08 0.0637193194081509 6.185433071694205e-11 2.1003786645437687e-11 2.2701435669830744e-11 1.930613762104463e-11 1.0197660830966766e-10 2.478849226564722e-05 8.417392877345104e-06 9.097735857750589e-06 7.73704989693962e-06 4.08677345152932e-05 197.58517564158137 67.09371559557431 72.51662255737556 61.67080863377307 325.7502883089082 29.234678761365217 -294.41824444567953 [0.0,73.48857288807478,89.0006482322631,104.51272357645145,120.02479892063981,135.53687426482807,151.04894960901643,166.5610249532047,182.07310029739304,197.58517564158137,216.76932963226056,235.95348362293984,255.13763761361912,274.3217916042982,293.5059455949776,312.6900995856567,331.87425357633595,351.05840756701514,370.24256155769433,389.4267155483737] [-14.617339380682608,-2.698039302296877,-1.906101564340645,-1.3041868974841577,-0.8495989678928595,-0.513128519513316,-0.27381971076863465,-0.11607330529807314,-0.02793048382670804,0.0,-0.03763763592314717,-0.1445833019845395,-0.3118196675368381,-0.5320624086088515,-0.7993337947006012,-1.108661331472149,-1.4558595661467848,-1.837368751230997,-2.2501333324850634,-2.691508928800147] False 55704.65603222185 55718.65603222185
729.6086933380817 840.8915725798939 969.1477682383326 2.2534851821580891e-13 1.0841183898564792e-13 1.5630242247792163e-13 3.762771300505399e-11 3.141308081282781e-08 0.04571744157627711 2.7159048393441204e-11 1.0916039257906022e-11 1.2392180241061076e-11 9.43989827475097e-12 4.880720079650635e-11 1.9204126096762166e-05 7.718716478912377e-06 8.762493755878902e-06 6.674939201945855e-06 3.451150515098507e-05 173.75961269747785 69.83921992282595 79.28335367170348 60.39508617394843 312.26132021978464 26.174806718454192 -200.61659039832816 [0.0,54.308494305763325,69.23988410472765,84.17127390369194,99.1026637026563,114.03405350162059,128.96544330058492,143.8968330995492,158.82822289851356,173.75961269747785,194.64841447772764,215.53721625797732,236.42601803822708,257.31481981847685,278.20362159872656,299.09242337897626,319.98122515922586,340.8700269394758,361.7588287197253,382.6476304999751] [-13.087403359227096,-2.6981739289385587,-1.8581349612395002,-1.2476004343357658,-0.8015182170051105,-0.47955478467173407,-0.25486704936534466,-0.10863561864226767,-0.027127954832678824,0.0,-0.03842926238596078,-0.15123250528685617,-0.32602975746522134,-0.5533608726303214,-0.8258259161866022,-1.1375218158908353,-1.4836602439064563,-1.8603007627113186,-2.2641597453695397,-2.6924705496168997] False 55704.65603222185 55718.65603222185
969.1477682383326 1116.9661194245136 1287.3303254983532 1.0868814527404476e-13 5.1096269477044177e-14 7.452220313358093e-14 2.3851180896581072e-11 2.6434851077491524e-08 0.030836900835348846 1.3649445473839619e-11 6.580801370029152e-12 7.308336416863382e-12 5.853266323194923e-12 2.71746096819053e-11 1.7029229873792292e-05 8.21029539249621e-06 9.117977801831129e-06 7.302612983161294e-06 3.390340478597999e-05 183.15944644541716 88.30658640396173 98.06924794967749 78.54392485824597 364.6511850058278 19.76242160228577 -162.427111413446 [0.0,40.708822965831544,58.51515090077973,76.32147883572792,94.12780677067622,111.93413470562434,129.74046264057264,147.5467905755208,165.353118510469,183.15944644541716,211.05228588183599,238.9451253182546,266.83796475467346,294.7308041910922,322.6236436275111,350.5164830639297,378.4093225003485,406.3021619367675,434.1950013731861,462.0878408096047] [-9.881210801142885,-2.7047535735722477,-1.7790075919802177,-1.157867244090994,-0.7267520946080879,-0.42662398265531465,-0.2228177419350459,-0.09313773906126244,-0.02246314636772695,0.0,-0.04328559885183836,-0.16368318917071178,-0.34593803737308804,-0.5790600233866314,-0.8548497136173978,-1.1670146022959216,-1.5106118965027235,-1.881682434656767,-2.2770017790278985,-2.693905982664063] False 55704.65603222185 55718.65603222185
