data/4C+21.35_allsed_1d_min11.ecsv
# %ECSV 1.0
# ---
# datatype:
# - {name: e_min, unit: MeV, datatype: float64}
# - {name: e_ref, unit: MeV, datatype: float64}
# - {name: e_max, unit: MeV, datatype: float64}
# - {name: ref_dnde_e_min, unit: ph / (MeV s cm2), datatype: float64}
# - {name: ref_dnde_e_max, unit: ph / (MeV s cm2), datatype: float64}
# - {name: ref_dnde, unit: ph / (MeV s cm2), datatype: float64}
# - {name: ref_flux, unit: ph / (s cm2), datatype: float64}
# - {name: ref_eflux, unit: MeV / (s cm2), datatype: float64}
# - {name: ref_npred, datatype: float64}
# - {name: dnde, unit: ph / (MeV s cm2), datatype: float64}
# - {name: dnde_err, unit: ph / (MeV s cm2), datatype: float64}
# - {name: dnde_errp, unit: ph / (MeV s cm2), datatype: float64}
# - {name: dnde_errn, unit: ph / (MeV s cm2), datatype: float64}
# - {name: dnde_ul, unit: ph / (MeV s cm2), datatype: float64}
# - {name: e2dnde, unit: MeV / (s cm2), datatype: float64}
# - {name: e2dnde_err, unit: MeV / (s cm2), datatype: float64}
# - {name: e2dnde_errp, unit: MeV / (s cm2), datatype: float64}
# - {name: e2dnde_errn, unit: MeV / (s cm2), datatype: float64}
# - {name: e2dnde_ul, unit: MeV / (s cm2), datatype: float64}
# - {name: norm, datatype: float64}
# - {name: norm_err, datatype: float64}
# - {name: norm_errp, datatype: float64}
# - {name: norm_errn, datatype: float64}
# - {name: norm_ul, datatype: float64}
# - {name: ts, datatype: float64}
# - {name: loglike, datatype: float64}
# - {name: norm_scan, datatype: string, subtype: 'float64[20]'}
# - {name: dloglike_scan, datatype: string, subtype: 'float64[20]'}
# - {name: ShowUL, datatype: bool}
# - {name: tstart, datatype: float64}
# - {name: tend, datatype: float64}
# meta: !!omap
# - {UL_CONF: 0.95}
# - {EXTNAME: SED}
# - {CONFIG: '{"bin_index": 2.0, "use_local_index": true, "free_background": false, "free_radius": null, "free_pars": [], "ul_confidence":
#     0.95, "cov_scale": 3.0, "make_plots": false, "write_fits": true, "write_npy": true, "optimizer": {"optimizer": "MINUIT", "tol":
#     0.001, "max_iter": 100, "init_lambda": 0.0001, "retries": 3, "min_fit_quality": 2, "verbosity": 0}, "prefix": "", "outfile": null,
#     "loge_bins": []}'}
# - {SRCNAME: 4FGL J1224.9+2122}
# - {CREATOR: fermipy 1.2.0}
# - {STVER: 2.2.0}
# schema: astropy-2.0
e_min e_ref e_max ref_dnde_e_min ref_dnde_e_max ref_dnde ref_flux ref_eflux ref_npred dnde dnde_err dnde_errp dnde_errn dnde_ul e2dnde e2dnde_err e2dnde_errp e2dnde_errn e2dnde_ul norm norm_err norm_errp norm_errn norm_ul ts loglike norm_scan dloglike_scan ShowUL tstart tend
[from data line 1169]
549.2752115212968 633.0528961793416 729.6086933380817 4.1945302038997697e-13 2.1263073911522774e-13 2.986446144661498e-13 5.402573265096355e-11 3.3996855960874725e-08 0.004442643706166802 2.4412407259985045e-10 1.332618728946112e-10 1.4963539846792654e-10 1.1688834732129588e-10 5.273347613208698e-10 9.783417935912097e-05 5.340549105074925e-05 5.996727916374122e-05 4.684370293775728e-05 0.00021133255345092433 817.440063455492 446.2222536067728 501.0483739524696 391.3961332610761 1765.7601569796302 14.258543536405021 -28.5859904099316 [0.0,137.36657411167502,222.37576027965218,307.38494644762943,392.3941326156065,477.4033187835838,562.4125049515607,647.4216911195377,732.4308772875156,817.440063455492,965.6454107126904,1113.850757969888,1262.0561052270857,1410.2614524842838,1558.4667997414817,1706.6721469986794,1854.8774942558778,2003.082841513076,2151.2881887702733,2299.493536027472] [-7.129271768202511,-2.6893595234098626,-1.7133094447578294,-1.0912606420210373,-0.6733880773629117,-0.3894294152312163,-0.200383929360207,-0.08224159563316036,-0.019131508894609794,0.0,-0.04903972588664729,-0.17896868461342308,-0.370769048542801,-0.6114395870977773,-0.8916951032580833,-1.2046712299292288,-1.5451490460944193,-1.909067477044875,-2.2932040336783004,-2.694958592836681] False 55442.699990555186 55443.699990555186
729.6086933380817 840.8915725798939 969.1477682383326 2.1768643558750657e-13 1.0803967418321776e-13 1.5335831107240423e-13 3.6877673412913027e-11 3.080952068000824e-08 0.0032751602068379487 2.51592383969489e-10 1.1284435741377709e-10 1.2495266265676129e-10 1.0073605217079291e-10 4.820204275653836e-10 0.00017790063174311682 7.979209130190343e-05 8.835385743361037e-05 7.123032517019648e-05 0.00034083598725853425 1640.5526522178914 735.8215973081531 814.7759438858717 656.8672507304344 3143.0994785656576 27.47401132985054 -39.55913761612491 [0.0,431.21956643062276,582.3862021540315,733.5528378774399,884.7194736008481,1035.886109324257,1187.052745047665,1338.219380771073,1489.3860164944817,1640.5526522178914,1871.966350222746,2103.380048227603,2334.7937462324594,2566.2074442373146,2797.6211422421725,3029.0348402470254,3260.4485382518837,3491.8622362567417,3723.275934261595,3954.6896322664525] [-13.73700566492527,-2.69338127871017,-1.795625870410639,-1.1769171916509436,-0.7411491621316131,-0.43528138289445906,-0.22674081714116312,-0.09400185868306465,-0.022055844229555532,0.0,-0.044814653064250365,-0.16639734008948182,-0.3496782173765496,-0.5836579610458799,-0.8600554095245627,-1.1724759568891372,-1.5158765388313427,-1.8862083600315955,-2.280170726056106,-2.6950368399817037] False 55442.699990555186 55443.699990555186
969.1477682383326 1116.9661194245136 1287.3303254983532 1.082923454492113e-13 5.262096791925374e-14 7.54880655188863e-14 2.4130192371804844e-11 2.6764903101158343e-08 0.002277666771603723 1.0758686119982193e-10 6.6362136618084e-11 7.541846192841871e-11 5.730581130774928e-11 2.516768528213041e-10 0.00013422680022298172 8.27942850536523e-05 9.409307706810547e-05 7.149549303919911e-05 0.0003139953918875911 1425.2168267963482 879.1076597595537 999.0779523890412 759.1373671300662 3333.9952625801125 16.049147451417213 -37.35807693552561 [0.0,181.13689958049204,336.64689048247396,492.15688138445574,647.6668722864382,803.1768631884202,958.6868540904022,1114.1968449923843,1269.7068358943661,1425.2168267963482,1723.1342283280865,2021.0516298598243,2318.9690313915617,2616.8864329232997,2914.803834455039,3212.7212359867763,3510.6386375185143,3808.556039050254,4106.473440581991,4404.39084211373] [-8.024573725708606,-2.7076070975575064,-1.6247364551472856,-1.0098720147971036,-0.6168581894606646,-0.3562010989460518,-0.184550394932387,-0.07735992267843272,-0.019275088522753947,0.0,-0.04659359233131255,-0.17638285019553024,-0.36861898110878144,-0.609666372820584,-0.8900419351060904,-1.2028606960396075,-1.542952122005623,-1.90632580443053,-2.2898320708161677,-2.690937531446785] False 55442.699990555186 55443.699990555186
1287.3303254983532 1483.6791717563765 1709.9759409858673 5.163955620555134e-14 2.4567035214065586e-14 3.561784378286398e-14 1.513534976866307e-11 2.2288505613734596e-08 0.0014971054115975185 9.13002004432796e-11 5.1361295963524504e-11 5.8098926583875554e-11 4.462366534317344e-11 2.018161939756701e-10 0.0002009794859100167 0.00011306182032792231 0.00012789339278619958 9.8230247869645e-05 0.0004442587717947555 2563.3275557013035 1442.0102540916535 1631.1747262990523 1252.8457818842542 5666.154167163972 22.46169590418492 -63.97888523053446 [0.0,459.3410116077918,722.3393296194807,985.3376476311698,1248.3359656428586,1511.3342836545482,1774.3326016662365,2037.3309196779257,2300.329237689614,2563.3275557013035,3045.673067879181,3528.01858005706,4010.364092234937,4492.709604412816,4975.055116590694,5457.400628768569,5939.746140946445,6422.091653124329,6904.437165302201,7386.782677480082] [-11.23084795209246,-2.6929834819900407,-1.6800784618027365,-1.0610646758223226,-0.6538752608228435,-0.3799238671744689,-0.19796665974598682,-0.0836045245007142,-0.02117367045913454,0.0,-0.044492499752323056,-0.1716099203863024,-0.36149199029210877,-0.6008693915170227,-0.8804073808377808,-1.1932713525407195,-1.5342950853444108,-1.89947051590228,-2.285620104281577,-2.6901783211376795] False 55442.699990555186 55443.699990555186
1709.9759409858673 1970.7884119509856 2271.3810595726877 2.360399924130486e-14 1.0994234953022574e-14 1.6109249314908237e-14 9.100359124898392e-12 1.779224553725275e-08 0.000926175570651222 3.447197735165884e-11 2.4531622872452338e-11 2.863206245024888e-11 2.0431183294655805e-11 9.1730273448697e-11 0.00013388940012014404 9.52809940915151e-05 0.00011120712996992757 7.935485821310267e-05 0.00035628102094676636 2139.8872584184846 1522.8284318468925 1777.3678891263703 1268.2889745674152 5694.26120705734 19.964156344106204 -10.359204444199035 [0.0,225.36510417251824,464.68037345326405,703.99564273401,943.3109120147557,1182.6261812955013,1421.941450576247,1661.2567198569925,1900.571989137738,2139.8872584184846,2708.4499673351193,3277.012676251757,3845.5753851683953,4414.13809408503,4982.700803001666,5551.263511918302,6119.826220834939,6688.3889297515725,7256.951638668212,7825.514347584846] [-9.982078172053102,-2.6745099774476433,-1.479671082286126,-0.8804641693324466,-0.521811205978544,-0.29421809591840464,-0.14925698766115936,-0.06120097302057026,-0.01473508008219504,0.0,-0.05669937618784893,-0.20306374249461534,-0.4102956417505368,-0.6615699947901419,-0.9461982688259329,-1.2569651897885024,-1.5887698927249438,-1.937872790481153,-2.3014505154009957,-2.677319081933332] False 55442.699990555186 55443.699990555186
100.0 115.25240587974294 132.83117061068992 8.826062540702083e-12 5.079885568824506e-12 6.695923217156465e-12 2.1975733420134837e-10 2.5251868617707946e-08 0.00650208853174803 2.0390570710503216e-08 5.3117935382885505e-09 5.660932676851542e-09 4.962654399725559e-09 3.016855007851435e-08 0.0002708503376896192 7.055717537331673e-05 7.519483142144975e-05 6.591951932518373e-05 0.00040073238225562857 3045.2217041942727 793.2877014895478 845.4297478123639 741.1456551667318 4505.510158959965 36.56284465397317 -201.54937510222987 [0.0,1443.1885751381883,1643.4427162701986,1843.69685740221,2043.9509985342215,2244.205139666232,2444.459280798242,2644.713421930254,2844.9675630622637,3045.2217041942727,3261.719696388907,3478.217688583537,3694.7156807781676,3911.213672972798,4127.71166516743,4344.20965736206,4560.707649556691,4777.205641751322,4993.703633945953,5210.2016261405815] [-18.281422326986586,-2.7034198343986873,-1.9626675353763687,-1.3714353717976167,-0.9077092666951785,-0.5541980517326692,-0.29704126816019993,-0.12493707666209275,-0.02853475359339086,0.0,-0.03785525716182292,-0.14016151285653677,-0.30083537439134034,-0.5146423755178375,-0.7770428807816074,-1.084071908163537,-1.432244203910784,-1.8184783990170956,-2.2400357792276395,-2.694470383623866] False 55448.699990555186 55449.699990555186
132.83117061068992 153.091119887046 176.4411988580621 5.904776375462811e-12 3.3273582143436727e-12 4.432528192438112e-12 1.93329418131382e-10 2.9493809679668638e-08 0.007743748802867428 5.773118913284673e-09 2.166996251880421e-09 2.3549921967441015e-09 1.9790003070167403e-09 9.968883111112757e-09 0.00013530395863297205 5.078765492731087e-05 5.519369539331775e-05 4.638161446130399e-05 0.0002336396267499545 1302.443811442329 488.8849337895502 531.2977367547747 446.4721308243256 2249.028698366693 17.13433892137425 -127.38397079388315 [0.0,393.91063798230726,507.47728466481016,621.0439313473128,734.6105780298153,848.1772247123183,961.7438713948212,1075.3105180773236,1188.877164759826,1302.443811442329,1444.528349408931,1586.6128873755342,1728.697425342136,1870.7819633087379,2012.8665012753406,2154.9510392419425,2297.035577208545,2439.1201151751484,2581.20465314175,2723.289191108352] [-8.567169460687126,-2.6980916210488033,-1.903810082131514,-1.3015173678802228,-0.8474512023596219,-0.5118197703019263,-0.27332335149164066,-0.116149225033638,-0.02820167644640037,0.0,-0.03741881351426457,-0.14475925471160167,-0.3126786723641146,-0.5336577263462061,-0.8015459546847126,-1.1112421591673183,-1.458463967504514,-1.839578080640365,-2.2514728485749913,-2.6914610173648157] False 55448.699990555186 55449.699990555186
176.4411988580621 203.35272664697808 234.36890988269914 3.786676971945038e-12 2.089120722347174e-12 2.8126189452048437e-12 1.6303731071250983e-10 3.3021955450730655e-08 0.008130265399024221 3.5670790011529836e-09 1.2689608275899341e-09 1.379455766833054e-09 1.1584658883468145e-09 6.026655001511464e-09 0.00014750703310965297 5.2474488720227054e-05 5.7043712069672285e-05 4.7905265370781837e-05 0.0002492162350654597 1268.241119983352 451.16699144523307 490.4524195091731 411.88156338129306 2142.720048084061 22.574975122938667 -111.6618867784273 [0.0,434.6905941215516,538.884409854277,643.0782255870012,747.272041319727,851.4658570524518,955.6596727851771,1059.8534885179013,1164.047304250627,1268.241119983352,1399.515367820242,1530.7896156571337,1662.0638634940256,1793.3381113309167,1924.6123591678074,2055.8866070046984,2187.1608548415898,2318.4351026784802,2449.70935051537,2580.983598352263] [-11.287487561469334,-2.698900539020329,-1.905590431383871,-1.3034573281738204,-0.8492775578801997,-0.5134426816665041,-0.2746907949047852,-0.11718881686998373,-0.028800316555148697,0.0,-0.03689902584567051,-0.1442485039567174,-0.31247418717769904,-0.5338836389072839,-0.8021961736373555,-1.112212214614189,-1.4595749421140027,-1.8405947766481603,-2.252117700515626,-2.691424827433437] False 55448.699990555186 55449.699990555186
234.36890988269914 270.1158072739371 311.3149665447022 2.327723611260043e-12 1.2573201190970398e-12 1.7107582319353242e-12 1.3179852366334956e-10 3.544126882176569e-08 0.007714602740424792 2.0736761165800204e-09 8.229120741621271e-10 8.936748700835845e-10 7.5214927824067e-10 3.6639015549671433e-09 0.00015130069596959559 6.0041762812919354e-05 6.520479680172202e-05 5.487872882411671e-05 0.00026732759797844767 1212.1386165911586 481.02184095948724 522.3852519900487 439.65842992892595 2141.682843648978 14.558913625289136 -124.79470328469459 [0.0,319.5192944401112,431.09670970899197,542.6741249778729,654.2515402467541,765.8289555156346,877.4063707845163,988.9837860533967,1100.561201322278,1212.1386165911586,1351.8782858869156,1491.6179551826722,1631.3576244784297,1771.097293774186,1910.836963069944,2050.5766323656994,2190.3163016614567,2330.055970957214,2469.795640252971,2609.535309548728] [-7.279456812644568,-2.6985095503747942,-1.8957890204017644,-1.2917864599396012,-0.8385816789444362,-0.5047324915396274,-0.26824144435799724,-0.1129919135418902,-0.02675636403969861,0.0,-0.038902589713984526,-0.14741099069475183,-0.3161678385911557,-0.5376494888181753,-0.8057057129583001,-1.1152375586133871,-1.4619658391065542,-1.842260938885829,-2.2530152150772977,-2.691545677799766] False 55448.699990555186 55449.699990555186
311.3149665447022 358.7979888064861 413.52331434760555 1.371585593220641e-12 7.253482083144108e-13 9.974352874209174e-13 1.0213358124836409e-10 3.6462823511178574e-08 0.006814298773689498 1.1416558651624885e-09 4.864574846896993e-10 5.413421065512068e-10 4.315728628281917e-10 2.0859390702491548e-09 0.00014697220577181272 6.262458917852372e-05 6.969021568129611e-05 5.5558962675751336e-05 0.00026853544541330637 1144.591413157724 487.7083163435488 542.7340634307844 432.6825692563132 2091.30266048918 17.010855886700682 -87.75557012545005 [0.0,286.4719892229136,393.7369172147648,501.0018452066164,608.2667731984675,715.5317011903188,822.7966291821702,930.0615571740212,1037.326485165872,1144.591413157724,1287.1700752666407,1429.748737375558,1572.327399484475,1714.906061593392,1857.4847237023089,2000.0633858112265,2142.642047920142,2285.2207100290602,2427.799372137977,2570.378034246893] [-8.505427943350341,-2.689510571144865,-1.8543976960506399,-1.2476796330581124,-0.8026021221015469,-0.4798484933743907,-0.25381204644470756,-0.10665641053607544,-0.02534539440205208,0.0,-0.03994597317114312,-0.15133534621779177,-0.32347740895298216,-0.5479983141768514,-0.8181994563111346,-1.1286277608909216,-1.4747779385212851,-1.852880226547228,-2.259745375919522,-2.6926490685734876] False 55448.699990555186 55449.699990555186
413.52331434760555 476.5900816815941 549.2752115212968 7.746965250479152e-13 4.011326087163825e-13 5.574549650473904e-13 7.586317408775039e-11 3.5957646225120377e-08 0.005685180754463837 7.25098683494382e-10 2.862222187774212e-10 3.144780663225651e-10 2.579663712322772e-10 1.2967167180720148e-09 0.00016469754160102287 6.501197265599038e-05 7.142995234961171e-05 5.859399296236905e-05 0.0002945337793060028 1300.7305144958923 513.4445591548168 564.1317882886391 462.7573300209946 2326.1371758735313 29.19436119077318 -83.89928207418147 [0.0,407.27761717548464,518.9592293405357,630.6408415055865,742.3224536706377,854.0040658356886,965.6856780007397,1077.3672901657903,1189.0489023308414,1300.7305144958923,1456.9913481649437,1613.2521818339947,1769.5130155030456,1925.773849172097,2082.034682841149,2238.295516510199,2394.556350179249,2550.8171838483017,2707.0780175173522,2863.338851186404] [-14.59718059538659,-2.6947943007266986,-1.8474405214871155,-1.2350691291376137,-0.7896605300596491,-0.4695624318319176,-0.24727785777726297,-0.10363483702077758,-0.024697867579831723,0.0,-0.04146184358582161,-0.15676451960881366,-0.33345367160829653,-0.5620286595573276,-0.835069404109575,-1.1466654347577219,-1.4920292475036234,-1.8672266262261132,-2.268983730253268,-2.6945460424564374] False 55448.699990555186 55449.699990555186
549.2752115212968 633.0528961793416 729.6086933380817 4.1945302038997697e-13 2.1263073911522774e-13 2.986446144661498e-13 5.402573265096355e-11 3.3996855960874725e-08 0.004442643706166802 2.4412407259985045e-10 1.332618728946112e-10 1.4963539846792654e-10 1.1688834732129588e-10 5.273347613208698e-10 9.783417935912097e-05 5.340549105074925e-05 5.996727916374122e-05 4.684370293775728e-05 0.00021133255345092433 817.440063455492 446.2222536067728 501.0483739524696 391.3961332610761 1765.7601569796302 14.258543536405021 -28.5859904099316 [0.0,137.36657411167502,222.37576027965218,307.38494644762943,392.3941326156065,477.4033187835838,562.4125049515607,647.4216911195377,732.4308772875156,817.440063455492,965.6454107126904,1113.850757969888,1262.0561052270857,1410.2614524842838,1558.4667997414817,1706.6721469986794,1854.8774942558778,2003.082841513076,2151.2881887702733,2299.493536027472] [-7.129271768202511,-2.6893595234098626,-1.7133094447578294,-1.0912606420210373,-0.6733880773629117,-0.3894294152312163,-0.200383929360207,-0.08224159563316036,-0.019131508894609794,0.0,-0.04903972588664729,-0.17896868461342308,-0.370769048542801,-0.6114395870977773,-0.8916951032580833,-1.2046712299292288,-1.5451490460944193,-1.909067477044875,-2.2932040336783004,-2.694958592836681] False 55448.699990555186 55449.699990555186
