data/4C+21.35_allsed_14d_min11.ecsv
# %ECSV 1.0
# ---
# datatype:
# - {name: e_min, unit: MeV, datatype: float64}
# - {name: e_ref, unit: MeV, datatype: float64}
# - {name: e_max, unit: MeV, datatype: float64}
# - {name: ref_dnde_e_min, unit: ph / (cm2 MeV s), datatype: float64}
# - {name: ref_dnde_e_max, unit: ph / (cm2 MeV s), datatype: float64}
# - {name: ref_dnde, unit: ph / (cm2 MeV s), datatype: float64}
# - {name: ref_flux, unit: ph / (cm2 s), datatype: float64}
# - {name: ref_eflux, unit: MeV / (cm2 s), datatype: float64}
# - {name: ref_npred, datatype: float64}
# - {name: dnde, unit: ph / (cm2 MeV s), datatype: float64}
# - {name: dnde_err, unit: ph / (cm2 MeV s), datatype: float64}
# - {name: dnde_errp, unit: ph / (cm2 MeV s), datatype: float64}
# - {name: dnde_errn, unit: ph / (cm2 MeV s), datatype: float64}
# - {name: dnde_ul, unit: ph / (cm2 MeV s), datatype: float64}
# - {name: e2dnde, unit: MeV / (cm2 s), datatype: float64}
# - {name: e2dnde_err, unit: MeV / (cm2 s), datatype: float64}
# - {name: e2dnde_errp, unit: MeV / (cm2 s), datatype: float64}
# - {name: e2dnde_errn, unit: MeV / (cm2 s), datatype: float64}
# - {name: e2dnde_ul, unit: MeV / (cm2 s), datatype: float64}
# - {name: norm, datatype: float64}
# - {name: norm_err, datatype: float64}
# - {name: norm_errp, datatype: float64}
# - {name: norm_errn, datatype: float64}
# - {name: norm_ul, datatype: float64}
# - {name: ts, datatype: float64}
# - {name: loglike, datatype: float64}
# - {name: norm_scan, datatype: string, subtype: 'float64[20]'}
# - {name: dloglike_scan, datatype: string, subtype: 'float64[20]'}
# - {name: ShowUL, datatype: bool}
# - {name: tstart, datatype: float64}
# - {name: tend, datatype: float64}
# meta: !!omap
# - {UL_CONF: 0.95}
# - {EXTNAME: SED}
# - {CONFIG: '{"bin_index": 2.0, "use_local_index": true, "free_background": false, "free_radius": null, "free_pars": [], "ul_confidence":
#     0.95, "cov_scale": 3.0, "make_plots": false, "write_fits": true, "write_npy": true, "optimizer": {"optimizer": "MINUIT", "tol":
#     0.001, "max_iter": 100, "init_lambda": 0.0001, "retries": 3, "min_fit_quality": 2, "verbosity": 0}, "prefix": "", "outfile": null,
#     "loge_bins": []}'}
# - {SRCNAME: 4FGL J1224.9+2122}
# - {CREATOR: fermipy 1.2.0}
# - {STVER: 2.2.0}
# schema: astropy-2.0
e_min e_ref e_max ref_dnde_e_min ref_dnde_e_max ref_dnde ref_flux ref_eflux ref_npred dnde dnde_err dnde_errp dnde_errn dnde_ul e2dnde e2dnde_err e2dnde_errp e2dnde_errn e2dnde_ul norm norm_err norm_errp norm_errn norm_ul ts loglike norm_scan dloglike_scan ShowUL tstart tend
[from data line 73]
311.3149665447022 358.7979888064861 413.52331434760555 1.8069835414044472e-12 8.936104786763965e-13 1.2707239776579312e-12 1.3039820018432275e-10 4.64800207250328e-08 0.1177455280668831 3.3323371199274063e-10 7.637540172927814e-11 8.127081071190494e-11 7.147999274665133e-11 4.725982997491563e-10 4.289917407127885e-05 9.832263470448424e-06 1.0462478825431429e-05 9.20204811546542e-06 6.084041319076127e-05 262.23925718858544 60.103848728852576 63.95630533524283 56.25139212246231 371.9126325295296 44.4872024712065 -441.7370172267108 [0.0,137.31891317221022,152.9339561742571,168.54899917630408,184.16404217835097,199.7790851803978,215.39412818244472,231.0091711844917,246.62421418653864,262.23925718858544,278.25635398548803,294.2734507823905,310.2905475792932,326.30764437619575,342.3247411730984,358.3418379700008,374.3589347669036,390.37603156380624,406.39312836070866,422.41022515761125] [-22.24360123560325,-2.7083771083900956,-1.9902746007834367,-1.4066579245620687,-0.9414306558930434,-0.5814504182994824,-0.3158180720862447,-0.13537369033127788,-0.03233001125647661,0.0,-0.034240393966797456,-0.13134007489713895,-0.2865214891740493,-0.4955694173667098,-0.7547426162166175,-1.06070258724219,-1.4104555706517203,-1.801304874291418,-2.2308113670852094,-2.696760486586072] False 56936.65603222185 56950.65603222185
413.52331434760555 476.5900816815941 549.2752115212968 9.041895799804694e-13 4.454871282468815e-13 6.346690628794303e-13 8.651364292602295e-11 4.095774725182412e-08 0.0893634176634499 1.6943570714908304e-10 4.1303707190993e-11 4.404308841599828e-11 3.8564325965987726e-11 2.4581234780082596e-10 3.848530560337315e-05 9.381645820375763e-06 1.0003863683318363e-05 8.759427957433162e-06 5.5833351100388955e-05 266.9670180241182 65.07912486485823 69.39536049887035 60.762889230846106 387.30790923635044 48.47978130467129 -359.4616112283817 [0.0,136.33940250253744,152.66785444273498,168.99630638293252,185.3247583231301,201.65321026332762,217.98166220352536,234.310114143723,250.63856608392044,266.9670180241182,284.72876726272875,302.49051650133947,320.2522657399498,338.01401497856034,355.77576421717106,373.5375134557818,391.29926269439227,409.0610119330029,426.8227611716135,444.58451041022397] [-24.239890652335646,-2.7029379165196588,-1.969848909481982,-1.3825240779415822,-0.9200780340866004,-0.5659914648084055,-0.306952804162961,-0.13206375527232694,-0.03227878536108619,0.0,-0.03402949155628221,-0.133251623178694,-0.29163213213701056,-0.5039758641239018,-0.765774971163296,-1.0730903177969253,-1.422457686523785,-1.810812768101357,-2.235430565554566,-2.6938759884811248] False 56936.65603222185 56950.65603222185
549.2752115212968 633.0528961793416 729.6086933380817 4.490587983980734e-13 2.2039950187386723e-13 3.1459868956976366e-13 5.697483715687753e-11 3.5825343846732547e-08 0.06562671786255159 1.057779536385457e-10 2.5567945350342017e-11 2.7254113110481382e-11 2.3881777590202657e-11 1.5306042375727333e-10 4.239114634744383e-05 1.0246506723446724e-05 1.092224851866673e-05 9.570764928226722e-06 6.133987849365951e-05 336.2313866698067 81.27162063296583 86.63136247564586 75.91187879028583 486.5259418804143 63.974331059183896 -289.4199522820035 [0.0,175.61660205690663,195.69345013351904,215.77029821013164,235.8471462867441,255.92399436335666,276.0008424399692,296.07769051658175,316.1545385931942,336.2313866698067,358.44396492341895,380.6565431770308,402.8691214306429,425.08169968425506,447.29427793786664,469.5068561914788,491.7194344450911,513.9320126987031,536.1445909523152,558.3571692059271] [-31.987165529591948,-2.7031467977400325,-1.9643816099625155,-1.3752618872055677,-0.9132613449140194,-0.5607490139601623,-0.3036448818911026,-0.1305112932171255,-0.031920046306424865,0.0,-0.034386722555098004,-0.13465652536331163,-0.2943583715673981,-0.5079760698797031,-0.770752938878843,-1.0785561465714295,-1.4277703493004879,-1.8152133013608136,-2.2380681692115445,-2.6938287068759337] False 56936.65603222185 56950.65603222185
729.6086933380817 840.8915725798939 969.1477682383326 2.2132751290523715e-13 1.0821797604439046e-13 1.5476309472721055e-13 3.723507793037748e-11 3.1097167008587664e-08 0.04708199565961135 2.6960751855966647e-11 1.1689590600106088e-11 1.3140820097930424e-11 1.0238361102281753e-11 4.992956319440163e-11 1.9063910885424634e-05 8.265693578504616e-06 9.291855978152233e-06 7.239531178856998e-06 3.530512607257268e-05 174.2065955936611 75.53215849495943 84.90926161106286 66.155055378856 322.61931232642235 18.097558977245058 -277.18698608483464 [0.0,44.2451885938655,60.49036446883992,76.73554034381439,92.98071621878884,109.22589209376335,125.47106796873773,141.71624384371225,157.9614197186867,174.2065955936611,196.63275088982496,219.05890618598875,241.48506148215264,263.9112167783164,286.33737207448024,308.763527370644,331.18968266680787,353.61583796297157,376.0419932591355,398.46814855529925] [-9.048779488622529,-2.688551806859323,-1.832799659053876,-1.2219336790154216,-0.780133428311558,-0.46341303186562754,-0.24368335567572785,-0.10177584131650974,-0.023954622701069184,0.0,-0.04124203381479674,-0.15482600366044608,-0.3291532624340334,-0.5553482507374383,-0.8264496011118467,-1.1368842731809536,-1.4821128141007307,-1.8583825166633687,-2.2625510559397526,-2.691957574347839] False 56936.65603222185 56950.65603222185
969.1477682383326 1116.9661194245136 1287.3303254983532 1.0826318691477162e-13 5.273529932076696e-14 7.555985420427043e-14 2.4151002601998907e-11 2.6789524918929462e-08 0.03292756783007822 1.8582111174560215e-11 7.320988735429528e-12 8.219491327483524e-12 6.422486143375532e-12 3.302758059206893e-11 2.3183289265372287e-05 9.133763002901189e-06 1.0254746797562377e-05 8.012779208239999e-06 4.1205649207910916e-05 245.92571505398718 96.88992670152302 108.78119623236358 84.99865717068246 437.1048745380229 27.990262252362015 -148.33270693979685 [0.0,78.26236000376834,99.22027938504571,120.17819876632296,141.13611814760037,162.09403752887775,183.05195691015504,204.0098762914323,224.96779567270974,245.92571505398718,274.7834879437004,303.64126083341347,332.4990337231267,361.3568066128398,390.2145795025531,419.07235239226617,447.93012528197926,476.7878981716924,505.6456710614055,534.5034439511187] [-13.995131126181008,-2.6990812836135376,-1.8645523730509979,-1.2550147460175651,-0.807866354421293,-0.4840725965862305,-0.25751058772465285,-0.10976739037860739,-0.027337948975144855,0.0,-0.03818485227836277,-0.15011847305174797,-0.3238885592539873,-0.5503160968689542,-0.8221687890363398,-1.1336405667823328,-1.4799954516823846,-1.8573168690311093,-2.2623268433908095,-2.692252813524817] False 56936.65603222185 56950.65603222185
1287.3303254983532 1483.6791717563765 1709.9759409858673 5.25580713377767e-14 2.5504489379380736e-14 3.661238550320184e-14 1.5546469719318805e-11 2.2904611254125082e-08 0.022443864186421525 1.696972265543301e-11 5.672372442531832e-12 6.298542273974892e-12 5.046202611088773e-12 2.788640239908482e-11 3.735551640374886e-05 1.2486615493231466e-05 1.3865005575671325e-05 1.1108225410791606e-05 6.138644593151564e-05 463.4967763558854 154.930424897765 172.0331026620505 137.82774713347948 761.6658137898742 44.322178588076326 -106.5467969767287 [0.0,183.22635017163412,218.26015344466555,253.29395671769694,288.3277599907284,323.3615632637599,358.3953665367909,393.42916980982284,428.46297308285403,463.4967763558854,508.28363228265454,553.0704882094236,597.8573441361925,642.6442000629619,687.4310559897306,732.2179119164998,777.0047678432691,821.7916237700377,866.5784796968065,911.3653356235761] [-22.161089294038163,-2.6971742936538305,-1.8946207466878349,-1.2895394832579825,-0.8359092818034242,-0.5024210532540536,-0.2667493134494521,-0.11238046621168962,-0.026735732464373996,0.0,-0.039347206230047505,-0.14941451085528,-0.3201162820819832,-0.5434157634251306,-0.8128001142568451,-1.1229144923033658,-1.4693004146415376,-1.8482045069745254,-2.2564359805849676,-2.691258597900841] False 56936.65603222185 56950.65603222185
1709.9759409858673 1970.7884119509856 2271.3810595726877 2.5322771865860068e-14 1.2241793804288793e-14 1.7606707577934708e-14 9.932123902844163e-12 1.943544843318691e-08 0.014724533027927533 4.60281974583125e-12 2.4961582044513835e-12 2.8094992574736714e-12 2.1828171514290952e-12 9.918512981470144e-12 1.7877383949976523e-05 9.695095851033014e-06 1.0912114683291836e-05 8.47807701877419e-06 3.852357349930188e-05 261.42421718866115 141.77313920858487 159.56982559275457 123.97645282441516 563.3371791725752 20.697563452921656 -70.16429357464114 [0.0,48.99726309714024,75.55063235858034,102.10400162002047,128.65737088146054,155.21074014290062,181.7641094043408,208.31747866578084,234.87084792722098,261.42421718866115,308.4307467125966,355.4372762365319,402.4438057604671,449.4503352844026,496.4568648083381,543.4633943322737,590.4699238562085,637.4764533801442,684.4829829040796,731.4895124280152] [-10.348781726460828,-2.6952980986401656,-1.7011463072200996,-1.0797640976044818,-0.6661623383354112,-0.38618922200802785,-0.19986755946789003,-0.08307050205283417,-0.020066096888783136,0.0,-0.046869179048570686,-0.17502806589919828,-0.3653824246906794,-0.6049525134404092,-0.8844961419812876,-1.19718923313836,-1.5378438572129767,-1.9024200585344602,-2.2877078964851023,-2.6911129198593073] False 56936.65603222185 56950.65603222185
2271.3810595726877 2617.821317854317 3017.1020504598932 1.2108665286210295e-14 5.831586163821172e-15 8.40313780354731e-15 6.2974712723546935e-12 1.636740893135982e-08 0.009398031398745177 4.2062675674498555e-12 1.9898453648758665e-12 2.2168823481395802e-12 1.7628083816121523e-12 8.337138881414846e-12 2.8825503066649874e-05 1.3636387307182907e-05 1.5192269131714303e-05 1.2080505482651509e-05 5.7134316478827884e-05 500.5591560897904 236.79789757058023 263.8160172981744 209.77977784298605 992.1459193368693 38.253534730034204 -54.23197442948364 [0.0,125.31008576313126,172.2162195539636,219.12235334479604,266.0284871356284,312.93462092646075,359.8407547172934,406.74688850812555,453.65302229895804,500.5591560897904,576.7419959980006,652.9248359062108,729.107675814421,805.2905157226315,881.4733556308422,957.6561955390522,1033.8390354472624,1110.0218753554725,1186.2047152636828,1262.3875551718934] [-19.126767365017102,-2.7032854622255087,-1.765657810461505,-1.1414598518531491,-0.7116462765695672,-0.41474275699354735,-0.21471510058621135,-0.08856604710196336,-0.02069111677717217,0.0,-0.0467138691285669,-0.17208220343260194,-0.35925631461740437,-0.5963104149916205,-0.8744860810577677,-1.187157514476823,-1.5291886419585268,-1.896516152316238,-2.285869248891821,-2.69457552858335] False 56936.65603222185 56950.65603222185
3017.1020504598932 3477.2827010020824 4007.6519721450045 5.746382301047221e-15 2.757030325229385e-15 3.980320372074157e-15 3.962816695102017e-12 1.3679777318113129e-08 0.005921543515931882 1.2480563333268406e-12 9.512736690799687e-13 1.1135374504233976e-12 7.890098877365398e-13 3.4602410496397774e-12 1.5090866892533897e-05 1.1502320796843966e-05 1.3464332494830075e-05 9.540309098857858e-06 4.183948729061159e-05 313.5567533918068 238.9942467330229 279.76075951974934 198.22773394629644 869.3373211655912 9.981602862612036 -40.55880126257296 [0.0,17.81277949569385,54.78077623270793,91.74877296972205,128.71676970673616,165.68476644375022,202.65276318076434,239.62075991777837,276.58875665479263,313.5567533918068,401.9065921673397,490.25643094287284,578.6062697184061,666.9561084939393,755.3059472694725,843.6557860450062,932.005624820539,1020.3554635960726,1108.705302371606,1197.0551411471383] [-4.990801431306018,-2.6096389713280033,-1.3826511061371036,-0.8163427019078924,-0.4812646596142045,-0.26932055509005437,-0.1347972594121174,-0.053717499138763,-0.011844045594308739,0.0,-0.059730368359417696,-0.2060609990604121,-0.4114328767331372,-0.6596755697558621,-0.9404776231555516,-1.2468558437764656,-1.573859876930122,-1.9178519539404633,-2.276080021027319,-2.646411514160384] False 56936.65603222185 56950.65603222185
4007.6519721450045 4618.915317184078 5323.411028602609 2.7064871333042923e-15 1.2936285709874808e-15 1.8711464621061713e-15 2.474887690752532e-12 1.1347282048925817e-08 0.003665798103205109 1.3445808586473376e-12 8.681100018496291e-13 9.951326486732283e-13 7.410873550260298e-13 3.2781449950685237e-12 2.86857972409927e-05 1.8520587539070248e-05 2.1230536790810778e-05 1.5810638287329715e-05 6.993718678228997e-05 718.5866450742027 463.9455111773989 531.8304412969909 396.06058105780687 1751.9446293790536 17.110712455924663 -28.078899592574185 [0.0,85.99588625968151,165.06973111149665,244.14357596331178,323.2174208151269,402.29126566694237,481.36511051875743,560.4389553705723,639.5128002223879,718.5866450742027,881.5747286580352,1044.562812241867,1207.5508958256992,1370.5389794095313,1533.527062993363,1696.515146577195,1859.5032301610265,2022.4913137448596,2185.479397328691,2348.4674809125236] [-8.555356227962331,-2.699040213622105,-1.583212382877658,-0.9717292155294075,-0.5882979399140993,-0.33732402907741843,-0.17372068794137974,-0.07241288128460965,-0.017926596841572717,0.0,-0.049949046099548866,-0.18598453294417894,-0.3843729639996205,-0.6300864359978249,-0.9129843036228955,-1.225890163469174,-1.5635336628639216,-1.9219275337132693,-2.2979807631780425,-2.6892477739039684] False 56936.65603222185 56950.65603222185
5323.411028602609 6135.359285332078 7071.149185711414 1.2651168127698318e-15 6.024081850876876e-16 8.729929685310144e-16 1.5339836470616394e-12 9.341538303993461e-09 0.002259509098533341 3.824867788996714e-13 3.880638770457899e-13 4.866302578108241e-13 2.8949749628075575e-13 1.4045364433795319e-12 1.4397809659707353e-05 1.4607746321550464e-05 1.831804447403498e-05 1.0897448169065955e-05 5.287045065995668e-05 438.13271433707206 444.5211943674474 557.4274654579144 331.61492327698045 1608.8748638410525 10.911751307162193 -5.4126937128199435 [0.0,48.681412704119104,97.36282540823821,146.04423811235736,194.72565081647642,243.40706352059559,292.0884762247147,340.7698889288338,389.45130163295283,438.13271433707206,630.0335230017264,821.9343316663807,1013.8351403310351,1205.7359489956903,1397.6367576603443,1589.5375663249981,1781.438374989653,1973.3391836543078,2165.2399923189614,2357.140800983617] [-5.455875653581097,-1.304638867148305,-0.7285652186076552,-0.4354665262033679,-0.258967819313237,-0.14653340251296143,-0.0746835829884187,-0.03086888118553599,-0.0075885716447148255,0.0,-0.07083399131082135,-0.2388059828403284,-0.4627327881445531,-0.723093859280044,-1.0090820972362788,-1.3140834980700093,-1.6337543225600566,-1.9650879400629142,-2.3059167517029637,-2.6546264006668148] False 56936.65603222185 56950.65603222185
