data/4C+21.35_allsed_14d_min11.ecsv
# %ECSV 1.0
# ---
# datatype:
# - {name: e_min, unit: MeV, datatype: float64}
# - {name: e_ref, unit: MeV, datatype: float64}
# - {name: e_max, unit: MeV, datatype: float64}
# - {name: ref_dnde_e_min, unit: ph / (cm2 MeV s), datatype: float64}
# - {name: ref_dnde_e_max, unit: ph / (cm2 MeV s), datatype: float64}
# - {name: ref_dnde, unit: ph / (cm2 MeV s), datatype: float64}
# - {name: ref_flux, unit: ph / (cm2 s), datatype: float64}
# - {name: ref_eflux, unit: MeV / (cm2 s), datatype: float64}
# - {name: ref_npred, datatype: float64}
# - {name: dnde, unit: ph / (cm2 MeV s), datatype: float64}
# - {name: dnde_err, unit: ph / (cm2 MeV s), datatype: float64}
# - {name: dnde_errp, unit: ph / (cm2 MeV s), datatype: float64}
# - {name: dnde_errn, unit: ph / (cm2 MeV s), datatype: float64}
# - {name: dnde_ul, unit: ph / (cm2 MeV s), datatype: float64}
# - {name: e2dnde, unit: MeV / (cm2 s), datatype: float64}
# - {name: e2dnde_err, unit: MeV / (cm2 s), datatype: float64}
# - {name: e2dnde_errp, unit: MeV / (cm2 s), datatype: float64}
# - {name: e2dnde_errn, unit: MeV / (cm2 s), datatype: float64}
# - {name: e2dnde_ul, unit: MeV / (cm2 s), datatype: float64}
# - {name: norm, datatype: float64}
# - {name: norm_err, datatype: float64}
# - {name: norm_errp, datatype: float64}
# - {name: norm_errn, datatype: float64}
# - {name: norm_ul, datatype: float64}
# - {name: ts, datatype: float64}
# - {name: loglike, datatype: float64}
# - {name: norm_scan, datatype: string, subtype: 'float64[20]'}
# - {name: dloglike_scan, datatype: string, subtype: 'float64[20]'}
# - {name: ShowUL, datatype: bool}
# - {name: tstart, datatype: float64}
# - {name: tend, datatype: float64}
# meta: !!omap
# - {UL_CONF: 0.95}
# - {EXTNAME: SED}
# - {CONFIG: '{"bin_index": 2.0, "use_local_index": true, "free_background": false, "free_radius": null, "free_pars": [], "ul_confidence":
#     0.95, "cov_scale": 3.0, "make_plots": false, "write_fits": true, "write_npy": true, "optimizer": {"optimizer": "MINUIT", "tol":
#     0.001, "max_iter": 100, "init_lambda": 0.0001, "retries": 3, "min_fit_quality": 2, "verbosity": 0}, "prefix": "", "outfile": null,
#     "loge_bins": []}'}
# - {SRCNAME: 4FGL J1224.9+2122}
# - {CREATOR: fermipy 1.2.0}
# - {STVER: 2.2.0}
# schema: astropy-2.0
e_min e_ref e_max ref_dnde_e_min ref_dnde_e_max ref_dnde ref_flux ref_eflux ref_npred dnde dnde_err dnde_errp dnde_errn dnde_ul e2dnde e2dnde_err e2dnde_errp e2dnde_errn e2dnde_ul norm norm_err norm_errp norm_errn norm_ul ts loglike norm_scan dloglike_scan ShowUL tstart tend
[from data line 158]
234.36890988269914 270.1158072739371 311.3149665447022 2.5877622146330806e-12 1.369111349088746e-12 1.882268476279935e-12 1.4509745666773227e-10 3.8998332512070416e-08 0.11282636613379526 4.998187395851763e-10 1.1835278567332353e-10 1.2621833159728965e-10 1.1048723974935743e-10 7.170369244936133e-10 3.646804944766554e-05 8.635320964127636e-06 9.209211246685156e-06 8.061430681570117e-06 5.231684198142986e-05 265.54062073706126 62.87773883735907 67.056497618631 58.698980056087144 380.94295980069 38.73773811609544 -521.8424040203963 [0.0,135.3924456468534,151.66096753312937,167.92948941940537,184.1980113056814,200.4665331919573,216.7350550782333,233.00357696450936,249.27209885078534,265.54062073706126,282.4072590305679,299.2738973240743,316.1405356175811,333.00717391108765,349.8738122045942,366.7404504981008,383.6070887916073,400.473727085114,417.34036537862056,434.2070036721272] [-19.36886905804772,-2.7104231761745723,-1.9908916993468893,-1.4067142303561013,-0.9414917977887853,-0.5818006098525075,-0.31649578355450103,-0.13621034105619856,-0.03298664734563772,0.0,-0.03365774896485618,-0.13075303242510472,-0.2862906105063985,-0.4958789242593866,-0.7556339948479263,-1.0621019959933165,-1.4121962674446422,-1.8031456229641663,-2.2324515834259273,-2.697852729792885] False 55200.65603222185 55214.65603222185
311.3149665447022 358.7979888064861 413.52331434760555 1.5437372727836704e-12 7.932387056534308e-13 1.1065948473275452e-12 1.134107813334861e-10 4.046143591954286e-08 0.10283108999629376 5.595978686276606e-10 9.023088636143861e-11 9.519274479382911e-11 8.526902792904813e-11 7.213360065628841e-10 7.204038940903318e-05 1.1615963095322902e-05 1.2254732886456158e-05 1.0977193304189648e-05 9.286190981210337e-05 505.6935426539387 81.53922510966729 86.02312311838611 77.05532710094847 651.8519477159405 117.45026028531834 -509.03423990087776 [0.0,332.8514396141484,354.4567024941222,376.06196537409596,397.66722825406976,419.2724911340434,440.8777540140173,462.48301689399096,484.0882797739646,505.6935426539387,526.8418227271503,547.9901028003616,569.1383828735734,590.2866629467849,611.4349430199965,632.5832230932078,653.7315031664197,674.8797832396314,696.0280633128426,717.1763433860548] [-58.72513014265917,-2.6948451395510347,-2.0020670010263757,-1.429094828291852,-0.9653293013068946,-0.6015820964756813,-0.32983035639870195,-0.1430230614868151,-0.034926554199728344,0.0,-0.031914717414508686,-0.12502330336519663,-0.2755606338208736,-0.48011417478613794,-0.735580269648608,-1.0391270907331318,-1.3881630608661908,-1.780309794774837,-2.2133787985284243,-2.685351311893328] False 55200.65603222185 55214.65603222185
413.52331434760555 476.5900816815941 549.2752115212968 8.686663949701617e-13 4.3353546189248935e-13 6.136755549749994e-13 8.361455958077219e-11 3.959726906093844e-08 0.08630383791225726 2.2452063198304486e-10 4.569782296199224e-11 4.822903011719993e-11 4.316661580678455e-11 3.066310099484452e-10 5.0997191096957736e-05 1.0379716953957493e-05 1.0954650552976854e-05 9.804783354938133e-06 6.964758682745422e-05 365.8621076933583 74.46577037577117 78.59043712302463 70.34110362851771 499.66306701093396 76.0330296741297 -356.1603544176798 [0.0,211.66090929845663,230.9360590978194,250.21120889718213,269.4863586965448,288.76150849590755,308.0366582952704,327.3118080946329,346.5869578939959,365.8621076933583,385.53068790955405,405.19926812574954,424.86784834194526,444.53642855814076,464.2050087743363,483.87358899053186,503.5421692067272,523.2107494229226,542.8793296391184,562.5479098553141] [-38.01651483706485,-2.686961975809936,-1.9688834656245717,-1.3862590612190502,-0.9229979431730726,-0.5658266355869159,-0.30365362026344656,-0.12710586411844815,-0.028183819021364798,0.0,-0.03796098729770847,-0.13781440651229104,-0.29469801420503927,-0.5043206970479446,-0.7628746400005753,-1.066963968750656,-1.413546259677048,-1.7998842053063413,-2.223505371750946,-2.6821684609020053] False 55200.65603222185 55214.65603222185
549.2752115212968 633.0528961793416 729.6086933380817 4.610960455398596e-13 2.2348847961883186e-13 3.210134797418305e-13 5.816286459600606e-11 3.656156984633232e-08 0.0665657960433843 1.4110078687431022e-10 2.976681987253287e-11 3.161849146081307e-11 2.791514828425266e-11 1.9590406685144084e-10 5.6546982621421436e-05 1.1929230752812742e-05 1.2671299195112295e-05 1.118716231051319e-05 7.850972421282155e-05 439.54785633235133 92.72763217442555 98.49583726590451 86.95942708294659 610.2674162125319 77.67580526716722 -330.5123054027444 [0.0,252.1236746553481,275.5516973649735,298.97972007459896,322.40774278422435,345.8357654938498,369.2637882034752,392.69181091310054,416.11983362272576,439.54785633235133,464.56691777387624,489.5859792154016,514.6050406569263,539.6241020984515,564.6431635399767,589.6622249815015,614.6812864230266,639.7003478645514,664.7194093060766,689.7384707476018] [-38.83790263358361,-2.7045353289855143,-1.9892422233202183,-1.4087285281189565,-0.9463275342328075,-0.5883972661537769,-0.32361665524786076,-0.1424774892128653,-0.03690973569268863,0.0,-0.02966617175962938,-0.12452906736228897,-0.2791135283042081,-0.4886307559491456,-0.7488660782672127,-1.0560890111614185,-1.4069804635259402,-1.7985732794797968,-2.228203267352683,-2.6934685550587005] False 55200.65603222185 55214.65603222185
729.6086933380817 840.8915725798939 969.1477682383326 2.3085490194759657e-13 1.0867232230191026e-13 1.583904615481159e-13 3.816197626309608e-11 3.184280499179849e-08 0.04767364559334908 3.629629755978609e-11 1.2647748905792485e-11 1.4066149000907331e-11 1.1229348810677638e-11 6.059469203316998e-11 2.5665062526714484e-05 8.94320601032845e-06 9.94615478407205e-06 7.94025723658485e-06 4.2846424136144896e-05 229.15709194243362 79.8517081279566 88.80679343581754 70.89662282009566 382.565284808912 35.265109164092394 -225.71916771009109 [0.0,84.72776363534831,102.78142967373395,120.83509571211971,138.88876175050535,156.94242778889105,174.9960938272767,193.0497598656624,211.10342590404812,229.15709194243362,252.17950098634037,275.201910030247,298.2243190741539,321.24672811806073,344.2691371619673,367.2915462058739,390.3139552497807,413.3363642936874,436.3587733375941,459.3811823815008] [-17.632554582046197,-2.698553487493541,-1.8907934233990318,-1.2847334299881368,-0.8317122390963902,-0.499299596041368,-0.2646998595150194,-0.11122397611796941,-0.02625440356351305,0.0,-0.039571856150047324,-0.14943287089701585,-0.31968662885304866,-0.5424561513622166,-0.8113612054252997,-1.1211559570394911,-1.467471004172893,-1.8466254564670805,-2.255487275290733,-2.691367637751] False 55200.65603222185 55214.65603222185
969.1477682383326 1116.9661194245136 1287.3303254983532 1.090232216681158e-13 4.984423815557923e-14 7.371688697519756e-14 2.3619933618318527e-11 2.6161390919913995e-08 0.03169385900594324 2.0525593953952993e-11 7.872709109711785e-12 8.827940711934939e-12 6.91747750748863e-12 3.595786348116518e-11 2.5608004252473254e-05 9.822096686325496e-06 1.1013856349247033e-05 8.630337023403958e-06 4.486150914810402e-05 278.4381543520543 106.79654869800186 119.75465967391091 93.8384377220928 487.7832604795614 26.330582638320834 -172.46859010183584 [0.0,90.8474521591095,114.2962899332276,137.74512770734563,161.19396548146375,184.64280325558178,208.09164102970007,231.5404788038181,254.98931657793622,278.4381543520543,309.97067379695767,341.50319324186114,373.0357126867647,404.56823213166837,436.1007515765715,467.6332710214749,499.1657904663784,530.698309911282,562.2308293561857,593.763348801089] [-13.165291319160417,-2.6998516938985233,-1.8730079283940313,-1.2642022114886515,-0.8151338490980322,-0.48870418828164475,-0.25972993907888053,-0.11027194447552802,-0.027064441381725146,0.0,-0.038497403073165515,-0.14961696602068741,-0.3221119295769199,-0.5472329961316404,-0.8180299172633738,-1.1288831807038946,-1.4751799883176773,-1.8530839960868093,-2.2593678668548307,-2.6912890274535357] False 55200.65603222185 55214.65603222185
1287.3303254983532 1483.6791717563765 1709.9759409858673 4.8565865155841953e-14 2.1564688267334078e-14 3.236213439374969e-14 1.3790791488077606e-11 2.027558326363342e-08 0.019535466648749278 1.7745058247889687e-11 5.7132511420444345e-12 6.213312236521956e-12 5.213190047566913e-12 2.8833644786176897e-11 3.9062265655372774e-05 1.2576601933270192e-05 1.3677388363132736e-05 1.1475815503407646e-05 6.347161427797742e-05 548.3278090371227 176.5412340401093 191.99327710974381 161.08919097047476 890.9685756618613 56.97455710546842 -178.50082931752272 [0.0,227.25908820408503,267.3926783082147,307.52626841234445,347.6598585164742,387.793448620604,427.9270387247337,468.06062882886334,508.1942189329932,548.3278090371227,600.0181582699514,651.70850750278,703.3988567356087,755.0892059684377,806.7795552012661,858.4699044340946,910.1602536669236,961.8506028997515,1013.5409521325804,1065.2313013654089] [-28.48727855273421,-2.6955483094047565,-1.8926237270101467,-1.287310001486901,-0.8338184093555299,-0.5007582537994608,-0.265648514691037,-0.11182359227925076,-0.026578352490588486,0.0,-0.03965436314408066,-0.15038476853345628,-0.32184108313677484,-0.5458051296174631,-0.8156401843841934,-1.125907837101721,-1.472094552025851,-1.8504122166952186,-2.257649846771841,-2.6910614432728153] False 55200.65603222185 55214.65603222185
1709.9759409858673 1970.7884119509856 2271.3810595726877 2.040682572202838e-14 8.8004243522484e-15 1.3401071824157465e-14 7.595604968393898e-12 1.4823435719978623e-08 0.011093475381984241 6.478169025941883e-12 2.928171005205247e-12 3.2501641544078144e-12 2.6061778560026793e-12 1.2494288423830094e-11 2.5161253615134385e-05 1.1373036577992055e-05 1.2623660212074166e-05 1.0122412943909945e-05 4.852790325688037e-05 483.4067834980185 218.50274691661411 242.5301645312355 194.47532930199273 932.3350093018114 35.662201241144686 -105.11615137062013 [0.0,130.1986233964265,174.34964340912552,218.50066342182447,262.6516834345234,306.8027034472225,350.9537234599216,395.10474347262044,439.2557634853195,483.4067834980185,552.7000706842674,621.9933578705168,691.2866450567658,760.579932243015,829.8732194292639,899.1665066155138,968.4597938017622,1037.7530809880113,1107.0463681742604,1176.3396553605098] [-17.831100620572343,-2.6922852332952942,-1.7816708861006845,-1.161403616603934,-0.7282970034127487,-0.42629619342346814,-0.22145106573277928,-0.0915980203299398,-0.02144836694792218,0.0,-0.04556881280016967,-0.1686292906403679,-0.35340233170957447,-0.5885324038444253,-0.8655678214634435,-1.1780436554452223,-1.5209011391936258,-1.8901053028615564,-2.282384675849997,-2.6950490190428553] False 55200.65603222185 55214.65603222185
100.0 115.25240587974294 132.83117061068992 1.4033518350009982e-11 7.628179942782537e-12 1.0346506811683674e-11 3.4004836496065855e-10 3.902151342615897e-08 0.1391250525245976 2.722100293195659e-09 6.591839336079373e-10 6.930945574382921e-10 6.252733097775824e-10 3.893584319923341e-09 3.61579768464882e-05 8.756017354890168e-06 9.206456140842648e-06 8.305578568937689e-06 5.171893630868449e-05 263.0936549639883 63.710771722835126 66.98826667331075 60.433276772359505 376.3187316057779 27.983831066997027 -597.01912660552 [0.0,127.83233434632092,144.7399994235293,161.64766450073768,178.5553295779462,195.4629946551546,212.37065973236307,229.27832480957136,246.18598988677974,263.0936549639883,279.51751940964374,295.94138385529897,312.3652483009544,328.7891127466099,345.21297719226544,361.63684163792084,378.0607060835763,394.48457052923163,410.9084349748872,427.3322994205425] [-13.991915533498513,-2.7125324516513274,-2.010608014587092,-1.4315052465411782,-0.9639086777589227,-0.5981119153233294,-0.3257157971936522,-0.13939553899126622,-0.03271853890919374,0.0,-0.03423647883914782,-0.1293455131827841,-0.2815960288594397,-0.4876146707653106,-0.7443398185384922,-1.0489829152623997,-1.3989957381434124,-1.792042533647077,-2.225976162934444,-2.6988175750597065] False 55214.65603222185 55228.65603222185
132.83117061068992 153.091119887046 176.4411988580621 8.108335031605059e-12 4.369759620493616e-12 5.952434376836226e-12 2.5992252842692966e-10 3.961131822654787e-08 0.14305419503126499 1.4145116731742728e-09 3.464098008870298e-10 3.657992381864734e-10 3.270203635875862e-10 2.034899679374729e-09 3.315175588582069e-05 8.118768740657598e-06 8.573196868968551e-06 7.664340612346643e-06 4.769172195757088e-05 237.63582823841196 58.19632421905839 61.45372044922889 54.93892798888789 341.86007783529686 28.723407643841483 -600.3249736073918 [0.0,114.64970583530499,130.02297113569344,145.39623643608178,160.76950173647012,176.14276703685846,191.5160323372468,206.88929763763522,222.26256293802356,237.63582823841196,252.80312359249902,267.9704189465859,283.13771430067294,298.3050096547599,313.4723050088469,328.6396003629337,343.8068957170209,358.97419107110767,374.14148642519467,389.3087817792815] [-14.361703821920742,-2.7054396755943344,-1.997726277029642,-1.417139354976939,-0.9507525863930368,-0.587654445381645,-0.31853616761713965,-0.13538201869539535,-0.031232417645242094,0.0,-0.03541305540477424,-0.13202105827951982,-0.2857540485545087,-0.49296405408085775,-0.7503667332788382,-1.0549929655986716,-1.404148395552511,-1.7953793918053407,-2.2264442224244476,-2.6952885033316534] False 55214.65603222185 55228.65603222185
176.4411988580621 203.35272664697808 234.36890988269914 4.605107821050327e-12 2.4605781584595843e-12 3.3661889016850816e-12 1.952957568897627e-10 3.9525752691493954e-08 0.13291635029963844 1.1557662501881163e-09 2.224194589981935e-10 2.3518932595780177e-10 2.0964959203858528e-10 1.556468060793022e-09 4.7793629038889426e-05 9.197563186033443e-06 9.725626956924964e-06 8.669499415141924e-06 6.436358311753215e-05 343.34563030896766 66.07456250801982 69.86813064473841 62.28099437130124 462.38286271274586 59.520273459563896 -662.4736809159668 [0.0,203.26560057693746,220.77560429344115,238.285608009945,255.79561172644887,273.3056154429525,290.8156191594564,308.3256228759601,325.83562659246394,343.34563030896766,360.6016791464956,377.8577279840235,395.1137768215515,412.36982565907925,429.62587449660737,446.88192333413497,464.13797217166314,481.394021009191,498.6500698467191,515.9061186842467] [-29.760136729781948,-2.699935331445886,-2.0024194820373395,-1.4272399408903311,-0.9628541145649478,-0.599391826472015,-0.32833718355993824,-0.1422839427730196,-0.034744679204209206,0.0,-0.03203772472795663,-0.1255155923958,-0.2765474533827046,-0.4816311582809476,-0.7375978912787104,-1.0415697474680883,-1.390923976486306,-1.7832626590263772,-2.216386843189639,-2.6882743667107434] False 55214.65603222185 55228.65603222185
