data/4C+21.35_allsed_14d_min11.ecsv
# %ECSV 1.0
# ---
# datatype:
# - {name: e_min, unit: MeV, datatype: float64}
# - {name: e_ref, unit: MeV, datatype: float64}
# - {name: e_max, unit: MeV, datatype: float64}
# - {name: ref_dnde_e_min, unit: ph / (cm2 MeV s), datatype: float64}
# - {name: ref_dnde_e_max, unit: ph / (cm2 MeV s), datatype: float64}
# - {name: ref_dnde, unit: ph / (cm2 MeV s), datatype: float64}
# - {name: ref_flux, unit: ph / (cm2 s), datatype: float64}
# - {name: ref_eflux, unit: MeV / (cm2 s), datatype: float64}
# - {name: ref_npred, datatype: float64}
# - {name: dnde, unit: ph / (cm2 MeV s), datatype: float64}
# - {name: dnde_err, unit: ph / (cm2 MeV s), datatype: float64}
# - {name: dnde_errp, unit: ph / (cm2 MeV s), datatype: float64}
# - {name: dnde_errn, unit: ph / (cm2 MeV s), datatype: float64}
# - {name: dnde_ul, unit: ph / (cm2 MeV s), datatype: float64}
# - {name: e2dnde, unit: MeV / (cm2 s), datatype: float64}
# - {name: e2dnde_err, unit: MeV / (cm2 s), datatype: float64}
# - {name: e2dnde_errp, unit: MeV / (cm2 s), datatype: float64}
# - {name: e2dnde_errn, unit: MeV / (cm2 s), datatype: float64}
# - {name: e2dnde_ul, unit: MeV / (cm2 s), datatype: float64}
# - {name: norm, datatype: float64}
# - {name: norm_err, datatype: float64}
# - {name: norm_errp, datatype: float64}
# - {name: norm_errn, datatype: float64}
# - {name: norm_ul, datatype: float64}
# - {name: ts, datatype: float64}
# - {name: loglike, datatype: float64}
# - {name: norm_scan, datatype: string, subtype: 'float64[20]'}
# - {name: dloglike_scan, datatype: string, subtype: 'float64[20]'}
# - {name: ShowUL, datatype: bool}
# - {name: tstart, datatype: float64}
# - {name: tend, datatype: float64}
# meta: !!omap
# - {UL_CONF: 0.95}
# - {EXTNAME: SED}
# - {CONFIG: '{"bin_index": 2.0, "use_local_index": true, "free_background": false, "free_radius": null, "free_pars": [], "ul_confidence":
#     0.95, "cov_scale": 3.0, "make_plots": false, "write_fits": true, "write_npy": true, "optimizer": {"optimizer": "MINUIT", "tol":
#     0.001, "max_iter": 100, "init_lambda": 0.0001, "retries": 3, "min_fit_quality": 2, "verbosity": 0}, "prefix": "", "outfile": null,
#     "loge_bins": []}'}
# - {SRCNAME: 4FGL J1224.9+2122}
# - {CREATOR: fermipy 1.2.0}
# - {STVER: 2.2.0}
# schema: astropy-2.0
e_min e_ref e_max ref_dnde_e_min ref_dnde_e_max ref_dnde ref_flux ref_eflux ref_npred dnde dnde_err dnde_errp dnde_errn dnde_ul e2dnde e2dnde_err e2dnde_errp e2dnde_errn e2dnde_ul norm norm_err norm_errp norm_errn norm_ul ts loglike norm_scan dloglike_scan ShowUL tstart tend
[from data line 13]
4007.6519721450045 4618.915317184078 5323.411028602609 3.3403729834442446e-15 1.6668211697258629e-15 2.359619546364459e-15 3.1161445879607177e-12 1.4301916236888046e-08 0.0061416754892453795 3.8347268564993727e-13 3.87079751702235e-13 4.854776215720477e-13 2.886818818324223e-13 1.3994380568692194e-12 8.181151499567952e-06 8.258106012749982e-06 1.035736343254593e-05 6.158848592954032e-06 2.985614148268072e-05 162.51462497026935 164.04328922373148 205.74402442124136 122.34255402622159 593.0778370713949 9.326254983552744 -39.22797546155607 [0.0,18.057180552252156,36.11436110450431,54.17154165675647,72.22872220900862,90.28590276126079,108.34308331351293,126.400263865765,144.45744441801725,162.51462497026935,232.9247775882536,303.3349302062378,373.745082824222,444.155235442206,514.5653880601906,584.9755406781746,655.3856932961589,725.7958459141431,796.2059985321268,866.6161511501112] [-4.663127491776372,-1.2845907782123689,-0.7174647792153195,-0.42782011710075096,-0.2533786509989895,-0.14243895583008737,-0.0718015400372991,-0.029037531737166944,-0.00670668124529783,0.0,-0.07252686977992795,-0.2403905272188851,-0.4634272433626663,-0.7224887941914488,-1.0069364303975021,-1.3102433790261188,-1.6281156187729735,-1.9575769315747777,-2.2964793669119956,-2.643221827297758] False 54934.65603222185 54948.65603222185
100.0 115.25240587974294 132.83117061068992 3.726449288505526e-11 1.7957857269356757e-11 2.586871555459956e-11 8.5349229206426e-10 9.766291273651684e-08 0.405496582744985 2.392555859690937e-09 6.454192479835543e-10 6.770792440930334e-10 6.137592518740752e-10 3.5376544228761445e-09 3.17805995594213e-05 8.573179424432677e-06 8.993722858907877e-06 8.152635989957476e-06 4.6991077820672335e-05 92.48839025815224 24.949798787701937 26.173670767068526 23.725926808335345 136.75415833497522 20.245804970918925 -748.3308174294083 [0.0,39.40168564810098,46.03752372435741,52.673361800613826,59.309199876870245,65.94503795312663,72.58087602938302,79.21671410563944,85.85255218189587,92.48839025815224,98.88200245073097,105.27561464330974,111.66922683588841,118.06283902846714,124.45645122104588,130.8500634136246,137.24367560620337,143.6372877987821,150.0308999913607,156.42451218393947] [-10.122902485459463,-2.7085475886243557,-2.0152353669263903,-1.440670405368678,-0.974612985962608,-0.6082503150186085,-0.3339277169285424,-0.14494234796302408,-0.035382397672833577,0.0,-0.03169213343414867,-0.12412442829815973,-0.27388592361955943,-0.4778766221793376,-0.7332685699071817,-1.0374730505633352,-1.3881127523590067,-1.7829980087986996,-2.2201064024829975,-2.6975651635954137] False 54990.65603222185 55004.65603222185
132.83117061068992 153.091119887046 176.4411988580621 1.7096335553219404e-11 8.295932845201265e-12 1.1909242278521974e-11 5.217932266607096e-10 7.932301690312811e-08 0.34644875829655924 8.221214799904409e-10 2.8858026080258907e-10 3.0540880910407603e-10 2.7175171250110206e-10 1.3430103818933723e-09 1.9267971505651073e-05 6.763424113796776e-06 7.15783296582956e-06 6.36901526176399e-06 3.1475987916549686e-05 69.03222394535686 24.231622302540313 25.644688550410407 22.818556054670214 112.77043077001285 11.498635051740393 -651.4110355310285 [0.0,18.57647995808072,24.883447956490237,31.190415954899745,37.49738395330928,43.80435195171881,50.1113199501283,56.41828794853782,62.72525594694735,69.03222394535686,75.38923754355872,81.7462511417605,88.10326473996233,94.46027833816413,100.81729193636589,107.17430553456782,113.53131913276961,119.88833273097144,126.24534632917326,132.60235992737503] [-5.749317525870197,-2.708119788780664,-1.9976324814693953,-1.4169939708012862,-0.9517699957934838,-0.5900559133924617,-0.3218869875938708,-0.1388167750926641,-0.03360785821871559,0.0,-0.033042466478491406,-0.12837013998273505,-0.2816440092817629,-0.48900682997702916,-0.7470109179627116,-1.0525593759329013,-1.402857801962341,-1.7953742699097575,-2.227805904553861,-2.698050763784181] False 54990.65603222185 55004.65603222185
176.4411988580621 203.35272664697808 234.36890988269914 7.952737364848135e-12 3.885811503232647e-12 5.5590321400865175e-12 3.234482268387253e-10 6.532452975019159e-08 0.27359370910267167 4.6084928499552003e-10 1.6214809584811192e-10 1.7089447737621563e-10 1.5340171432000824e-10 7.525172361211536e-10 1.9057192374607188e-05 6.7052018010264535e-06 7.066885068831466e-06 6.343518533221442e-06 3.1118342158451944e-05 82.90099308336569 29.168404096614623 30.741768183688883 27.595040009540362 135.3683909640864 12.40601781192413 -677.4670194587333 [0.0,23.322105611286055,30.769466545296016,38.21682747930595,45.66418841331592,53.111549347325834,60.558910281335834,68.00627121534579,75.45363214935573,82.90099308336569,90.59341960979218,98.28584613621871,105.97827266264514,113.67069918907167,121.36312571549814,129.0555522419247,136.7479787683512,144.44040529477766,152.1328318212042,159.82525834763072] [-6.203008905962065,-2.702426314038121,-1.9773961987301618,-1.392332832904117,-0.9285933926855705,-0.571453303146086,-0.3090249181676654,-0.13153533068316392,-0.030826672916305142,0.0,-0.03527276306601834,-0.13320821560364493,-0.28894540538658475,-0.4982334108952955,-0.7573277849431861,-1.0629087541441322,-1.4120158043812125,-1.8019947879562324,-2.2304547252737166,-2.695232201637964] False 54990.65603222185 55004.65603222185
234.36890988269914 270.1158072739371 311.3149665447022 3.750904757371372e-12 1.8454573835588857e-12 2.6309950360115034e-12 2.0329121706323974e-10 5.454574511048424e-08 0.20511287731863903 1.73854770602577e-10 7.417252759265916e-11 7.960415404167557e-11 6.874090114364275e-11 3.1282115200159734e-10 1.2684887277954643e-05 5.41181670409633e-06 5.808122016875069e-06 5.015511391317592e-06 2.2824228737277797e-05 66.07947496021684 28.191815863363285 30.256291992991624 26.127339733734946 118.89841969288672 9.497184348855399 -559.086161488759 [0.0,12.015263033976863,18.77328952475687,25.53131601553686,32.289342506316835,39.047368997096854,45.80539548787685,52.563421978656855,59.32144846943683,66.07947496021684,73.93705349361633,81.79463202701577,89.65221056041533,97.50978909381479,105.36736762721424,113.22494616061375,121.08252469401323,128.94010322741266,136.7976817608122,144.65526029421173] [-4.748592174427699,-2.697483704505885,-1.917470110100453,-1.318628134501978,-0.8621825226631472,-0.5216391720086904,-0.2779167402314897,-0.11671849984725213,-0.02699678111207504,0.0,-0.03816606926648092,-0.14258356928769444,-0.30592029197680404,-0.5221229121581246,-0.7861231358469922,-1.0936255366054866,-1.4409509010973807,-1.8249182844255074,-2.24275467666871,-2.692024759615947] False 54990.65603222185 55004.65603222185
311.3149665447022 358.7979888064861 413.52331434760555 1.793747143576093e-12 8.886527743417095e-13 1.262544405399829e-12 1.29550758963543e-10 4.617989952062082e-08 0.15029396919459503 1.4752354118874824e-10 4.9535822966256805e-11 5.306267422252479e-11 4.6008971709988816e-11 2.399037150322596e-10 1.8991590122206643e-05 6.377043545461562e-06 6.831076257402317e-06 5.9230108335208055e-06 3.088424388388286e-05 116.84621986981092 39.23491542506938 42.02836272180116 36.4414681283376 190.0160612222472 19.134826486343968 -508.10871960171306 [0.0,39.866223865987344,49.488723366465315,59.111222866943244,68.73372236742118,78.35622186789918,87.97872136837711,97.60122086885502,107.22372036933304,116.84621986981092,127.70683908245552,138.56745829509998,149.42807750774446,160.28869672038908,171.14931593303356,182.0099351456781,192.87055435832252,203.73117357096714,214.59179278361168,225.45241199625613] [-9.567413243171984,-2.699582480148308,-1.9348340870195102,-1.3391783173901217,-0.8802283511552105,-0.5349108299985801,-0.2860798768698487,-0.12056867660356829,-0.02799631495850008,0.0,-0.037430506433736355,-0.1402869470886685,-0.30184670435301086,-0.5164740210071272,-0.7793868426747395,-1.086484615377742,-1.4342185634836255,-1.8194922590913052,-2.2395842316220183,-2.692086903708912] False 54990.65603222185 55004.65603222185
413.52331434760555 476.5900816815941 549.2752115212968 8.697462728289457e-13 4.339010719318816e-13 6.143157495044704e-13 8.370293027458553e-11 3.963874554969487e-08 0.1095581102543619 6.432324014884729e-11 2.4588993179485704e-11 2.6736777046574036e-11 2.2441209312397375e-11 1.1199945114819017e-10 1.4610258936443704e-05 5.5850973381845765e-06 6.072940897760599e-06 5.097253778608555e-06 2.543934320205354e-05 104.70713179782997 40.02663646393583 43.5228578595631 36.530415068308564 182.3157736693761 19.09085096863896 -408.2312841637282 [0.0,31.708884424042434,40.83366534576588,49.95844626748933,59.08322718921275,68.20800811093619,77.33278903265966,86.45756995438309,95.58235087610655,104.70713179782997,116.37277684699747,128.03842189616503,139.7040669453325,151.36971199449994,163.03535704366743,174.70100209283495,186.36664714200245,198.03229219117,209.69793724033738,221.36358228950508] [-9.54542548431948,-2.6983931924698936,-1.8843346281145728,-1.277907554597391,-0.8265900798837151,-0.49625846235352356,-0.2633870886533032,-0.11101207051564188,-0.026462270575905222,0.0,-0.03875209616990105,-0.1475205262709096,-0.31659870205635343,-0.5382983980003928,-0.8064137685950072,-1.115854004980065,-1.4623843829085104,-1.8424392384055182,-2.252984009340537,-2.691411563876784] False 54990.65603222185 55004.65603222185
1709.9759409858673 1970.7884119509856 2271.3810595726877 2.8685123901600743e-14 1.481305833447718e-14 2.061345225055998e-14 1.160214686865164e-11 2.2738729834537113e-08 0.020850935217999522 3.1326575371805963e-12 1.825475502596169e-12 2.0747469554055014e-12 1.576204049786837e-12 7.1315281114584885e-12 1.2167263692367631e-05 7.090159565936768e-06 8.058331624744189e-06 6.121987507129349e-06 2.7698904853718024e-05 151.97151350984862 88.55748568494046 100.65014487561827 76.46482649426267 345.96476246547957 19.972279068895034 -105.19445876085972 [0.0,25.429444511001876,41.2472031358577,57.06496176071358,72.88272038556941,88.7004790104253,104.51823763528111,120.335996260137,136.1537548849928,151.97151350984862,182.58624510237155,213.20097669489434,243.8157082874172,274.4304398799401,305.045171472463,335.65990306498577,366.2746346575085,396.88936625003123,427.5040978425543,458.11882943507743] [-9.986139534447517,-2.69027578430142,-1.6435035699405063,-1.0211511926497963,-0.6196679833125955,-0.3540218290111312,-0.1804729136525367,-0.07352383330602663,-0.017001458692405436,0.0,-0.052457677042824,-0.18875520854649608,-0.3866547650661545,-0.6317703996094224,-0.9142563125765122,-1.2270758601495828,-1.56502426844456,-1.9241425904330924,-2.3013488013155694,-2.6941961103457857] False 54990.65603222185 55004.65603222185
2271.3810595726877 2617.821317854317 3017.1020504598932 1.5112000318469475e-14 7.85801496850449e-15 1.0897262257401079e-14 8.145387722085334e-12 2.120852429965315e-08 0.014821937735533197 1.7073546678879775e-12 1.2116399018775847e-12 1.4012546401491487e-12 1.0220251636060207e-12 4.4502828406258456e-12 1.1700481822867438e-05 8.30335425580699e-06 9.602781867551314e-06 7.003926644062664e-06 3.0497736915888418e-05 156.67739543740868 111.18755089652696 128.5877688405141 93.78733295253983 408.3854031872412 9.00841783651876 -64.9502297767296 [0.0,11.560470432984243,29.700086058537295,47.839701684090336,65.9793173096434,84.11893293519651,102.25854856074952,120.39816418630258,138.53777981185564,156.67739543740868,196.49008408626122,236.30277273511354,276.1154613839661,315.92815003281873,355.7408386816711,395.55352733052354,435.3662159793761,475.1789046282285,514.991593277081,554.8042819259337] [-4.50420891825938,-2.649648188668536,-1.490516578365444,-0.8944845929764398,-0.5325858736560747,-0.30070529749264097,-0.15208939107276365,-0.061617196496158044,-0.014189481850692687,0.0,-0.055081620109930896,-0.1954948975830746,-0.3963992375443439,-0.6426055847633876,-0.9241090111763697,-1.2339491804329015,-1.5670768469094156,-1.9197058672214808,-2.2889200324065655,-2.672422795139454] False 54990.65603222185 55004.65603222185
3017.1020504598932 3477.2827010020824 4007.6519721450045 8.072219584968552e-15 4.2265572854920255e-15 5.841035738372105e-15 5.7981930709392824e-12 2.0056826596766918e-08 0.01058914519354004 1.45177873331616e-12 9.391354705075203e-13 1.076050213859669e-12 8.022207271553714e-13 3.5369694778004375e-12 1.7554175269865978e-05 1.1355551829706332e-05 1.30110557620049e-05 9.700047897407762e-06 4.276724869474578e-05 248.54816822620063 160.78235309158663 184.22250129213623 137.34220489103703 605.5380648614538 17.60745236223147 -49.395595587551355 [0.0,29.21893289043657,56.63508730740709,84.0512417243776,111.46739614134812,138.88355055831863,166.2997049752891,193.71585939225963,221.13201380923005,248.54816822620063,304.9666365351671,361.3851048441337,417.80357315310005,474.22204146206644,530.6405097710331,587.0589780799995,643.4774463889661,699.8959146979323,756.3143830068988,812.7328513158653] [-8.803726181115735,-2.696236252639835,-1.5615598904345234,-0.9507086290972921,-0.571231688003806,-0.3245774545922018,-0.16493336411127757,-0.06706078358603662,-0.01548711938533387,0.0,-0.05356993560540246,-0.19169080494359036,-0.39105880919938585,-0.6369347039076061,-0.9193764995241196,-1.2313481592075206,-1.5676809988855425,-1.924463053011074,-2.298660202315304,-2.687870619359586] False 54990.65603222185 55004.65603222185
9392.473966813408 10825.05221838098 12476.13311942254 7.546660421278974e-16 4.0621872231058873e-16 5.536781333991636e-16 1.7096262858545826e-12 1.8422317525711256e-08 0.0031512209255408763 1.7280088080860416e-13 1.7645022846350365e-13 2.2134850835238942e-13 1.3155194857461788e-13 6.382184960094696e-13 2.024911057039917e-05 2.0676747535142043e-05 2.5938006792829277e-05 1.541548827745481e-05 7.478756377453677e-05 312.0962710731197 318.68737054908263 399.7783098159892 237.59643128217607 1152.6886425716189 9.176993567850573 -5.971976782977833 [0.0,34.677363452568876,69.35472690513775,104.03209035770658,138.7094538102755,173.38681726284432,208.06418071541316,242.7415441679821,277.418907620551,312.0962710731197,449.4372728114248,586.7782745497301,724.1192762880357,861.4602780263409,998.8012797646458,1136.1422815029518,1273.4832832412567,1410.8242849795615,1548.1652867178673,1685.5062884561723] [-4.588496783925287,-1.2930464158933113,-0.7259226803110836,-0.43537898935327224,-0.2598076386935544,-0.14764479885177462,-0.07573734403851695,-0.03167639743827344,-0.008031747875475226,0.0,-0.06927003906543483,-0.23603017073104127,-0.45889730442928034,-0.7182782361657978,-1.0033331103067944,-1.3074309832539637,-1.626218474623581,-1.9566830626046956,-2.296653345494896,-2.6445124019644553] False 54990.65603222185 55004.65603222185
