data/4C+21.35_allsed_14d_min11.ecsv
# %ECSV 1.0
# ---
# datatype:
# - {name: e_min, unit: MeV, datatype: float64}
# - {name: e_ref, unit: MeV, datatype: float64}
# - {name: e_max, unit: MeV, datatype: float64}
# - {name: ref_dnde_e_min, unit: ph / (cm2 MeV s), datatype: float64}
# - {name: ref_dnde_e_max, unit: ph / (cm2 MeV s), datatype: float64}
# - {name: ref_dnde, unit: ph / (cm2 MeV s), datatype: float64}
# - {name: ref_flux, unit: ph / (cm2 s), datatype: float64}
# - {name: ref_eflux, unit: MeV / (cm2 s), datatype: float64}
# - {name: ref_npred, datatype: float64}
# - {name: dnde, unit: ph / (cm2 MeV s), datatype: float64}
# - {name: dnde_err, unit: ph / (cm2 MeV s), datatype: float64}
# - {name: dnde_errp, unit: ph / (cm2 MeV s), datatype: float64}
# - {name: dnde_errn, unit: ph / (cm2 MeV s), datatype: float64}
# - {name: dnde_ul, unit: ph / (cm2 MeV s), datatype: float64}
# - {name: e2dnde, unit: MeV / (cm2 s), datatype: float64}
# - {name: e2dnde_err, unit: MeV / (cm2 s), datatype: float64}
# - {name: e2dnde_errp, unit: MeV / (cm2 s), datatype: float64}
# - {name: e2dnde_errn, unit: MeV / (cm2 s), datatype: float64}
# - {name: e2dnde_ul, unit: MeV / (cm2 s), datatype: float64}
# - {name: norm, datatype: float64}
# - {name: norm_err, datatype: float64}
# - {name: norm_errp, datatype: float64}
# - {name: norm_errn, datatype: float64}
# - {name: norm_ul, datatype: float64}
# - {name: ts, datatype: float64}
# - {name: loglike, datatype: float64}
# - {name: norm_scan, datatype: string, subtype: 'float64[20]'}
# - {name: dloglike_scan, datatype: string, subtype: 'float64[20]'}
# - {name: ShowUL, datatype: bool}
# - {name: tstart, datatype: float64}
# - {name: tend, datatype: float64}
# meta: !!omap
# - {UL_CONF: 0.95}
# - {EXTNAME: SED}
# - {CONFIG: '{"bin_index": 2.0, "use_local_index": true, "free_background": false, "free_radius": null, "free_pars": [], "ul_confidence":
#     0.95, "cov_scale": 3.0, "make_plots": false, "write_fits": true, "write_npy": true, "optimizer": {"optimizer": "MINUIT", "tol":
#     0.001, "max_iter": 100, "init_lambda": 0.0001, "retries": 3, "min_fit_quality": 2, "verbosity": 0}, "prefix": "", "outfile": null,
#     "loge_bins": []}'}
# - {SRCNAME: 4FGL J1224.9+2122}
# - {CREATOR: fermipy 1.2.0}
# - {STVER: 2.2.0}
# schema: astropy-2.0
e_min e_ref e_max ref_dnde_e_min ref_dnde_e_max ref_dnde ref_flux ref_eflux ref_npred dnde dnde_err dnde_errp dnde_errn dnde_ul e2dnde e2dnde_err e2dnde_errp e2dnde_errn e2dnde_ul norm norm_err norm_errp norm_errn norm_ul ts loglike norm_scan dloglike_scan ShowUL tstart tend
[from data line 13]
7071.149185711414 8149.575733880153 9392.473966813408 6.175717333149196e-16 2.9514860071166207e-16 4.2693727048241486e-16 9.962626166765936e-13 8.059422265407173e-09 0.001437187975166454 5.512574170670488e-13 4.178627912749516e-13 4.8928154424213e-13 3.4644403830777327e-13 1.5252191997257411e-12 3.661208364288372e-05 2.7752601582767655e-05 3.2495919815503115e-05 2.3009283350032205e-05 0.00010129832485736709 1291.1906623756677 978.7451697594599 1146.0267773981636 811.4635621207565 3572.4667420165265 12.597657186031995 -13.505658772675574 [0.0,82.43249496463018,233.52726589100985,384.62203681738964,535.716807743769,686.8115786701487,837.9063495965286,989.0011205229082,1140.0958914492878,1291.1906623756677,1653.8094308824516,2016.4281993892355,2379.04696789602,2741.665736402803,3104.2845049095886,3466.9032734163725,3829.522041923155,4192.14081042994,4554.759578936723,4917.378347443505] [-6.2988285930159975,-2.6105562191742955,-1.3942485011298906,-0.8257396992592163,-0.48828861151363157,-0.27438818155672706,-0.1382669586227543,-0.05585401235116905,-0.012840693897970823,0.0,-0.05819276815056895,-0.20392841470913226,-0.4092461567212897,-0.6577725803426837,-0.9390825661375288,-1.246124301545997,-1.5739035530081722,-1.918753186828532,-2.2779007579286468,-2.6491991027399884] False 55214.65603222185 55228.65603222185
100.0 115.25240587974294 132.83117061068992 3.173208157404052e-11 1.559781587389687e-11 2.2247497964655678e-11 7.33489691829209e-10 8.397050948648534e-08 0.21695459933952768 6.278149295727207e-09 1.0734578398105951e-09 1.1210378429582998e-09 1.0258778366628902e-09 8.162165420872489e-09 8.339339202201242e-05 1.4258866146326394e-05 1.4890876897903387e-05 1.3626855394749399e-05 0.00010841899875725883 282.19574649253707 48.25072201449278 50.389389617622555 46.112054411363 366.8801513698133 63.52835781399949 -681.7930467853374 [0.0,177.67167004430968,190.73717960033818,203.8026891563666,216.86819871239481,229.93370826842326,242.99921782445168,256.06472738048006,269.1302369365085,282.19574649253707,294.4009010699267,306.60605564731657,318.8112102247063,331.0163648020961,343.22151937948587,355.42667395687585,367.63182853426554,379.83698311165534,392.0421376890453,404.247292266435] [-31.764178906999746,-2.7065348633282156,-2.021879658054786,-1.450157009485224,-0.9833993099563259,-0.6145163811464727,-0.33716577871553,-0.14564679731302022,-0.03481308222876578,0.0,-0.03240080194791517,-0.12426659854793343,-0.2726808611030265,-0.4749505534823584,-0.7285829265711072,-1.031265326739799,-1.380847552483715,-1.7753263762440383,-2.2128319147209368,-2.6916155843765637] False 55508.65603222185 55522.65603222185
132.83117061068992 153.091119887046 176.4411988580621 1.5932897212788392e-11 7.808394181701272e-12 1.1153938402823531e-11 4.885254918844138e-10 7.428299704297761e-08 0.2248377102525107 3.993323969980399e-09 5.724353271975704e-10 5.973992451046403e-10 5.474714092905006e-10 4.9987856310770665e-09 9.359109856527578e-05 1.3416104361364067e-05 1.400118098399218e-05 1.283102773873595e-05 0.00011715599390928312 358.0191879999554 51.3213634972794 53.55948935072238 49.08323764383641 448.1632810354828 100.60957330438941 -820.0663473666498 [0.0,245.8755658047331,259.8935185791359,273.91147135353873,287.9294241279415,301.94737690234416,315.965329676747,329.9832824511497,344.0012352255526,358.0191879999554,371.0010909416677,383.9829938833798,396.96489682509235,409.9467997668043,422.92870270851654,435.9106056502288,448.8925085919412,461.87441153365324,474.8563144753656,487.8382174170777] [-50.30478665219471,-2.710368204716474,-2.031593075303249,-1.4622498646629083,-0.9954190427768026,-0.6248660556232153,-0.3449499635274833,-0.15054721358376355,-0.03698758386155987,0.0,-0.030624837261370885,-0.12068673255578233,-0.2675218956869685,-0.46865353636462714,-0.721774048443308,-1.024729321785344,-1.3755048786229054,-1.7722135811213775,-2.213084697459635,-2.696454146994256] False 55508.65603222185 55522.65603222185
176.4411988580621 203.35272664697808 234.36890988269914 7.952330877748178e-12 3.885645392559907e-12 5.558771252285347e-12 3.234329500920975e-10 6.532145728681904e-08 0.20578862804853587 1.9071718206451165e-09 2.836694349950548e-10 2.9729568131566435e-10 2.700431886744452e-10 2.4087254037985267e-09 7.886600123035265e-05 1.1730392493826781e-05 1.2293869547888315e-05 1.1166915439765248e-05 9.960641123320424e-05 343.0923371529329 51.0309602825321 53.48226574235067 48.579654822713536 433.31975619760226 104.86797282629755 -741.5259595766727 [0.0,232.23662206047482,246.093586447032,259.95055083358926,273.80751522014657,287.66447960670394,301.521443993261,315.3784083798185,329.23537276637575,343.0923371529329,356.1270192791207,369.16170140530835,382.19638353149577,395.2310656576834,408.26574778387123,421.3004299100588,434.33511203624647,447.36979416243395,460.40447628862154,473.4391584148092] [-52.43398641314877,-2.707176014132756,-2.022436274879283,-1.4508934467028212,-0.9844175176481258,-0.6157839629837554,-0.33853945455700796,-0.1468920656835735,-0.03562073168052393,0.0,-0.03169713204636082,-0.12326580159196965,-0.271704294905021,-0.4742459680765023,-0.7283344584097904,-1.0316021475449588,-1.3818513706937665,-1.7770379566077281,-2.2152567550772346,-2.6947288668563942] False 55508.65603222185 55522.65603222185
234.36890988269914 270.1158072739371 311.3149665447022 3.945459811061368e-12 1.92206510273274e-12 2.75380293722619e-12 2.1285561388255415e-10 5.7098688168893745e-08 0.1698162385155091 7.783503150508293e-10 1.3790420055002964e-10 1.4562853174550785e-10 1.3017986935455146e-10 1.0260391929991158e-09 5.6790423265117484e-05 1.0061842036721467e-05 1.0625428932684258e-05 9.498255140758677e-06 7.4862435243203e-05 282.6456114666052 50.07773021294536 52.882698967629985 47.272761458260746 372.58991161967805 75.24572490672517 -568.6047423501793 [0.0,176.10320095945255,189.4210022728465,202.7388035862407,216.0566048996348,229.37440621302895,242.692207526423,256.0100088398171,269.3278101532112,282.6456114666052,295.67097549921317,308.6963395318211,321.721703564429,334.747067597037,347.7724316296448,360.79779566225267,373.8231596948607,386.8485237274688,399.8738877600765,412.89925179268437] [-37.622862453362586,-2.696845404227247,-2.003342437610172,-1.4298633397312415,-0.965742821141589,-0.6017528424700913,-0.32984757982183055,-0.14296369845419576,-0.034861935234062,0.0,-0.031994434052876386,-0.12515518250893365,-0.27572890298256425,-0.48031401709749844,-0.7358169113902022,-1.0394148718853558,-1.388524530808695,-1.7807748574193738,-2.213983919600423,-2.6861387936626215] False 55508.65603222185 55522.65603222185
311.3149665447022 358.7979888064861 413.52331434760555 1.945827339959245e-12 9.450972910793768e-13 1.356095921350576e-12 1.3924825804073296e-10 4.961353981695331e-08 0.13115529712231555 2.7731712743491816e-10 7.052955072442309e-11 7.531210003444496e-11 6.574700141440124e-11 4.0713993498827e-10 3.570069682216528e-05 9.079692014360273e-06 9.695378266895166e-06 8.46400576182538e-06 5.241356535623094e-05 204.4966901446985 52.009263956918794 55.53596825174388 48.482559662093706 300.2294517505718 32.97256383427623 -481.95643603527867 [0.0,97.50477073571045,110.87876066183397,124.2527505879575,137.62674051408092,151.00073044020442,164.374720366328,177.7487102924515,191.12270021857498,204.4966901446985,218.49689406192218,232.49709797914582,246.49730189636958,260.49750581359336,274.49770973081706,288.4979136480407,302.4981175652645,316.49832148248805,330.4985253997118,344.49872931693557] [-16.486281917138115,-2.7074236324825733,-1.9837113448142532,-1.3987302487956867,-0.9345050944825743,-0.5766084588100853,-0.3132488865582559,-0.13464088053353862,-0.03255677568211013,0.0,-0.0338782627310934,-0.1314152402238733,-0.2874435073214272,-0.49744453159024715,-0.7574403563728538,-1.063907497532,-1.4137077188231615,-1.804031804309318,-2.2323534605264967,-2.6963912009737214] False 55508.65603222185 55522.65603222185
413.52331434760555 476.5900816815941 549.2752115212968 9.539251732068663e-13 4.619701006288136e-13 6.638410263449642e-13 9.054617025585311e-11 4.284946971226125e-08 0.09790674896542839 2.1664571634192982e-10 4.466590327572357e-11 4.731251294582614e-11 4.2019293605621e-11 2.9802318574115005e-10 4.92084976736616e-05 1.0145328670918408e-05 1.0746474578593697e-05 9.544182763243118e-06 6.769242194059606e-05 326.3518037364418 67.28403563975118 71.27084809193497 63.29722318756739 448.9375828156223 70.08857877833213 -402.49176663613054 [0.0,188.38815764282472,205.63361340452684,222.87906916622885,240.12452492793113,257.3699806896332,274.61543645133537,291.8608922130376,309.1063479747396,326.3518037364418,344.30840843225184,362.265013128062,380.221617823872,398.17822251968227,416.1348272154924,434.0914319113024,452.0480366071123,470.0046413029223,487.9612459987327,505.9178506945425] [-35.04428938916607,-2.689124998761372,-1.977480145929917,-1.398718325881191,-0.9371813569322853,-0.5799223116707708,-0.3161031656126738,-0.13655264432168224,-0.033435360290525296,0.0,-0.03293071704678141,-0.12928827963258982,-0.28402157957890495,-0.4926823313302293,-0.7513311811951553,-1.0564615918433446,-1.404937584428751,-1.7939423972284203,-2.2209358265500327,-2.683618534099196] False 55508.65603222185 55522.65603222185
549.2752115212968 633.0528961793416 729.6086933380817 4.648935972392468e-13 2.2445505066761874e-13 3.230289707183961e-13 5.853640064168862e-11 3.679300936705177e-08 0.07074523692499857 8.069755379035474e-11 2.2672541896233095e-11 2.434726048973609e-11 2.0997823302730105e-11 1.2332940078162883e-10 3.234002639431927e-05 9.086156505503963e-06 9.757309978850234e-06 8.415003032157695e-06 4.942499356095937e-05 249.8152212505537 70.18733287547178 75.37175515740682 65.00291059353675 381.79052642662975 40.17434311784041 -317.171256391059 [0.0,113.67882141468465,130.6958713941682,147.71292137365185,164.72997135313554,181.74702133261917,198.76407131210277,215.7811212915865,232.7981712710701,249.8152212505537,269.4123582767582,289.009495302963,308.6066323291676,328.2037693553721,347.8009063815768,367.39804340778136,386.995180433986,406.59231746019077,426.1894544863955,445.7865915125998] [-20.087171558920204,-2.7002248565337936,-1.9448117082723115,-1.3515663978366774,-0.892048760690443,-0.544964032714347,-0.29391942632997825,-0.12600372655759884,-0.03085066306147155,0.0,-0.03508125327135758,-0.137334149166918,-0.2994282434446518,-0.5152237925668146,-0.7795220990462326,-1.0878786982674455,-1.436461201434895,-1.8219394898388828,-2.241399753234191,-2.6922763761924102] False 55508.65603222185 55522.65603222185
729.6086933380817 840.8915725798939 969.1477682383326 2.2520132297661896e-13 1.0840479746437757e-13 1.5624629213517466e-13 3.7613377530206446e-11 3.140154808642311e-08 0.049992018958513684 4.53494195588771e-11 1.3135285532124092e-11 1.4072877078978219e-11 1.2197693985269967e-11 6.978759451284578e-11 3.206651275138072e-05 9.287942494215098e-06 9.950912198904501e-06 8.624972789525693e-06 4.934671294808889e-05 290.2431727444997 84.06782236317169 90.06855066233017 78.0670940640132 446.65120406486096 45.034103595970464 -241.26255690061305 [0.0,128.30743055962424,148.54939833273374,168.79136610584314,189.03333387895253,209.27530165206204,229.51726942517163,249.75923719828089,270.00120497139045,290.2431727444997,313.7765229558574,337.3098731672151,360.84322337857293,384.37657358993044,407.90992380128824,431.44327401264593,454.9766242240037,478.5099744353611,502.0433246467189,525.5766748580764] [-22.517051797985232,-2.6967715271990755,-1.9112846024216594,-1.305923996043191,-0.8453124908124892,-0.5037126306455093,-0.26179083304646156,-0.10464075897135672,-0.02051824546524017,0.0,-0.04600042568065987,-0.15780106281121675,-0.32739644645732824,-0.5481844183568398,-0.8146541550505617,-1.122156642127294,-1.466732692963717,-1.844981982314323,-2.2539618624192315,-2.691108168271512] False 55508.65603222185 55522.65603222185
969.1477682383326 1116.9661194245136 1287.3303254983532 1.084405733229731e-13 5.204405382656622e-14 7.512447693664491e-14 2.4024948580268665e-11 2.6640392878951893e-08 0.034537932547142436 2.1429171027530658e-11 7.136129817636914e-12 7.788303533828654e-12 6.483956101445172e-12 3.5410836838024164e-11 2.6735319037834576e-05 8.903130556231883e-06 9.71679116625155e-06 8.089469946212214e-06 4.4179031426134195e-05 285.24885498507524 94.99074214726394 103.67198350541332 86.30950078911455 471.3621749125436 50.48972772396212 -175.583640768834 [0.0,113.23950769178498,134.74067610344622,156.2418445151075,177.74301292676887,199.24418133843017,220.74534975009146,242.2465181617527,263.747686573414,285.24885498507524,313.3977900058412,341.5467250266069,369.6956600473727,397.8445950681385,425.9935300889042,454.14246510966996,482.2914001304358,510.44033515120157,538.5892701719677,566.7382051927333] [-25.24486386198106,-2.701275143373607,-1.8877885349269263,-1.2793992589574827,-0.8263175252048711,-0.4950934638592628,-0.26213785033274917,-0.11017424163199507,-0.02615987808525233,0.0,-0.04011064347344018,-0.15185364254563183,-0.32443031559478186,-0.5493383034934141,-0.8197604993347056,-1.1301451479409081,-1.4759094309200407,-1.8532252938349245,-2.258861518959037,-2.690065168228813] False 55508.65603222185 55522.65603222185
1287.3303254983532 1483.6791717563765 1709.9759409858673 5.190583328337295e-14 2.4836890768508814e-14 3.590514603100183e-14 1.5254093911289562e-11 2.2466427026565585e-08 0.023267419444195525 1.0445540606348984e-11 4.396418240560022e-12 4.885631671788355e-12 3.907204809331688e-12 1.9469258848820953e-11 2.2993809114586127e-05 9.677852551726926e-06 1.0754759978339075e-05 8.600945125114777e-06 4.285775513621121e-05 290.9204323338474 122.44535189368098 136.07051389151627 108.82018989584567 542.2414612103368 30.263473148878347 -132.68302117989052 [0.0,87.12388176859596,112.59845058925242,138.07301940990888,163.5475882305653,189.02215705122174,214.49672587187808,239.97129469253463,265.44586351319094,290.9204323338474,329.0499140600848,367.17939578632206,405.3088775125594,443.4383592387968,481.5678409650341,519.6973226912716,557.8268044175087,595.956286143746,634.0857678699834,672.2152495962208] [-15.131736574439174,-2.7011419641056023,-1.8481033521468078,-1.2389179957193335,-0.798232714899541,-0.48157524737646895,-0.26036380778191415,-0.11507313087841453,-0.0317370363517,0.0,-0.03217955176174314,-0.1428796352304289,-0.3178693359710394,-0.5465433203118835,-0.8207744955631426,-1.1341898903890808,-1.4816945791011165,-1.8591478312559673,-2.2631363568289657,-2.6908115493646676] False 55508.65603222185 55522.65603222185
