data/4C+21.35_allsed_14d_min11.ecsv
# %ECSV 1.0
# ---
# datatype:
# - {name: e_min, unit: MeV, datatype: float64}
# - {name: e_ref, unit: MeV, datatype: float64}
# - {name: e_max, unit: MeV, datatype: float64}
# - {name: ref_dnde_e_min, unit: ph / (cm2 MeV s), datatype: float64}
# - {name: ref_dnde_e_max, unit: ph / (cm2 MeV s), datatype: float64}
# - {name: ref_dnde, unit: ph / (cm2 MeV s), datatype: float64}
# - {name: ref_flux, unit: ph / (cm2 s), datatype: float64}
# - {name: ref_eflux, unit: MeV / (cm2 s), datatype: float64}
# - {name: ref_npred, datatype: float64}
# - {name: dnde, unit: ph / (cm2 MeV s), datatype: float64}
# - {name: dnde_err, unit: ph / (cm2 MeV s), datatype: float64}
# - {name: dnde_errp, unit: ph / (cm2 MeV s), datatype: float64}
# - {name: dnde_errn, unit: ph / (cm2 MeV s), datatype: float64}
# - {name: dnde_ul, unit: ph / (cm2 MeV s), datatype: float64}
# - {name: e2dnde, unit: MeV / (cm2 s), datatype: float64}
# - {name: e2dnde_err, unit: MeV / (cm2 s), datatype: float64}
# - {name: e2dnde_errp, unit: MeV / (cm2 s), datatype: float64}
# - {name: e2dnde_errn, unit: MeV / (cm2 s), datatype: float64}
# - {name: e2dnde_ul, unit: MeV / (cm2 s), datatype: float64}
# - {name: norm, datatype: float64}
# - {name: norm_err, datatype: float64}
# - {name: norm_errp, datatype: float64}
# - {name: norm_errn, datatype: float64}
# - {name: norm_ul, datatype: float64}
# - {name: ts, datatype: float64}
# - {name: loglike, datatype: float64}
# - {name: norm_scan, datatype: string, subtype: 'float64[20]'}
# - {name: dloglike_scan, datatype: string, subtype: 'float64[20]'}
# - {name: ShowUL, datatype: bool}
# - {name: tstart, datatype: float64}
# - {name: tend, datatype: float64}
# meta: !!omap
# - {UL_CONF: 0.95}
# - {EXTNAME: SED}
# - {CONFIG: '{"bin_index": 2.0, "use_local_index": true, "free_background": false, "free_radius": null, "free_pars": [], "ul_confidence":
#     0.95, "cov_scale": 3.0, "make_plots": false, "write_fits": true, "write_npy": true, "optimizer": {"optimizer": "MINUIT", "tol":
#     0.001, "max_iter": 100, "init_lambda": 0.0001, "retries": 3, "min_fit_quality": 2, "verbosity": 0}, "prefix": "", "outfile": null,
#     "loge_bins": []}'}
# - {SRCNAME: 4FGL J1224.9+2122}
# - {CREATOR: fermipy 1.2.0}
# - {STVER: 2.2.0}
# schema: astropy-2.0
e_min e_ref e_max ref_dnde_e_min ref_dnde_e_max ref_dnde ref_flux ref_eflux ref_npred dnde dnde_err dnde_errp dnde_errn dnde_ul e2dnde e2dnde_err e2dnde_errp e2dnde_errn e2dnde_ul norm norm_err norm_errp norm_errn norm_ul ts loglike norm_scan dloglike_scan ShowUL tstart tend
[from data line 85]
132.83117061068992 153.091119887046 176.4411988580621 8.587427256725724e-12 4.590738523100498e-12 6.278744549810422e-12 2.7423368997005326e-10 4.178432518489522e-08 0.1593013845108166 1.2780090171326402e-09 3.2686436792204793e-10 3.464943659831028e-10 3.072343698609931e-10 1.8702819553914636e-09 2.995255801656364e-05 7.66068455893878e-06 8.120750683595672e-06 7.200618434281888e-06 4.3833594305837987e-05 203.5453118046071 52.05887344659008 55.18529432664444 48.93245256653571 297.87514694286045 26.822208725842756 -619.1200430665369 [0.0,94.65402155635793,108.2654328373891,121.87684411842028,135.48825539945136,149.09966668048258,162.71107796151372,176.32248924254486,189.93390052357591,203.5453118046071,217.2534333253986,230.96155484619015,244.66967636698163,258.3777978877731,272.0859194085647,285.7940409293561,299.50216245014786,313.2102839709394,326.9184054917307,340.62652701252216] [-13.411104362921378,-2.7041292891019566,-1.9964909461352818,-1.4174292911225166,-0.9529507260626815,-0.5914420413425887,-0.3231372713539713,-0.13972905107698352,-0.0340793211212258,0.0,-0.03253692732084801,-0.1273230504723415,-0.2800591975876614,-0.4869187912106554,-0.7444777821250455,-1.0496574426636016,-1.3996772428632767,-1.7920157151418152,-2.2243777090225194,-2.6946668025511826] False 60408.65603222185 60422.65603222185
176.4411988580621 203.35272664697808 234.36890988269914 4.591945327336673e-12 2.454694857315282e-12 3.357353806212006e-12 1.9478057159312624e-10 3.942192072336026e-08 0.13936237365336368 6.054831993681607e-10 1.8247550998755045e-10 1.9435780367864714e-10 1.705932162964537e-10 9.385292701275255e-10 2.5038141938451413e-05 7.545787767732153e-06 8.03714831465155e-06 7.054427220812756e-06 3.8810373439537393e-05 180.34536552205324 54.35099203721745 57.89017628080575 50.81180779362915 279.544344832229 19.19858785640099 -625.9803001575946 [0.0,67.8955033722882,81.95173614100881,96.00796890972944,110.06420167845006,124.12043444717068,138.17666721589137,152.232899984612,166.28913275333252,180.34536552205324,194.89730186497505,209.44923820789705,224.0011745508188,238.55311089374078,253.1050472366625,267.6569835795845,282.20891992250625,296.760856265428,311.3127926083498,325.86472895127173] [-9.599293928200495,-2.7078137235018858,-1.9741422462871014,-1.384947022771371,-0.9199474573157431,-0.5633318409672938,-0.3024726625715175,-0.12708353751554569,-0.028644849387319482,0.0,-0.0373964776641742,-0.13729154284237666,-0.29468885148389745,-0.5052379570212224,-0.7651214231141239,-1.0709663243547993,-1.4197739550363622,-1.8088633416499533,-2.235825365335245,-2.6984851418242215] False 60408.65603222185 60422.65603222185
234.36890988269914 270.1158072739371 311.3149665447022 2.45523452465528e-12 1.3124268438396098e-12 1.7950809725690323e-12 1.3833532697682613e-10 3.7189882325597294e-08 0.11536609597939462 1.7316864120818843e-10 7.310974679536954e-11 7.91384832551901e-11 6.708101033554897e-11 3.132524890226298e-10 1.2634825528163455e-05 5.334273507737278e-06 5.774145489140276e-06 4.894401526334281e-06 2.2855700185956728e-05 96.46842892014944 40.72782671788807 44.08630277102819 37.369350664747955 174.50604948161092 10.78617391307182 -437.6908814787363 [0.0,20.331259237442666,29.848405447781026,39.36555165811938,48.882697868457726,58.39984407879607,67.91699028913442,77.43413649947274,86.95128270981112,96.46842892014944,108.15228020966028,119.83613149917105,131.51998278868186,143.2038340781927,154.88768536770357,166.5715366572143,178.25538794672516,189.93923923623598,201.6230905257467,213.30694181525755] [-5.39308695653591,-2.694217554954264,-1.9030925661686524,-1.301829408815422,-0.8477155113993717,-0.5115923609378115,-0.27257470672543604,-0.11513649555365646,-0.027387914902249122,0.0,-0.03804660973776208,-0.1448518032121342,-0.31164615028706066,-0.5313366885618507,-0.7980952680051132,-1.1070674273239547,-1.454161504610056,-1.835892642963131,-2.249265264220128,-2.691683073769525] False 60408.65603222185 60422.65603222185
311.3149665447022 358.7979888064861 413.52331434760555 1.3126589153011853e-12 7.016416045470764e-13 9.596958411678912e-13 9.823883473748151e-11 3.508120194209763e-08 0.09310905771409506 1.1764538406895814e-10 4.438993311562682e-11 4.81038771454706e-11 4.0675989085783043e-11 2.0293368627470695e-10 1.5145195783692606e-05 5.714582286263957e-06 6.192700572899752e-06 5.236463999628162e-06 2.6124870381105367e-05 122.58611428990973 46.25416846821696 50.12408628022304 42.38425065621088 211.45625266829234 15.926387276586183 -333.0401349699548 [0.0,35.73653182027316,46.59272962897772,57.44892743768229,68.30512524638687,79.1613230550914,90.01752086379598,100.87371867250056,111.72991648120511,122.58611428990973,135.9087570381534,149.2313997863972,162.55404253464079,175.8766852828845,189.19932803112818,202.521970779372,215.84461352761565,229.16725627585942,242.48989902410315,255.81254177234686] [-7.963193638293092,-2.6970776041873705,-1.9057700689699573,-1.3039442379746902,-0.849149168988049,-0.5124006231112617,-0.2729063202492057,-0.11517692587085548,-0.02732416533359583,0.0,-0.038280942492974646,-0.14541237008540975,-0.31256517830337316,-0.5325868484873695,-0.799592922786303,-1.108677329505781,-1.455702006108254,-1.837140907425237,-2.249962217132804,-2.6915379655208085] False 60408.65603222185 60422.65603222185
413.52331434760555 476.5900816815941 549.2752115212968 7.017354825231118e-13 3.750941238932908e-13 5.130466411758709e-13 6.975356406632228e-11 3.308663173725324e-08 0.07414210103056806 6.653306708210042e-11 2.6967928219230063e-11 2.9439274207964623e-11 2.44965822304955e-11 1.1938999663223258e-10 1.5112194840556182e-05 6.12544413730749e-06 6.686780984353751e-06 5.564107290261228e-06 2.7118017705289976e-05 129.6822973630834 52.56428179204381 57.38128241224159 47.74728117184602 232.70788082463255 16.800991362852756 -322.83232416698263 [0.0,35.460077626662006,47.23785509371468,59.01563256076735,70.79341002782003,82.5711874948727,94.34896496192536,106.12674242897805,117.90451989603073,129.6822973630834,145.24178487073792,160.80127237839235,176.36075988604688,191.92024739370143,207.47973490135595,223.03922240901048,238.59870991666494,254.15819742431944,269.717684931974,285.2771724396284] [-8.400495681426378,-2.700000353852488,-1.8717218822584414,-1.2622908948885083,-0.8128441336940568,-0.4862160046892541,-0.25728580831281533,-0.10820308844438387,-0.02578636300574999,0.0,-0.03968875051094756,-0.15073077456236206,-0.3224669940852891,-0.5465686154292939,-0.8163925139387516,-1.1265470943994842,-1.472590750696554,-1.8508168431451963,-2.258096846521937,-2.691763640054603] False 60408.65603222185 60422.65603222185
549.2752115212968 633.0528961793416 729.6086933380817 3.7512817550242977e-13 2.0049602334780665e-13 2.7424752949471593e-13 4.9531716465270914e-11 3.120784342284424e-08 0.057657683994459585 2.8891226760230675e-11 1.4211565069733982e-11 1.568048227891899e-11 1.2742647860548977e-11 5.757617107183343e-11 1.1578331586326218e-05 5.695369535658913e-06 6.2840468757369815e-06 5.106692195580844e-06 2.307399424999038e-05 105.34726352306977 51.82021182075153 57.176384807583524 46.464038833919545 209.94235090435984 11.63791489761769 -209.73415099051073 [0.0,18.690185633687484,29.52232036986025,40.354455106033015,51.186589842205805,62.01872457837864,72.85085931455134,83.68299405072416,94.515128786897,105.34726352306977,121.30872006519974,137.27017660732974,153.23163314945978,169.1930896915899,185.1545462337198,201.1160027758498,217.07745931798001,233.03891586010997,249.00037240224,264.96182894437004] [-5.818957448808845,-2.7025692405390203,-1.8107753307131134,-1.1944449132652721,-0.7575324662911385,-0.4484696351804587,-0.23593375188369237,-0.09929254365368934,-0.02414657162091771,0.0,-0.04112111913210015,-0.1574188405720065,-0.33544365086927996,-0.56518395693098,-0.8389653801291672,-1.1507628156333851,-1.4957510961323806,-1.8700006393448234,-2.270264913014671,-2.6938281116139535] False 60408.65603222185 60422.65603222185
729.6086933380817 840.8915725798939 969.1477682383326 2.005056002120255e-13 1.0716029580197738e-13 1.4658185231696904e-13 3.516587208955824e-11 2.943075010569686e-08 0.0441494824039419 1.4417033493013767e-11 8.245612364721548e-12 9.237488097990085e-12 7.253736631453011e-12 3.175811304738672e-11 1.0194264730127364e-05 5.830461262971743e-06 6.531815241876522e-06 5.129107284066964e-06 2.2456118444287154e-05 98.3548322328355 56.2526140472779 63.019316183936006 49.4859119106198 216.65787780272336 10.32925924077756 -175.63302358606816 [0.0,12.546901176430357,23.272892558480997,33.99888394053163,44.724875322582285,55.45086670463292,66.17685808668357,76.90284946873422,87.62884085078484,98.3548322328355,116.68250830306424,135.01018437329301,153.33786044352178,171.66553651375057,189.99321258397933,208.3208886542081,226.64856472443688,244.97624079466556,263.3039168648944,281.6315929351231] [-5.16462962038878,-2.677608611032042,-1.688814866313379,-1.0719641522511267,-0.6610238768524539,-0.3824960100620558,-0.19702119307928,-0.08092545837629928,-0.01879555556038781,0.0,-0.047249360034271604,-0.1730208421152497,-0.3600559704914019,-0.5964438513548203,-0.8735872988907261,-1.1850584175462018,-1.5259126462923405,-1.8922562988826712,-2.2809624092410843,-2.6894774674039184] False 60408.65603222185 60422.65603222185
969.1477682383326 1116.9661194245136 1287.3303254983532 1.0716080462199383e-13 5.726967000508539e-14 7.833941484451487e-14 2.4964452297134978e-11 2.775246351664022e-08 0.0332591355208981 1.4906061367038098e-11 6.5928642430390585e-12 7.30611991025822e-12 5.879608575819898e-12 2.8371515436415412e-11 1.8597000590144925e-05 8.22534519344364e-06 9.115212458684523e-06 7.335477928202758e-06 3.5396680338447096e-05 190.27537283273165 84.15769068641026 93.26237532867884 75.0530060441417 362.16144188370737 23.430337539602277 -109.51557966141439 [0.0,50.81073462731783,68.24381440299454,85.67689417867128,103.10997395434805,120.54305373002477,137.97613350570148,155.40921328137824,172.84229305705497,190.27537283273165,216.52479977063612,242.77422670854057,269.02365364644487,295.27308058434943,321.52250752225376,347.7719344601584,374.02136139806277,400.27078833596727,426.5202152738715,452.76964221177604] [-11.715168769801139,-2.6918275594716476,-1.8122710367528043,-1.1987794228572568,-0.7624170719704466,-0.45321256950551003,-0.24015074426014849,-0.10258964047038432,-0.026059195733793672,0.0,-0.038951942749207547,-0.1547134691196561,-0.3330765872587307,-0.5635612200528755,-0.8381983903015708,-1.1507758015305711,-1.496349051892409,-1.8709131566796486,-2.2711748808180374,-2.694390717621502] False 60408.65603222185 60422.65603222185
1709.9759409858673 1970.7884119509856 2271.3810595726877 3.060150546330163e-14 1.6352875999890687e-14 2.2370127944456372e-14 1.2577990207878115e-11 2.4671176950914136e-08 0.017964410546707166 8.711751633484875e-12 3.6105831696736616e-12 3.965694242604752e-12 3.2554720967425713e-12 1.5912229255447164e-11 3.383650401902012e-05 1.4023530177569928e-05 1.540278405806937e-05 1.2644276297070485e-05 6.180320925174621e-05 389.43682642833346 161.4019901289127 177.27633263660013 145.52764762122527 711.3159698932539 32.74710916514999 -105.95281472856142 [0.0,113.26664106869003,147.7879142386455,182.30918740860096,216.83046057855637,251.35173374851186,285.8730069184673,320.39428008842265,354.9155532583783,389.43682642833346,438.4844908080736,487.5321551878137,536.5798195675542,585.627483947294,634.6751483270342,683.7228127067738,732.770477086514,781.8181414662542,830.8658058459949,879.9134702257346] [-16.373554582574997,-2.702053666086627,-1.8348525386994083,-1.2188579024718962,-0.7756358093418072,-0.45943997146835613,-0.2410453204101657,-0.10054400859218049,-0.023711310024296495,0.0,-0.04224431528048456,-0.1583887740421943,-0.3357117891449519,-0.5645963124616884,-0.8375824202470739,-1.148758592951097,-1.493355305547155,-1.8674648308800244,-2.2678427123868516,-2.6917637565172328] False 60408.65603222185 60422.65603222185
3017.1020504598932 3477.2827010020824 4007.6519721450045 8.735749349867313e-15 4.667820555020435e-15 6.3856801030757056e-15 6.335064019365404e-12 2.1924451740061596e-08 0.009308064844454345 2.7110336849587543e-12 1.3693750492956193e-12 1.53657254107752e-12 1.2021775575137184e-12 5.612383731042307e-12 3.2780450199577854e-05 1.6557791537976576e-05 1.8579459170975503e-05 1.4536123904977647e-05 6.786210972481972e-05 424.548934678542 214.4446679432079 240.6278605057932 188.26147538062258 878.901485894833 34.938304021508515 -42.85345516040542 [0.0,96.59249325411146,137.5870484321653,178.5816036102191,219.57615878827306,260.5707139663268,301.56526914438064,342.5598243224345,383.5543795004884,424.548934678542,495.45172147301014,566.3545082674781,637.2572950619463,708.1600818564142,779.0628686508817,849.9656554453497,920.8684422398173,991.771229034285,1062.6740158287532,1133.5768026232217] [-17.469152010754257,-2.693142863830147,-1.727001351206468,-1.1027381259387568,-0.6812467923230514,-0.39420361970080364,-0.20291114646936848,-0.08330493330866062,-0.019391946762638668,0.0,-0.04885020304963916,-0.17842985677960144,-0.36983013314257107,-0.6100955105301793,-0.8899600486154995,-1.2025669305006659,-1.542699443358849,-1.9062962796359955,-2.290133648689981,-2.6916097197418978] False 60408.65603222185 60422.65603222185
7071.149185711414 8149.575733880153 9392.473966813408 1.3315454681765493e-15 7.11436304464905e-16 9.732984059919742e-16 2.2628246017055843e-12 1.8353658086186814e-08 0.003380083733264705 2.8703556167049347e-13 2.913280805307767e-13 3.6534866059776897e-13 2.173075004637845e-13 1.0546603996776111e-12 1.906363464146192e-05 1.934872479115551e-05 2.4264844891863147e-05 1.4432604690447876e-05 7.004588704361574e-05 294.9101322918026 299.32041266815656 375.37168287603424 223.26914246027894 1083.594089114647 12.262371110668361 -22.640839898695997 [0.0,32.76779247686695,65.5355849537339,98.30337743060085,131.0711699074678,163.83896238433476,196.6067548612017,229.37454733806868,262.1423398149356,294.9101322918026,424.1289926753288,553.3478530588551,682.5667134423812,811.7855738259071,941.0044342094334,1070.2232945929597,1199.4421549764854,1328.6610153600125,1457.8798757435382,1587.0987361270645] [-6.131185555334181,-1.311257964381042,-0.731669327823834,-0.4373527105993915,-0.26021538852945625,-0.14737515731934536,-0.0752364060844215,-0.031199873707883796,-0.007739910026593577,0.0,-0.070438175973905,-0.23818755426423266,-0.46197137742720784,-0.7222350443592624,-1.0081560738019384,-1.3131124833924872,-1.6327559727291963,-1.9640771062111,-2.304906458304405,-2.6536284258361924] False 60408.65603222185 60422.65603222185
