data/4C+21.35_allsed_14d_min11.ecsv
# %ECSV 1.0
# ---
# datatype:
# - {name: e_min, unit: MeV, datatype: float64}
# - {name: e_ref, unit: MeV, datatype: float64}
# - {name: e_max, unit: MeV, datatype: float64}
# - {name: ref_dnde_e_min, unit: ph / (cm2 MeV s), datatype: float64}
# - {name: ref_dnde_e_max, unit: ph / (cm2 MeV s), datatype: float64}
# - {name: ref_dnde, unit: ph / (cm2 MeV s), datatype: float64}
# - {name: ref_flux, unit: ph / (cm2 s), datatype: float64}
# - {name: ref_eflux, unit: MeV / (cm2 s), datatype: float64}
# - {name: ref_npred, datatype: float64}
# - {name: dnde, unit: ph / (cm2 MeV s), datatype: float64}
# - {name: dnde_err, unit: ph / (cm2 MeV s), datatype: float64}
# - {name: dnde_errp, unit: ph / (cm2 MeV s), datatype: float64}
# - {name: dnde_errn, unit: ph / (cm2 MeV s), datatype: float64}
# - {name: dnde_ul, unit: ph / (cm2 MeV s), datatype: float64}
# - {name: e2dnde, unit: MeV / (cm2 s), datatype: float64}
# - {name: e2dnde_err, unit: MeV / (cm2 s), datatype: float64}
# - {name: e2dnde_errp, unit: MeV / (cm2 s), datatype: float64}
# - {name: e2dnde_errn, unit: MeV / (cm2 s), datatype: float64}
# - {name: e2dnde_ul, unit: MeV / (cm2 s), datatype: float64}
# - {name: norm, datatype: float64}
# - {name: norm_err, datatype: float64}
# - {name: norm_errp, datatype: float64}
# - {name: norm_errn, datatype: float64}
# - {name: norm_ul, datatype: float64}
# - {name: ts, datatype: float64}
# - {name: loglike, datatype: float64}
# - {name: norm_scan, datatype: string, subtype: 'float64[20]'}
# - {name: dloglike_scan, datatype: string, subtype: 'float64[20]'}
# - {name: ShowUL, datatype: bool}
# - {name: tstart, datatype: float64}
# - {name: tend, datatype: float64}
# meta: !!omap
# - {UL_CONF: 0.95}
# - {EXTNAME: SED}
# - {CONFIG: '{"bin_index": 2.0, "use_local_index": true, "free_background": false, "free_radius": null, "free_pars": [], "ul_confidence":
#     0.95, "cov_scale": 3.0, "make_plots": false, "write_fits": true, "write_npy": true, "optimizer": {"optimizer": "MINUIT", "tol":
#     0.001, "max_iter": 100, "init_lambda": 0.0001, "retries": 3, "min_fit_quality": 2, "verbosity": 0}, "prefix": "", "outfile": null,
#     "loge_bins": []}'}
# - {SRCNAME: 4FGL J1224.9+2122}
# - {CREATOR: fermipy 1.2.0}
# - {STVER: 2.2.0}
# schema: astropy-2.0
e_min e_ref e_max ref_dnde_e_min ref_dnde_e_max ref_dnde ref_flux ref_eflux ref_npred dnde dnde_err dnde_errp dnde_errn dnde_ul e2dnde e2dnde_err e2dnde_errp e2dnde_errn e2dnde_ul norm norm_err norm_errp norm_errn norm_ul ts loglike norm_scan dloglike_scan ShowUL tstart tend
[from data line 617]
413.52331434760555 476.5900816815941 549.2752115212968 7.438478181934014e-13 3.902239204317419e-13 5.387645235351222e-13 7.32903329790216e-11 3.4748879023545875e-08 0.07436712257223432 2.6844552023157106e-10 5.1820366136545295e-11 5.467630067531898e-11 4.896443159777161e-11 3.6211363443983635e-10 6.0974207018112663e-05 1.1770379814267074e-05 1.2419071376142075e-05 1.1121688252392075e-05 8.224980506796716e-05 498.2613154818664 96.18370154835763 101.48459723472237 90.88280586199289 672.1185575913854 93.34796035915406 -467.5979058063846 [0.0,300.0687896908863,324.84285541475884,349.6169211386314,374.3909868625037,399.16505258637636,423.939118310249,448.71318403412147,473.4872497579941,498.2613154818664,523.6636892066713,549.0660629314759,574.4684366562809,599.8708103810858,625.2731841058908,650.6755578306954,676.0779315555006,701.4803052803055,726.8826790051102,752.2850527299148] [-46.67398017957703,-2.6916060876885695,-1.9839435035968336,-1.4062921669618618,-0.9440983935461986,-0.5852414402789918,-0.3195081069425214,-0.13820353403127683,-0.03385762220864308,0.0,-0.03256913981277876,-0.12797697220423743,-0.28152111824647363,-0.4890351351393747,-0.746808040941005,-1.0515186044633538,-1.4001812374512497,-1.7901010937043225,-2.2188365407845936,-2.6841675850628235] False 55592.65603222185 55606.65603222185
549.2752115212968 633.0528961793416 729.6086933380817 3.918970530730027e-13 2.0516279444125148e-13 2.835536889933695e-13 5.1243659922855005e-11 3.22706789039136e-08 0.05699180836723505 7.232702860240133e-11 2.2054422074061827e-11 2.42199666813074e-11 1.988887746681626e-11 1.141719674570004e-10 2.8985488458559896e-05 8.838441296988437e-06 9.706296225259737e-06 7.97058636871714e-06 4.5755097492088714e-05 255.07348840766664 77.77864626750647 85.4158052652729 70.14148726974007 402.64673636346225 44.73454231834671 -277.21385296557776 [0.0,110.38278778069153,128.4691253590634,146.55546293743532,164.64180051580715,182.7281380941791,200.8144756725509,218.90081325092274,236.9871508292948,255.07348840766664,277.04052372748134,299.00755904729624,320.9745943671112,342.9416296869261,364.9086650067409,386.8757003265556,408.8427356463705,430.8097709661854,452.7768062860002,474.7438416058152] [-22.367271159173356,-2.6953307188383633,-1.9213363989721302,-1.3242021109624034,-0.8681822555980148,-0.5276672177102455,-0.2836377194443571,-0.12155495009432116,-0.030038158552770255,0.0,-0.03566730311916899,-0.14050731214109646,-0.3059035355335027,-0.5248121374634707,-0.7913957931577329,-1.1007590417950723,-1.448752987407886,-1.8318285222069903,-2.246924219668756,-2.6913794646778797] False 55592.65603222185 55606.65603222185
729.6086933380817 840.8915725798939 969.1477682383326 2.0562517914030866e-13 1.0742921546711684e-13 1.4862756028182923e-13 3.5680494482772546e-11 2.984544430333663e-08 0.042830285024834214 3.1924059369625e-11 1.199629622284739e-11 1.3356716862665608e-11 1.063587558302917e-11 5.523030710007108e-11 2.257345886252977e-05 8.482564706254891e-06 9.444516286193759e-06 7.520613126316023e-06 3.905327486248768e-05 214.792325925893 80.71380704964731 89.86702625904948 71.56058784024513 371.6020568146497 25.969235012588058 -185.0162711910076 [0.0,71.42327453876024,89.34440596215187,107.26553738554344,125.18666880893508,143.10780023232664,161.0289316557183,178.95006307910987,196.87119450250154,214.792325925893,238.43260955569733,262.0728931855015,285.7131768153057,309.35346044511004,332.9937440749141,356.6340277047185,380.2743113345227,403.91459496432685,427.55487859413125,451.1951622239352] [-12.984617506294029,-2.701638584228931,-1.8784107664221494,-1.2685798844679539,-0.8172020420924184,-0.4885943263149386,-0.25817098425073937,-0.10822245942395625,-0.025541582989717426,0.0,-0.04048095537055474,-0.15254363476191202,-0.32533327301885606,-0.5503485477237859,-0.8208003031414535,-1.1311760449061694,-1.4769354316191539,-1.8542919749288558,-2.260053114920879,-2.6915008167094925] False 55592.65603222185 55606.65603222185
969.1477682383326 1116.9661194245136 1287.3303254983532 1.0745325964037778e-13 5.6025431178010614e-14 7.75894013563378e-14 2.4743477794509415e-11 2.7490785468695962e-08 0.03154178647681205 3.59829416491554e-11 1.0103403379910522e-11 1.1094410011831997e-11 9.11239674798905e-12 5.501533137402833e-11 4.489279700432774e-05 1.2605140552698758e-05 1.3841533618907049e-05 1.1368747486490468e-05 6.863785978315224e-05 463.7610423606672 130.21628216345604 142.98873064994672 117.4438336769654 709.057299222666 67.40388926383088 -195.44828444872337 [0.0,218.655724549458,249.29388927585913,279.9320540022603,310.57021872866125,341.20838345506246,371.84654818146385,402.4847129078649,433.1228776342662,463.7610423606672,500.3146935990129,536.8683448373579,573.4219960757035,609.9756473140486,646.5292985523945,683.0829497907395,719.6366010290852,756.1902522674303,792.743903505776,829.2975547441208] [-33.70194463191544,-2.699955065162243,-1.9296448132951696,-1.3315321596450644,-0.8728648610560299,-0.5295683715511643,-0.28340464167430923,-0.12021138376036333,-0.028761990299443596,0.0,-0.03745699462911034,-0.1433587481685663,-0.30933771637381824,-0.5284958414392804,-0.7950768029401729,-1.1042252605778629,-1.4518066869885047,-1.8342703091093995,-2.248543304967683,-2.6919480475268927] False 55592.65603222185 55606.65603222185
1287.3303254983532 1483.6791717563765 1709.9759409858673 5.5924473029197187e-14 2.90995997853607e-14 4.034079552211186e-14 1.7089516320224748e-11 2.5219437902951944e-08 0.022753205159929846 1.9687629869316928e-11 6.0607177032591356e-12 6.581849031725412e-12 5.5395863747928564e-12 3.140683200294512e-11 4.33384561119357e-05 1.3341481424276746e-05 1.4488649842070355e-05 1.2194313006483133e-05 6.91359812943192e-05 488.03276223260394 150.23793221769995 163.1561536290906 137.31971080630927 778.5377456359333 67.1338346869722 -147.61525479250957 [0.0,212.7276030164248,247.14074791844723,281.55389282046957,315.967037722492,350.3801826245143,384.79332752653676,419.20647242855915,453.6196173305816,488.03276223260394,531.8102244512074,575.5876866698105,619.3651488884138,663.1426111070168,706.9200733256203,750.6975355442236,794.474997762827,838.2524599814302,882.0299222000336,925.8073844186368] [-33.5669173434861,-2.69547260991132,-1.9001209665353542,-1.2963139356212992,-0.8416315790620672,-0.5064055038600657,-0.26906014745947004,-0.11340748466119521,-0.026986934350247793,0.0,-0.03935823809152339,-0.14948327317381427,-0.3202980657389105,-0.5437459238233373,-0.8132831731760461,-1.1235218613703637,-1.4699721762822264,-1.8488529210520426,-2.256949532727731,-2.6915060048051487] False 55592.65603222185 55606.65603222185
1709.9759409858673 1970.7884119509856 2271.3810595726877 2.898833098629612e-14 1.5053165258929678e-14 2.088937856704374e-14 1.1755414679234305e-11 2.304213996730473e-08 0.0160959830743177 6.754249104869123e-12 3.0623596264334063e-12 3.4030817551741273e-12 2.7216374976926854e-12 1.3069263854106165e-11 2.623355056449727e-05 1.1894226117423073e-05 1.3217593238472725e-05 1.0570858996373418e-05 5.0761111832592676e-05 323.3341328556805 146.59888596517453 162.90966934473678 130.28810258561228 625.6415820202986 31.679791869314357 -100.20264725067678 [0.0,86.83370479151444,116.39625829953518,145.958811807556,175.52136531557665,205.0839188235975,234.64647233161824,264.2090258396388,293.7715793476598,323.3341328556805,370.0243599238376,416.7145869919944,463.4048140601517,510.0950411283089,556.7852681964658,603.4754952646226,650.1657223327798,696.8559494009369,743.546176469094,790.2364035372509] [-15.839895934657179,-2.694079824834958,-1.7840146157768686,-1.163424669929654,-0.7299536725061131,-0.4276575673213898,-0.2225502185631143,-0.09241220433870012,-0.021907639035944726,0.0,-0.045130810608654315,-0.16825472155591115,-0.35332107380497746,-0.5888111768432651,-0.8661733987644027,-1.1788811300605033,-1.5218377654499022,-1.8909856796044409,-2.2830405707081383,-2.6953057915363985] False 55592.65603222185 55606.65603222185
2271.3810595726877 2617.821317854317 3017.1020504598932 1.496523453303158e-14 7.755461532123525e-15 1.077322146528759e-14 8.053511610711656e-12 2.0967631330828048e-08 0.01124601342230025 3.733055005253969e-12 2.0178353141521514e-12 2.2730121350261563e-12 1.7626584932781464e-12 8.037850366308159e-12 2.558258284247957e-05 1.3828202106351302e-05 1.5576925913073157e-05 1.2079478299629445e-05 5.5083295740921926e-05 346.5124166696333 187.3010148964097 210.9872281332034 163.61480165961598 746.0953431809535 28.965386008193946 -72.1051299986358 [0.0,67.21033710737052,102.12309705265336,137.03585699793626,171.9486169432191,206.86137688850195,241.77413683378484,276.6868967790677,311.59965672435044,346.5124166696333,408.76523930423974,471.01806193884624,533.2708845734526,595.523707208059,657.7765298426659,720.0293524772717,782.2821751118784,844.5349977464844,906.7878203810913,969.0406430156971] [-14.482693004096973,-2.695458601595405,-1.696352545127354,-1.074828121646803,-0.6622955681970808,-0.3835785633248605,-0.1983536762085265,-0.08237417154552418,-0.019874132316459736,0.0,-0.04715063547338616,-0.17578536402001532,-0.3665874341556332,-0.6064780452477834,-0.8861745067650588,-1.1988413910326017,-1.5392942392156783,-1.9035040243193464,-2.288275262055791,-2.6910293368962215] False 55592.65603222185 55606.65603222185
3017.1020504598932 3477.2827010020824 4007.6519721450045 7.694543308927185e-15 3.979481330249867e-15 5.5335604670659106e-15 5.495051629916559e-12 1.900269015642248e-08 0.007749549553381918 1.3659212846609857e-12 1.0078543676486535e-12 1.177026150455827e-12 8.386825848414799e-13 3.722066269610177e-12 1.6516030360225516e-05 1.2186466029704222e-05 1.4232005792729601e-05 1.014092626667884e-05 4.500534562422495e-05 246.84311173439562 182.1348792783778 212.7068381128449 151.56292044391068 672.6349683468351 9.69111316709536 -31.34902151552787 [0.0,18.792967517984085,47.299235545035536,75.80550357208696,104.3117715991384,132.81803962618991,161.32430765324133,189.83057568029287,218.33684370734423,246.84311173439562,314.83953250811777,382.8359532818396,450.8323740555618,518.8287948292839,586.8252156030057,654.821636376728,722.8180571504497,790.8144779241723,858.8108986978943,926.8073194716166] [-4.84555658354768,-2.65868684708634,-1.472949521842036,-0.8780180459772389,-0.5213492096645211,-0.29465473541172216,-0.1500029972235808,-0.06190262680971159,-0.015163890985082418,0.0,-0.055713433068621754,-0.20134263612898806,-0.4079753859717776,-0.6587326202156412,-0.9428970923191393,-1.2532368540917211,-1.5846406970854865,-1.9333622783363147,-2.2965736311246907,-2.6720875307371976] False 55592.65603222185 55606.65603222185
4007.6519721450045 4618.915317184078 5323.411028602609 3.940226381939395e-15 2.0336878788279686e-15 2.8307579608275138e-15 3.734198655736614e-12 1.715220490252242e-08 0.005282068660424244 1.0178464362880983e-12 7.611262755183103e-13 8.900956815039639e-13 6.321568695326566e-13 2.7952330091242045e-12 2.1715121337663998e-05 1.6238156205997857e-05 1.8989638354953598e-05 1.3486674057042114e-05 5.963455959185098e-05 359.56674868470645 268.8772004003517 314.43722629106827 223.31717450963504 987.4503747070893 12.020042448167509 -22.33026583158157 [0.0,25.461478127522614,67.22463694717058,108.98779576681846,150.75095458646655,192.51411340611443,234.27727222576237,276.0404310454103,317.8035898650584,359.56674868470645,459.6529792260727,559.739209767439,659.8254403088052,759.9116708501713,859.9979013915379,960.084131932904,1060.1703624742704,1160.2565930156363,1260.342823557003,1360.4290540983689] [-6.010021224083754,-2.6412563251019208,-1.4352837405069394,-0.8531401546206183,-0.5058744295354956,-0.28536888319152354,-0.14476718572631597,-0.05929511374283081,-0.01420770468075716,0.0,-0.05666291683743552,-0.20233323946943926,-0.4084634412692125,-0.6583719046080247,-0.9414566024888202,-1.2505570532086239,-1.5806086152570273,-1.927896533101169,-2.289614990760775,-2.6635927351554187] False 55592.65603222185 55606.65603222185
38840.06964680279 44764.114713307994 51591.719177855455 1.6101144645109687e-17 8.176660551581752e-18 1.1474040014527579e-17 1.467664756265839e-13 6.530903487025983e-09 0.0002133722821613393 5.373741963323282e-14 5.4024762871913034e-14 6.770663051779474e-14 4.034289522603132e-14 1.956437385649115e-13 0.00010768043681046738 0.00010825622265330835 0.00013567230430640712 8.084014100020959e-05 0.00039203600343463627 4683.391339510276 4708.434239684617 5900.853616692083 3516.014862677151 17050.98974007428 17.712887024779135 -2.849723169703813 [0.0,520.3768155011418,1040.7536310022836,1561.130446503425,2081.507262004567,2601.8840775057083,3122.26089300685,3642.6377085079916,4163.014524009134,4683.391339510276,6724.58407842719,8765.776817344107,10806.969556261021,12848.162295177937,14889.355034094848,16930.547773011767,18971.740511928667,21012.933250845595,23054.125989762502,25095.318728679427] [-8.856443512389568,-1.3085331972847118,-0.726655935876968,-0.43230347232896893,-0.25569471883108186,-0.1436087551146561,-0.07233691993106373,-0.029231466750561097,-0.0067424913708151735,0.0,-0.07380228854611204,-0.24425968194156145,-0.47046281387777356,-0.7329908440255659,-1.0210816766075643,-1.328144598149544,-1.649849132412836,-1.9831967563844364,-2.326025106485277,-2.676723357368151] False 55592.65603222185 55606.65603222185
100.0 115.25240587974294 132.83117061068992 1.4918683396557046e-11 8.048399532062082e-12 1.0957715294158352e-11 3.6021080508412557e-10 4.1327849662456335e-08 0.11429248087570011 8.298279216239412e-09 1.1195291869832422e-09 1.1667995511650963e-09 1.072258822801388e-09 1.0260580283867391e-08 0.00011022701423474407 1.4870837243981816e-05 1.549873502492875e-05 1.4242939463034886e-05 0.00013629248902510718 757.3001299516601 102.16812144955732 106.48201014924405 97.8542327498706 936.3795287998942 114.16763418447113 -797.0997246549477 [0.0,533.5245172962516,561.496468878178,589.4684204601036,617.4403720420302,645.4123236239558,673.384275205882,701.3562267878084,729.3281783697339,757.3001299516601,783.0692717856853,808.8384136197093,834.6075554537343,860.376697287759,886.1458391217839,911.9149809558083,937.6841227898327,963.453264623858,989.222406457882,1014.9915482919071] [-57.08381709223556,-2.7109484431936153,-2.034454115299468,-1.4659834647281969,-0.9990810374617922,-0.6278866179902707,-0.3470617031910024,-0.15172723656098697,-0.03741056467947601,0.0,-0.030324637462854298,-0.11995404996241632,-0.2663300409964222,-0.4670648664349528,-0.7199259278431782,-1.0228221831662268,-1.3737920452132357,-1.77099257377904,-2.212689796489258,-2.6972500177289476] False 55606.65603222185 55620.65603222185
