data/4C+21.35_allsed_14d_min11.ecsv
# %ECSV 1.0
# ---
# datatype:
# - {name: e_min, unit: MeV, datatype: float64}
# - {name: e_ref, unit: MeV, datatype: float64}
# - {name: e_max, unit: MeV, datatype: float64}
# - {name: ref_dnde_e_min, unit: ph / (MeV s cm2), datatype: float64}
# - {name: ref_dnde_e_max, unit: ph / (MeV s cm2), datatype: float64}
# - {name: ref_dnde, unit: ph / (MeV s cm2), datatype: float64}
# - {name: ref_flux, unit: ph / (s cm2), datatype: float64}
# - {name: ref_eflux, unit: MeV / (s cm2), datatype: float64}
# - {name: ref_npred, datatype: float64}
# - {name: dnde, unit: ph / (MeV s cm2), datatype: float64}
# - {name: dnde_err, unit: ph / (MeV s cm2), datatype: float64}
# - {name: dnde_errp, unit: ph / (MeV s cm2), datatype: float64}
# - {name: dnde_errn, unit: ph / (MeV s cm2), datatype: float64}
# - {name: dnde_ul, unit: ph / (MeV s cm2), datatype: float64}
# - {name: e2dnde, unit: MeV / (s cm2), datatype: float64}
# - {name: e2dnde_err, unit: MeV / (s cm2), datatype: float64}
# - {name: e2dnde_errp, unit: MeV / (s cm2), datatype: float64}
# - {name: e2dnde_errn, unit: MeV / (s cm2), datatype: float64}
# - {name: e2dnde_ul, unit: MeV / (s cm2), datatype: float64}
# - {name: norm, datatype: float64}
# - {name: norm_err, datatype: float64}
# - {name: norm_errp, datatype: float64}
# - {name: norm_errn, datatype: float64}
# - {name: norm_ul, datatype: float64}
# - {name: ts, datatype: float64}
# - {name: loglike, datatype: float64}
# - {name: norm_scan, datatype: string, subtype: 'float64[20]'}
# - {name: dloglike_scan, datatype: string, subtype: 'float64[20]'}
# - {name: ShowUL, datatype: bool}
# - {name: tstart, datatype: float64}
# - {name: tend, datatype: float64}
# meta: !!omap
# - {UL_CONF: 0.95}
# - {EXTNAME: SED}
# - {CONFIG: '{"bin_index": 2.0, "use_local_index": true, "free_background": false, "free_radius": null, "free_pars": [], "ul_confidence":
#     0.95, "cov_scale": 3.0, "make_plots": false, "write_fits": true, "write_npy": true, "optimizer": {"optimizer": "MINUIT", "tol":
#     0.001, "max_iter": 100, "init_lambda": 0.0001, "retries": 3, "min_fit_quality": 2, "verbosity": 0}, "prefix": "", "outfile": null,
#     "loge_bins": []}'}
# - {SRCNAME: 4FGL J1224.9+2122}
# - {CREATOR: fermipy 1.2.0}
# - {STVER: 2.2.0}
# schema: astropy-2.0
e_min e_ref e_max ref_dnde_e_min ref_dnde_e_max ref_dnde ref_flux ref_eflux ref_npred dnde dnde_err dnde_errp dnde_errn dnde_ul e2dnde e2dnde_err e2dnde_errp e2dnde_errn e2dnde_ul norm norm_err norm_errp norm_errn norm_ul ts loglike norm_scan dloglike_scan ShowUL tstart tend
[from data line 834]
100.0 115.25240587974294 132.83117061068992 4.078644103554975e-11 1.9437446525021563e-11 2.815642496082274e-11 9.293593880196747e-10 1.0631631318446189e-07 0.38442770022814254 3.872415077966132e-09 7.579373638446764e-10 7.958628090198025e-10 7.200119186695503e-10 5.229083959345977e-09 5.143774278967278e-05 1.0067770728906886e-05 1.057153885676124e-05 9.564002601052532e-06 6.945853435415081e-05 137.5322003185513 26.91880680517081 28.265762081911237 25.571851528430383 185.71547938425425 46.94558582481659 -777.9176706680196 [0.0,80.46117327141592,87.59505165230786,94.72893003319977,101.86280841409165,108.99668679498359,116.13056517587555,123.26444355676745,130.3983219376594,137.5322003185513,144.4504215841468,151.36864284974243,158.28686411533795,165.2050853809335,172.12330664652896,179.04152791212454,185.95974917772014,192.8779704433156,199.79619170891127,206.71441297450673] [-23.472792912408295,-2.704798833015161,-2.0236618706908303,-1.4556641913246722,-0.9920713185979366,-0.6252100813237575,-0.34829593463859965,-0.15529489471316538,-0.04081195225148804,0.0,-0.026647066754890147,-0.11484286279687694,-0.2612859337586997,-0.4629552657694376,-0.7170780102397885,-1.0211018421734934,-1.3726711626870838,-1.7696065107729737,-2.209886669833054,-2.691633049356483] False 56446.65603222185 56460.65603222185
132.83117061068992 153.091119887046 176.4411988580621 1.9018954790430222e-11 9.09158210653625e-12 1.3149615547904725e-11 5.764596485228078e-10 8.76024847727092e-08 0.3258680887044585 1.4712797480901703e-09 3.509582155541297e-10 3.7071406162878873e-10 3.312023694794706e-10 2.1013409511621135e-09 3.448222306923851e-05 8.225369439379864e-06 8.688385050212688e-06 7.76235382854704e-06 4.9248898801573824e-05 111.88766262634996 26.68961797974784 28.19200761256163 25.187228346934052 159.80246293184928 30.990925197104616 -671.2094024646459 [0.0,55.4390459826234,62.495123063089224,69.55120014355505,76.60727722402088,83.66335430448667,90.71943138495254,97.77550846541834,104.83158554588415,111.88766262634996,118.85307196826889,125.81848131018769,132.78389065210658,139.74929999402536,146.71470933594432,153.68011867786325,160.64552801978198,167.61093736170082,174.5763467036197,181.54175604553865] [-15.495462598552308,-2.711760070510877,-2.0053974355339506,-1.4251743637437357,-0.9583698857471745,-0.594266997674822,-0.3237347274526883,-0.1389164396329079,-0.0329930206115705,0.0,-0.03382949786782774,-0.12912557568949978,-0.2818886004944261,-0.4885310273180039,-0.7458201974180838,-1.0508309812042853,-1.4009062668093293,-1.793623758787021,-2.2267678950183836,-2.698305947600261] False 56446.65603222185 56460.65603222185
176.4411988580621 203.35272664697808 234.36890988269914 8.923111471407452e-12 4.2785691575378626e-12 6.178846941852186e-12 3.597603589679931e-10 7.26259987281053e-08 0.2538085153483096 1.1224138089852213e-09 2.211835399715427e-10 2.335212019716998e-10 2.0884587797138554e-10 1.5196415961550685e-09 4.641442783610895e-05 9.146455052816853e-06 9.656646140977402e-06 8.636263964656302e-06 6.284072294625302e-05 181.65425030722054 35.796895772472425 37.79365376247675 33.8001377824681 245.94258612587305 53.091102348481854 -718.6799483678584 [0.0,105.45705435013647,114.98170384477197,124.50635333940748,134.03100283404302,143.55565232867852,153.08030182331396,162.60495131794946,172.12960081258495,181.65425030722054,190.96639674508216,200.27854318294385,209.5906896208056,218.90283605866736,228.21498249652916,237.5271289343908,246.8392753722525,256.15142181011413,265.463568247976,274.7757146858378] [-26.545551174240927,-2.7017098672218935,-2.0061763200153564,-1.4315518809836476,-0.9667961450549001,-0.6024455341336079,-0.33031263638577,-0.14325604601924624,-0.03500136044726787,0.0,-0.03186063488067248,-0.12489353424700766,-0.27537979953115155,-0.4799559466360961,-0.7355680989924167,-1.0394335299571367,-1.3890081566887602,-1.7819588926511187,-2.2161399963321173,-2.6895727297029453] False 56446.65603222185 56460.65603222185
234.36890988269914 270.1158072739371 311.3149665447022 4.212159693240127e-12 2.0258929093479298e-12 2.9211957235995587e-12 2.2590033564412754e-10 6.057968163190831e-08 0.18717235706736934 3.3993503422345186e-10 9.615596634320405e-11 1.0256943023411805e-10 8.974250245229004e-11 5.176459275796754e-10 2.4802526706668495e-05 7.015784438579358e-06 7.4837271141556736e-06 6.547841763003042e-06 3.776876653129427e-05 116.36845538188614 32.91664627822974 35.112138979763344 30.72115357669614 177.20343878287662 28.082643143707173 -491.2315647075948 [0.0,50.212263827973885,58.48178777221291,66.75131171645191,75.02083566069096,83.29035960493002,91.55988354916909,99.82940749340806,108.09893143764708,116.36845538188614,125.37082656877749,134.37319775566894,143.37556894256042,152.3779401294518,161.3803113163433,170.3826825032347,179.38505369012609,188.38742487701757,197.38979606390888,206.39216725080036] [-14.041321571853587,-2.708239458422895,-1.966018877824979,-1.3750234367611256,-0.911931927344142,-0.5587934696127945,-0.301447390821977,-0.12849375943085306,-0.0305970313423245,0.0,-0.03558803100912655,-0.13609469718454648,-0.2954812360858341,-0.5085745011691074,-0.7709034984289929,-1.0785735016459626,-1.4281677116153446,-1.8166694428159644,-2.2413998384386105,-2.6999674914969773] False 56446.65603222185 56460.65603222185
311.3149665447022 358.7979888064861 413.52331434760555 2.000562735265931e-12 9.651465218815578e-13 1.3895453089941917e-12 1.4271828478683575e-10 5.084181331250712e-08 0.1348984527038506 2.2125010814536365e-10 5.839214659042512e-11 6.236263705842437e-11 5.442165612242587e-11 3.2954907864865654e-10 2.8482853207913113e-05 7.517171194950556e-06 8.028316243020494e-06 7.006026146880617e-06 4.242482912499039e-05 159.22482463383167 42.022484774312026 44.87988743854991 39.165082110074145 237.1632479456156 39.708204801481884 -387.76585754101495 [0.0,75.47753896545716,85.94594967400396,96.41436038255083,106.88277109109762,117.35118179964437,127.81959250819122,138.28800321673805,148.75641392528487,159.22482463383167,170.7524838383804,182.28014304292904,193.80780224747767,205.33546145202644,216.8631206565751,228.39077986112375,239.91843906567246,251.44609827022123,262.97375747477014,274.50141667931854] [-19.854102400740942,-2.7015208893327554,-1.960558284059971,-1.370964698773264,-0.9093079283545649,-0.5574864647405775,-0.301188378171787,-0.12887699520189244,-0.031099277218743282,0.0,-0.03502316763251656,-0.13546180368251726,-0.29501637459446783,-0.5083053510307991,-0.7706904570690654,-1.0781422243782117,-1.4271350837650516,-1.814564461082739,-2.2376805090647167,-2.694034585031204] False 56446.65603222185 56460.65603222185
413.52331434760555 476.5900816815941 549.2752115212968 9.560013965883844e-13 4.62652094431335e-13 6.650534177123658e-13 9.071386318508411e-11 4.292812103032789e-08 0.09647273334689621 1.330266077059755e-10 3.598301865323799e-11 3.8527963976522006e-11 3.343807332995397e-11 2.001701824563932e-10 3.021541171625586e-05 8.173114703521542e-06 8.75116876401708e-06 7.595060643026001e-06 4.5466276112266014e-05 200.02394418715588 54.105456336141366 57.932134397639125 50.27877827464361 300.9836159401054 42.315971693125675 -368.4514802862726 [0.0,93.83409861256486,107.1078293093887,120.38156000621261,133.65529070303646,146.92902139986035,160.20275209668426,173.4764827935081,186.750213490332,200.02394418715588,214.99262521820634,229.96130624925655,244.92998728030682,259.89866831135726,274.8673493424075,289.83603037345785,304.8047114045082,319.77339243555843,334.74207346660853,349.7107544976591] [-21.157985846562838,-2.6955383982551666,-1.9474577305369394,-1.3564982053182462,-0.896616791136978,-0.5480130209975869,-0.29524383381072994,-0.12600777540274066,-0.030330287847391446,0.0,-0.03567120355614861,-0.13755435880455025,-0.2987859473874437,-0.513563990351372,-0.7769354256945462,-1.0846348031859634,-1.4329600052589626,-1.8186751647855317,-2.2389338821258775,-2.69121781304392] False 56446.65603222185 56460.65603222185
549.2752115212968 633.0528961793416 729.6086933380817 4.596730752177812e-13 2.2312532741915678e-13 3.2025724880748265e-13 5.8022742958068144e-11 3.647474655485979e-08 0.0677034405137289 5.2279876988671186e-11 1.9594267951371395e-11 2.1822985523804904e-11 1.7365550378937885e-11 9.001078843972495e-11 2.095147278067149e-05 7.852519846772043e-06 8.745691717944645e-06 6.959347975599441e-06 3.607236077411457e-05 163.2433838214179 61.18290225852207 68.14205019578942 54.22375432125472 281.0577708229594 26.603018218857187 -345.50325645748535 [0.0,53.47543237717687,67.196426307707,80.91742023823707,94.63841416876721,108.35940809929731,122.08040202982748,135.80139596035758,149.5223898908877,163.2433838214179,180.89033161678714,198.53727941215652,216.18422720752588,233.83117500289518,251.47812279826462,269.12507059363384,286.77201838900316,304.41896618437244,322.0659139797418,339.71286177511126] [-13.301509109428594,-2.7000737325252544,-1.8796096116849412,-1.2722647758207586,-0.8219771450127382,-0.4931640333276164,-0.2616863015325066,-0.11033365568960107,-0.026353351639045286,0.0,-0.03870957920702267,-0.14756775887985896,-0.3167894096129089,-0.5386398735265061,-0.8068828257170253,-1.1164049168539805,-1.4629528363213922,-1.842944334095364,-2.2533293402672143,-2.6914858929264938] False 56446.65603222185 56460.65603222185
729.6086933380817 840.8915725798939 969.1477682383326 2.2236821470729233e-13 1.0826845327042501e-13 1.5516269739490993e-13 3.733690382077775e-11 3.1179104696440095e-08 0.04704870138199779 2.481498819251261e-11 1.0302682315106599e-11 1.1623714152146622e-11 8.981650478066575e-12 4.525262704986292e-11 1.7546644324024305e-05 7.2850126207650784e-06 8.219112431952888e-06 6.35091280957727e-06 3.199807090020087e-05 159.9288270257066 66.39922151446547 74.91307090751785 57.88537212141309 291.64630294283234 24.438274000488832 -215.07366137677218 [0.0,46.77177729779989,60.91640851378823,75.06103972977661,89.20567094576492,103.35030216175322,117.49493337774163,131.63956459372992,145.78419580971834,159.9288270257066,179.9268269083676,199.92482679102852,219.92282667368937,239.9208265563503,259.9188264390113,279.9168263216721,299.9148262043331,319.91282608699396,339.9108259696548,359.90882585231566] [-12.219137000244416,-2.692527667221839,-1.8367945292276318,-1.2237445105719473,-0.7804094043243026,-0.46309394230584644,-0.2434076700286596,-0.10179041433013936,-0.024155518054158165,0.0,-0.04182728391018031,-0.15756724190140403,-0.3345915207233361,-0.5633284758605441,-0.836340585099606,-1.1477275726628307,-1.4927257984859352,-1.8674309347983638,-2.268600856574267,-2.693512315158273] False 56446.65603222185 56460.65603222185
2271.3810595726877 2617.821317854317 3017.1020504598932 1.294659773998457e-14 6.381202873369096e-15 9.089272066493754e-15 6.8059728991413716e-12 1.7698678121626303e-08 0.009993539082035374 2.2653129779511452e-12 1.6149004036396562e-12 1.8565690169773375e-12 1.3732317903019754e-12 5.8484601492672084e-12 1.5524163678546336e-05 1.106689381761589e-05 1.272304603408123e-05 9.410741601150552e-06 4.0079429866153246e-05 249.22930696528323 177.67103810136192 204.25937340145228 151.08270280127158 643.4464835557827 9.847324737426561 -79.60880827096355 [0.0,14.04959573039667,43.44705963475748,72.84452353911828,102.24198744347909,131.63945134783992,161.03691525220077,190.43437915656153,219.83184306092244,249.22930696528323,311.3863734228738,373.54343988046463,435.70050633805516,497.85757279564586,560.0146392532364,622.1717057108269,684.3287721684179,746.4858386260083,808.642905083599,870.7999715411896] [-4.923662368713281,-2.647893076674265,-1.4520004114207836,-0.8805654808048615,-0.5306034988139601,-0.3027822606415782,-0.15459547749769342,-0.06322473135224982,-0.01476027144138925,0.0,-0.0528147207101739,-0.1899272279928681,-0.38834538649579997,-0.6334897969435929,-0.9154978334806714,-1.2273706726223708,-1.56395445807658,-1.9213399955385597,-2.296489413211958,-2.6869936448318725] False 56446.65603222185 56460.65603222185
3017.1020504598932 3477.2827010020824 4007.6519721450045 6.457634847232395e-15 3.1926388943918852e-15 4.540583242167739e-15 4.515710872068173e-12 1.5599406269717674e-08 0.006688115940806982 1.3301305963756135e-12 9.588070817698606e-13 1.1198603864071056e-12 7.977537771326156e-13 3.571724981453358e-12 1.6083267432395976e-05 1.1593411018586315e-05 1.3540786243552942e-05 9.646035793619691e-06 4.318749469278587e-05 292.94267397696467 211.16385949398705 246.6335989630417 175.69412002493243 786.6225088185291 15.540900782466395 -51.15630307733454 [0.0,28.596372018200007,61.63965976304562,94.68294750789116,127.72623525273677,160.76952299758238,193.81281074242798,226.8560984872735,259.89938623211907,292.94267397696467,371.83963982857546,450.7366056801858,529.6335715317966,608.5305373834076,687.4275032350181,766.3244690866287,845.221434938239,924.1184007898502,1003.0153666414608,1081.9123324930717] [-7.770450391233197,-2.658893399933561,-1.4744055341044984,-0.8790912653017529,-0.5220885114958946,-0.2951508455701557,-0.15032090291607858,-0.06208664495782301,-0.01524485216626914,0.0,-0.0556851924569699,-0.20148161992509017,-0.4083919083069816,-0.6594949989879737,-0.9440505437792055,-1.254812837001822,-1.586661966833617,-1.9358458155812315,-2.2995324342994508,-2.675531763204461] False 56446.65603222185 56460.65603222185
29240.177187505025 33700.007692099294 38840.06964680279 3.084302235029543e-17 1.5626743593847432e-17 2.195395185216935e-17 2.1142497627218045e-13 7.0823751879190294e-09 0.0003221272041242784 6.475700560647038e-14 6.826178817039508e-14 8.569052231290436e-14 5.083305402788578e-14 2.4749907496714323e-13 7.354391727032335e-05 7.752426559739291e-05 9.731791371158383e-05 5.773061748320199e-05 0.00028108235276472427 2949.67421093581 3109.31665652031 3903.193506568475 2315.4398064721445 11273.5546034591 12.132759789654036 -5.480739400485349 [0.0,327.74157899286763,655.4831579857353,983.2247369786032,1310.9663159714705,1638.707894964339,1966.4494739572065,2294.1910529500738,2621.932631942941,2949.67421093581,4310.547658420864,5671.421105905914,7032.294553390971,8393.16800087602,9754.041448361073,11114.914895846132,12475.788343331174,13836.661790816235,15197.53523830129,16558.40868578634] [-6.066379894827018,-1.3454790546102453,-0.7619217639893519,-0.4633731958887166,-0.28193730872707157,-0.16477147667136371,-0.0882933159185475,-0.03990924283901354,-0.01209644913254504,0.0,-0.05928732606027598,-0.22343424949363744,-0.4468255986273659,-0.7083559950528668,-0.9965106931318859,-1.3043120979479683,-1.6272104952286863,-1.9620738376260478,-2.306653791711735,-2.659281676890809] False 56446.65603222185 56460.65603222185
