data/4C+21.35_allsed_14d_min11.ecsv
# %ECSV 1.0
# ---
# datatype:
# - {name: e_min, unit: MeV, datatype: float64}
# - {name: e_ref, unit: MeV, datatype: float64}
# - {name: e_max, unit: MeV, datatype: float64}
# - {name: ref_dnde_e_min, unit: ph / (MeV s cm2), datatype: float64}
# - {name: ref_dnde_e_max, unit: ph / (MeV s cm2), datatype: float64}
# - {name: ref_dnde, unit: ph / (MeV s cm2), datatype: float64}
# - {name: ref_flux, unit: ph / (s cm2), datatype: float64}
# - {name: ref_eflux, unit: MeV / (s cm2), datatype: float64}
# - {name: ref_npred, datatype: float64}
# - {name: dnde, unit: ph / (MeV s cm2), datatype: float64}
# - {name: dnde_err, unit: ph / (MeV s cm2), datatype: float64}
# - {name: dnde_errp, unit: ph / (MeV s cm2), datatype: float64}
# - {name: dnde_errn, unit: ph / (MeV s cm2), datatype: float64}
# - {name: dnde_ul, unit: ph / (MeV s cm2), datatype: float64}
# - {name: e2dnde, unit: MeV / (s cm2), datatype: float64}
# - {name: e2dnde_err, unit: MeV / (s cm2), datatype: float64}
# - {name: e2dnde_errp, unit: MeV / (s cm2), datatype: float64}
# - {name: e2dnde_errn, unit: MeV / (s cm2), datatype: float64}
# - {name: e2dnde_ul, unit: MeV / (s cm2), datatype: float64}
# - {name: norm, datatype: float64}
# - {name: norm_err, datatype: float64}
# - {name: norm_errp, datatype: float64}
# - {name: norm_errn, datatype: float64}
# - {name: norm_ul, datatype: float64}
# - {name: ts, datatype: float64}
# - {name: loglike, datatype: float64}
# - {name: norm_scan, datatype: string, subtype: 'float64[20]'}
# - {name: dloglike_scan, datatype: string, subtype: 'float64[20]'}
# - {name: ShowUL, datatype: bool}
# - {name: tstart, datatype: float64}
# - {name: tend, datatype: float64}
# meta: !!omap
# - {UL_CONF: 0.95}
# - {EXTNAME: SED}
# - {CONFIG: '{"bin_index": 2.0, "use_local_index": true, "free_background": false, "free_radius": null, "free_pars": [], "ul_confidence":
#     0.95, "cov_scale": 3.0, "make_plots": false, "write_fits": true, "write_npy": true, "optimizer": {"optimizer": "MINUIT", "tol":
#     0.001, "max_iter": 100, "init_lambda": 0.0001, "retries": 3, "min_fit_quality": 2, "verbosity": 0}, "prefix": "", "outfile": null,
#     "loge_bins": []}'}
# - {SRCNAME: 4FGL J1224.9+2122}
# - {CREATOR: fermipy 1.2.0}
# - {STVER: 2.2.0}
# schema: astropy-2.0
e_min e_ref e_max ref_dnde_e_min ref_dnde_e_max ref_dnde ref_flux ref_eflux ref_npred dnde dnde_err dnde_errp dnde_errn dnde_ul e2dnde e2dnde_err e2dnde_errp e2dnde_errn e2dnde_ul norm norm_err norm_errp norm_errn norm_ul ts loglike norm_scan dloglike_scan ShowUL tstart tend
[from data line 85]
100.0 115.25240587974294 132.83117061068992 1.293901891752616e-11 7.104015684791628e-12 9.587439352398599e-12 3.1501667820762815e-10 3.615760556442876e-08 0.09809085462976978 5.832166297544726e-09 1.0318131122277616e-09 1.0776696398050727e-09 9.859565846504504e-10 7.645624053839739e-09 7.746934764990799e-05 1.3705694354867288e-05 1.4314811978690852e-05 1.3096576731043723e-05 0.00010155771931207821 608.3132401860387 107.62134437592256 112.4043240529558 102.83836469888932 797.4625729368444 57.965937152211836 -733.3303536801942 [0.0,376.01849216363115,405.05533566643203,434.0921791692332,463.1290226720338,492.1658661748346,521.2027096776355,550.2395531804367,579.2763966832376,608.3132401860387,635.5498490654923,662.7864579449456,690.0230668243996,717.2596757038524,744.4962845833065,771.73289346276,798.969502342214,826.2061112216672,853.4427201011207,880.6793289805744] [-28.982968576105918,-2.7049152514730395,-2.0210976722470377,-1.4501155035897,-0.9839460591502984,-0.6154563641897539,-0.33827068608161426,-0.14666249196034187,-0.035465524124106196,0.0,-0.03177459095024915,-0.12322181617093975,-0.27138559681804963,-0.4735385366820992,-0.7271579948057934,-1.0299052886374511,-1.3796075399585561,-1.77424176339332,-2.211920867177696,-2.6908812920084983] False 55144.65603222185 55158.65603222185
132.83117061068992 153.091119887046 176.4411988580621 7.879134281811503e-12 4.263397171381647e-12 5.79585013695242e-12 2.530568159447343e-10 3.8568679394050024e-08 0.118305361985701 2.8766398564904496e-09 4.909099889409138e-10 5.150094870287845e-10 4.66810490853043e-10 3.74713603568268e-09 6.741949472907902e-05 1.1505403895860976e-05 1.207022120541842e-05 1.094058658630353e-05 8.782121878651278e-05 496.32750822005363 84.700255759036 88.85831670236858 80.5421948157034 646.5205184986033 68.24738110105227 -697.5854682395443 [0.0,313.5752364982035,336.41927046343466,359.263304428666,382.10733839389724,404.9513723591283,427.7954063243598,450.6394402895908,473.4834742548223,496.32750822005363,518.0011655594506,539.674822898848,561.3484802382454,583.0221375776424,604.6957949170401,626.3694522564374,648.0431095958345,669.7167669352317,691.3904242746293,713.0640816140268] [-34.123690550526135,-2.7041516531641037,-2.0184397886947636,-1.447046170795602,-0.9813690064204366,-0.6138111011873661,-0.33762303334549415,-0.14677654628678738,-0.035861314169551406,0.0,-0.03134404561035353,-0.12283795630742134,-0.27133690174912317,-0.47395201261861075,-0.728022305381046,-1.0310904464033683,-1.3808817316172508,-1.7752857744753783,-2.2123404870528702,-2.690218012432524] False 55144.65603222185 55158.65603222185
176.4411988580621 203.35272664697808 234.36890988269914 4.660205950063932e-12 2.485175866117092e-12 3.4031502109419344e-12 1.9745112907858296e-10 3.9960140452881663e-08 0.12461434046507158 1.6946766192470146e-09 2.6190673155206606e-10 2.7528198437083123e-10 2.485314787333009e-10 2.1607011699331885e-09 7.007882923384214e-05 1.0830453968135908e-05 1.13835518557212e-05 1.0277356080550613e-05 8.93500309105522e-05 497.97291162706483 76.96008560244384 80.89034197953838 73.02982922534929 634.9120773411712 103.31069723929158 -653.9965499287731 [0.0,332.06608266996113,352.80443628959904,373.5427899092372,394.28114352887513,415.0194971485129,435.75785076815083,456.4962043877885,477.23455800742653,497.97291162706483,517.7774484216164,537.5819852161678,557.3865220107195,577.1910588052714,596.9955955998227,616.8001323943745,636.604669188926,656.409205983478,676.2137427780295,696.0182795725812] [-51.65534861964579,-2.7066138840251597,-2.0186007397417143,-1.4460396811465444,-0.9799846314381284,-0.6125511658128744,-0.33674958108895225,-0.1463501802685414,-0.03577349033116661,0.0,-0.03149029054748098,-0.12347270220050177,-0.27266860550946603,-0.4760732158878227,-0.7309250027816461,-1.0346793363927418,-1.3849856772225166,-1.7796677443243425,-2.216706201244051,-2.694223480575488] False 55144.65603222185 55158.65603222185
234.36890988269914 270.1158072739371 311.3149665447022 2.6772021897455365e-12 1.4070447685666284e-12 1.9408614931201526e-12 1.4964364923586155e-10 4.0213916707971265e-08 0.11686504541265463 6.122909385878642e-10 1.2969337831791083e-10 1.3756731407333394e-10 1.2181944256248768e-10 8.468882825577832e-10 4.467430781669318e-05 9.46275951449468e-06 1.0037261940543829e-05 8.888257088445527e-06 6.179112810095558e-05 315.47379385817885 66.8225830527526 70.87951126908034 62.76565483642486 436.3465840091017 52.36507812620721 -586.8289409923368 [0.0,175.29096307253735,192.81381692074254,210.33667076894784,227.85952461715286,245.3823784653581,262.9052323135633,280.4280861617682,297.9509400099736,315.47379385817885,333.0827109213423,350.69162798450577,368.30054504766935,385.90946211083275,403.51837917399615,421.12729623715956,438.73621330032324,456.3451303634867,473.9540474266501,491.56296448981345] [-26.182539063103604,-2.695013749024497,-1.9847932240203363,-1.4048715558393496,-0.9408788177406677,-0.5808623481993891,-0.31475597067492345,-0.1339900699279042,-0.03119935957784037,0.0,-0.03514254978961162,-0.13197908536267278,-0.2861128638929813,-0.4936347088165576,-0.7510510946260638,-1.0552252684035466,-1.4033286365968252,-1.7928003154737553,-2.2213132334780994,-2.686745536374815] False 55144.65603222185 55158.65603222185
311.3149665447022 358.7979888064861 413.52331434760555 1.493848951928081e-12 7.737633547280156e-13 1.0751211915411209e-12 1.101574926832949e-10 3.9308174212699184e-08 0.10099002624496878 5.003981358501577e-10 8.664535832107363e-11 9.162020493342388e-11 8.167051170872339e-11 6.56578864882569e-10 6.441925280131022e-05 1.115437656909407e-05 1.1794818406520693e-05 1.0513934731667447e-05 8.452533462980963e-05 465.434166666241 80.59124776144797 85.21849039371263 75.96400512918332 610.7021887843204 104.68131668696401 -543.7062120522183 [0.0,296.3108735527005,317.4512851918929,338.5916968310856,359.7321084702782,380.87252010947077,402.0129317486632,423.1533433878559,444.29375502704846,465.434166666241,486.4631037341138,507.49204080198695,528.5209778698601,549.5499149377324,570.5788520056057,591.6077890734787,612.6367261413513,633.6656632092244,654.6946002770976,675.7235373449707] [-52.340658343482005,-2.6939785389960207,-1.9973347966729307,-1.4233598189526901,-0.960290618778572,-0.5980685634326619,-0.32801710245212234,-0.1425932976048898,-0.03519358029814157,0.0,-0.03152154657425399,-0.1248666968605221,-0.27598611467431056,-0.481237276766592,-0.7373303036031302,-1.041282651600568,-1.3903809656657131,-1.7821487626048338,-2.2143188972193,-2.6848099778167125] False 55144.65603222185 55158.65603222185
413.52331434760555 476.5900816815941 549.2752115212968 8.096193097440241e-13 4.133148373550741e-13 5.78470114462605e-13 7.875848820739834e-11 3.731748899572211e-08 0.08252406811833735 2.1055835661652478e-10 4.5536154943718737e-11 4.828026703874692e-11 4.279204284869055e-11 2.9367273762687185e-10 4.782582631535254e-05 1.0342995986492984e-05 1.0966288410292118e-05 9.719703562693849e-06 6.670426939585354e-05 363.9917626723589 78.71824975093404 83.46199022502482 73.97450927684325 507.6714082277041 65.84142198474547 -425.12553825407656 [0.0,203.63108419543138,223.67616900504734,243.7212538146633,263.76633862427923,283.81142343389496,303.85650824351126,323.9015930531271,343.946677862743,363.9917626723589,385.06020649414734,406.12865031593543,427.19709413772375,448.26553795951196,469.3339817813002,490.4024256030884,511.470869424877,532.5393132466652,553.607757068454,574.6762008902418] [-32.92071099237273,-2.685013564333701,-1.9696762855364227,-1.390180978350486,-0.9295940724452407,-0.574101749139686,-0.31227214296893635,-0.13452608943168798,-0.032748901179672885,0.0,-0.03343135141938092,-0.1304878179184925,-0.2859301060802295,-0.4951703537046228,-0.7541660752323764,-1.0593351153587491,-1.4074867673021458,-1.7957654740826001,-2.2216044292474635,-2.6826870420377418] False 55144.65603222185 55158.65603222185
549.2752115212968 633.0528961793416 729.6086933380817 4.262154536586357e-13 2.1442757293510235e-13 3.0231166910235966e-13 5.470287246863398e-11 3.441681047290541e-08 0.06379367089036991 1.106480412485485e-10 2.5969794833829018e-11 2.760698070340835e-11 2.4332608964249682e-11 1.583664718487146e-10 4.4342863028463753e-05 1.0407550302738794e-05 1.1063662312926276e-05 9.75143829255131e-06 6.346630894002141e-05 366.0065176348989 85.90404370079379 91.31960001868438 80.4884873829032 523.8516671187222 71.14325787399332 -286.0383927701857 [0.0,195.62421547087297,216.92200324137622,238.21979101187947,259.51757878238266,280.81536655288596,302.11315432338927,323.41094209389234,344.70872986439565,366.0065176348989,389.314372063943,412.6222264929869,435.9300809220306,459.2379353510743,482.5457897801181,505.8536442091622,529.161498638206,552.4693530672502,575.7772074962936,599.0850619253375] [-35.57162893699666,-2.7038600321210993,-1.9674356320881543,-1.378612963893147,-0.9158912445247438,-0.5622919167865348,-0.3041549602351665,-0.13031420928297166,-0.03151611291860945,0.0,-0.03486863796990747,-0.13513192782875194,-0.2945520327012332,-0.5077719199454691,-0.770154483295812,-1.0776571144423883,-1.426732691638506,-1.814250539692864,-2.2374326864621708,-2.693801975015731] False 55144.65603222185 55158.65603222185
729.6086933380817 840.8915725798939 969.1477682383326 2.179235145142493e-13 1.0805136527088224e-13 1.5345010025377511e-13 3.690099977059805e-11 3.082829651917336e-08 0.04714581351987812 9.616703823813248e-11 1.8835434205049224e-11 2.023136599453103e-11 1.743950241556742e-11 1.3030306226920725e-10 6.799958164672812e-05 1.331850985060235e-05 1.4305571316060813e-05 1.2331448385143884e-05 9.213711770609817e-05 626.6990903172556 122.74631410405901 131.84328951934526 113.64933868877274 849.1559279121526 148.69278853737717 -260.40660961556057 [0.0,379.85984771899314,410.7147530437761,441.56965836855875,472.42456369334155,503.2794690181242,534.1343743429069,564.9892796676895,595.8441849924726,626.6990903172556,659.3597119794249,692.0203336415941,724.6809553037639,757.3415769659331,790.0021986281029,822.6628202902723,855.3234419524418,887.9840636146112,920.644685276781,953.3053069389503] [-74.34639426868858,-2.703829831832877,-1.9815968315117516,-1.3970670627512618,-0.9330437379917385,-0.5754125267746986,-0.31244027920416784,-0.1342634738009565,-0.03250774354813757,0.0,-0.034169996380285284,-0.132636411323233,-0.2898709423337209,-0.5010395750412613,-0.7618900714043662,-1.068661476530906,-1.4180106500786565,-1.8069521048685715,-2.2328083514565833,-2.693168613785076] False 55144.65603222185 55158.65603222185
969.1477682383326 1116.9661194245136 1287.3303254983532 1.082252131612457e-13 5.2884614283660637e-14 7.565347747327556e-14 2.4178157336353483e-11 2.6821654269319405e-08 0.033288877252961147 1.3734524082081466e-11 6.282689590689982e-12 6.9403229779529966e-12 5.625056203426967e-12 2.647067556094098e-11 1.7135375077996342e-05 7.83836716814587e-06 8.658839336472884e-06 7.017894999818855e-06 3.3025167205934526e-05 181.54517863284158 83.04561535732881 91.73832069259014 74.35291002206749 349.8937054187852 21.42339326280637 -157.4055942147283 [0.0,43.50819512902516,60.762818067002236,78.01744100497928,95.27206394295631,112.52668688093331,129.78130981891044,147.03593275688743,164.29055569486457,181.54517863284158,207.3622549080874,233.17933118333318,258.99640745857903,284.8134837338246,310.6305600090704,336.4476362843162,362.26471255956193,388.081788834808,413.89886511005346,439.7159413852993] [-10.711696631403186,-2.7005412004634195,-1.8022572579457403,-1.1836366428586587,-0.7470721324192482,-0.439771957544707,-0.22960479280206414,-0.09541211382338588,-0.022450765252642668,0.0,-0.04370426642935854,-0.1629896001581983,-0.3437378247006393,-0.5755334258974187,-0.8504581285507129,-1.1623427968375495,-1.506282022458862,-1.8783073887529724,-2.2751606621341693,-2.6941321634232054] False 55144.65603222185 55158.65603222185
1287.3303254983532 1483.6791717563765 1709.9759409858673 5.2203817063205475e-14 2.5140729609637692e-14 3.622764206206419e-14 1.5387402956419034e-11 2.2666200000577908e-08 0.02239860965224172 1.5568376198534017e-11 5.298442473471992e-12 5.789726337487288e-12 4.8071586094566974e-12 2.5981325799964473e-11 3.427072700436136e-05 1.1663481999732912e-05 1.274494707808202e-05 1.0582016921383805e-05 5.719279341321394e-05 429.73749635327397 146.25413556849347 159.81515792743258 132.69311320955438 717.1685575189792 43.58298008115432 -106.86290300648709 [0.0,165.18739707400712,198.25615948391547,231.32492189382396,264.3936843037323,297.46244671364036,330.5312091235487,363.59997153345705,396.6687339433656,429.73749635327397,473.1348908206308,516.5322852879876,559.929679755345,603.3270742227021,646.7244686900589,690.1218631574156,733.519257624773,776.9166520921301,820.3140465594865,863.7114410268438] [-21.79149004057716,-2.7007544662127003,-1.8911706636566095,-1.2846827497390763,-0.8321320846032876,-0.5005275952162975,-0.2666038125924217,-0.11331213044857691,-0.027770904584386358,0.0,-0.0381909728906038,-0.14845268803399847,-0.3199990431292008,-0.5443290437684709,-0.8146195684913522,-1.1253080997205274,-1.4717981063628827,-1.8502460971661066,-2.257404528564493,-2.6905038141849076] False 55144.65603222185 55158.65603222185
1709.9759409858673 1970.7884119509856 2271.3810595726877 2.445825800298737e-14 1.1608493614225797e-14 1.685003061845186e-14 9.511839439348983e-12 1.860497089311669e-08 0.014246745411646389 4.71236373430632e-12 2.3757870090926522e-12 2.665710617557982e-12 2.085863400627323e-12 9.74653716512444e-12 1.830285356415255e-05 9.227573289912809e-06 1.0353638604417391e-05 8.10150797540823e-06 3.7855618230858586e-05 279.6649953351407 140.9960054607268 158.20212306551292 123.7898878559407 578.42845427541 29.62029817086352 -56.206388090270664 [0.0,63.859033982325975,90.83477915142784,117.81052432052967,144.7862694896316,171.76201465873345,198.73775982783525,225.71350499693716,252.68925016603893,279.6649953351407,326.2904591433556,372.9159229515701,419.54138675978476,466.1668505679994,512.792314376214,559.4177781844287,606.0432419926435,652.6687058008579,699.2941696090725,745.919633417287] [-14.81014908543176,-2.6938271809767116,-1.7280393163690917,-1.1035368711433406,-0.6817660200398095,-0.394500321644486,-0.20305294671911156,-0.08335207634915776,-0.01939477180758331,0.0,-0.048861375294563913,-0.17843555209498874,-0.3698262526732634,-0.6100842116175755,-0.88994681779144,-1.2025591130832964,-1.5427054584517634,-1.906325180015827,-2.290194863995616,-2.691712901609435] False 55144.65603222185 55158.65603222185
