data/4C+55.17_allsed_14d_min11.ecsv
# %ECSV 1.0
# ---
# datatype:
# - {name: e_min, unit: MeV, datatype: float64}
# - {name: e_ref, unit: MeV, datatype: float64}
# - {name: e_max, unit: MeV, datatype: float64}
# - {name: ref_dnde_e_min, unit: ph / (cm2 MeV s), datatype: float64}
# - {name: ref_dnde_e_max, unit: ph / (cm2 MeV s), datatype: float64}
# - {name: ref_dnde, unit: ph / (cm2 MeV s), datatype: float64}
# - {name: ref_flux, unit: ph / (cm2 s), datatype: float64}
# - {name: ref_eflux, unit: MeV / (cm2 s), datatype: float64}
# - {name: ref_npred, datatype: float64}
# - {name: dnde, unit: ph / (cm2 MeV s), datatype: float64}
# - {name: dnde_err, unit: ph / (cm2 MeV s), datatype: float64}
# - {name: dnde_errp, unit: ph / (cm2 MeV s), datatype: float64}
# - {name: dnde_errn, unit: ph / (cm2 MeV s), datatype: float64}
# - {name: dnde_ul, unit: ph / (cm2 MeV s), datatype: float64}
# - {name: e2dnde, unit: MeV / (cm2 s), datatype: float64}
# - {name: e2dnde_err, unit: MeV / (cm2 s), datatype: float64}
# - {name: e2dnde_errp, unit: MeV / (cm2 s), datatype: float64}
# - {name: e2dnde_errn, unit: MeV / (cm2 s), datatype: float64}
# - {name: e2dnde_ul, unit: MeV / (cm2 s), datatype: float64}
# - {name: norm, datatype: float64}
# - {name: norm_err, datatype: float64}
# - {name: norm_errp, datatype: float64}
# - {name: norm_errn, datatype: float64}
# - {name: norm_ul, datatype: float64}
# - {name: ts, datatype: float64}
# - {name: loglike, datatype: float64}
# - {name: norm_scan, datatype: string, subtype: 'float64[20]'}
# - {name: dloglike_scan, datatype: string, subtype: 'float64[20]'}
# - {name: ShowUL, datatype: bool}
# - {name: tstart, datatype: float64}
# - {name: tend, datatype: float64}
# meta: !!omap
# - {UL_CONF: 0.95}
# - {EXTNAME: SED}
# - {CONFIG: '{"bin_index": 2.0, "use_local_index": true, "free_background": false, "free_radius": null, "free_pars": [], "ul_confidence":
#     0.95, "cov_scale": 3.0, "make_plots": false, "write_fits": true, "write_npy": true, "optimizer": {"optimizer": "MINUIT", "tol":
#     0.001, "max_iter": 100, "init_lambda": 0.0001, "retries": 3, "min_fit_quality": 2, "verbosity": 0}, "prefix": "", "outfile": null,
#     "loge_bins": []}'}
# - {SRCNAME: 4FGL J0957.6+5523}
# - {CREATOR: fermipy 1.2.0}
# - {STVER: 2.2.0}
# schema: astropy-2.0
e_min e_ref e_max ref_dnde_e_min ref_dnde_e_max ref_dnde ref_flux ref_eflux ref_npred dnde dnde_err dnde_errp dnde_errn dnde_ul e2dnde e2dnde_err e2dnde_errp e2dnde_errn e2dnde_ul norm norm_err norm_errp norm_errn norm_ul ts loglike norm_scan dloglike_scan ShowUL tstart tend
[from data line 435]
3017.1020504598932 3477.2827010020824 4007.6519721450045 1.012451599775765e-14 5.6190301883232936e-15 7.542543406143729e-15 7.47511325332369e-12 2.5893130041784867e-08 0.015532441332933189 1.816736157282061e-12 9.620721880221517e-13 1.081539189377346e-12 8.426051866669575e-13 3.86189927137723e-12 2.1967056130644534e-05 1.1632891034453838e-05 1.3077425681936991e-05 1.0188356386970687e-05 4.669613566350552e-05 240.86519088537835 127.55275458388508 143.39184160297776 111.7136675647924 512.0155182973883 32.267206795055685 -35.23418460148651 [0.0,48.477338533011874,72.52582007705772,96.57430162110353,120.62278316514933,144.67126470919513,168.71974625324086,192.76822779728673,216.8167093413324,240.86519088537835,283.2012646986997,325.53733851202094,367.8734123253424,410.20948613866346,452.54555995198496,494.8816337653062,537.2177075786278,579.5537813919487,621.8898552052702,664.2259290185914] [-16.133603397527843,-2.6944754764460797,-1.7044516619334118,-1.081378894243052,-0.6657296908749757,-0.3844310016372745,-0.1976218134399872,-0.08105879659863291,-0.018851954044833974,0.0,-0.0491506762247198,-0.17922587485158914,-0.3710510860870997,-0.6115779941183348,-0.8915165101327958,-1.2040132410856614,-1.5438653585390725,-1.90702856739221,-2.2902960894454196,-2.691081847212949] False 56572.65603222185 56586.65603222185
5323.411028602609 6135.359285332078 7071.149185711414 2.758169001878499e-15 1.4991789032030053e-15 2.033467181708308e-15 3.5577440478072145e-12 2.1733396576158435e-08 0.007428417698581269 6.115083602925587e-13 4.280862104830282e-13 4.981047056304272e-13 3.580677153356293e-13 1.5968644829114214e-12 2.3018785125436844e-05 1.6114292353348983e-05 1.8749972908612905e-05 1.3478611798085068e-05 6.011018457539004e-05 300.7220208879068 210.52034393955384 244.9534027945174 176.08728508459035 785.291494879156 19.84633141957177 -35.51243457239097 [0.0,32.868583832482585,66.35026346441062,99.83194309633866,133.31362272826675,166.79530236019468,200.27698199212273,233.75866162405092,267.2403412559788,300.7220208879068,377.4724444172015,454.22286794649625,530.9732914757906,607.7237150050853,684.4741385343799,761.2245620636743,837.974985592969,914.7254091222638,991.4758326515584,1068.2262561808532] [-9.923165709785884,-2.652261387106492,-1.4842327743748385,-0.8891031618327219,-0.5297721120864765,-0.30023268720073304,-0.15316955580956915,-0.06329820209787584,-0.015498803099397662,0.0,-0.05351581947240902,-0.19482557693559954,-0.39716366634924327,-0.6445559016709623,-0.9266748756197103,-1.236441925278605,-1.5687835822598828,-1.9199331242106439,-2.2870131013555124,-2.6677730175286243] False 56572.65603222185 56586.65603222185
9392.473966813408 10825.05221838098 12476.13311942254 6.913127353645011e-16 3.6800439711752406e-16 5.043868816667207e-16 1.5579177691948029e-12 1.678315686377521e-08 0.003286938656383853 1.5268254472121646e-13 1.5417158068083705e-13 1.9327978806366673e-13 1.1506337329800743e-13 5.581578875979709e-13 1.7891608629322944e-05 1.806609647711959e-05 2.2648864873897276e-05 1.348332808034191e-05 6.540592113202343e-05 302.7091906448575 305.6613609207776 383.19749202236096 228.12522981919435 1106.6066701686743 12.811387674539944 -13.433331450952824 [0.0,33.63435451609526,67.26870903219051,100.90306354828583,134.53741806438103,168.17177258047633,201.80612709657166,235.44048161266687,269.07483612876206,302.7091906448575,434.83433609032784,566.9594815357981,699.0846269812689,831.2097724267394,963.3349178722094,1095.4600633176804,1227.5852087631495,1359.7103542086206,1491.835499654091,1623.9606450995616] [-6.405693837269972,-1.3080330655346835,-0.728164899254157,-0.43415413924654445,-0.2574693098283838,-0.14514000901919033,-0.07354116467935512,-0.030060874539486804,-0.007167163212031369,0.0,-0.07222319755076434,-0.24122971241039437,-0.4660375181768792,-0.7271992953284308,-1.0139409909342572,-1.319665701353177,-1.6400394244734642,-1.9720614815421094,-2.3135681167716093,-2.6629475655955943] False 56572.65603222185 56586.65603222185
16572.19366947696 19099.851911122612 22013.03884703687 1.5939936382199463e-16 8.310181870295485e-17 1.1509290609634373e-16 6.276220160440688e-13 1.1923770094411435e-08 0.001328211926159728 8.589866714630024e-14 8.701623636678344e-14 1.0908118950530452e-13 6.495128322826237e-14 3.151503275761958e-13 3.133620683518504e-05 3.174390094045041e-05 3.979329167406603e-05 2.3694510206834786e-05 0.00011496820820611938 746.3419776227983 756.0521262182967 947.7664019882612 564.3378504483322 2738.2254759679536 14.562567062319463 -3.323577480293975 [0.0,82.92688640253314,165.85377280506628,248.78065920759943,331.70754561013257,414.6344320126657,497.56131841519885,580.4882048177318,663.4150912202651,746.3419776227983,1074.1211195129067,1401.9002614030155,1729.6794032931232,2057.4585451832318,2385.2376870733415,2713.0168289634503,3040.7959708535577,3368.5751127436647,3696.354254633775,4024.1333965238846] [-7.2812835311597315,-1.3140274303947472,-0.7321724538987122,-0.4372346930717437,-0.25988858900456213,-0.14700442813187475,-0.0749039654751491,-0.03095249348821616,-0.0076066285894049734,0.0,-0.07136398112893394,-0.24043976520609212,-0.4657182736373868,-0.7275605702513466,-1.0151061971554438,-1.321713562092286,-1.6430232262946984,-1.9760189670718513,-2.318526994289312,-2.6689287762192975] False 56572.65603222185 56586.65603222185
234.36890988269914 270.1158072739371 311.3149665447022 7.210583183883587e-13 4.898690238480913e-13 5.943266227979797e-13 4.5597888512724166e-11 1.232816058252544e-08 0.048218570762216 2.7194249901234125e-10 7.828258552100723e-11 8.356509748293669e-11 7.300007355907778e-11 4.169528032924334e-10 1.9841618001627092e-05 5.711697008480605e-06 6.097122548138065e-06 5.326271468823145e-06 3.042193948236308e-05 457.5640541426297 131.7164375919546 140.6046680014563 122.82820718245289 701.554982224247 26.908389760893442 -536.6244294216402 [0.0,193.67888150991635,226.66452808900564,259.65017466809485,292.63582124718397,325.62146782627315,358.6071144053623,391.59276098445133,424.5784075635407,457.5640541426297,493.6482407072512,529.7324272718728,565.8166138364943,601.9008004011154,637.9849869657368,674.0691735303583,710.1533600949798,746.2375466596013,782.3217332242228,818.4059197888441] [-13.454194880446721,-2.707342697645231,-1.9650893483857317,-1.3745660379111087,-0.9120683049317222,-0.559429788817738,-0.30236917974912103,-0.12942176618673784,-0.031221098488913412,0.0,-0.03488094014528542,-0.1349204021761352,-0.29401934972781874,-0.5069633557186535,-0.7692536839864488,-1.0769775985335173,-1.4267073249760642,-1.8154202992672026,-2.2404354749389768,-2.6993619120382846] False 56600.65603222185 56614.65603222185
413.52331434760555 476.5900816815941 549.2752115212968 3.7153983903706855e-13 2.4364441430894427e-13 3.0087141185999396e-13 4.0739378184739406e-11 1.9417766677397408e-08 0.05454653374398877 3.8802404349573464e-11 1.8851269600661335e-11 2.0718106186138672e-11 1.6984433015183998e-11 7.643744341746031e-11 8.813504630550195e-06 4.281841671984049e-06 4.705871398141106e-06 3.857811945826992e-06 1.7361856122057817e-05 128.96673735033883 62.65556931488557 68.86033491204387 56.45080371772726 254.05352720260885 11.396738574045116 -319.0083639181057 [0.0,22.696254529594086,35.9800648821872,49.26387523478027,62.547685587373365,75.83149593996646,89.11530629255957,102.39911664515269,115.6829269977458,128.96673735033883,148.00088697499504,167.03503659965122,186.06918622430743,205.1033358489637,224.1374854736199,243.17163509827603,262.20578472293226,281.23993434758836,300.27408397224457,319.30823359690095] [-5.698369287022558,-2.693452611737655,-1.8076898870161813,-1.1936746627203547,-0.7572272306595664,-0.4478268286936782,-0.2348014084515171,-0.09793726925687452,-0.023108741126350196,0.0,-0.04187465028820725,-0.157142749135744,-0.33338454133308915,-0.5612533145018688,-0.8335137295279651,-1.144434396946906,-1.4893874511353715,-1.8645750799291818,-2.266837118400872,-2.6935121971530407] False 56600.65603222185 56614.65603222185
549.2752115212968 633.0528961793416 729.6086933380817 2.529169732318902e-13 1.629399765427852e-13 2.0300316668878926e-13 3.6522513589844946e-11 2.3113127573235758e-08 0.05332647937218865 2.2610745563710243e-11 1.0799072317033449e-11 1.1942098330238103e-11 9.656046303828794e-12 4.457265583564183e-11 9.061391256360811e-06 4.327792694612845e-06 4.785867192539575e-06 3.869718196686114e-06 1.7862757896409205e-05 111.3812455860518 53.19657073915893 58.827152920948 47.56598855736985 219.56630806638216 12.791963818075772 -173.25869713932894 [0.0,22.432187131813265,33.550819438593095,44.6694517453729,55.78808405215274,66.9067163589325,78.02534866571233,89.14398097249219,100.26261327927197,111.3812455860518,127.95578898278139,144.53033237951095,161.10487577624062,177.67941917297014,194.2539625696997,210.8285059664293,227.40304936315894,243.97759275988855,260.5521361566182,277.1266795533477] [-6.395981909037886,-2.703817092564975,-1.817959245329149,-1.1992741876177888,-0.7595082310184296,-0.44861250301920563,-0.23528622317118675,-0.09857885855970494,-0.0237458284785248,0.0,-0.04236321103201135,-0.1606799368816496,-0.34078614302683263,-0.5722265374719768,-0.8470546158645789,-1.1590834426894503,-1.5033977025929914,-1.8760245588850069,-2.2737049432544154,-2.693730533098176] False 56600.65603222185 56614.65603222185
729.6086933380817 840.8915725798939 969.1477682383326 1.6617396334491166e-13 1.051782174702458e-13 1.3220393812055604e-13 3.160149755074577e-11 2.6553629178836963e-08 0.04960343333942513 1.3407612556173978e-11 6.6172932302830146e-12 7.378412717677473e-12 5.8561737428885564e-12 2.717217863086059e-11 9.480504561694345e-06 4.679079022676464e-06 5.217265574682315e-06 4.140892470670613e-06 1.9213410469742747e-05 101.41613590926201 50.05367710187832 55.810839091261705 44.29651511249494 205.53229364531055 16.60292777288629 -168.06726121672236 [0.0,21.211220522901645,31.236834946196705,41.26244936949172,51.28806379278678,61.31367821608182,71.33929263937686,81.36490706267186,91.3905214859669,101.41613590926201,117.44137060122596,133.46660529318987,149.4918399851539,165.5170746771178,181.54230936908178,197.5675440610457,213.59277875300972,229.6180134449737,245.6432481369376,261.66848282890163] [-8.301463886443145,-2.7182472571316794,-1.787431317013187,-1.1639894481258182,-0.7317175711541211,-0.4308481241558013,-0.22634462364069918,-0.09580374134955605,-0.023979869388512043,0.0,-0.041722939035850004,-0.16218120672229475,-0.3452558221551669,-0.5794109200539879,-0.8560891280351086,-1.168757059980436,-1.5123072631524224,-1.8826673013437585,-2.276535080901141,-2.6911942441460894] False 56600.65603222185 56614.65603222185
969.1477682383326 1116.9661194245136 1287.3303254983532 1.0538390549583983e-13 6.553152458317397e-14 8.31021539652944e-14 2.639321527048599e-11 2.9446026442425408e-08 0.04375506457255651 6.130353148216775e-12 3.903182908387561e-12 4.425380508361181e-12 3.3809853084139413e-12 1.4538499991017748e-11 7.64831019462237e-06 4.869662955449815e-06 5.521163632641201e-06 4.218162278258429e-06 1.813842612446612e-05 73.76888390614965 46.9684926580559 53.25229608620415 40.68468922990766 174.94733045174016 10.240551475405937 -128.36918965963304 [0.0,6.944361532093974,15.297426828850938,23.650492125607872,32.003557422364835,40.356622719121795,48.70968801587878,57.06275331263573,65.41581860939266,73.76888390614965,89.57790783719548,105.3869317682414,121.19595569928725,137.00497963033314,152.81400356137905,168.62302749242488,184.43205142347088,200.24107535451665,216.05009928556268,231.85912321660845] [-5.120275737702968,-2.6877311163482887,-1.5953040210683014,-0.9861893316889336,-0.5992008553299684,-0.34348842984161365,-0.17582300232740522,-0.07193572851107888,-0.01670410278953227,0.0,-0.04995714696084974,-0.18123458291967154,-0.3738905022177903,-0.6147196466850744,-0.8944803032406412,-1.206428463667578,-1.5454788085343125,-1.9076940923908978,-2.2899588448747465,-2.689762387039849] False 56600.65603222185 56614.65603222185
1287.3303254983532 1483.6791717563765 1709.9759409858673 6.450775226694394e-14 3.940951102667449e-14 5.042042219448503e-14 2.1277204348716998e-11 3.151861704948619e-08 0.03656512152375091 5.074724695102504e-12 2.8739616762975343e-12 3.2520753177164487e-12 2.49584803487862e-12 1.1270729862586942e-11 1.1171011185130877e-05 6.326463002523283e-06 7.1588060302381976e-06 5.49411997480837e-06 2.4810301429958493e-05 100.64819916675702 56.99995262260789 64.4991687132711 49.50073653194469 223.5350156155521 23.14701530699159 -97.47576975926373 [0.0,17.80552320313688,28.1608576985894,38.51619219404193,48.8715266894944,59.22686118494695,69.58219568039951,79.93753017585199,90.29286467130451,100.64819916675702,119.8737985551877,139.0993979436183,158.32499733204898,177.55059672047963,196.77619610891034,216.00179549734085,235.22739488577153,254.45299427420224,273.67859366263286,292.9041930510635] [-11.573507653495795,-2.687805935719453,-1.6551680076852193,-1.0340547421221657,-0.6302256434357645,-0.3613748237578136,-0.18481268818487706,-0.07550692776369772,-0.01750369538473251,0.0,-0.050277139867972664,-0.1822008291181021,-0.37550532321132835,-0.6168093239670043,-0.896794205692359,-1.2086971531717552,-1.5474457522889367,-1.909131621120082,-2.290675012742966,-2.6896027107280247] False 56600.65603222185 56614.65603222185
1709.9759409858673 1970.7884119509856 2271.3810595726877 3.8113237252573356e-14 2.2875896855779626e-14 2.952752079382426e-14 1.6556725689572806e-11 3.256456304841156e-08 0.0291632417305433 3.6172897479362596e-12 2.178435676665066e-12 2.4591923821417626e-12 1.89767897118837e-12 8.285470950140431e-12 1.4049578574251031e-05 8.461059340275131e-06 9.551520339727312e-06 7.3705983408229515e-06 3.218082687600163e-05 122.50570487085473 73.77645051462262 83.28475659412989 64.26814443511537 280.6016464434547 10.617830117414655 -120.12341006815502 [0.0,14.327010248995046,27.8493470767275,41.37168390445996,54.89402073219242,68.41635755992489,81.93869438765732,95.4610312153898,108.98336804312227,122.50570487085473,147.17769925897397,171.84969364709318,196.52168803521243,221.1936824233317,245.8656768114508,270.5376711995701,295.20966558768936,319.8816599758086,344.5536543639279,369.22564875204694] [-5.308915058707328,-2.689807105030752,-1.6564448883566882,-1.0385626308339653,-0.6356433219812772,-0.3661409061071055,-0.18824972042331467,-0.07750720982558335,-0.01829498497396287,0.0,-0.0485764150594008,-0.17832801186429492,-0.36979833382875427,-0.6099643858214421,-0.8896510244464224,-1.2021326718412837,-1.542321113165812,-1.9062663896995105,-2.2908357756431457,-2.6934993539694005] False 56600.65603222185 56614.65603222185
