data/4C+55.17_allsed_14d_min11.ecsv
# %ECSV 1.0
# ---
# datatype:
# - {name: e_min, unit: MeV, datatype: float64}
# - {name: e_ref, unit: MeV, datatype: float64}
# - {name: e_max, unit: MeV, datatype: float64}
# - {name: ref_dnde_e_min, unit: ph / (cm2 MeV s), datatype: float64}
# - {name: ref_dnde_e_max, unit: ph / (cm2 MeV s), datatype: float64}
# - {name: ref_dnde, unit: ph / (cm2 MeV s), datatype: float64}
# - {name: ref_flux, unit: ph / (cm2 s), datatype: float64}
# - {name: ref_eflux, unit: MeV / (cm2 s), datatype: float64}
# - {name: ref_npred, datatype: float64}
# - {name: dnde, unit: ph / (cm2 MeV s), datatype: float64}
# - {name: dnde_err, unit: ph / (cm2 MeV s), datatype: float64}
# - {name: dnde_errp, unit: ph / (cm2 MeV s), datatype: float64}
# - {name: dnde_errn, unit: ph / (cm2 MeV s), datatype: float64}
# - {name: dnde_ul, unit: ph / (cm2 MeV s), datatype: float64}
# - {name: e2dnde, unit: MeV / (cm2 s), datatype: float64}
# - {name: e2dnde_err, unit: MeV / (cm2 s), datatype: float64}
# - {name: e2dnde_errp, unit: MeV / (cm2 s), datatype: float64}
# - {name: e2dnde_errn, unit: MeV / (cm2 s), datatype: float64}
# - {name: e2dnde_ul, unit: MeV / (cm2 s), datatype: float64}
# - {name: norm, datatype: float64}
# - {name: norm_err, datatype: float64}
# - {name: norm_errp, datatype: float64}
# - {name: norm_errn, datatype: float64}
# - {name: norm_ul, datatype: float64}
# - {name: ts, datatype: float64}
# - {name: loglike, datatype: float64}
# - {name: norm_scan, datatype: string, subtype: 'float64[20]'}
# - {name: dloglike_scan, datatype: string, subtype: 'float64[20]'}
# - {name: ShowUL, datatype: bool}
# - {name: tstart, datatype: float64}
# - {name: tend, datatype: float64}
# meta: !!omap
# - {UL_CONF: 0.95}
# - {EXTNAME: SED}
# - {CONFIG: '{"bin_index": 2.0, "use_local_index": true, "free_background": false, "free_radius": null, "free_pars": [], "ul_confidence":
#     0.95, "cov_scale": 3.0, "make_plots": false, "write_fits": true, "write_npy": true, "optimizer": {"optimizer": "MINUIT", "tol":
#     0.001, "max_iter": 100, "init_lambda": 0.0001, "retries": 3, "min_fit_quality": 2, "verbosity": 0}, "prefix": "", "outfile": null,
#     "loge_bins": []}'}
# - {SRCNAME: 4FGL J0957.6+5523}
# - {CREATOR: fermipy 1.2.0}
# - {STVER: 2.2.0}
# schema: astropy-2.0
e_min e_ref e_max ref_dnde_e_min ref_dnde_e_max ref_dnde ref_flux ref_eflux ref_npred dnde dnde_err dnde_errp dnde_errn dnde_ul e2dnde e2dnde_err e2dnde_errp e2dnde_errn e2dnde_ul norm norm_err norm_errp norm_errn norm_ul ts loglike norm_scan dloglike_scan ShowUL tstart tend
[from data line 555]
311.3149665447022 358.7979888064861 413.52331434760555 8.871554343736181e-13 5.216265537038378e-13 6.802674708024343e-13 6.947260027024558e-11 2.4864682179012594e-08 0.07574992306863387 1.519153485459216e-10 4.673024273009848e-11 5.015356128573929e-11 4.330692417445766e-11 2.395883166286859e-10 1.9556973819961112e-05 6.015864377237077e-06 6.4565687037641396e-06 5.575160050710013e-06 3.0843640756018634e-05 223.31708492061853 68.69392516295999 73.72623774965872 63.66161257626123 352.19722669683256 24.658297112816513 -391.4716168813621 [0.0,88.40872937855808,105.27227382131566,122.13581826407322,138.99936270683074,155.86290714958838,172.72645159234588,189.58999603510344,206.453540477861,223.31708492061853,242.46484588810384,261.6126068555891,280.7603678230747,299.90812879055983,319.0558897580452,338.2036507255304,357.35141169301585,376.4991726605012,395.64693362798664,414.79469459547175] [-12.329148556408256,-2.70129781051088,-1.94796116739127,-1.3549939501274935,-0.8947323761304347,-0.5464919602617329,-0.2943286281980022,-0.12564996975601161,-0.03031071250319428,0.0,-0.035720687996501965,-0.137993655700825,-0.2998103657772049,-0.5152660746375659,-0.779334329030803,-1.0876970970920183,-1.4366146579825454,-1.8228244654066543,-2.24346149406864,-2.695994762439284] False 57748.65603222185 57762.65603222185
413.52331434760555 476.5900816815941 549.2752115212968 5.362154812860068e-13 3.1251202456307835e-13 4.093577721978119e-13 5.553632770988245e-11 2.6396761493612227e-08 0.06804606788102446 6.037941046221866e-11 2.4852160694085672e-11 2.6996940526199025e-11 2.2707380861972318e-11 1.0845569819074566e-10 1.3714464931204831e-05 5.6448727090002956e-06 6.132033937761871e-06 5.15771148023872e-06 2.4634421867319125e-05 147.4978968593806 60.7101229827792 65.94950031424695 55.470745651311454 264.94109934313684 17.993929241451497 -291.1241347315211 [0.0,39.138789097073335,52.68367756736173,66.22856603765011,79.77345450793852,93.31834297822692,106.86323144851531,120.40811991880369,133.9530083890921,147.4978968593806,165.1506685878468,182.80344031631313,200.45621204477936,218.10898377324565,235.76175550171197,253.4145272301782,271.06729895864436,288.72007068711065,306.372842415577,324.02561414404335] [-8.996964620725748,-2.6939377808488416,-1.8588100366521871,-1.2514596857811853,-0.805681628768923,-0.48214442171610017,-0.2552755514016667,-0.10735311431557193,-0.02549798503457623,0.0,-0.039099409900188675,-0.14836004155262117,-0.31790146878415726,-0.5399586730399619,-0.8082950607009707,-1.1178101609459645,-1.4642683867974142,-1.8441060418143138,-2.2542905853669595,-2.69221580008076] False 57748.65603222185 57762.65603222185
549.2752115212968 633.0528961793416 729.6086933380817 3.184161550189498e-13 1.8392969536686966e-13 2.420045172977671e-13 4.3622598314212195e-11 2.753523453355778e-08 0.05861434520522224 2.7148855360382898e-11 1.2695210653425082e-11 1.4344856100879604e-11 1.1045565205970564e-11 5.251992734640488e-11 1.0880065846993249e-05 5.087681451656126e-06 5.74878671205281e-06 4.426576191259444e-06 2.1047674394480524e-05 112.18325865784732 52.45856893573869 59.27515841875551 45.641979452721884 217.02044215060386 15.120741980331275 -208.1712427314958 [0.0,24.668958853452185,35.608246329001574,46.54753380455098,57.48682128010038,68.42610875564978,79.36539623119917,90.30468370674856,101.243971182298,112.18325865784732,128.1239332791731,144.06460790049874,160.0052825218245,175.94595714315025,191.886631764476,207.82730638580156,223.76798100712733,239.7086556284531,255.64933024977873,271.59000487110444] [-7.560370990165637,-2.6951541186883503,-1.8119069099721514,-1.1966262559092513,-0.7588990897781684,-0.44878336587203194,-0.23547797947719573,-0.09851228959200853,-0.023521649434684377,0.0,-0.04192407022469524,-0.15838954053037924,-0.3362514432313617,-0.5656926717164481,-0.8391683912379051,-1.150742265924066,-1.4956510085125387,-1.870008488971962,-2.2705986141368157,-2.69472661336971] False 57748.65603222185 57762.65603222185
729.6086933380817 840.8915725798939 969.1477682383326 1.8574998110253696e-13 1.0634908840837434e-13 1.4055013753862931e-13 3.365934773069643e-11 2.8215769721124105e-08 0.048825709409956786 1.4780770796165144e-11 7.730830944151366e-12 8.571874702981838e-12 6.889787185320896e-12 3.0604010077102394e-11 1.0451462881352065e-05 5.466460022218126e-06 6.061160917606483e-06 4.87175912682977e-06 2.1640053807230857e-05 105.16368788399616 55.004079537286806 60.98802073833554 49.02013833623807 217.74443350289198 10.791734435075114 -189.1345721929644 [0.0,16.05358541159423,27.19234822064447,38.33111102969472,49.46987383874496,60.608636647795194,71.74739945684546,82.8861622658957,94.02492507494593,105.16368788399616,122.4581443820027,139.7526008800092,157.0470573780156,174.3415138760221,191.63597037402866,208.93042687203516,226.22488337004162,243.5193398680481,260.81379636605465,278.10825286406094] [-5.395867217537557,-2.6962954686534033,-1.7740910296894867,-1.1564515085263452,-0.7268541615552806,-0.42702370406999535,-0.22300472905814672,-0.0930438527924764,-0.022265753354645312,0.0,-0.043549911748158365,-0.16386254189859528,-0.34593652968268884,-0.5788818845035166,-0.8545248346952405,-1.1665630066616473,-1.5100279499567364,-1.8809291667475634,-2.276010338746943,-2.6925776038192453] False 57748.65603222185 57762.65603222185
969.1477682383326 1116.9661194245136 1287.3303254983532 1.064532522087269e-13 6.041046281458805e-14 8.019283156272288e-14 2.5515211304851034e-11 2.8404970534241586e-08 0.039292397600676376 1.054111532564125e-11 5.022700169496509e-12 5.61546831235627e-12 4.429932026636748e-12 2.1045851632501332e-11 1.3151235802988562e-05 6.2663875933584745e-06 7.0059330192856015e-06 5.526842167431347e-06 2.625708465787034e-05 131.44710219387264 62.63278240235227 70.02456707073783 55.2409977339667 262.44056011465693 18.490557903243484 -136.59227168150173 [0.0,30.779285501584795,43.36276258812079,55.946239674656766,68.5297167611927,81.11319384772872,93.6966709342647,106.28014802080071,118.8636251073367,131.44710219387264,151.5300475770417,171.61299296021068,191.6959383433795,211.7788837265485,231.8618291097175,251.9447744928865,272.0277198760554,292.1106652592244,312.19361064239337,332.2765560255624] [-9.245278951621742,-2.706401470930871,-1.8072568998475163,-1.1908732658259282,-0.7569228583720644,-0.45125088293531235,-0.2410940968384807,-0.1050292532325443,-0.028233506869923986,0.0,-0.0363788041970281,-0.15311821321151342,-0.3339551220348653,-0.5671692667132504,-0.8440227544313643,-1.1578201114818114,-1.5033134620298085,-1.8763106075399492,-2.2734079540693983,-2.6918032511549654] False 57748.65603222185 57762.65603222185
1287.3303254983532 1483.6791717563765 1709.9759409858673 5.993569710133719e-14 3.3712194628226376e-14 4.4950682818603616e-14 1.9001677819484845e-11 2.809286955425174e-08 0.030539550126608805 3.926996986384903e-12 2.678780234205816e-12 3.0867855453470718e-12 2.27077492306456e-12 9.918536709544474e-12 8.64451372134876e-06 5.896809335824717e-06 6.7949530122196996e-06 4.998665659429734e-06 2.183371338929638e-05 87.36234335376211 59.593760678028154 68.6704929000445 50.517028456011815 220.65374956750415 12.296473467195682 -95.14373667820581 [0.0,8.453439350746091,18.317052351123095,28.180665351500103,38.044278351877104,47.9078913522541,57.771504352631084,67.63511735300808,77.49873035338513,87.36234335376211,108.38322598901671,129.4041086242714,150.4249912595259,171.4458738947805,192.46675653003524,213.48763916528975,234.50852180054446,255.52940443579902,276.55028707105356,297.5711697063082] [-6.148236733597841,-2.677138070049409,-1.5113732972209704,-0.9091709865666786,-0.5424549814761122,-0.3068595167638506,-0.15547716933116362,-0.06309535860989968,-0.01455363599092152,0.0,-0.053690106749940014,-0.1915870550898262,-0.390228934185032,-0.6350613673748597,-0.9163797362436839,-1.2273586292044456,-1.5629967065493418,-1.9195082501265404,-2.2939512173566925,-2.683988888675046] False 57748.65603222185 57762.65603222185
1709.9759409858673 1970.7884119509856 2271.3810595726877 3.315191796810368e-14 1.8482399756355315e-14 2.4753323020887308e-14 1.3902216182984418e-11 2.7295885057335205e-08 0.022921434285172793 3.160870704690758e-12 1.894380118470472e-12 2.15464251061056e-12 1.6341177263303841e-12 7.322096353911844e-12 1.2276843831472791e-05 7.3577855738911805e-06 8.368646517607633e-06 6.346924630174727e-06 2.8439073234653737e-05 127.69480291690753 76.53033561885648 87.04457614811689 66.01609508959608 295.8025614473388 16.41989590621654 -80.16509613200964 [0.0,18.654030800173725,32.284127314765456,45.91422382935717,59.54432034394891,73.17441685854065,86.80451337313238,100.43460988772415,114.06470640231588,127.69480291690753,154.2626927129181,180.8305825089286,207.39847230493908,233.96636210094968,260.5342518969602,287.10214169297086,313.67003148898135,340.23792128499167,366.8058110810023,393.37370087701277] [-8.20994795310827,-2.7053144645773273,-1.645013190470607,-1.020369009055031,-0.6187225448736484,-0.3533824744119727,-0.18017578743364027,-0.07347110858397343,-0.017051888884736854,0.0,-0.052623001918973955,-0.189537899926421,-0.38816601446546883,-0.6339432428151781,-0.9169241513628776,-1.230013998550703,-1.5679734534385688,-1.9268230817394851,-2.30346913639184,-2.6954587440298923] False 57748.65603222185 57762.65603222185
4007.6519721450045 4618.915317184078 5323.411028602609 5.043787505032863e-15 2.738111874217362e-15 3.716241980625006e-15 4.895038725444759e-12 2.2511079740080388e-08 0.008255327079689012 1.3087799402150864e-12 7.784957973759024e-13 8.889994683434362e-13 6.679921264083685e-13 3.0367092142272515e-12 2.7922006889089262e-05 1.6608724163272758e-05 1.8966251328242954e-05 1.4251196998302565e-05 6.478630440032531e-05 352.1783422711814 209.48468948864658 239.22001661310608 179.74936236418708 817.145177859632 20.58963621228358 -34.81609828514913 [0.0,57.90762848008748,94.69146770397427,131.47530692786094,168.25914615174767,205.04298537563443,241.82682459952122,278.610663823408,315.3945030472947,352.1783422711814,425.42970219055604,498.68106210993056,571.9324220293051,645.1837819486798,718.4351418680544,791.686501787429,864.9378617068036,938.1892216261787,1011.4405815455525,1084.6919414649274] [-10.29481810614179,-2.700793433370592,-1.659326605516327,-1.038031405925551,-0.6355899315791689,-0.36785652214492615,-0.1914997683551931,-0.08123534674475508,-0.02101225791004424,0.0,-0.04662204382584889,-0.18040857839129387,-0.37770147644754815,-0.62333443509727,-0.906999574210154,-1.2213709599668263,-1.5610548582228603,-1.9219647992240212,-2.3009305116174303,-2.6954429725775313] False 57748.65603222185 57762.65603222185
5323.411028602609 6135.359285332078 7071.149185711414 2.59875755444169e-15 1.3983259188467245e-15 1.906281732896409e-15 3.336148993259314e-12 2.03748621204052e-08 0.005643634992684277 3.6043617092320116e-13 3.645196590559053e-13 4.578079207125847e-13 2.712313973992259e-13 1.3138546803114606e-12 1.3567766703871433e-05 1.3721479951297873e-05 1.7233095800299967e-05 1.0209864102295781e-05 4.945695028220049e-05 189.0781224533656 191.22024450292207 240.15753433097754 142.2829546748666 689.2237687842639 11.528006794456076 -21.538799100583134 [0.0,21.008680272596187,42.017360545192375,63.02604081778855,84.03472109038475,105.04340136298087,126.0520816355771,147.0607619081733,168.0694421807695,189.0781224533656,268.86526145209035,348.6524004508149,428.43953944953955,508.22667844826435,588.0138174469888,667.8009564457135,747.588095444438,827.3752344431625,907.1623734418878,986.9495124406121] [-5.764003397228038,-1.3103991782998854,-0.7318919690494639,-0.4376689944519221,-0.2604364355340323,-0.1474718689165151,-0.07523218554777955,-0.031139903244131517,-0.007679629861524262,0.0,-0.0665472080184557,-0.22610584972389702,-0.44031145107073044,-0.6906485002686011,-0.9667415613422214,-1.2621813676736338,-1.5727253605123757,-1.8954160418217896,-2.228106974201207,-2.569189230902701] False 57748.65603222185 57762.65603222185
7071.149185711414 8149.575733880153 9392.473966813408 1.315443791115462e-15 7.015933628788722e-16 9.60680297022288e-16 2.2336015136378594e-12 1.8115875951408375e-08 0.0038185575777305303 2.469127809172738e-13 2.5283901278630647e-13 3.17084314794306e-13 1.88593710778307e-13 9.158193516497712e-13 1.6398856700264095e-05 1.6792450854571424e-05 2.1059340147950516e-05 1.2525561561192332e-05 6.082467766650428e-05 257.01867903672166 263.18746576775123 330.06226501900414 196.31266651649835 953.3029401023762 12.452042579490616 -22.890075131345643 [0.0,28.557631004080164,57.11526200816033,85.67289301224054,114.23052401632066,142.78815502040095,171.34578602448107,199.90341702856122,228.46104803264132,257.01867903672166,371.20057172280343,485.38246440888526,599.5643570949672,713.7462497810486,827.9281424671302,942.1100351532122,1056.2919278392942,1170.473820525376,1284.6557132114576,1398.8376058975393] [-6.226021289745308,-1.3201599511964694,-0.7392310563181184,-0.4437699451247461,-0.2655369281549049,-0.15162024474918212,-0.07841440952814693,-0.03331592427836938,-0.008797018835537074,0.0,-0.06802230660762021,-0.23533667511124534,-0.4595337668696793,-0.7206491705789588,-1.007676153889637,-1.3138976417869266,-1.6349113007782599,-1.9676747281802882,-2.3099972497551136,-2.6602489559778952] False 57748.65603222185 57762.65603222185
9392.473966813408 10825.05221838098 12476.13311942254 6.54181207244254e-16 3.4580995423182155e-16 4.756283983704633e-16 1.4693898077678602e-12 1.5826847228372832e-08 0.0025122458603792364 1.868347825139761e-13 1.9046112443664125e-13 2.388155805311956e-13 1.4210666834208693e-13 6.898622319103295e-13 2.1893627809179587e-05 2.2318568921831973e-05 2.7984828974722798e-05 1.6652308868941148e-05 8.083926740956207e-05 392.81670975510576 400.44102725820113 502.10538594708544 298.7766685693168 1450.4227129285098 13.472613791255831 -23.055331251911657 [0.0,43.64630108390064,87.29260216780128,130.9389032517019,174.58520433560255,218.2315054195033,261.8778065034038,305.5241075873045,349.1704086712051,392.81670975510576,566.4789394452764,740.1411691354471,913.8033988256178,1087.4656285157876,1261.1278582059595,1434.7900878961298,1608.4523175862998,1782.1145472764708,1955.7767769666407,2129.439006656811] [-6.736306895627916,-1.3183911468563068,-0.7366456268589303,-0.4412562555090993,-0.2633179803441905,-0.14978540056368672,-0.07700840488240246,-0.03236435026023088,-0.008315887728823412,0.0,-0.06937283772593972,-0.23737841709039387,-0.4619838688156115,-0.7233606096068641,-1.0105628753641724,-1.3169050263405957,-1.6380025816771138,-1.9708240293356205,-2.3131857158125193,-2.66346246095922] False 57748.65603222185 57762.65603222185
