data/4C+55.17_allsed_14d_min11.ecsv
# %ECSV 1.0
# ---
# datatype:
# - {name: e_min, unit: MeV, datatype: float64}
# - {name: e_ref, unit: MeV, datatype: float64}
# - {name: e_max, unit: MeV, datatype: float64}
# - {name: ref_dnde_e_min, unit: ph / (cm2 MeV s), datatype: float64}
# - {name: ref_dnde_e_max, unit: ph / (cm2 MeV s), datatype: float64}
# - {name: ref_dnde, unit: ph / (cm2 MeV s), datatype: float64}
# - {name: ref_flux, unit: ph / (cm2 s), datatype: float64}
# - {name: ref_eflux, unit: MeV / (cm2 s), datatype: float64}
# - {name: ref_npred, datatype: float64}
# - {name: dnde, unit: ph / (cm2 MeV s), datatype: float64}
# - {name: dnde_err, unit: ph / (cm2 MeV s), datatype: float64}
# - {name: dnde_errp, unit: ph / (cm2 MeV s), datatype: float64}
# - {name: dnde_errn, unit: ph / (cm2 MeV s), datatype: float64}
# - {name: dnde_ul, unit: ph / (cm2 MeV s), datatype: float64}
# - {name: e2dnde, unit: MeV / (cm2 s), datatype: float64}
# - {name: e2dnde_err, unit: MeV / (cm2 s), datatype: float64}
# - {name: e2dnde_errp, unit: MeV / (cm2 s), datatype: float64}
# - {name: e2dnde_errn, unit: MeV / (cm2 s), datatype: float64}
# - {name: e2dnde_ul, unit: MeV / (cm2 s), datatype: float64}
# - {name: norm, datatype: float64}
# - {name: norm_err, datatype: float64}
# - {name: norm_errp, datatype: float64}
# - {name: norm_errn, datatype: float64}
# - {name: norm_ul, datatype: float64}
# - {name: ts, datatype: float64}
# - {name: loglike, datatype: float64}
# - {name: norm_scan, datatype: string, subtype: 'float64[20]'}
# - {name: dloglike_scan, datatype: string, subtype: 'float64[20]'}
# - {name: ShowUL, datatype: bool}
# - {name: tstart, datatype: float64}
# - {name: tend, datatype: float64}
# meta: !!omap
# - {UL_CONF: 0.95}
# - {EXTNAME: SED}
# - {CONFIG: '{"bin_index": 2.0, "use_local_index": true, "free_background": false, "free_radius": null, "free_pars": [], "ul_confidence":
#     0.95, "cov_scale": 3.0, "make_plots": false, "write_fits": true, "write_npy": true, "optimizer": {"optimizer": "MINUIT", "tol":
#     0.001, "max_iter": 100, "init_lambda": 0.0001, "retries": 3, "min_fit_quality": 2, "verbosity": 0}, "prefix": "", "outfile": null,
#     "loge_bins": []}'}
# - {SRCNAME: 4FGL J0957.6+5523}
# - {CREATOR: fermipy 1.2.0}
# - {STVER: 2.2.0}
# schema: astropy-2.0
e_min e_ref e_max ref_dnde_e_min ref_dnde_e_max ref_dnde ref_flux ref_eflux ref_npred dnde dnde_err dnde_errp dnde_errn dnde_ul e2dnde e2dnde_err e2dnde_errp e2dnde_errn e2dnde_ul norm norm_err norm_errp norm_errn norm_ul ts loglike norm_scan dloglike_scan ShowUL tstart tend
[from data line 266]
5323.411028602609 6135.359285332078 7071.149185711414 2.9217167247920617e-15 1.60368245681017e-15 2.1646029324838974e-15 3.7861897393728624e-12 2.3134259394147436e-08 0.007634975104620301 1.3510249341065609e-12 6.292189788524159e-13 7.001942052742208e-13 5.582437524306108e-13 2.6535370987740218e-12 5.0856136525145764e-05 2.368545945000844e-05 2.635715389005032e-05 2.1013765009966555e-05 9.988612464730936e-05 624.1444626318836 290.6856354159987 323.4746635359784 257.896607296019 1225.8770691625502 47.460662268988315 -21.408270368472827 [0.0,159.86451535217932,217.89950876214232,275.93450217210545,333.96949558206836,392.0044889920314,450.0394824019943,508.0744758119576,566.1094692219207,624.1444626318836,717.3286653172258,810.5128680025688,903.6970706879108,996.8812733732535,1090.0654760585962,1183.2496787439393,1276.4338814292814,1369.6180841146231,1462.8022867999664,1555.9864894853088] [-23.730331134494158,-2.701903894206513,-1.7759791753716314,-1.1524589151158047,-0.7202609628962797,-0.4204773193057534,-0.21796090784384248,-0.09000224256838862,-0.021055362453406445,0.0,-0.04643887810205882,-0.17134595849385903,-0.3580942710260757,-0.5948494690517769,-0.8728854590621786,-1.1855814960184858,-1.5277941990869586,-1.8954477849113118,-2.2852573325816365,-2.694536358880775] False 56110.65603222185 56124.65603222185
7071.149185711414 8149.575733880153 9392.473966813408 1.4648657395701016e-15 7.935832037193969e-16 1.078189615339912e-15 2.5057162930504254e-12 2.0330386960084127e-08 0.005100285327912513 2.1090068580056198e-13 2.1242229971127904e-13 2.663181644139211e-13 1.5852643500863693e-13 7.687905659984301e-13 1.4007092348895426e-05 1.4108151226375477e-05 1.7687676590400963e-05 1.052862586234999e-05 5.105967490823067e-05 195.60630412311392 197.01757157465332 247.0049429385027 147.0302002108039 713.0383701164287 11.748575033742057 -4.66200042704088 [0.0,21.734033791457087,43.46806758291417,65.2021013743713,86.93613516582835,108.67016895728547,130.4042027487426,152.13823654019967,173.8722703316567,195.60630412311392,280.58770069263363,365.5690972621535,450.55049383167346,535.5318904011934,620.513286970713,705.494683540233,790.4760801097526,875.4574766792725,960.4388732487922,1045.4202698183126] [-5.8742875168710285,-1.3021688233017201,-0.7245079034584503,-0.43144285414809325,-0.25538660012815484,-0.1435587385806647,-0.07239768682800296,-0.02931879077778099,-0.006803711753322617,0.0,-0.07296098620740388,-0.24198941513336258,-0.466508600722074,-0.7272191352310191,-1.0134138110762336,-1.3185303487457167,-1.6382544754408315,-1.9695975785909576,-2.3104036967353263,-2.659066324544794] False 56110.65603222185 56124.65603222185
12476.13311942254 14379.0435808939 16572.19366947696 3.4032543210916546e-16 1.79577859629148e-16 2.472143051595697e-16 1.0145322863359564e-12 1.4514591751612992e-08 0.002072533402669441 2.35428542360505e-13 1.682165248218013e-13 1.9650410457734298e-13 1.399289450662596e-13 6.287516399023741e-13 4.867647424832737e-05 3.477992624230411e-05 4.0628578379858714e-05 2.8931274104749503e-05 0.00012999873635303032 952.3257248747909 680.4481832603594 794.8735185470164 566.0228479737024 2543.3465085951766 18.838600909244718 -10.690780579237227 [0.0,101.11276660815125,207.51438639148128,313.91600617481134,420.31762595814104,526.7192457414709,633.1208655248012,739.522485308131,845.924105091461,952.3257248747909,1206.4553896891127,1460.585054503435,1714.714719317757,1968.844384132079,2222.9740489464007,2477.1037137607227,2731.233378575044,2985.3630433893663,3239.4927082036875,3493.62237301801] [-9.419300454622359,-2.648640288189865,-1.4723855640692438,-0.8785712455487804,-0.5220419116801072,-0.2952692811470179,-0.1504782880889124,-0.062221192150827775,-0.01532241144707136,0.0,-0.0554862341267377,-0.20109397983016208,-0.407823402612685,-0.6587512652307428,-0.9431356601174521,-1.2537297967772822,-1.5854130019225803,-1.9344326133529783,-2.2979562847475883,-2.6737936605617953] False 56110.65603222185 56124.65603222185
176.4411988580621 203.35272664697808 234.36890988269914 1.2563179126728935e-12 8.302770353313617e-13 1.0213187122381206e-12 5.9006135402489e-11 1.2002374928783851e-08 0.0542368690150669 2.7706594420783015e-10 1.0959238221728977e-10 1.1699823834924782e-10 1.0218652608533174e-10 4.802409069982683e-10 1.1457322754167082e-05 4.53190051217433e-06 4.838149929501214e-06 4.225651094847448e-06 1.9859081154722432e-05 271.2825495977323 107.30478243870489 114.55605086570633 100.05351401170347 470.2164968130928 10.471801892911685 -449.27018875357345 [0.0,60.450027468889424,86.80409273499484,113.15815800110015,139.51222326720548,165.86628853331098,192.22035379941636,218.57441906552162,244.92848433162706,271.2825495977323,300.69818212302454,330.1138146483163,359.52944717360816,388.9450796989002,418.36071222419207,447.77634474948405,477.19197727477604,506.60760980006796,536.02324232536,565.4388748506517] [-5.235900946455843,-2.6986003386604125,-1.9503501433949282,-1.3593403664286257,-0.8991776686640947,-0.5500369956249074,-0.29658464509230953,-0.12667571067174777,-0.03049982890473757,0.0,-0.035326551283503704,-0.13633643214484437,-0.2964934980574867,-0.5102598850516529,-0.772895917071935,-1.080308679281984,-1.4289355460810498,-1.8156532935942096,-2.237706255467117,-2.6926488682667014] False 56390.65603222185 56404.65603222185
234.36890988269914 270.1158072739371 311.3149665447022 9.014936387703566e-13 5.862630084851121e-13 7.269885644187955e-13 5.5801268089021105e-11 1.5071228171454748e-08 0.05912504951002592 1.7399091704042278e-10 6.878287825664663e-11 7.387335157345003e-11 6.369240493984323e-11 3.032634000266899e-10 1.2694820869143328e-05 5.018574148496257e-06 5.3899880590336645e-06 4.647160237958849e-06 2.2126870787236295e-05 239.3310232871725 94.61342533171259 101.61556204465123 87.61128861877395 417.1501655863589 11.714615936695509 -524.5314304053343 [0.0,57.44451033255154,80.18032445187917,102.91613857120679,125.65195269053439,148.38776680986197,171.1235809291896,193.85939504851729,216.59520916784487,239.3310232871725,265.74379032247697,292.1565573577819,318.56932439308656,344.9820914283913,371.3948584636959,397.8076254990005,424.2203925343054,450.63315956961003,477.04592660491477,503.4586936402196] [-5.8573079683477545,-2.6943320781701914,-1.9260780000920477,-1.3309502834416662,-0.8743034781613233,-0.531750966893469,-0.2853342140969062,-0.12136376668308912,-0.02911551014028646,0.0,-0.03624319177822599,-0.13929187920052755,-0.30179538952938856,-0.5176514277279693,-0.7817282805725654,-1.0896618540173222,-1.4377042506624775,-1.82260872005088,-2.2415408305820392,-2.692008903403803] False 56390.65603222185 56404.65603222185
311.3149665447022 358.7979888064861 413.52331434760555 6.263808688095997e-13 4.008433310136316e-13 5.010794287703818e-13 5.109907588910523e-11 1.832534597484446e-08 0.061350904816168755 7.902835710961236e-11 3.6870173300342463e-11 4.0075568733117006e-11 3.366477786756793e-11 1.5042963550119198e-10 1.0173794325726275e-05 4.746518510960458e-06 5.159168287045756e-06 4.33386873487516e-06 1.9365709070231304e-05 157.71622735250406 73.58149463612907 79.97847533166546 67.18451394059267 300.2111578803725 9.169370686857974 -374.6355377112734 [0.0,23.94148518672919,40.66332795745105,57.38517072817291,74.10701349889474,90.82885626961661,107.55069904033842,124.2725418110603,140.99438458178219,157.71622735250406,179.09094797279184,200.4656685930798,221.84038921336762,243.2151098336555,264.5898304539433,285.96455107423134,307.33927169451914,328.71399231480706,350.08871293509475,371.4634335553829] [-4.584685343428987,-2.706619389761727,-1.8733508791456757,-1.2650761760776277,-0.8167555906249504,-0.49008721602604055,-0.2601896495668825,-0.10977526185070019,-0.026229814774637816,0.0,-0.03824778006963925,-0.1459798893839661,-0.31383034309271807,-0.5343777650559787,-0.8016194357962263,-1.1106160924408641,-1.45724401891988,-1.8380171560529561,-2.2499563979590675,-2.690491574081534] False 56390.65603222185 56404.65603222185
549.2752115212968 633.0528961793416 729.6086933380817 2.745641894194941e-13 1.701348730745352e-13 2.16131773503338e-13 3.8906590041755186e-11 2.45992269720718e-08 0.05694569206477096 2.38773633938869e-11 1.1784041233007147e-11 1.2981673378153651e-11 1.0586409087860642e-11 4.755847775336617e-11 9.568995912703248e-06 4.722524867324389e-06 5.202483098590532e-06 4.242566636058245e-06 1.9059343853386297e-05 110.47595180871511 54.522484325170964 60.06369710353188 48.98127154681004 220.04389721362122 11.531853531542765 -229.1398015599569 [0.0,19.224265609628162,30.63072638451403,42.03718715939991,53.443647934285764,64.85010870917166,76.25656948405747,87.66303025894331,99.06949103382927,110.47595180871511,127.20187969202416,143.9278075753333,160.6537354586423,177.37966334195139,194.10559122526038,210.83151910856952,227.55744699187875,244.28337487518775,261.00930275849674,277.73523064180597] [-5.765926765771383,-2.6999188660177538,-1.8026665513788487,-1.1854939664713413,-0.7494612961698692,-0.4419249206645759,-0.23110612267228703,-0.09617282569448093,-0.0226440086584887,0.0,-0.042736055166500364,-0.15981927262282625,-0.3380495337164291,-0.5676101171541461,-0.840979970521488,-1.152255180390057,-1.4967066420730077,-1.8704810167653818,-2.27039227392504,-2.693772532017533] False 56390.65603222185 56404.65603222185
729.6086933380817 840.8915725798939 969.1477682383326 1.7320441448845513e-13 1.0561236236663582e-13 1.352498701901623e-13 3.234889925929624e-11 2.71576625462563e-08 0.05081993090898285 1.8276242769889976e-11 8.158748349742017e-12 9.189709686741527e-12 7.127787012742506e-12 3.4522598532355704e-11 1.292310634907094e-05 5.769039836389625e-06 6.498031192412482e-06 5.040048480366767e-06 2.4410882362261322e-05 135.12946625526104 60.32352074180003 67.94616271217657 52.70087877142348 255.25051139654835 16.903011523337454 -202.83156594457202 [0.0,33.179445439771655,45.923198041707835,58.66695064364403,71.41070324558017,84.15445584751639,96.8982084494525,109.64196105138872,122.3857136533249,135.12946625526104,153.36032851583445,171.59119077640798,189.8220530369813,208.0529152975547,226.2837775581281,244.5146398187015,262.74550207927484,280.9763643398484,299.20722660042185,317.4380888609952] [-8.451505761668727,-2.6885918424823103,-1.828930010473897,-1.2175344291565011,-0.7768645268482146,-0.46184161333263773,-0.24367272040680632,-0.10273061833873953,-0.024978597212367504,0.0,-0.04057102003076807,-0.15563500690350907,-0.332375174212757,-0.5611120413566937,-0.834343211160359,-1.146127275954342,-1.4916729768059724,-1.8670562546197118,-2.269019967931712,-2.6948287422136445] False 56390.65603222185 56404.65603222185
969.1477682383326 1116.9661194245136 1287.3303254983532 1.0580025740525797e-13 6.348174797550904e-14 8.195355560526066e-14 2.6044613445311958e-11 2.9032564781273772e-08 0.043131638309512055 6.644528002780092e-12 3.908711911224458e-12 4.400330669492134e-12 3.4170931529567815e-12 1.5016065755519045e-11 8.289801587841539e-06 4.8765610129908935e-06 5.489911120206169e-06 4.263210905775618e-06 1.873424352958582e-05 81.07675077313634 47.694232206974 53.692980578986294 41.695483834961706 183.2265317181083 9.30088126995554 -146.33914012428386 [0.0,9.022663900991615,18.029424760009704,27.036185619027812,36.042946478045906,45.049707337063985,54.05646819608208,63.063229055100166,72.06998991411834,81.07675077313634,97.0253072518956,112.97386373065497,128.92242020941418,144.87097668817356,160.81953316693273,176.76808964569216,192.7166461244514,208.66520260321076,224.61375908197004,240.56231556072916] [-4.65044063497777,-2.698104551094332,-1.7077223116503149,-1.0867253986261858,-0.6717235735280269,-0.39000200265024887,-0.20215072846505677,-0.08421211018830377,-0.02046325799102533,0.0,-0.04683627999230566,-0.17552850716873536,-0.36669103826488936,-0.6071335174009107,-0.8874660259171492,-1.200762626434397,-1.5417663156800927,-1.9063913907015717,-2.2913987749013245,-2.694176739492434] False 56390.65603222185 56404.65603222185
2271.3810595726877 2617.821317854317 3017.1020504598932 1.9876789999159974e-14 1.1363901409243007e-14 1.5029234241393733e-14 1.1205352607757435e-11 2.9241321152171838e-08 0.02010824862993299 2.4078889606073417e-12 1.401302677459024e-12 1.5909583461143346e-12 1.2116470088037134e-12 5.4645432713086915e-12 1.6501235241252103e-05 9.603111066681166e-06 1.0902819173872652e-05 8.303402959489681e-06 3.7448451934894054e-05 160.21368234287675 93.23846145131839 105.85757867373536 80.61934422890141 363.59425793352585 20.73834879051796 -56.3365032513924 [0.0,26.479568723057067,43.19633292553453,59.913097128011984,76.62986133048948,93.34662553296695,110.06338973544436,126.78015393792184,143.49691814039937,160.21368234287675,192.2368258993707,224.25996945586456,256.28311301235857,288.30625656885263,320.32940012534647,352.3525436818404,384.3756872383346,416.3988307948284,448.4219743513224,480.44511790781627] [-10.36917439525898,-2.6884329293005678,-1.6447413348689963,-1.023211777064553,-0.6215947507130224,-0.355463487533612,-0.1813645049070658,-0.07394589031291332,-0.01711220190277629,0.0,-0.05186876561479892,-0.18699901180146128,-0.38368565240662633,-0.6278119870449146,-0.9096717108086665,-1.222298961310905,-1.5605214666100693,-1.9203907293297817,-2.2988222339164253,-2.69335908436134] False 56390.65603222185 56404.65603222185
3017.1020504598932 3477.2827010020824 4007.6519721450045 1.0673941832695385e-14 6.0049914240775324e-15 8.006055780872257e-15 7.931807770950868e-12 2.7483900477626372e-08 0.014350222679119118 2.17384327554186e-12 1.1226467073483672e-12 1.260270633357248e-12 9.850227813394863e-13 4.553863835174483e-12 2.6285015059365183e-05 1.3574477029234364e-05 1.5238556040068617e-05 1.191039801840011e-05 5.5063021714858133e-05 271.52487255154006 140.22469216746518 157.41467057577034 123.03471375916001 568.8024115513147 32.39669428679812 -60.08610211567756 [0.0,57.91651101997179,84.61755621141779,111.31860140286383,138.01964659430988,164.72069178575597,191.421736977202,218.1227821686481,244.82382736009404,271.52487255154006,317.91718203730466,364.30949152306914,410.7018010088338,457.0941104945987,503.48641998036317,549.8787294661277,596.2710389518926,642.663348437657,689.0556579234213,735.4479674091863] [-16.19834714339906,-2.6944853472758226,-1.7199760414497476,-1.0960396943310968,-0.6764036499148318,-0.3911627544298355,-0.20126072340131884,-0.0825926592734092,-0.019209544621425323,0.0,-0.048933237825693254,-0.17860093535844612,-0.37005551685999194,-0.6103357271713605,-0.8901808852395874,-1.2027425068288409,-1.5428123930279938,-1.9063369374165973,-2.2900989782524164,-2.6915022611070185] False 56390.65603222185 56404.65603222185
