data/4C+55.17_allsed_14d_min11.ecsv
# %ECSV 1.0
# ---
# datatype:
# - {name: e_min, unit: MeV, datatype: float64}
# - {name: e_ref, unit: MeV, datatype: float64}
# - {name: e_max, unit: MeV, datatype: float64}
# - {name: ref_dnde_e_min, unit: ph / (cm2 MeV s), datatype: float64}
# - {name: ref_dnde_e_max, unit: ph / (cm2 MeV s), datatype: float64}
# - {name: ref_dnde, unit: ph / (cm2 MeV s), datatype: float64}
# - {name: ref_flux, unit: ph / (cm2 s), datatype: float64}
# - {name: ref_eflux, unit: MeV / (cm2 s), datatype: float64}
# - {name: ref_npred, datatype: float64}
# - {name: dnde, unit: ph / (cm2 MeV s), datatype: float64}
# - {name: dnde_err, unit: ph / (cm2 MeV s), datatype: float64}
# - {name: dnde_errp, unit: ph / (cm2 MeV s), datatype: float64}
# - {name: dnde_errn, unit: ph / (cm2 MeV s), datatype: float64}
# - {name: dnde_ul, unit: ph / (cm2 MeV s), datatype: float64}
# - {name: e2dnde, unit: MeV / (cm2 s), datatype: float64}
# - {name: e2dnde_err, unit: MeV / (cm2 s), datatype: float64}
# - {name: e2dnde_errp, unit: MeV / (cm2 s), datatype: float64}
# - {name: e2dnde_errn, unit: MeV / (cm2 s), datatype: float64}
# - {name: e2dnde_ul, unit: MeV / (cm2 s), datatype: float64}
# - {name: norm, datatype: float64}
# - {name: norm_err, datatype: float64}
# - {name: norm_errp, datatype: float64}
# - {name: norm_errn, datatype: float64}
# - {name: norm_ul, datatype: float64}
# - {name: ts, datatype: float64}
# - {name: loglike, datatype: float64}
# - {name: norm_scan, datatype: string, subtype: 'float64[20]'}
# - {name: dloglike_scan, datatype: string, subtype: 'float64[20]'}
# - {name: ShowUL, datatype: bool}
# - {name: tstart, datatype: float64}
# - {name: tend, datatype: float64}
# meta: !!omap
# - {UL_CONF: 0.95}
# - {EXTNAME: SED}
# - {CONFIG: '{"bin_index": 2.0, "use_local_index": true, "free_background": false, "free_radius": null, "free_pars": [], "ul_confidence":
#     0.95, "cov_scale": 3.0, "make_plots": false, "write_fits": true, "write_npy": true, "optimizer": {"optimizer": "MINUIT", "tol":
#     0.001, "max_iter": 100, "init_lambda": 0.0001, "retries": 3, "min_fit_quality": 2, "verbosity": 0}, "prefix": "", "outfile": null,
#     "loge_bins": []}'}
# - {SRCNAME: 4FGL J0957.6+5523}
# - {CREATOR: fermipy 1.2.0}
# - {STVER: 2.2.0}
# schema: astropy-2.0
e_min e_ref e_max ref_dnde_e_min ref_dnde_e_max ref_dnde ref_flux ref_eflux ref_npred dnde dnde_err dnde_errp dnde_errn dnde_ul e2dnde e2dnde_err e2dnde_errp e2dnde_errn e2dnde_ul norm norm_err norm_errp norm_errn norm_ul ts loglike norm_scan dloglike_scan ShowUL tstart tend
[from data line 459]
3017.1020504598932 3477.2827010020824 4007.6519721450045 1.0358272421346336e-14 5.7825982011703975e-15 7.739362213445636e-15 7.669041449470797e-12 2.6568563453518908e-08 0.01562905152258698 1.5965743822241789e-12 9.123019597033534e-13 1.0354506651051976e-12 7.891532543015094e-13 3.584541516480239e-12 1.930497113215239e-05 1.1031094568449835e-05 1.25201465219408e-05 9.542042614958875e-06 4.334246576175885e-05 206.29275878191123 117.8781835689776 133.79018019163178 101.96618694632346 463.15722376358036 30.63159142516158 -28.39592472754467 [0.0,36.96512561694473,58.13107976256557,79.29703390818638,100.46298805380722,121.62894219942794,142.7948963450488,163.96085049066966,185.1268046362904,206.29275878191123,246.72750582027712,287.16225285864294,327.5969998970087,368.0317469353743,408.4664939737403,448.90124101210614,489.33598805047177,529.7707350888378,570.2054821272033,610.6402291655693] [-15.31579571258079,-2.6882391830199452,-1.6469837161064333,-1.025250238923988,-0.6230652641065291,-0.3563949792440333,-0.18187246049797778,-0.07416111195285069,-0.01716129866710503,0.0,-0.05179321072780496,-0.1867795009223805,-0.383337395663105,-0.6273820752362909,-0.9092160308793531,-1.2218714834943754,-1.5601693231421798,-1.9201521516989004,-2.2987259433935883,-2.693424425575639] False 58574.65603222185 58588.65603222185
4007.6519721450045 4618.915317184078 5323.411028602609 5.733138610336513e-15 3.1949581343044516e-15 4.279852548650432e-15 5.633570870855478e-12 2.5923445542172207e-08 0.011513769187165623 5.939154110070058e-13 5.079482435043094e-13 6.057633809020555e-13 4.101331061065631e-13 1.8003745545685734e-12 1.26708162985357e-05 1.0836760190637758e-05 1.2923585375189588e-05 8.749935006085926e-06 3.840987256218434e-05 138.77006374770676 118.68358494371047 141.53837638473576 95.82879350268516 420.66275277083696 9.040457697653366 -23.371759552296382 [0.0,3.9065399522440956,20.76448042667694,37.62242090110978,54.48036137554264,71.33830184997544,88.19624232440829,105.05418279884114,121.91212327327399,138.77006374770676,182.5071697338433,226.24427571997958,269.9813817061161,313.71848769225255,357.45559367838877,401.1926996645253,444.92980565066176,488.6669116367982,532.4040176229346,576.1411236090707] [-4.520228848826683,-2.7243939752799093,-1.2291816445406027,-0.7050518690162626,-0.4122873067966282,-0.23067958714738168,-0.11606642266119493,-0.04686998550594268,-0.010770367472279219,0.0,-0.05683221715933939,-0.19813354279034456,-0.3964058371568271,-0.6358790035364663,-0.9066096577357392,-1.201901387432823,-1.5170193306085729,-1.848487201032583,-2.1936749647842184,-2.5505433770163677] False 58574.65603222185 58588.65603222185
5323.411028602609 6135.359285332078 7071.149185711414 3.1620711554223844e-15 1.7590630662257576e-15 2.3584491900995693e-15 4.123828863669852e-12 2.5205282561033514e-08 0.008470451316230143 2.978722080723806e-13 3.0172282421092404e-13 3.7917172515453447e-13 2.2427392326731348e-13 1.0874126352925827e-12 1.1212694376209626e-05 1.1357641708493463e-05 1.427302230634709e-05 8.442261110639832e-06 4.0933075358952825e-05 126.30003195438992 127.93272184006044 160.771631946214 95.09381173390683 461.07104611682314 10.91693334061857 -47.12130015288901 [0.0,14.033336883821107,28.066673767642214,42.100010651463315,56.13334753528443,70.16668441910552,84.20002130292663,98.23335818674772,112.26669507056886,126.30003195438992,179.4627388073187,232.62544566024732,285.7881525131761,338.95085936610485,392.1135662190335,445.27627307196224,498.4389799248906,551.6016867778197,604.7643936307483,657.9271004836773] [-5.458466670309285,-1.3073664730563692,-0.7307219932648152,-0.43711784359327766,-0.26018070436557394,-0.14737435674578592,-0.07521823922542126,-0.031161922068449144,-0.007703713863037365,0.0,-0.0659794985973079,-0.22442771201886558,-0.4372147949347678,-0.6859197506396768,-0.9602156944483298,-1.2537227693795643,-1.5622184266804027,-1.882759950126129,-2.2132124748360127,-2.55197651388459] False 58574.65603222185 58588.65603222185
12476.13311942254 14379.0435808939 16572.19366947696 5.194875232566861e-16 2.8747235061198353e-16 3.8644313866880467e-16 1.5838273529811286e-12 2.2684786871090813e-08 0.0032744004093390178 1.203685155809459e-13 1.2103451014276365e-13 1.518120421089674e-13 9.025697817655991e-14 4.3788244843761587e-13 2.488702045316752e-05 2.5024719420390485e-05 3.1388186343980094e-05 1.8661252496800872e-05 9.053521510798698e-05 311.47794730056256 313.20134330679497 392.84444959204114 233.55823702154873 1133.1096469871509 13.736554275389864 -32.456073260305466 [0.0,34.60866081117362,69.21732162234724,103.8259824335208,138.43464324469448,173.04330405586802,207.6519648670416,242.26062567821512,276.86928648938897,311.47794730056256,445.7567835733856,580.0356198462093,714.3144561190326,848.5932923918559,982.872128664679,1117.1509649375023,1251.4298012103252,1385.7086374831495,1519.9874737559728,1654.266310028796] [-6.868277137694932,-1.3060078539765172,-0.7255845735515507,-0.4317019790011898,-0.25532004372856676,-0.14336627695475102,-0.07218151391800376,-0.02913921831424915,-0.006700084561728659,0.0,-0.07251867782176191,-0.2401772717946571,-0.46295827065224415,-0.7217664825919812,-1.0059866862279065,-1.3091038798867132,-1.6268303765800027,-1.956193500080417,-2.295047291509327,-2.641791731734557] False 58574.65603222185 58588.65603222185
132.83117061068992 153.091119887046 176.4411988580621 3.658721735004107e-12 2.205266651543257e-12 2.8405029536124508e-12 1.2371390522586307e-10 1.8903515615665768e-08 0.13842897552414363 6.423778031359136e-10 1.9820907977133e-10 2.0941322259828946e-10 1.8700493694437048e-10 9.990371790224249e-10 1.5055338545380705e-05 4.645404595485952e-06 4.907994869538407e-06 4.382814321433497e-06 2.3414325457977246e-05 226.14931708448333 69.77957179000808 73.72399396098679 65.83514961902935 351.7113677885407 15.480207445379392 -1011.635902378687 [0.0,79.70219764829407,98.00808757781779,116.31397750734139,134.61986743686506,152.9257573663887,171.2316472959124,189.53753722543593,207.8434271549596,226.14931708448333,244.37916192977406,262.6090067750648,280.8388516203557,299.0686964656466,317.29854131093714,335.52838615622795,353.7582310015186,371.9880758468093,390.21792069210034,408.44776553739104] [-7.740103722689696,-2.711409910397265,-2.0054954376953447,-1.426080451579196,-0.9600874606666139,-0.5965635540908352,-0.32622481363114275,-0.14111956534407,-0.0343745086695435,0.0,-0.032470187255285055,-0.12690778415731074,-0.2792326533588039,-0.48579747905102977,-0.7433259716036673,-1.048861980805441,-1.3997272504470857,-1.793486084386359,-2.227915589593522,-2.700980456178968] False 58630.65603222185 58644.65603222185
311.3149665447022 358.7979888064861 413.52331434760555 9.081090202421459e-13 5.309228423796202e-13 6.943600090857272e-13 7.092019051241845e-11 2.5379375834425165e-08 0.12733623791144233 5.973865403265459e-11 2.7522674248017684e-11 2.9837422784897145e-11 2.520792571113822e-11 1.1267060996408315e-10 7.690515172686316e-06 3.543158903138034e-06 3.841150363308767e-06 3.2451674429673016e-06 1.4504763280588082e-05 86.03412243068728 39.63747031494101 42.97111353544751 36.30382709443452 162.26540769886503 9.084174548927649 -614.2922756664836 [0.0,13.347339077942268,22.43318699703539,31.51903491612852,40.604882835221666,49.69073075431477,58.77657867340791,67.86242659250105,76.94827451159419,86.03412243068728,97.46040709309136,108.8866917554953,120.31297641789936,131.73926108030335,143.16554574270742,154.5918304051114,166.01811506751537,177.4443997299193,188.87068439232337,200.29696905472744] [-4.5420872744638245,-2.6976052311629246,-1.8770074535573258,-1.27099510225014,-0.8215480136949509,-0.4929151032090431,-0.26123785383288123,-0.10965827171457931,-0.025741097487070874,0.0,-0.03890571171450574,-0.14659014952769667,-0.3140412862175026,-0.5340803224905812,-0.8008761153334945,-1.1096137456493125,-1.4562613019257924,-1.8374014583944245,-2.2501070902360425,-2.69184760006101] False 58630.65603222185 58644.65603222185
413.52331434760555 476.5900816815941 549.2752115212968 5.479688756428578e-13 3.171436248370722e-13 4.168750838312012e-13 5.6564696398535716e-11 2.688112198135335e-08 0.11356117488199557 5.142553555720441e-11 1.7644555136301916e-11 1.903534965065177e-11 1.6253760621952066e-11 8.493955108585403e-11 1.1680698744301575e-05 4.007750834118211e-06 4.323653265883396e-06 3.6918484023530277e-06 1.929300875450154e-05 123.35958072761035 42.32576093093262 45.66199897511615 38.98952288674909 203.75300510943296 20.93459723631804 -487.9574876205611 [0.0,42.5176141632181,52.62285998376715,62.72810580431613,72.83335162486517,82.93859744541422,93.04384326596325,103.14908908651232,113.25433490706125,123.35958072761035,135.362618354843,147.36565598207565,159.36869360930834,171.37173123654097,183.3747688637737,195.37780649100623,207.38084411823914,219.38388174547163,231.38691937270428,243.389956999937] [-10.46729861815902,-2.698995972491957,-1.9207531472171695,-1.3217563433832993,-0.8648207834188497,-0.5238968929832026,-0.2799060205337014,-0.11838718284991501,-0.028075909974063507,0.0,-0.03755108196173751,-0.14279265386062434,-0.30770593051056494,-0.5256957337705899,-0.7912633758616039,-1.0997699212074394,-1.4472611004655391,-1.8303353514297669,-2.2460426978221903,-2.6918061097336476] False 58630.65603222185 58644.65603222185
549.2752115212968 633.0528961793416 729.6086933380817 3.240173260737113e-13 1.856250031013923e-13 2.45246237804655e-13 4.421511733266457e-11 2.7903790996078763e-08 0.09697421092321712 1.9104016008408354e-11 8.855370968486474e-12 9.708686974245977e-12 8.00205496272697e-12 3.667467724162124e-11 7.65604845413875e-06 3.5488427765275177e-06 3.890814259586968e-06 3.2068712934680663e-06 1.4697595828969644e-05 77.89728470218246 36.10808079160019 39.58750625964423 32.62865532355614 149.54226238052865 11.165835530413574 -395.8318292263625 [0.0,14.62348225914804,22.532707564527346,30.44193286990665,38.35115817528597,46.26038348066529,54.169608786044606,62.078834091423865,69.98805939680324,77.89728470218246,88.77559429281004,99.65390388343747,110.53221347406495,121.41052306469247,132.2888326553199,143.16714224594745,154.0454518365749,164.92376142720238,175.80207101782986,186.6803806084574] [-5.582917765206787,-2.690351782990433,-1.8406566341334951,-1.2303383442541644,-0.7869680223795967,-0.468150459879098,-0.24649767022572178,-0.1031211443292932,-0.024365844251065027,0.0,-0.04113741975231733,-0.1548409023541808,-0.3294441943178299,-0.5559903794347747,-0.8274401750906577,-1.1381524636813083,-1.4835311784163423,-1.8597780436626863,-2.2637150051165804,-2.692653893986005] False 58630.65603222185 58644.65603222185
969.1477682383326 1116.9661194245136 1287.3303254983532 1.0658077835681756e-13 5.983035625357849e-14 7.985465508579989e-14 2.5414220957610082e-11 2.828529170622499e-08 0.06349689543757142 6.46710918604903e-12 3.169340891218198e-12 3.531181025082208e-12 2.8075007573541885e-12 1.3049115899111336e-11 8.068451510298823e-06 3.95411188596676e-06 4.405548453770466e-06 3.5026753181630534e-06 1.6280250704808655e-05 80.98600111791148 39.68886832975357 44.220102400894824 35.15763425861232 163.41083541204586 18.97987712693464 -193.93479788752984 [0.0,17.781154076181004,25.6817599563973,33.582365836613626,41.48297171682994,49.38357759704626,57.28418347726255,65.18478935747888,73.08539523769518,80.98600111791148,93.71614516994119,106.44628922197093,119.17643327400067,131.90657732603043,144.63672137806012,157.36686543008994,170.09700948211957,182.82715353414923,195.55729758617898,208.2874416382086] [-9.48993856346732,-2.7068140090474344,-1.7680190435736165,-1.1441456730762525,-0.7145385679280309,-0.4174624039847288,-0.21693718822496066,-0.0900887088061495,-0.021437022281617146,0.0,-0.045089672376633416,-0.16832621493844613,-0.3533846504269036,-0.5886775514547367,-0.8656700708887399,-1.1778858071080265,-1.5202885349448536,-1.8888808253462344,-2.2804339986984417,-2.692300873202612] False 58630.65603222185 58644.65603222185
1287.3303254983532 1483.6791717563765 1709.9759409858673 5.92919735312756e-14 3.2947755754379083e-14 4.419884005382474e-14 1.86894742779799e-11 2.7623371562143822e-08 0.048624985595594694 3.71799193683511e-12 1.9762566814526352e-12 2.21373234112812e-12 1.7387810217771506e-12 7.88445622394144e-12 8.184430093852114e-06 4.350341510053304e-06 4.873097602219519e-06 3.827585417887089e-06 1.735608411453846e-05 84.11967219744662 44.712863030929704 50.0857565137969 39.339969548062506 178.38604394006398 15.379057899876727 -118.94525589891337 [0.0,15.120255463877385,23.745182555573557,32.3701096472697,40.99503673896586,49.619963830662,58.24489092235814,66.86981801405433,75.49474510575045,84.11967219744662,98.77668472423916,113.43369725103155,128.09070977782395,142.74772230461647,157.4047348314089,172.06174735820133,186.71875988499386,201.37577241178622,216.03278493857877,230.68979746537119] [-7.689528949938364,-2.699691053882532,-1.7318478925422056,-1.1081844167774761,-0.6864507550447883,-0.3984403809487418,-0.20586480638245064,-0.0849877339259848,-0.020041187002576066,0.0,-0.0472624212107462,-0.17443098349529862,-0.36347923823440453,-0.601935343520708,-0.8808008445999747,-1.1933633920741613,-1.5344782886217416,-1.900112577456781,-2.2870441744536976,-2.6926566796722398] False 58630.65603222185 58644.65603222185
1709.9759409858673 1970.7884119509856 2271.3810595726877 3.2321193226970834e-14 1.7778886109750188e-14 2.39715417383518e-14 1.34677656239601e-11 2.6434488203087263e-08 0.035954055200596136 2.8975974018964317e-12 1.5639765391129452e-12 1.755320561687389e-12 1.3726325165385007e-12 6.193087781079635e-12 1.1254288489805245e-05 6.07449577051125e-06 6.817677286840331e-06 5.331314254182166e-06 2.4053996074589687e-05 120.87655577282283 65.24305178964592 73.22518429755694 57.26091928173487 258.35166751796294 20.960910834812324 -114.91490139642121 [0.0,22.347402462834655,34.6635466265832,46.9796907903317,59.29583495408024,71.61197911782877,83.92812328157724,96.2442674453258,108.56041160907434,120.87655577282283,142.14877239386672,163.42098901491053,184.69320563595429,205.9654222569981,227.23763887804193,248.50985549908557,269.78207212012956,291.05428874117337,312.32650536221706,333.598721983261] [-10.480455417406162,-2.699572802842937,-1.7069486541650178,-1.0867169755502033,-0.6729309159829597,-0.39182799522006917,-0.20391746080592554,-0.08546895982499336,-0.02104456974467439,0.0,-0.044422270750075654,-0.16891967749333503,-0.35572069223746894,-0.5925784098480165,-0.8706589987919244,-1.1833593935703561,-1.5256009307241243,-1.8933849150661501,-2.2835009084003275,-2.6933283985577106] False 58630.65603222185 58644.65603222185
