data/4C+55.17_allsed_14d_min11.ecsv
# %ECSV 1.0
# ---
# datatype:
# - {name: e_min, unit: MeV, datatype: float64}
# - {name: e_ref, unit: MeV, datatype: float64}
# - {name: e_max, unit: MeV, datatype: float64}
# - {name: ref_dnde_e_min, unit: ph / (cm2 MeV s), datatype: float64}
# - {name: ref_dnde_e_max, unit: ph / (cm2 MeV s), datatype: float64}
# - {name: ref_dnde, unit: ph / (cm2 MeV s), datatype: float64}
# - {name: ref_flux, unit: ph / (cm2 s), datatype: float64}
# - {name: ref_eflux, unit: MeV / (cm2 s), datatype: float64}
# - {name: ref_npred, datatype: float64}
# - {name: dnde, unit: ph / (cm2 MeV s), datatype: float64}
# - {name: dnde_err, unit: ph / (cm2 MeV s), datatype: float64}
# - {name: dnde_errp, unit: ph / (cm2 MeV s), datatype: float64}
# - {name: dnde_errn, unit: ph / (cm2 MeV s), datatype: float64}
# - {name: dnde_ul, unit: ph / (cm2 MeV s), datatype: float64}
# - {name: e2dnde, unit: MeV / (cm2 s), datatype: float64}
# - {name: e2dnde_err, unit: MeV / (cm2 s), datatype: float64}
# - {name: e2dnde_errp, unit: MeV / (cm2 s), datatype: float64}
# - {name: e2dnde_errn, unit: MeV / (cm2 s), datatype: float64}
# - {name: e2dnde_ul, unit: MeV / (cm2 s), datatype: float64}
# - {name: norm, datatype: float64}
# - {name: norm_err, datatype: float64}
# - {name: norm_errp, datatype: float64}
# - {name: norm_errn, datatype: float64}
# - {name: norm_ul, datatype: float64}
# - {name: ts, datatype: float64}
# - {name: loglike, datatype: float64}
# - {name: norm_scan, datatype: string, subtype: 'float64[20]'}
# - {name: dloglike_scan, datatype: string, subtype: 'float64[20]'}
# - {name: ShowUL, datatype: bool}
# - {name: tstart, datatype: float64}
# - {name: tend, datatype: float64}
# meta: !!omap
# - {UL_CONF: 0.95}
# - {EXTNAME: SED}
# - {CONFIG: '{"bin_index": 2.0, "use_local_index": true, "free_background": false, "free_radius": null, "free_pars": [], "ul_confidence":
#     0.95, "cov_scale": 3.0, "make_plots": false, "write_fits": true, "write_npy": true, "optimizer": {"optimizer": "MINUIT", "tol":
#     0.001, "max_iter": 100, "init_lambda": 0.0001, "retries": 3, "min_fit_quality": 2, "verbosity": 0}, "prefix": "", "outfile": null,
#     "loge_bins": []}'}
# - {SRCNAME: 4FGL J0957.6+5523}
# - {CREATOR: fermipy 1.2.0}
# - {STVER: 2.2.0}
# schema: astropy-2.0
e_min e_ref e_max ref_dnde_e_min ref_dnde_e_max ref_dnde ref_flux ref_eflux ref_npred dnde dnde_err dnde_errp dnde_errn dnde_ul e2dnde e2dnde_err e2dnde_errp e2dnde_errn e2dnde_ul norm norm_err norm_errp norm_errn norm_ul ts loglike norm_scan dloglike_scan ShowUL tstart tend
[from data line 820]
1709.9759409858673 1970.7884119509856 2271.3810595726877 3.392129083214746e-14 1.914233618030148e-14 2.5482008413363806e-14 1.4307212414086262e-11 2.8099122541841277e-08 0.025319702950424183 2.5468973368671705e-12 1.7236556349169038e-12 1.9833408833850887e-12 1.4639703864487188e-12 6.407120282373779e-12 9.892166994717765e-06 6.694690490727676e-06 7.703309804402839e-06 5.686071177052515e-06 2.4885299800284085e-05 99.94884608591025 67.64206364569554 77.8329891118372 57.45113817955389 251.43702091447486 12.50544761399047 -79.76657030845988 [0.0,9.704540204496967,20.98507843967364,32.26561667485029,43.54615491002694,54.826693145203635,66.10723138038028,77.38776961555698,88.6683078507336,99.94884608591025,123.94133104004264,147.93381599417498,171.92630094830744,195.9187859024398,219.91127085657212,243.9037558107045,267.8962407648369,291.8887257189691,315.8812106731015,339.873695627234] [-6.252723806995235,-2.6758419990179334,-1.5258796063436648,-0.9229943907208735,-0.552752103914969,-0.3136157663816448,-0.15938558461709817,-0.06497448149437446,-0.01516630988567158,0.0,-0.05383253974881086,-0.1930478225694401,-0.3935684003735105,-0.6403926774806905,-0.9235039467404249,-1.2358632156033451,-1.5723254834282727,-1.9290106960840774,-2.302917293017231,-2.6916736715047307] False 60170.65603222185 60184.65603222185
2271.3810595726877 2617.821317854317 3017.1020504598932 1.9115655805262183e-14 1.0782069960870856e-14 1.435640408459808e-14 1.0707105387143362e-11 2.7932181607681755e-08 0.019246969474539632 1.4845238930163098e-12 1.0865948980117722e-12 1.267612215604177e-12 9.055775804193677e-13 4.010136475106177e-12 1.0173425095874334e-05 7.4464222883077075e-06 8.686931875418942e-06 6.205912701196474e-06 2.7481418955698818e-05 103.40499502998429 75.68712134381194 88.29594152787215 63.07830115975174 279.32736160640354 11.515063548094922 -23.859263835492243 [0.0,8.17378144652822,20.077683144460227,31.981584842392234,43.88548654032422,55.78938823825629,67.69328993618828,79.59719163412025,91.50109333205224,103.40499502998429,131.5344307668145,159.66386650364458,187.7933022404749,215.92273797730516,244.05217371413525,272.1816094509654,300.3110451877956,328.440480924626,356.56991666145603,384.6993523982864] [-5.757531774047461,-2.6452243404649067,-1.4526001986706127,-0.8626988081080604,-0.5101145028671681,-0.28653993232730457,-0.14438214625806722,-0.0583793818651408,-0.013484309356712743,0.0,-0.05833740067907911,-0.2050496929240424,-0.4120201462098585,-0.6627580028278182,-0.9467558537757839,-1.2569033815588142,-1.5881634155355329,-1.9368362001486474,-2.3001236762687505,-2.6758579623918735] False 60170.65603222185 60184.65603222185
3017.1020504598932 3477.2827010020824 4007.6519721450045 1.0761846248584706e-14 6.067225006163951e-15 8.080503862501689e-15 8.005157619575633e-12 2.7739441552752217e-08 0.014493938844381993 7.852423182904681e-13 7.461701907747769e-13 9.096130418034761e-13 5.827273397460775e-13 2.6387623333140684e-12 9.494753551803753e-06 9.022313117984814e-06 1.0998581531154608e-05 7.046044704815019e-06 3.1906581513774026e-05 97.17739532734535 92.34203751048834 112.56885180447942 72.11522321649726 326.55913272431985 10.107955083267655 -56.25747799834136 [0.0,1.1755015985693005,13.17573831466631,25.175975030763322,37.17621174686034,49.17644846295734,61.17668517905434,73.1769218951514,85.17715861124833,97.17739532734535,132.792393022754,168.4073907181628,204.0223884135714,239.63738610898017,275.2523838043888,310.8673814997975,346.48237919520625,382.09737689061484,417.71237458602366,453.3273722814323] [-5.053977541633827,-3.310998104616125,-1.1715316004927487,-0.6414131621185533,-0.36616456252784246,-0.20194557625916332,-0.1007826632430664,-0.04062818560603887,-0.009466284955706783,0.0,-0.059594391208548814,-0.20513747592781328,-0.4058177184975662,-0.6453387432344115,-0.9139283754701069,-1.2052151102281528,-1.5147885421339566,-1.83945556005294,-2.1768221844096587,-2.525042683998521] False 60170.65603222185 60184.65603222185
5323.411028602609 6135.359285332078 7071.149185711414 3.401137531747773e-15 1.915615143093921e-15 2.552502803046669e-15 4.461776190429607e-12 2.727882758123186e-08 0.008126347258678668 3.1470332309592354e-13 3.173619695257473e-13 3.979498623864607e-13 2.3677407666503383e-13 1.14847066585199e-12 1.1846261871448925e-05 1.1946340324772675e-05 1.4979880845109958e-05 8.91279980443539e-06 4.3231460429202624e-05 123.29205778747561 124.3336419246803 155.90574941248545 92.76153443687511 449.93904197918005 11.591894875218422 -27.239482956546734 [0.0,13.699117531941733,27.398235063883465,41.0973525958252,54.79647012776693,68.49558765970869,82.1947051916504,95.89382272359215,109.59294025553386,123.29205778747561,176.84701560634366,230.40197342521168,283.9569312440797,337.5118890629479,391.066846881816,444.62180470068387,498.1767625195519,551.73172033842,605.2866781572883,658.8416359761562] [-5.795947437609211,-1.3026051609442462,-0.7251852387951345,-0.43210784218802445,-0.25597565836324065,-0.1440465314601731,-0.0727716688503861,-0.02957190786142405,-0.006931658712286293,0.0,-0.07242456888510063,-0.24088408538727535,-0.4648226785095808,-0.7249485379747505,-1.01055788378099,-1.315090204812055,-1.634232229144171,-1.9649959500329182,-2.3052257915717824,-2.6533155032640465] False 60170.65603222185 60184.65603222185
7071.149185711414 8149.575733880153 9392.473966813408 1.909255638622373e-15 1.074877000035989e-15 1.43255539967717e-15 3.325964236003875e-12 2.7010074895186925e-08 0.006120475559909133 2.309108070483638e-13 2.34992800414111e-13 2.946483997297234e-13 1.7533720109849872e-13 8.510080429472799e-13 1.533607625033046e-05 1.5607184226222336e-05 1.9569245731952437e-05 1.164512272049224e-05 5.652019670759909e-05 161.18804696865493 164.03749583930036 205.6802827982242 122.39470888037657 594.0489583432911 12.578835951393017 -4.43330448813639 [0.0,17.909782996517215,35.81956599303443,53.729348989551646,71.63913198606886,89.54891498258604,107.45869797910329,125.36848097562049,143.27826397213772,161.18804696865493,232.2541579910551,303.3202690134554,374.3863800358555,445.4524910582557,516.5186020806563,587.5847131030562,658.6508241254562,729.7169351478567,800.7830461702569,871.8491571926567] [-6.289417975696509,-1.314772956791507,-0.7343437000556978,-0.4395309673247816,-0.261983679871852,-0.14876768424385567,-0.07627001474968154,-0.031883963391049264,-0.008080153819174818,0.0,-0.06990954689307927,-0.23802352976192154,-0.4625526264845865,-0.7237563378502241,-1.0107284957039022,-1.3168038967903826,-1.6376096754932057,-1.9701214099680504,-2.3121600200717136,-2.6621034080921566] False 60170.65603222185 60184.65603222185
9392.473966813408 10825.05221838098 12476.13311942254 1.0707916864315754e-15 6.025177211435379e-16 8.032253523938321e-16 2.4773028569774078e-12 2.672250187867821e-08 0.004555677856772911 3.481328736898197e-13 2.4862041826935323e-13 2.9039260476141854e-13 2.0684823177728794e-13 9.297693150734914e-13 4.079482129691182e-05 2.913377707357352e-05 3.4028715219068486e-05 2.4238838928078564e-05 0.00010895200057886505 433.41868213234017 309.52760334119944 361.5331661232664 257.5220405591325 1157.5447815516823 23.118272966493407 -8.777319895044066 [0.0,45.831672200921844,94.28004844234918,142.72842468377652,191.17680092520382,239.62517716663115,288.0735534080586,336.5219296494859,384.97030589091327,433.41868213234017,549.1716790808342,664.9246760293277,780.6776729778214,896.4306699263145,1012.1836668748082,1127.9366638233014,1243.689660771795,1359.4426577202892,1475.1956546687823,1590.9486516172756] [-11.559136483246704,-2.6747182446851134,-1.4829895712433547,-0.8842191720537862,-0.5253219437453449,-0.29721038124347743,-0.15159321679474402,-0.06280233018721582,-0.01555222510772225,0.0,-0.05527512164864845,-0.20096770144891707,-0.40794655843113325,-0.6592248175368596,-0.9440259933142823,-1.2550828893132433,-1.5872620124643202,-1.9368022414186594,-2.3008654225677496,-2.677257081296961] False 60170.65603222185 60184.65603222185
22013.03884703687 25370.556878452422 29240.177187505025 1.8778086130894744e-16 1.0550846023942857e-16 1.4075677439875046e-16 1.0174809293773137e-12 2.5722278185079498e-08 0.0018767107363456548 7.350763006027016e-14 7.525283817605577e-14 9.434586568746684e-14 5.61598106646447e-14 2.7270119508659384e-13 4.7314300193661576e-05 4.843762984832452e-05 6.072714638613225e-05 3.61481133105168e-05 0.00017552825736482394 522.2315613174682 534.630311738117 670.2758434929323 398.9847799833018 1937.3930402387416 16.205312083545408 -3.0433474131650806 [0.0,58.025729035274296,116.05145807054859,174.07718710582287,232.10291614109718,290.12864517637144,348.15437421164575,406.1801032469201,464.20583228219436,522.2315613174682,755.1072591379603,987.9829569584525,1220.8586547789444,1453.7343525994365,1686.6100504199278,1919.4857482404198,2152.361446060911,2385.237143881403,2618.112841701895,2850.9885395223873] [-8.102656041772704,-1.3251360358888489,-0.7413972780092211,-0.44500004126151715,-0.2663006697073871,-0.15210574588160286,-0.07871577841999278,-0.0334869513026268,-0.008871325765642535,0.0,-0.06832664988792825,-0.2365798500304659,-0.46198736994372736,-0.7244542430197547,-1.0129152351377169,-1.3206231420574257,-1.643158533283307,-1.9774685827443141,-2.3213558997730033,-2.6731860520452218] False 60170.65603222185 60184.65603222185
176.4411988580621 203.35272664697808 234.36890988269914 2.7286912754214817e-12 1.5883596907092753e-12 2.0818605213293118e-12 1.205250012507812e-10 2.444236893038446e-08 0.1430274128322721 2.8794822588748914e-10 1.0913423358739009e-10 1.1508853119288766e-10 1.0317993598189251e-10 4.826856600266452e-10 1.1907330472950762e-05 4.5129549981843375e-06 4.7591790862280745e-06 4.2667309101406e-06 1.9960177392228004e-05 138.3129287180238 52.42149148287109 55.281576269769126 49.561406695973055 231.85302525379566 10.337296490946756 -760.9707129742453 [0.0,30.973932310599263,44.391306861527326,57.80868141245541,71.22605596338347,84.64343051431155,98.06080506523959,111.47817961616776,124.89555416709581,138.3129287180238,152.14269281093289,165.97245690384207,179.80222099675117,193.63198508966025,207.4617491825693,221.29151327547848,235.12127736838752,248.95104146129674,262.78080555420576,276.61056964711486] [-5.168648245473378,-2.6929770724730133,-1.9501436051425571,-1.3578287724030815,-0.8936909416745493,-0.5404978881060742,-0.2846145651749339,-0.1150247215324498,-0.02267182061314088,0.0,-0.04281595453403497,-0.1469255053082179,-0.30721094388468373,-0.5192376754590668,-0.7791322801517708,-1.0834873043659172,-1.429285933085339,-1.8138416805574025,-2.2347495856280375,-2.689846331967715] False 60380.65603222185 60394.65603222185
234.36890988269914 270.1158072739371 311.3149665447022 1.7169574866132248e-12 9.843234070620043e-13 1.3000159395191081e-12 1.0000462011262198e-10 2.692959492076061e-08 0.1382279032517939 1.7920562763015067e-10 6.214266874165047e-11 6.673542551397313e-11 5.754991196932781e-11 2.9515959477586657e-10 1.3075299447836262e-05 4.534087534135387e-06 4.869186776739157e-06 4.198988291531617e-06 2.153559649678742e-05 137.84879260514379 47.80146677635184 51.33431328438895 44.268620268314734 227.043058322077 14.494761036544787 -617.6628713006974 [0.0,41.89083955311798,53.88558368462121,65.88032781612445,77.87507194762766,89.8698160791308,101.86456021063412,113.8593043421373,125.85404847364057,137.84879260514379,150.94000443243198,164.03121625972014,177.12242808700836,190.2136399142966,203.30485174158468,216.39606356887288,229.4872753961611,242.57848722344912,255.66969905073734,268.7609108780254] [-7.247380518272394,-2.699693678415315,-1.9554688096994823,-1.3659168495127005,-0.9053867677611152,-0.5548139742337526,-0.29952961175717974,-0.1279365901843903,-0.030663572052844756,0.0,-0.03500734542978989,-0.13466537108251941,-0.29303066189402216,-0.5050280089540138,-0.7662805074257903,-1.0729805321701633,-1.4217900998017967,-1.8097627768119082,-2.234281663308593,-2.6930095589460734] False 60380.65603222185 60394.65603222185
311.3149665447022 358.7979888064861 413.52331434760555 1.0479300969609905e-12 5.916902333474161e-13 7.87432539080414e-13 8.048945497436337e-11 2.878010538767385e-08 0.1265520804290451 8.539874802015217e-11 3.271818227938506e-11 3.516647516710314e-11 3.026988939166698e-11 1.4698824399254185e-10 1.0993892949419227e-05 4.212007808290859e-06 4.527191233580014e-06 3.896824383001704e-06 1.8922678104083982e-05 108.45214514488222 41.55045753836167 44.659667237236015 38.44124783948732 186.66772923074637 12.780743417765962 -528.1681079637939 [0.0,28.439955339705,38.44147906535216,48.44300279099931,58.44452651664644,68.44605024229361,78.44757396794073,88.44909769358792,98.45062141923505,108.45214514488222,120.09036017316171,131.7285752014414,143.36679022972083,155.00500525800044,166.64322028627998,178.2814353145596,189.91965034283916,201.5578653711186,213.19608039939826,224.83429542767783] [-6.390371708882981,-2.6968553600473797,-1.9287284524898496,-1.332554997966895,-0.874812018112948,-0.5314870533271687,-0.2846966523869696,-0.12070665450039542,-0.028704211633908017,0.0,-0.036919293698474576,-0.140807545802204,-0.30416230791183807,-0.5207553755888057,-0.7853511700409399,-1.093500189407223,-1.4413844636286512,-1.8256998759487715,-2.2435651568730464,-2.6924505264493064] False 60380.65603222185 60394.65603222185
413.52331434760555 476.5900816815941 549.2752115212968 6.204001345749391e-13 3.450155936434613e-13 4.62652916047069e-13 6.283520586044247e-11 2.9832893751776054e-08 0.11076598055965403 7.041303127145822e-11 2.1356130290651567e-11 2.2937957841664403e-11 1.9774302739638727e-11 1.1054533026094458e-10 1.5993482557708938e-05 4.850790984795248e-06 5.2100842986833285e-06 4.491497670907167e-06 2.5109056937891677e-05 152.19407212013456 46.16015494535185 49.57919218935769 42.741117701346 238.93793041541753 28.646642346965336 -395.4792352045338 [0.0,62.35040277653826,73.58086144448775,84.81132011243727,96.0417787803868,107.27223744833641,118.50269611628595,129.73315478423544,140.96361345218503,152.19407212013456,165.0963865553254,177.99870099051623,190.9010154257071,203.80332986089797,216.70564429608882,229.60795873127952,242.51027316647048,255.41258760166122,268.3149020368522,281.217216472043] [-14.323321173482668,-2.69544137605925,-1.9365644523983292,-1.3427936679998993,-0.884144731192805,-0.5385359370885112,-0.28917153717299016,-0.12293918608520471,-0.029379995259489533,0.0,-0.03645013853565615,-0.13962833903445926,-0.30228776280620195,-0.5183663647541152,-0.7827353586027357,-1.0910120501903862,-1.439418048058542,-1.824670133578536,-2.243895073309943,-2.6945622735279358] False 60380.65603222185 60394.65603222185
