data/4C+55.17_allsed_14d_min11.ecsv
# %ECSV 1.0
# ---
# datatype:
# - {name: e_min, unit: MeV, datatype: float64}
# - {name: e_ref, unit: MeV, datatype: float64}
# - {name: e_max, unit: MeV, datatype: float64}
# - {name: ref_dnde_e_min, unit: ph / (cm2 MeV s), datatype: float64}
# - {name: ref_dnde_e_max, unit: ph / (cm2 MeV s), datatype: float64}
# - {name: ref_dnde, unit: ph / (cm2 MeV s), datatype: float64}
# - {name: ref_flux, unit: ph / (cm2 s), datatype: float64}
# - {name: ref_eflux, unit: MeV / (cm2 s), datatype: float64}
# - {name: ref_npred, datatype: float64}
# - {name: dnde, unit: ph / (cm2 MeV s), datatype: float64}
# - {name: dnde_err, unit: ph / (cm2 MeV s), datatype: float64}
# - {name: dnde_errp, unit: ph / (cm2 MeV s), datatype: float64}
# - {name: dnde_errn, unit: ph / (cm2 MeV s), datatype: float64}
# - {name: dnde_ul, unit: ph / (cm2 MeV s), datatype: float64}
# - {name: e2dnde, unit: MeV / (cm2 s), datatype: float64}
# - {name: e2dnde_err, unit: MeV / (cm2 s), datatype: float64}
# - {name: e2dnde_errp, unit: MeV / (cm2 s), datatype: float64}
# - {name: e2dnde_errn, unit: MeV / (cm2 s), datatype: float64}
# - {name: e2dnde_ul, unit: MeV / (cm2 s), datatype: float64}
# - {name: norm, datatype: float64}
# - {name: norm_err, datatype: float64}
# - {name: norm_errp, datatype: float64}
# - {name: norm_errn, datatype: float64}
# - {name: norm_ul, datatype: float64}
# - {name: ts, datatype: float64}
# - {name: loglike, datatype: float64}
# - {name: norm_scan, datatype: string, subtype: 'float64[20]'}
# - {name: dloglike_scan, datatype: string, subtype: 'float64[20]'}
# - {name: ShowUL, datatype: bool}
# - {name: tstart, datatype: float64}
# - {name: tend, datatype: float64}
# meta: !!omap
# - {UL_CONF: 0.95}
# - {EXTNAME: SED}
# - {CONFIG: '{"bin_index": 2.0, "use_local_index": true, "free_background": false, "free_radius": null, "free_pars": [], "ul_confidence":
#     0.95, "cov_scale": 3.0, "make_plots": false, "write_fits": true, "write_npy": true, "optimizer": {"optimizer": "MINUIT", "tol":
#     0.001, "max_iter": 100, "init_lambda": 0.0001, "retries": 3, "min_fit_quality": 2, "verbosity": 0}, "prefix": "", "outfile": null,
#     "loge_bins": []}'}
# - {SRCNAME: 4FGL J0957.6+5523}
# - {CREATOR: fermipy 1.2.0}
# - {STVER: 2.2.0}
# schema: astropy-2.0
e_min e_ref e_max ref_dnde_e_min ref_dnde_e_max ref_dnde ref_flux ref_eflux ref_npred dnde dnde_err dnde_errp dnde_errn dnde_ul e2dnde e2dnde_err e2dnde_errp e2dnde_errn e2dnde_ul norm norm_err norm_errp norm_errn norm_ul ts loglike norm_scan dloglike_scan ShowUL tstart tend
[from data line 133]
22013.03884703687 25370.556878452422 29240.177187505025 1.888254429947574e-17 8.59184525174555e-18 1.27371856616886e-17 9.27174052448498e-14 2.3323019335947264e-09 0.00017597761678089796 7.229413722706398e-14 7.271872956996875e-14 9.114394387435752e-14 5.429351526557997e-14 2.6331273352991755e-13 4.653321713947933e-05 4.6806512436248605e-05 5.8666180881763896e-05 3.494684399073329e-05 0.00016948523178931542 5675.832883908813 5709.167747212397 7155.736462922402 4262.599031502391 20672.75617422456 15.612570593904106 -3.0679162569675813 [0.0,630.6480982120901,1261.2961964241802,1891.9442946362703,2522.5923928483603,3153.2404910604514,3783.8885892725407,4414.536687484632,5045.184785696721,5675.832883908813,8147.620933930259,10619.408983951711,13091.197033973147,15562.985083994598,18034.77313401605,20506.561184037495,22978.349234058944,25450.137284080385,27921.925334101845,30393.71338412327] [-7.806285296952053,-1.30818597708519,-0.7266930095358624,-0.4324327063988558,-0.2558430300709209,-0.1437469022410971,-0.0724502800831135,-0.02931168319223998,-0.0067843407853493964,0.0,-0.07351620872628084,-0.24356250852248795,-0.46930035473748166,-0.731334730955775,-1.0189152066399498,-1.3254571087540863,-1.646633402222887,-1.9794476682481439,-2.3217389023189523,-2.671897196023798] False 55312.65603222185 55326.65603222185
132.83117061068992 153.091119887046 176.4411988580621 3.4747963954218498e-12 2.1096550708133454e-12 2.707512111818828e-12 1.179061042657901e-10 1.801917308728089e-08 0.08036511066720776 7.116142586535033e-10 2.6696515889477297e-10 2.8505832076736564e-10 2.4887199702218036e-10 1.2031166452355173e-09 1.6678025805760654e-05 6.256833326682946e-06 6.68088078912402e-06 5.832785864241871e-06 2.81973136605578e-05 262.8295753681638 98.60164899333859 105.28422736246661 91.91907062421056 444.3624240806437 10.494726949337519 -723.8415078593729 [0.0,61.324404910015936,86.51255121728444,111.70069752455288,136.88884383182142,162.07699013908987,187.26513644635847,212.4532827536269,237.64142906089535,262.8295753681638,289.33724548462885,315.8449156010939,342.3525857175589,368.8602558340239,395.3679259504887,421.8755960669539,448.38326618341887,474.8909362998838,501.39860641634874,527.9062765328138] [-5.247363474668759,-2.6986720723589315,-1.9721699190113213,-1.3879365734576368,-0.9260208622755499,-0.5708470918577859,-0.30996784124749865,-0.1332414730167102,-0.03226953674766264,0.0,-0.0336629940838975,-0.1308090144683547,-0.286294408097433,-0.4956531456164157,-0.7549766246754643,-1.0608197180783918,-1.4101263644481605,-1.8001699363127273,-2.228504938243873,-2.6929275014908853] False 55354.65603222185 55368.65603222185
413.52331434760555 476.5900816815941 549.2752115212968 5.442991440303155e-13 3.157009725852281e-13 4.1453078190609453e-13 5.6243954878764454e-11 2.6730061500450717e-08 0.07230694729007331 4.2097494942975555e-11 2.1622229918221868e-11 2.3713527382596245e-11 1.953093245384749e-11 8.498527350830175e-11 9.561945266893159e-06 4.9112323501975005e-06 5.386245695248734e-06 4.436219005146266e-06 1.9303394058936087e-05 101.55456911885514 52.16073416502046 57.20570924445407 47.115759085586845 205.01559164683175 9.214551959333562 -415.4038423370336 [0.0,13.124167350515675,24.177967571558113,35.23176779260055,46.285568013642994,57.33936823468542,68.39316845572785,79.44696867677033,90.50076889781275,101.55456911885514,117.25860081132912,132.96263250380312,148.66666419627705,164.37069588875102,180.07472758122498,195.77875927369894,211.4827909661728,227.18682265864692,242.89085435112085,258.59488604359467] [-4.607275979666781,-2.6957125395043136,-1.7895125003681756,-1.1754582515465586,-0.7433161041050198,-0.43842245816944114,-0.2290475130812979,-0.09485024478289006,-0.021863294483694062,0.0,-0.042370761734957796,-0.15680621086943347,-0.3315842509977074,-0.5578616237019673,-0.8287670166648695,-1.138832497627277,-1.4836205076626356,-1.8594698472020355,-2.2633172088825404,-2.6925684204239815] False 55354.65603222185 55368.65603222185
549.2752115212968 633.0528961793416 729.6086933380817 3.234113311716812e-13 1.8544226000790622e-13 2.4489615792135624e-13 4.415111275130562e-11 2.786398243037954e-08 0.062301698260244676 3.1564883215351555e-11 1.4578747312778484e-11 1.587099405873145e-11 1.3286500566825514e-11 5.992619725103668e-11 1.264981537073662e-05 5.842520011402377e-06 6.360395608730424e-06 5.32464441407433e-06 2.401578126946083e-05 128.89088780840754 59.53032271523089 64.80703573891151 54.25360969155025 244.70043858458914 10.590313873057028 -235.55653169986437 [0.0,22.360197891374522,35.67653413100365,48.99287037063277,62.30920661026189,75.62554284989099,88.94187908952016,102.25821532914921,115.57455156877836,128.89088780840754,146.4041772323542,163.9174666563008,181.43075608024748,198.94404550419418,216.45733492814085,233.97062435208747,251.48391377603423,268.9972031999809,286.5104926239275,304.0237820478742] [-5.295156936528514,-2.6913266591327556,-1.841668887770055,-1.2323826655216976,-0.7886433329559566,-0.4685162564437917,-0.245434749520399,-0.10120785212311034,-0.022690522934510682,0.0,-0.04248098004674716,-0.15499003496512387,-0.3272741752440993,-0.5513059692203797,-0.8206630087139501,-1.1301139476498179,-1.4753325360716474,-1.8526942494193008,-2.2591280550217334,-2.6920060606238394] False 55354.65603222185 55368.65603222185
729.6086933380817 840.8915725798939 969.1477682383326 1.8781170080690778e-13 1.0646584911866029e-13 1.4140555929958082e-13 3.387201853037462e-11 2.8387375984271838e-08 0.05164777498635842 2.900820588397976e-11 1.0130721367564252e-11 1.1245283968961718e-11 9.016158766166784e-12 4.851015357271029e-11 2.0511662837616853e-05 7.163419269168878e-06 7.951524965285286e-06 6.375313573052468e-06 3.430146346396299e-05 205.14190550686334 71.64302038579245 79.52504855298892 63.76099221859597 343.0569053507792 31.930596224613907 -237.22313913782043 [0.0,75.27340788003757,91.50697008339075,107.74053228674397,123.97409449009719,140.20765669345042,156.44121889680363,172.67478110015693,188.90834330351007,205.14190550686334,225.83327520559806,246.52464490433258,267.2160146030671,287.90738430180176,308.59875400053636,329.29012369927096,349.98149339800585,370.67286309674034,391.3642327954749,412.0556024942099] [-15.965298112306954,-2.6983064844235685,-1.8958657259625227,-1.2912022064257371,-0.8377618144174903,-0.5041673244397771,-0.2681620043929911,-0.11333086005603832,-0.02718884704037805,0.0,-0.03870616225756862,-0.14801965326944355,-0.3180051716670107,-0.5407340792939692,-0.8097715047548775,-1.1198188267688636,-1.4664579374194773,-1.8459641828919473,-2.2551668504915483,-2.6913433197551626] False 55354.65603222185 55368.65603222185
969.1477682383326 1116.9661194245136 1287.3303254983532 1.0660030649564209e-13 5.974207833366842e-14 7.980303165328807e-14 2.5398824110611164e-11 2.8267046865590234e-08 0.04115537996615026 7.849607328469726e-12 4.239254998892159e-12 4.763887845985171e-12 3.714622151799147e-12 1.6869461083218652e-11 9.793274596518325e-06 5.288950969335615e-06 5.943489893251023e-06 4.634412045420207e-06 2.1046564212715432e-05 98.36226977658069 53.1214781076239 59.695574808264666 46.54738140698313 211.38872463529512 13.413949557258547 -124.9348445609028 [0.0,17.108349810341384,27.26508980612129,37.421829801901204,47.5785697976811,57.735309793461,67.89204978924093,78.04878978502084,88.20552978080075,98.36226977658069,115.91222484942416,133.4621799222676,151.01213499511115,168.56209006795453,186.1120451407981,203.6620002136416,221.21195528648516,238.76191035932845,256.31186543217194,273.86182050501543] [-6.706974778629274,-2.6748811119936704,-1.7230748909248348,-1.106649673283897,-0.6884891280186878,-0.40204659844556545,-0.20974943467587082,-0.08823166163985263,-0.021943199404333313,0.0,-0.04446606250864704,-0.1701485017242561,-0.35849588644656194,-0.5967397944545496,-0.8757072865421378,-1.1885804594815426,-1.5301496132363894,-1.8963413994306961,-2.2839086311496146,-2.690219462827315] False 55354.65603222185 55368.65603222185
1287.3303254983532 1483.6791717563765 1709.9759409858673 5.91374583546037e-14 3.276564532363961e-14 4.401905253169878e-14 1.861483748635291e-11 2.7511150623964146e-08 0.03152178138188144 2.8994803807637593e-12 2.0829578621380093e-12 2.4275514891836903e-12 1.738364235092329e-12 7.740320616061615e-12 6.38263742579739e-06 4.585223233598488e-06 5.343778523458279e-06 3.826667943738698e-06 1.703879784098847e-05 65.86875941220683 47.31946151358074 55.147745114131524 39.49117791302997 175.8402366904125 11.943011093954794 -99.81130288197089 [0.0,5.982344088959429,13.46814600436536,20.953947919771274,28.439749835177206,35.925551750583125,43.41135366598906,50.89715558139498,58.38295749680091,65.86875941220683,83.4943108893416,101.11986236647643,118.74541384361122,136.370965320746,153.9965167978808,171.62206827501552,189.24761975215029,206.87317122928508,224.49872270641984,242.12427418355477] [-5.971505546977397,-2.6675574296651376,-1.4723535175948257,-0.873753601826067,-0.5159924262029136,-0.28942743308297736,-0.14557972254486629,-0.05870005034167036,-0.013462064216824388,0.0,-0.05889342216862303,-0.2063585161106829,-0.4141560429732607,-0.6657313235243407,-0.9505421285515325,-1.2614587878989454,-1.59343348876844,-1.9427609687704575,-2.3066407968189395,-2.682904681374353] False 55354.65603222185 55368.65603222185
1709.9759409858673 1970.7884119509856 2271.3810595726877 3.2065295839201014e-14 1.7564084540554938e-14 2.3731783897078407e-14 1.3334538574175635e-11 2.6170390135111933e-08 0.023166343976874226 6.22572678593964e-12 2.6725520464379607e-12 2.947851706099242e-12 2.39725238677668e-12 1.1622042382382084e-11 2.4180766196786178e-05 1.0380210761835593e-05 1.1449476557334122e-05 9.310944966337067e-06 4.514009355698149e-05 262.3370755835209 112.61488213563986 124.21534423554854 101.01442003573119 489.7247688073234 29.139026243544635 -113.6647283301853 [0.0,73.20374455687228,96.84541093520335,120.48707731353444,144.1287436918655,167.7704100701966,191.4120764485276,215.05374282685872,238.6954092051897,262.3370755835209,297.17741377508406,332.0177519666474,366.8580901582108,401.69842834977413,436.53876654133734,471.37910473290106,506.2194429244639,541.0597811160275,575.9001193075909,610.7404574991544] [-14.569513121772317,-2.6940400134544547,-1.8148073782195695,-1.1983703249558602,-0.7589848009148028,-0.44780808089269897,-0.23415515535714349,-0.09738873700568718,-0.022913458625154703,0.0,-0.043517574496362954,-0.16239916513372066,-0.34275554946304965,-0.5742552797528191,-0.8489954883898605,-1.1607903923963931,-1.504704034072617,-1.8767326812996856,-2.2735825904327243,-2.6925105816664967] False 55354.65603222185 55368.65603222185
2271.3810595726877 2617.821317854317 3017.1020504598932 1.6993241959981038e-14 9.202391506300141e-15 1.2505137563299057e-14 9.336193366071431e-12 2.4332389830865087e-08 0.016446945028133264 2.6182108818469375e-12 1.5667253081735975e-12 1.7687237052770905e-12 1.3647269110701042e-12 5.971690335785502e-12 1.79425689387542e-05 1.0736750444702753e-05 1.2121043127418428e-05 9.352457761987078e-06 4.092392491132711e-05 209.37081808128565 125.2865312551004 141.43976396293817 109.13329854726263 477.53895593373016 12.289869011023484 -67.80328438471284 [0.0,25.97778340473419,48.90191273930311,71.826042073872,94.75017140844095,117.67430074300987,140.59843007757883,163.52255941214761,186.4466887467166,209.37081808128565,251.23790041392132,293.104982746557,334.972065079193,376.83914741182866,418.70622974446457,460.5733120771,502.4403944097359,544.3074767423719,586.1745590750076,628.0416414076433] [-6.144934505511742,-2.6923202238210138,-1.6510234332712486,-1.0331615028792385,-0.6313133505161375,-0.3629424034292299,-0.18606095825418834,-0.07618192888399733,-0.01769510608909286,0.0,-0.0494725678170056,-0.1799142208093656,-0.37184191787697785,-0.6122137257200251,-0.8918402543393427,-1.2039852762647882,-1.5435528861645338,-1.9065878994043715,-2.28995440867466,-2.6911209986552223] False 55354.65603222185 55368.65603222185
5323.411028602609 6135.359285332078 7071.149185711414 2.20500498661188e-15 1.1538161987558401e-15 1.5950456018215234e-15 2.7937270670426307e-12 1.7050896891669954e-08 0.004972061859741972 9.005291182550329e-13 5.614361780454725e-13 6.407631647577774e-13 4.821091913331678e-13 2.138306250128312e-12 3.389828760868366e-05 2.1133936317554705e-05 2.412001300979375e-05 1.8147859625315657e-05 8.049147861287412e-05 564.5789168827769 351.98754029622665 401.72090630263693 302.2541742898164 1340.592549633936 24.61482481549838 -33.128156293384684 [0.0,74.39787813645056,135.67050797974144,196.94313782303217,258.21576766632296,319.4883975096138,380.7610273529044,442.03365719619535,503.3062870394862,564.5789168827769,687.1784239852868,809.7779310877968,932.3774381903067,1054.9769452928163,1177.5764523953262,1300.175959497835,1422.7754666003464,1545.374973702856,1667.9744808053645,1790.5739879078756] [-12.30741240774919,-2.696367942278897,-1.595258227882681,-0.9800353760646487,-0.5917304502410516,-0.33722478876524775,-0.1716994828750984,-0.06991589824477984,-0.01617243159834203,0.0,-0.05301110839969425,-0.19030114904741424,-0.38908696518993935,-0.6347880092234846,-0.9174937527105556,-1.2301540316281248,-1.5675710670878473,-1.9258007041907987,-2.301778062764434,-2.693073514899119] False 55354.65603222185 55368.65603222185
7071.149185711414 8149.575733880153 9392.473966813408 1.0664132431081549e-15 5.517091653069143e-16 7.670397383626489e-16 1.7850100588519908e-12 1.4467122047936738e-08 0.003212366776734976 2.37489378260447e-13 2.401428328354833e-13 3.010956634376486e-13 1.7919000223331792e-13 8.692946675391156e-13 1.5772995903491626e-05 1.594922664041431e-05 1.9997444520457043e-05 1.1901008760371577e-05 5.773471357099918e-05 309.61808936705245 313.07743370389255 392.5424569010968 233.6124105066883 1133.3111233516322 11.966350860284415 -13.496764390814825 [0.0,34.40200992967248,68.80401985934496,103.20602978901742,137.60803971868992,172.01004964836235,206.41205957803484,240.81406950770733,275.21607943737985,309.61808936705245,444.82724216006363,580.0363949530748,715.2455477460862,850.4547005390981,985.6638533321092,1120.8730061251197,1256.0821589181312,1391.2913117111432,1526.5004645041533,1661.7096172971644] [-5.983175430142207,-1.306731732629995,-0.7281442650794734,-0.43445733460104385,-0.2578558845168697,-0.1455135926204143,-0.07385352456191185,-0.030284435852369285,-0.007284688963707708,0.0,-0.07176717715057634,-0.24034390477848788,-0.4647334319839871,-0.7254830749514838,-1.0118163587656355,-1.317135125982345,-1.637104660291694,-1.9687238462065988,-2.309828645814015,-2.658807104142202] False 55354.65603222185 55368.65603222185
