data/4C+55.17_allsed_14d_min11.ecsv
# %ECSV 1.0
# ---
# datatype:
# - {name: e_min, unit: MeV, datatype: float64}
# - {name: e_ref, unit: MeV, datatype: float64}
# - {name: e_max, unit: MeV, datatype: float64}
# - {name: ref_dnde_e_min, unit: ph / (cm2 MeV s), datatype: float64}
# - {name: ref_dnde_e_max, unit: ph / (cm2 MeV s), datatype: float64}
# - {name: ref_dnde, unit: ph / (cm2 MeV s), datatype: float64}
# - {name: ref_flux, unit: ph / (cm2 s), datatype: float64}
# - {name: ref_eflux, unit: MeV / (cm2 s), datatype: float64}
# - {name: ref_npred, datatype: float64}
# - {name: dnde, unit: ph / (cm2 MeV s), datatype: float64}
# - {name: dnde_err, unit: ph / (cm2 MeV s), datatype: float64}
# - {name: dnde_errp, unit: ph / (cm2 MeV s), datatype: float64}
# - {name: dnde_errn, unit: ph / (cm2 MeV s), datatype: float64}
# - {name: dnde_ul, unit: ph / (cm2 MeV s), datatype: float64}
# - {name: e2dnde, unit: MeV / (cm2 s), datatype: float64}
# - {name: e2dnde_err, unit: MeV / (cm2 s), datatype: float64}
# - {name: e2dnde_errp, unit: MeV / (cm2 s), datatype: float64}
# - {name: e2dnde_errn, unit: MeV / (cm2 s), datatype: float64}
# - {name: e2dnde_ul, unit: MeV / (cm2 s), datatype: float64}
# - {name: norm, datatype: float64}
# - {name: norm_err, datatype: float64}
# - {name: norm_errp, datatype: float64}
# - {name: norm_errn, datatype: float64}
# - {name: norm_ul, datatype: float64}
# - {name: ts, datatype: float64}
# - {name: loglike, datatype: float64}
# - {name: norm_scan, datatype: string, subtype: 'float64[20]'}
# - {name: dloglike_scan, datatype: string, subtype: 'float64[20]'}
# - {name: ShowUL, datatype: bool}
# - {name: tstart, datatype: float64}
# - {name: tend, datatype: float64}
# meta: !!omap
# - {UL_CONF: 0.95}
# - {EXTNAME: SED}
# - {CONFIG: '{"bin_index": 2.0, "use_local_index": true, "free_background": false, "free_radius": null, "free_pars": [], "ul_confidence":
#     0.95, "cov_scale": 3.0, "make_plots": false, "write_fits": true, "write_npy": true, "optimizer": {"optimizer": "MINUIT", "tol":
#     0.001, "max_iter": 100, "init_lambda": 0.0001, "retries": 3, "min_fit_quality": 2, "verbosity": 0}, "prefix": "", "outfile": null,
#     "loge_bins": []}'}
# - {SRCNAME: 4FGL J0957.6+5523}
# - {CREATOR: fermipy 1.2.0}
# - {STVER: 2.2.0}
# schema: astropy-2.0
e_min e_ref e_max ref_dnde_e_min ref_dnde_e_max ref_dnde ref_flux ref_eflux ref_npred dnde dnde_err dnde_errp dnde_errn dnde_ul e2dnde e2dnde_err e2dnde_errp e2dnde_errn e2dnde_ul norm norm_err norm_errp norm_errn norm_ul ts loglike norm_scan dloglike_scan ShowUL tstart tend
[from data line 760]
969.1477682383326 1116.9661194245136 1287.3303254983532 1.0691990328836134e-13 5.831793266530585e-14 7.896421797593928e-14 2.5149371613379712e-11 2.797149808020622e-08 0.04098563639556019 5.575148810336574e-12 3.72700348874818e-12 4.260156941229525e-12 3.193850036266834e-12 1.3780314910844784e-11 6.955629871834946e-06 4.649859166217462e-06 5.3150285108411615e-06 3.984689821593761e-06 1.7192504325526328e-05 70.60348285897474 47.198637361086924 53.9504733970469 40.44680132512694 174.5134095425817 9.712585031017682 -135.66586005068595 [0.0,5.796228871927513,13.897135620308418,21.998042368689323,30.098949117070223,38.19985586545111,46.30076261383202,54.401669362212914,62.50257611059383,70.60348285897474,86.97476462561318,103.34604639225171,119.71732815889015,136.08860992552863,152.4598916921671,168.8311734588055,185.20245522544408,201.57373699208253,217.94501875872103,234.31630052535937] [-4.856292515508841,-2.683348813646859,-1.5554550846386235,-0.9498270975049365,-0.5722402695527933,-0.3259148646909864,-0.16596214347387672,-0.06761405108321128,-0.015650316334301806,0.0,-0.05243572743981417,-0.1884371131584146,-0.3857589433958424,-0.6301866926115451,-0.9120498343866359,-1.2244526596735454,-1.5622946133655091,-1.9216903854209875,-2.299608032146665,-2.6936332621619954] False 59288.65603222185 59302.65603222185
1287.3303254983532 1483.6791717563765 1709.9759409858673 5.801975352731659e-14 3.146422048498357e-14 4.2726412410450476e-14 1.8078438956640592e-11 2.6704866824401954e-08 0.030735693745444825 8.887438547130739e-12 3.7078987330150276e-12 4.084486368119679e-12 3.331311097910376e-12 1.6346304589867897e-11 1.9563952998864192e-05 8.16221188507386e-06 8.991195709161106e-06 7.3332280609866164e-06 3.5983183794225916e-05 208.00806914827592 86.78235601424169 95.59628664541592 77.96842538306747 382.5807894385662 30.36921818365306 -120.53646077819127 [0.0,61.16237597102726,79.51808761818336,97.87379926533943,116.22951091249554,134.58522255965158,152.9409342068077,171.29664585396372,189.65235750111992,208.00806914827592,234.72671115073226,261.44535315318865,288.16399515564484,314.88263715810115,341.60127916055757,368.31992116301416,395.0385631654704,421.75720516792677,448.475847170383,475.19448917283944] [-15.18460909182653,-2.6997091951671592,-1.8287822248016425,-1.2116550558756245,-0.7690769378136508,-0.4544443158252136,-0.23788003588296647,-0.0990156449773707,-0.023309553798554816,0.0,-0.04327438011716822,-0.16166716664879743,-0.3415142186123319,-0.5725980733561897,-0.8470724839093577,-1.1587777612113541,-1.5027875219104772,-1.8750986507109246,-2.2724132494454494,-2.691981569232439] False 59288.65603222185 59302.65603222185
3017.1020504598932 3477.2827010020824 4007.6519721450045 8.651636378960329e-15 4.611391112356131e-15 6.316334309176054e-15 6.266714037688557e-12 2.1686631905452445e-08 0.011229314900065512 1.113008297740064e-12 7.948716873829103e-13 9.283149541705264e-13 6.614284205952941e-13 2.9721115371873972e-12 1.3457934247814471e-05 9.611187019871472e-06 1.1224715610707476e-05 7.99765842903547e-06 3.593727173989153e-05 176.21111284802348 125.84382783985333 146.9705225738158 104.71713310589087 470.5437349745187 18.846219165120985 -34.97887109246836 [0.0,18.547847308079433,38.25575550057242,57.96366369306545,77.67157188555848,97.37948007805144,117.0873882705445,136.79529646303743,156.5032046555305,176.21111284802348,223.26746319298914,270.3238135379546,317.3801638829202,364.4365142278857,411.4928645728513,458.54921491781676,505.60556526278236,552.6619156077479,599.7182659527134,646.7746162976787] [-9.423109582560492,-2.67464933535593,-1.4826673661515386,-0.8838265195208237,-0.5249398310477105,-0.2968766735503934,-0.15132838095707513,-0.06261864960281827,-0.015457655432811634,0.0,-0.05544727095554691,-0.20123143334030402,-0.4082575021876593,-0.6595560793233162,-0.9443601523061389,-1.2554081048105346,-1.5875699442344882,-1.9370868561586576,-2.301122268986525,-2.677482829100768] False 59288.65603222185 59302.65603222185
5323.411028602609 6135.359285332078 7071.149185711414 2.296616709859976e-15 1.2100889330606455e-15 1.6670664246165185e-15 2.919267069676796e-12 1.7820009067376855e-08 0.005265855976374745 4.996532433065979e-13 4.305418291802737e-13 5.143806769940079e-13 3.467029813665395e-13 1.5251248804399406e-12 1.8808263944911023e-05 1.6206728308132753e-05 1.936264333448702e-05 1.305081328177848e-05 5.740971700780809e-05 299.72005669872163 258.2631518592985 308.5543979522788 207.97190576631814 914.8554958095151 10.052767453351326 -14.705059636649812 [0.0,8.158437859992109,44.60364021483328,81.04884256967445,117.49404492451563,153.93924727935686,190.38444963419812,226.82965198903918,263.27485434388046,299.72005669872163,395.0430525080412,490.3660483173609,585.6890441266806,681.0120399360005,776.33503574532,871.6580315546394,966.9810273639597,1062.3040231732793,1157.6270189825989,1252.9500147919189] [-5.026383726675663,-2.7931377722370723,-1.2265165873893817,-0.6997807593617598,-0.4081894346321757,-0.2280633744772036,-0.11464847930400168,-0.04627065021279542,-0.010628801474158678,0.0,-0.05688315311296144,-0.19811714368425015,-0.39611363786635145,-0.6351171092824242,-0.9052162830578041,-1.1997451371387289,-1.5139938355303943,-1.844505905887667,-2.1886668570786103,-2.5444496622258246] False 59288.65603222185 59302.65603222185
12476.13311942254 14379.0435808939 16572.19366947696 2.881123732979136e-16 1.4920503694489798e-16 2.0733503635950542e-16 8.51357178525776e-13 1.2174713420972388e-08 0.001550554663489967 1.3240735739053235e-13 1.342708110773689e-13 1.683259027536086e-13 1.0021571940112918e-13 4.862916255691451e-13 2.737613399670161e-05 2.7761415893666145e-05 3.4802540883789685e-05 2.0720290903542603e-05 0.00010054414622738086 638.6154492526128 647.6030941753235 811.854598765172 483.35158958547487 2345.438735814757 14.118624112013396 -3.508030797072648 [0.0,70.95727213917922,141.91454427835845,212.87181641753762,283.8290885567169,354.7863606958961,425.74363283507523,496.70090497425457,567.6581771134338,638.6154492526128,919.3494884781068,1200.0835277036,1480.817566929095,1761.5516061545882,2042.2856453800825,2323.019684605577,2603.7537238310706,2884.4877630565634,3165.221802282057,3445.955841507552] [-7.059312056006698,-1.3144887590973302,-0.7327987233234681,-0.4378352069688871,-0.26041558088065253,-0.1474387765698606,-0.07523610564636796,-0.03117695826201894,-0.007720000346430389,0.0,-0.07102709687363618,-0.23989235706511058,-0.46501485923277075,-0.7267296093975317,-1.0141644161444527,-1.3206716244318364,-1.6418883469520504,-1.9747962547701516,-2.3172201986318375,-2.6675407305242955] False 59288.65603222185 59302.65603222185
16572.19366947696 19099.851911122612 22013.03884703687 1.4094032081257122e-16 7.256953906846204e-17 1.0113344707627396e-16 5.517119173289755e-13 1.0478527916221734e-08 0.0010058784902973184 9.77170327228382e-14 1.0096049533405238e-13 1.2662124424228455e-13 7.52997464258202e-14 3.659437276635489e-13 3.5647597924984684e-05 3.683082717200071e-05 4.619197981904439e-05 2.7469674524957036e-05 0.00013349786115508433 966.2187490666755 998.2898660411412 1252.0214419942388 744.5582900880437 3618.4243516149245 14.98443386552048 -23.38244023716953 [0.0,107.35763878518614,214.71527757037228,322.0729163555583,429.43055514074456,536.7881939259304,644.1458327111166,751.5034714963027,858.8611102814891,966.2187490666755,1401.6984083378284,1837.1780676089813,2272.657726880134,2708.1373861512866,3143.617045422442,3579.096704693593,4014.5763639647444,4450.056023235899,4885.535682507053,5321.015341778203] [-7.49221693276024,-1.3328249384741326,-0.7484658525574623,-0.45115625866736764,-0.2714714512012897,-0.15626185395117886,-0.08184259642292702,-0.035576130427113384,-0.009917651686791373,0.0,-0.06544822742708689,-0.23236912436158974,-0.45710385241429563,-0.7192400018569387,-1.0075704977410815,-1.3152752253174071,-1.6378934374042977,-1.9723471447709677,-2.3164227556056716,-2.668474934799196] False 59288.65603222185 59302.65603222185
311.3149665447022 358.7979888064861 413.52331434760555 5.128420281933001e-13 3.4454885978660256e-13 4.2035596351740987e-13 4.2843056096281423e-11 1.5382235226543975e-08 0.045863982505366774 1.2149402235965616e-10 4.380577833709143e-11 4.731562869365267e-11 4.029592798053018e-11 2.0497085588548136e-10 1.564065407025888e-05 5.639380538580323e-06 6.091224622751317e-06 5.187536454409326e-06 2.638712744154118e-05 289.026522528743 104.21114992764252 112.56085984300067 95.86144001228436 487.61257999136745 17.82438083069485 -362.32775252100976 [0.0,90.99046572377027,115.74497282439185,140.49947992501353,165.25398702563498,190.0084941262566,214.76300122687826,239.51750832749974,264.2720154281213,289.026522528743,318.6597994204514,348.2930763121603,377.9263532038687,407.55963009557735,437.19290698728594,466.8261838789945,496.4594607707031,526.0927376624119,555.7260145541201,585.3592914458286] [-8.912190415347425,-2.698977398531497,-1.91740854005036,-1.318299513066222,-0.8624356512814302,-0.5228007955915928,-0.27984961949573517,-0.11890521202781201,-0.028617976088924024,0.0,-0.036760006358633746,-0.1414931763043228,-0.30609336317911584,-0.5239198027220482,-0.7894530433977138,-1.0980480242860153,-1.4457527767851275,-1.829172641023547,-2.24536678412278,-2.6917681114114203] False 59610.65603222185 59624.65603222185
413.52331434760555 476.5900816815941 549.2752115212968 3.666969839688968e-13 2.4148505258455933e-13 2.9757661275094935e-13 4.029132193768842e-11 1.9206124041707638e-08 0.04806960766546553 9.025239696704762e-11 2.8572012859295835e-11 3.08076287775783e-11 2.6336396941013363e-11 1.4447452805756396e-10 2.0499758505198725e-05 6.489792884247175e-06 6.997586449573775e-06 5.981999318920576e-06 3.281567066206532e-05 303.2912974333184 96.01565323014344 103.52839389082675 88.50291256946012 485.50363794374846 29.52327856850934 -347.67355484846917 [0.0,120.3287924619586,143.19910558337864,166.06941870479858,188.9397318262186,211.8100449476386,234.68035806905857,257.5506711904786,280.42098431189856,303.2912974333184,330.4844768945333,357.677656355748,384.8708358169627,412.06401527817746,439.2571947393924,466.45037420060703,493.64355366182167,520.8367331230367,548.0299125842508,575.223092045466] [-14.76163928425467,-2.697133947704174,-1.9242907605823802,-1.3266443756219815,-0.8693664305075686,-0.5274813752285468,-0.28240208699060076,-0.11988169503700874,-0.028734321019896925,0.0,-0.03704626475189343,-0.14208006018736796,-0.30699726316265696,-0.5251246634922495,-0.7908952593506342,-1.0996117353618615,-1.447270657971842,-1.830429460979019,-2.2461042113806116,-2.69168992286086] False 59610.65603222185 59624.65603222185
549.2752115212968 633.0528961793416 729.6086933380817 2.5191177837276866e-13 1.625989244857698e-13 2.023872135998461e-13 3.6410810496764844e-11 2.3043465324595108e-08 0.04738631768476009 1.7942559097543114e-11 1.023719692234807e-11 1.1461959269572796e-11 9.012434575123346e-12 3.947299800199088e-11 7.190587663953858e-06 4.102617776155582e-06 4.593448597854544e-06 3.6117869544566196e-06 1.5819039577874736e-05 88.65460805749615 50.58223165515163 56.63381132483516 44.53065198546811 195.0370149372959 9.335208549841354 -233.69692240687348 [0.0,10.734368965378511,20.474398851893227,30.214428738407914,39.95445862492262,49.694488511437335,59.43451839795202,69.17454828446672,78.91457817098147,88.65460805749615,105.18779867074237,121.72098928398867,138.254179897235,154.78737051048125,171.3205611237274,187.8537517369737,204.38694235021987,220.92013296346613,237.4533235767124,253.98651418995874] [-4.667604274920677,-2.6881785997275927,-1.7232885983808899,-1.1019143955612378,-0.6819452356802174,-0.3953190993049418,-0.20383461606141395,-0.08381358767317693,-0.01953182487116578,0.0,-0.047752888666138915,-0.17501974683258936,-0.36392914491895567,-0.6021270600732862,-0.8807075748813418,-1.1930324742886,-1.534017192189964,-1.8996779302690925,-2.286832989130147,-2.69289923550528] False 59610.65603222185 59624.65603222185
729.6086933380817 840.8915725798939 969.1477682383326 1.662559793720769e-13 1.051833767373244e-13 1.3223980230296032e-13 3.1610273641338995e-11 2.6560724218568312e-08 0.044232081960779324 1.3129491917526529e-11 7.30155215687682e-12 8.388194975039498e-12 6.214909338714143e-12 2.82191496078522e-11 9.283845837230808e-06 5.162917576913732e-06 5.931281232364068e-06 4.394553921463396e-06 1.995372222038025e-05 99.28547751037142 55.214481795344966 63.43169627418386 46.99726731650608 213.39376735608207 10.150185886549934 -158.35242615202668 [0.0,13.272874774673998,24.02445011663617,34.77602545859834,45.52760080056052,56.27917614252272,67.0307514844849,77.78232682644708,88.53390216840924,99.28547751037142,116.85755177607801,134.42962604178462,152.00170030749115,169.57377457319785,187.1458488389043,204.71792310461095,222.28999737031756,239.86207163602404,257.43414590173063,275.0062201674372] [-5.075092943274967,-2.6807768170621102,-1.726814405965854,-1.1101421947374206,-0.690445894328775,-0.4019569495818871,-0.20797298055157398,-0.08570842915887056,-0.019952529631382276,0.0,-0.04634623390765569,-0.17049164608724254,-0.35608937212188607,-0.5915770853480922,-0.8684543661608757,-1.1802768202966263,-1.522034806172627,-1.889751975061074,-2.280216015748749,-2.6907923407542853] False 59610.65603222185 59624.65603222185
969.1477682383326 1116.9661194245136 1287.3303254983532 1.054161994410852e-13 6.536990151244498e-14 8.30123278512293e-14 2.6365860391611833e-11 2.9413576298389513e-08 0.0390241491247133 1.0652950562813453e-11 4.902514526545436e-12 5.468222391302122e-12 4.33680666178875e-12 2.0865786699333443e-11 1.329076293362882e-05 6.116442385308376e-06 6.822227048049247e-06 5.410657722567504e-06 2.6032433250236086e-05 128.32974135968288 59.05766834212247 65.87241356611523 52.2429231181297 251.35768673693985 26.570306556506893 -125.0653582472245 [0.0,33.94904602786179,45.74663294433942,57.544219860817066,69.34180677729469,81.13939369377232,92.93698061025,104.73456752672764,116.53215444320524,128.32974135968288,147.32784604890782,166.3259507381328,185.32405542735776,204.32216011658278,223.32026480580754,242.31836949503264,261.3164741842577,280.3145788734825,299.31268356270755,318.3107882519324] [-13.285153278253446,-2.7058286945470655,-1.7928699348984054,-1.1705970394966556,-0.7360822151819519,-0.43295301450059753,-0.22695234336212877,-0.09569448024566896,-0.023742583351264557,0.0,-0.04300764671981483,-0.16558316168097065,-0.3508716511090597,-0.5868691765418674,-0.8647229769389213,-1.1777166251265214,-1.5206334709493916,-1.8893408339149005,-2.2805090076997345,-2.691415804168102] False 59610.65603222185 59624.65603222185
