data/4C+55.17_allsed_14d_min11.ecsv
# %ECSV 1.0
# ---
# datatype:
# - {name: e_min, unit: MeV, datatype: float64}
# - {name: e_ref, unit: MeV, datatype: float64}
# - {name: e_max, unit: MeV, datatype: float64}
# - {name: ref_dnde_e_min, unit: ph / (cm2 MeV s), datatype: float64}
# - {name: ref_dnde_e_max, unit: ph / (cm2 MeV s), datatype: float64}
# - {name: ref_dnde, unit: ph / (cm2 MeV s), datatype: float64}
# - {name: ref_flux, unit: ph / (cm2 s), datatype: float64}
# - {name: ref_eflux, unit: MeV / (cm2 s), datatype: float64}
# - {name: ref_npred, datatype: float64}
# - {name: dnde, unit: ph / (cm2 MeV s), datatype: float64}
# - {name: dnde_err, unit: ph / (cm2 MeV s), datatype: float64}
# - {name: dnde_errp, unit: ph / (cm2 MeV s), datatype: float64}
# - {name: dnde_errn, unit: ph / (cm2 MeV s), datatype: float64}
# - {name: dnde_ul, unit: ph / (cm2 MeV s), datatype: float64}
# - {name: e2dnde, unit: MeV / (cm2 s), datatype: float64}
# - {name: e2dnde_err, unit: MeV / (cm2 s), datatype: float64}
# - {name: e2dnde_errp, unit: MeV / (cm2 s), datatype: float64}
# - {name: e2dnde_errn, unit: MeV / (cm2 s), datatype: float64}
# - {name: e2dnde_ul, unit: MeV / (cm2 s), datatype: float64}
# - {name: norm, datatype: float64}
# - {name: norm_err, datatype: float64}
# - {name: norm_errp, datatype: float64}
# - {name: norm_errn, datatype: float64}
# - {name: norm_ul, datatype: float64}
# - {name: ts, datatype: float64}
# - {name: loglike, datatype: float64}
# - {name: norm_scan, datatype: string, subtype: 'float64[20]'}
# - {name: dloglike_scan, datatype: string, subtype: 'float64[20]'}
# - {name: ShowUL, datatype: bool}
# - {name: tstart, datatype: float64}
# - {name: tend, datatype: float64}
# meta: !!omap
# - {UL_CONF: 0.95}
# - {EXTNAME: SED}
# - {CONFIG: '{"bin_index": 2.0, "use_local_index": true, "free_background": false, "free_radius": null, "free_pars": [], "ul_confidence":
#     0.95, "cov_scale": 3.0, "make_plots": false, "write_fits": true, "write_npy": true, "optimizer": {"optimizer": "MINUIT", "tol":
#     0.001, "max_iter": 100, "init_lambda": 0.0001, "retries": 3, "min_fit_quality": 2, "verbosity": 0}, "prefix": "", "outfile": null,
#     "loge_bins": []}'}
# - {SRCNAME: 4FGL J0957.6+5523}
# - {CREATOR: fermipy 1.2.0}
# - {STVER: 2.2.0}
# schema: astropy-2.0
e_min e_ref e_max ref_dnde_e_min ref_dnde_e_max ref_dnde ref_flux ref_eflux ref_npred dnde dnde_err dnde_errp dnde_errn dnde_ul e2dnde e2dnde_err e2dnde_errp e2dnde_errn e2dnde_ul norm norm_err norm_errp norm_errn norm_ul ts loglike norm_scan dloglike_scan ShowUL tstart tend
[from data line 254]
3017.1020504598932 3477.2827010020824 4007.6519721450045 8.75735732441748e-15 4.682339464309063e-15 6.403508397993704e-15 6.35263603608186e-12 2.1985594813884067e-08 0.011440206565473732 1.1159688352875549e-12 7.91413018508621e-13 9.228596524598465e-13 6.599663845573954e-13 2.957749254223631e-12 1.3493731572716017e-05 9.569366542531222e-06 1.1158752857443735e-05 7.979980227618709e-06 3.5763610267495205e-05 174.27459541353946 123.59053339519006 144.1178171561373 103.06324963424282 461.8951159883431 18.25475748804425 -42.46966660076188 [0.0,18.11285685710714,37.633074176661175,57.153291496215225,76.67350881576925,96.1937261353233,115.71394345487735,135.23416077443133,154.75437809398537,174.27459541353946,220.32418686643356,266.37377831932776,312.42336977222186,358.4729612251159,404.5225526780098,450.57214413090406,496.6217355837982,542.6713270366927,588.7209184895866,634.7705099424809] [-9.127378744022124,-2.6739812486779897,-1.4752794946574994,-0.8755950203690475,-0.5172957952646442,-0.29038664638309086,-0.14627400943845714,-0.05916027414327374,-0.013695221037693273,0.0,-0.05849124564314678,-0.20570686216387912,-0.4132653292330559,-0.6645438709157503,-0.9489641745730495,-1.2593761425970627,-1.590719919796328,-1.9392830127261291,-2.3022606724908528,-2.6774821306792447] False 56040.65603222185 56054.65603222185
5323.411028602609 6135.359285332078 7071.149185711414 2.0572695013074534e-15 1.0639088811749562e-15 1.4794415478184219e-15 2.592184305215415e-12 1.581643023318005e-08 0.004702000073032897 5.672223892284755e-13 4.4172327885723365e-13 5.19105156202308e-13 3.643414015121593e-13 1.5992807011668552e-12 2.1351744544817898e-05 1.6627627520993375e-05 1.9540485174087425e-05 1.371476986789932e-05 6.020113739378059e-05 383.40304154963013 298.5743367209045 350.8791252806021 246.2695481612069 1081.0029659672243 13.751503990783775 -21.162365513439994 [0.0,21.51287074209109,66.74914209303348,111.98541344397592,157.22168479491827,202.45795614586066,247.6942274968032,292.9304988477455,338.16677019868797,383.40304154963013,493.729251234656,604.0554609196822,714.3816706047074,824.7078802897335,935.034089974759,1045.3602996597854,1155.6865093448112,1266.0127190298367,1376.3389287148625,1486.665138399888] [-6.875751995391887,-2.577415501455956,-1.3405341005852733,-0.7913198472188618,-0.46787813643289056,-0.2630768474665963,-0.1326614141723006,-0.05361915290900754,-0.012325044486708236,0.0,-0.057843783997594045,-0.20254619979972333,-0.40633682986765507,-0.6529838373882768,-0.9321584827789522,-1.2368745857969508,-1.5621834899485165,-1.9044504610831297,-2.2609266191117,-2.6294823051280964] False 56040.65603222185 56054.65603222185
9392.473966813408 10825.05221838098 12476.13311942254 4.2299186940000823e-16 2.1157739889730597e-16 2.9915801757994427e-16 9.258288432632345e-13 9.95914203045987e-09 0.0016981063149767994 1.7277551444143504e-13 1.7679801898151703e-13 2.2170004409350627e-13 1.3189599386952776e-13 6.404446995254236e-13 2.0246138094962856e-05 2.071750223859977e-05 2.5979200368105127e-05 1.5455804109094414e-05 7.504843421070483e-05 577.5393079520732 590.9853943134622 741.0800682761617 440.89072035076265 2140.824119327763 12.948971833701716 -3.926975166569281 [0.0,64.171034216897,128.342068433794,192.51310265069097,256.684136867588,320.85517108448494,385.02620530138194,449.1972395182791,513.368273735176,577.5393079520732,834.1349802604052,1090.730652568737,1347.326324877069,1603.921997185401,1860.5176694937334,2117.113341802065,2373.709014110399,2630.30468641873,2886.900358727062,3143.4960310353936] [-6.474485916850858,-1.3208539773720491,-0.7392703016391269,-0.4436406851974861,-0.2653612593607133,-0.15144708158556464,-0.0782682242339523,-0.03321070198756093,-0.008741497237648499,0.0,-0.06828595021104711,-0.23589908012069793,-0.4604098247832735,-0.7218464867483623,-1.0091990663276573,-1.315748805028631,-1.6370924138185123,-1.9701869074011298,-2.312841236142051,-2.6634252377742205] False 56040.65603222185 56054.65603222185
234.36890988269914 270.1158072739371 311.3149665447022 1.0244759828258633e-12 6.497758023241769e-13 8.158919681566464e-13 6.264595236612489e-11 1.6909879085623737e-08 0.07160449847090944 1.5649094919250826e-10 6.516127033463128e-11 6.997294107940663e-11 6.034959958985591e-11 2.787734760758873e-10 1.1417978601604564e-05 4.754332401798791e-06 5.105404165918691e-06 4.403260637678888e-06 2.0340023502661363e-05 191.80351725494964 79.86507145284301 85.7625075504754 73.96763535521059 341.6793974644992 9.636340621631234 -534.0452875472373 [0.0,36.436528090586265,55.85740173613171,75.27827538167713,94.69914902722259,114.12002267276799,133.5408963183134,152.96176996385893,172.38264360940425,191.80351725494964,214.0920820003619,236.38064674577416,258.66921149118633,280.95777623659865,303.24634098201085,325.53490572742305,347.82347047283497,370.1120352182473,392.4005999636596,414.6891647090718] [-4.818170310815617,-2.697824920514904,-1.9280090607804823,-1.3314429299429094,-0.8735914631948845,-0.5301838754334085,-0.28335420610574147,-0.11947989676752968,-0.027882115451234313,0.0,-0.037542894352327494,-0.14117464844150618,-0.3037835191310023,-0.5194464703314452,-0.7831678465526011,-1.0906877806446573,-1.4383387915898993,-1.8229364988216048,-2.241695005159386,-2.692160452140911] False 56110.65603222185 56124.65603222185
311.3149665447022 358.7979888064861 413.52331434760555 6.858400842410491e-13 4.293160918738704e-13 5.426252708977096e-13 5.5353488103235396e-11 1.9840722052227766e-08 0.07198299461701435 8.69830589071098e-11 3.752435729713569e-11 4.071597512899927e-11 3.4332739465272115e-11 1.594634223784723e-10 1.1197850790647782e-05 4.830735539859649e-06 5.241611642758554e-06 4.419859436960746e-06 2.0528682628500005e-05 160.30042014668163 69.15335372246128 75.0351620403515 63.27154540457108 293.8739327688496 10.34472734331871 -467.8916002707972 [0.0,32.1738661879248,48.18968543276941,64.205504677614,80.22132392245857,96.23714316730322,112.25296241214785,128.26878165699242,144.284600901837,160.30042014668163,180.1375713545586,199.97472256243566,219.81187377031276,239.64902497818989,259.48617618606687,279.3233273939439,299.16047860182096,318.9976298096981,338.83478101757515,358.6719322254522] [-5.172363671659355,-2.6933736333685374,-1.9140336860060074,-1.3200155438633487,-0.8687207060754645,-0.5319336932071792,-0.28974528859959037,-0.12745202424878244,-0.033813439093762554,0.0,-0.03056750908962158,-0.1313231878481247,-0.2936585556486193,-0.5105806721849149,-0.7763168600216659,-1.0860359846825531,-1.4356467411157041,-1.8216483807432269,-2.241018090894613,-2.6911245770500045] False 56110.65603222185 56124.65603222185
413.52331434760555 476.5900816815941 549.2752115212968 4.4722732225549447e-13 2.763073107602971e-13 3.515283469521976e-13 4.763825530398033e-11 2.26740148690563e-08 0.06950661302360012 1.0234910815727605e-10 2.6708362235517958e-11 2.8588839087106894e-11 2.4827885383929022e-11 1.5217350983605316e-10 2.3247382573259306e-05 6.066486811396188e-06 6.493614761762587e-06 5.63935886102979e-06 3.4564402801030896e-05 291.1546367303172 75.977833557616 81.32726516929951 70.62840194593248 432.89114848182186 46.87073389932709 -410.539310019755 [0.0,141.67758062966334,160.36221264224505,179.0468446548268,197.73147666740851,216.4161086799903,235.1007406925719,253.78537270515372,272.4700047177356,291.1546367303172,312.15967341050856,333.16471009069966,354.16974677089104,375.174783451082,396.1798201312736,417.18485681146467,438.18989349165605,459.19493017184726,480.19996685203864,501.20500353222974] [-23.435366949663546,-2.699356839339657,-1.9539949446721607,-1.3633679275035888,-0.9026224528447528,-0.5526464783425808,-0.29840061060986045,-0.12781984544199076,-0.031065402482454374,0.0,-0.03507931554827337,-0.13647492610363088,-0.29737562066520695,-0.5120074147650939,-0.7754296389744013,-1.083379262281369,-1.4321502933121337,-1.8184991251430347,-2.239569360984831,-2.6928314695542213] False 56110.65603222185 56124.65603222185
549.2752115212968 633.0528961793416 729.6086933380817 2.840774634217889e-13 1.7321147047474965e-13 2.218230717667233e-13 3.9941985096279644e-11 2.5244231175454046e-08 0.0639082925552813 2.3356427096429264e-11 1.1148113558732457e-11 1.2247501823097788e-11 1.0048725294367126e-11 4.559570010954996e-11 9.360227581840256e-06 4.467673055776916e-06 4.908259465366809e-06 4.027086646187023e-06 1.8272748996098532e-05 105.29304688825015 50.256781091085934 55.21293040237798 45.30063177979389 205.5498544240698 11.863112771975807 -256.0914158564795 [0.0,19.418352336997156,30.15268915590377,40.88702597481041,51.62136279371701,62.35569961262361,73.09003643153025,83.82437325043686,94.55871006934349,105.29304688825015,120.54451623342669,135.7959855786033,151.0474549237798,166.29892426895654,181.55039361413307,196.8018629593097,212.05333230448622,227.30480164966275,242.55627099483948,257.8077403400161] [-5.9315563859879035,-2.697708449980496,-1.8241170966286973,-1.2113737926520685,-0.7720129058744192,-0.4585195219163438,-0.24156338429429525,-0.1015011037116551,-0.024409772635920035,0.0,-0.04088274363630262,-0.15559731078798222,-0.3316978279985392,-0.5597472688469907,-0.83240223828426,-1.1438255917509537,-1.4892940166256494,-1.8649270403548712,-2.2674946127489193,-2.694277197013662] False 56110.65603222185 56124.65603222185
729.6086933380817 840.8915725798939 969.1477682383326 1.757575917213097e-13 1.0576610495568244e-13 1.3634220143724417e-13 3.261794303836865e-11 2.7374998030970285e-08 0.05636420617992066 1.4286527122957395e-11 6.897978711086109e-12 7.947512945796538e-12 5.84844447637568e-12 2.825816459644696e-11 1.0101983853762103e-05 4.877551343531958e-06 5.619675570208298e-06 4.1354271168556176e-06 1.9981309665631774e-05 104.78433656165681 50.59312992141412 58.29092432143714 42.8953355213911 207.25911932303424 16.395099470530624 -208.21702037566388 [0.0,23.064175341928024,33.279195494394116,43.4942156468602,53.70923579932633,63.92425595179241,74.13927610425846,84.35429625672461,94.56931640919068,104.78433656165681,120.44077741919787,136.09721827673906,151.75365913428007,167.4100999918212,183.06654084936227,198.7229817069033,214.37942256444447,230.0358634219856,245.69230427952672,261.34874513706774] [-8.197549735265312,-2.7075850152792214,-1.7931808121484778,-1.1703356528693405,-0.7348385409145521,-0.4306217139890123,-0.22388365088329465,-0.09260702268386467,-0.021618307151982208,0.0,-0.04471140221932046,-0.1655657381046467,-0.3477699535287684,-0.5805887380596744,-0.8559716153920931,-1.1677175261085324,-1.5109422128129495,-1.881725326542096,-2.2768689178853094,-2.6937275268091128] False 56110.65603222185 56124.65603222185
1287.3303254983532 1483.6791717563765 1709.9759409858673 6.217617766221138e-14 3.644530078176958e-14 4.7602830759945785e-14 2.0104090441478587e-11 2.9751717971741456e-08 0.038547896599176235 4.562597119445217e-12 2.5431235729840807e-12 2.86239800701563e-12 2.2238491389525315e-12 9.982094521188893e-12 1.004366276337261e-05 5.598187800491378e-06 6.301007852411599e-06 4.895367748571158e-06 2.1973623446972505e-05 95.84718065305272 53.423788719807156 60.13083594650685 46.71674149310746 209.69539756001396 15.969562204351774 -111.1697798441478 [0.0,15.953379183845373,25.940104367496286,35.9268295511472,45.91355473479812,55.90027991844903,65.88700510209992,75.8737302857509,85.8604554694018,95.84718065305272,113.62042871337759,131.39367677370242,149.1669248340273,166.9401728943521,184.71342095467702,202.48666901500187,220.25991707532668,238.0331651356516,255.8064131959765,273.57966125630134] [-7.984781102175887,-2.6917300077611515,-1.6875235416424488,-1.065971086581385,-0.6546455587115503,-0.37748298733613694,-0.19387845685784555,-0.07947963594902774,-0.018477371164109968,0.0,-0.0491922809176657,-0.17925196638523744,-0.3709606409478994,-0.6113053111671007,-0.891049769351838,-1.203392970667295,-1.5431769188078874,-1.9063936641160808,-2.2898650149245157,-2.691026909308235] False 56110.65603222185 56124.65603222185
1709.9759409858673 1970.7884119509856 2271.3810595726877 3.555139403849651e-14 2.0566799032172758e-14 2.704031021462847e-14 1.517348571399201e-11 2.981796860706175e-08 0.029822473887771817 5.53509608587987e-12 2.2849829543751884e-12 2.525027421273815e-12 2.0449384874765618e-12 1.0174874169088997e-11 2.1498351747732012e-05 8.87488970896897e-06 9.807224090236204e-06 7.942555327701737e-06 3.9519282137487214e-05 204.69795065019082 84.50283803101641 93.38012031784335 75.62555574418948 376.28540827850844 43.55789153964113 -107.17375529450594 [0.0,63.89140839638007,81.49222617810635,99.09304395983278,116.69386174155903,134.29467952328554,151.8954973050118,169.496315086738,187.0971328684645,204.69795065019082,231.06703960759538,257.43612856499976,283.8052175224043,310.17430647980876,336.54339543721346,362.91248439461754,389.28157335202224,415.6506623094267,442.01975126683124,468.38884022423565] [-21.778945769820567,-2.698460233562855,-1.8179636754132673,-1.1988119057215272,-0.7578372118155556,-0.44622740552281925,-0.2328596619028218,-0.09666161809613527,-0.02269899039123402,0.0,-0.04434039759419761,-0.16494812771095724,-0.34718112157098346,-0.5802574707888084,-0.8560067907097135,-1.1680889939552657,-1.5114850304157272,-1.8821533233421803,-2.276791133548315,-2.6926645956971385] False 56110.65603222185 56124.65603222185
2271.3810595726877 2617.821317854317 3017.1020504598932 1.98004176600445e-14 1.1305166715336821e-14 1.4961518060681643e-14 1.1155206709211033e-11 2.9109544564904782e-08 0.022251464698738732 1.9236981827719024e-12 1.2187807277156798e-12 1.3931429265095844e-12 1.0444185289217748e-12 4.614866601755003e-12 1.3183081432078043e-05 8.352290252814716e-06 9.547192387651727e-06 7.157388117977704e-06 3.1625627530328234e-05 128.57640347521388 81.46103375155451 93.11507835362751 69.8069891494815 308.4490880562925 19.350339190199264 -55.75937397021204 [0.0,16.099692668313082,30.159281519175668,44.21887037003828,58.2784592209009,72.3380480717635,86.39763692262609,100.4572257734887,114.51681462435135,128.57640347521388,156.86381643394702,185.15122939268005,213.43864235141322,241.7260553101463,270.0134682688795,298.3008812276124,326.5882941863455,354.87570714507854,383.16312010381165,411.45053306254476] [-9.675169595099632,-2.7098661445990544,-1.5962918484839932,-0.9815458003817241,-0.5946737058017675,-0.34090973319104023,-0.17530455626148012,-0.07276694812026108,-0.017771296039775564,0.0,-0.0497565350426612,-0.1843090535593035,-0.38096740610371427,-0.6252121580760033,-0.907162607098968,-1.2197759091603757,-1.5578468153657923,-1.9174144383422842,-2.295391634023275,-2.6893234438161144] False 56110.65603222185 56124.65603222185
