data/BLLac_allsed_1d_1_min11.ecsv
# %ECSV 1.0
# ---
# datatype:
# - {name: e_min, unit: MeV, datatype: float64}
# - {name: e_ref, unit: MeV, datatype: float64}
# - {name: e_max, unit: MeV, datatype: float64}
# - {name: ref_dnde_e_min, unit: ph / (cm2 MeV s), datatype: float64}
# - {name: ref_dnde_e_max, unit: ph / (cm2 MeV s), datatype: float64}
# - {name: ref_dnde, unit: ph / (cm2 MeV s), datatype: float64}
# - {name: ref_flux, unit: ph / (cm2 s), datatype: float64}
# - {name: ref_eflux, unit: MeV / (cm2 s), datatype: float64}
# - {name: ref_npred, datatype: float64}
# - {name: dnde, unit: ph / (cm2 MeV s), datatype: float64}
# - {name: dnde_err, unit: ph / (cm2 MeV s), datatype: float64}
# - {name: dnde_errp, unit: ph / (cm2 MeV s), datatype: float64}
# - {name: dnde_errn, unit: ph / (cm2 MeV s), datatype: float64}
# - {name: dnde_ul, unit: ph / (cm2 MeV s), datatype: float64}
# - {name: e2dnde, unit: MeV / (cm2 s), datatype: float64}
# - {name: e2dnde_err, unit: MeV / (cm2 s), datatype: float64}
# - {name: e2dnde_errp, unit: MeV / (cm2 s), datatype: float64}
# - {name: e2dnde_errn, unit: MeV / (cm2 s), datatype: float64}
# - {name: e2dnde_ul, unit: MeV / (cm2 s), datatype: float64}
# - {name: norm, datatype: float64}
# - {name: norm_err, datatype: float64}
# - {name: norm_errp, datatype: float64}
# - {name: norm_errn, datatype: float64}
# - {name: norm_ul, datatype: float64}
# - {name: ts, datatype: float64}
# - {name: loglike, datatype: float64}
# - {name: norm_scan, datatype: string, subtype: 'float64[20]'}
# - {name: dloglike_scan, datatype: string, subtype: 'float64[20]'}
# - {name: ShowUL, datatype: bool}
# - {name: tstart, datatype: float64}
# - {name: tend, datatype: float64}
# meta: !!omap
# - {UL_CONF: 0.95}
# - {EXTNAME: SED}
# - {CONFIG: '{"bin_index": 2.0, "use_local_index": true, "free_background": false, "free_radius": null, "free_pars": [], "ul_confidence":
#     0.95, "cov_scale": 3.0, "make_plots": false, "write_fits": true, "write_npy": true, "optimizer": {"optimizer": "MINUIT", "tol":
#     0.001, "max_iter": 100, "init_lambda": 0.0001, "retries": 3, "min_fit_quality": 2, "verbosity": 0}, "prefix": "", "outfile": null,
#     "loge_bins": []}'}
# - {SRCNAME: 4FGL J2202.7+4216}
# - {CREATOR: fermipy 1.2.0}
# - {STVER: 2.2.0}
# schema: astropy-2.0
e_min e_ref e_max ref_dnde_e_min ref_dnde_e_max ref_dnde ref_flux ref_eflux ref_npred dnde dnde_err dnde_errp dnde_errn dnde_ul e2dnde e2dnde_err e2dnde_errp e2dnde_errn e2dnde_ul norm norm_err norm_errp norm_errn norm_ul ts loglike norm_scan dloglike_scan ShowUL tstart tend
100.0 115.25240587974294 132.83117061068992 1.2271500073799296e-11 6.7816687603811436e-12 9.122568097498612e-12 2.996914091304867e-10 3.440387874864665e-08 0.01098288055892724 1.6303050458887127e-08 4.65837766773177e-09 4.996434587024833e-09 4.320320748438707e-09 2.4969496340101267e-08 0.00021655532769791246 6.187777587515071e-05 6.636822550742481e-05 5.73873262428766e-05 0.0003316727428414992 1787.1119496885292 510.64323312742243 547.7004428604753 473.5860233943696 2737.1126280710196 24.395673141710915 -244.5195671630993 [0.0,752.5227158461844,881.846370076477,1011.1700243067704,1140.4936785370635,1269.8173327673567,1399.1409869976492,1528.4646412279433,1657.7882954582349,1787.1119496885292,1926.4223326013544,2065.732715514179,2205.043098427005,2344.3534813398296,2483.6638642526555,2622.9742471654813,2762.2846300783062,2901.595012991131,3040.9053959039557,3180.2157788167815] [-12.197836570855458,-2.7024570529453342,-1.9707502951555682,-1.3838869369234885,-0.9212762959346605,-0.5666964971786683,-0.3070975856372513,-0.13179691695131623,-0.03191986766310606,0.0,-0.03437883922779861,-0.13347634773717232,-0.29147834376942683,-0.5033579984048799,-0.7647355154826698,-1.0717683625922518,-1.4210642936611748,-1.809611632499383,-2.2347228071954817,-2.693988182510168] False 59085.99999055518 59086.99999055518
132.83117061068992 153.091119887046 176.4411988580621 6.76021069364909e-12 3.737599139097384e-12 5.026624878454708e-12 2.1934547517273982e-10 3.3447708313648534e-08 0.010631392634735176 6.059183785244994e-09 2.186256941694573e-09 2.351314008941461e-09 2.021199874447685e-09 1.0178558197717664e-08 0.00014200842985267947 5.123906561484403e-05 5.510749010675289e-05 4.7370641122935186e-05 0.0002385537588976698 1205.4179358432086 434.93536807677503 467.77192764467947 402.09880850887066 2024.9289421506965 15.198433974288378 -191.7882718878497 [0.0,362.7173135516556,468.0548913380997,573.3924691245438,678.7300469109878,784.0676246974319,889.4052024838767,994.7427802703205,1100.080358056765,1205.4179358432086,1327.5781225866356,1449.7383093300625,1571.8984960734897,1694.0586828169162,1816.2188695603434,1938.3790563037712,2060.5392430471984,2182.699429790626,2304.8596165340527,2427.019803277479] [-7.599216987144189,-2.698765382833585,-1.9308571148521878,-1.3338272766275452,-0.8750436645478885,-0.5308942212188299,-0.2836552059028463,-0.11963215100377056,-0.02799265019106656,0.0,-0.03786063269936335,-0.14255834387864752,-0.3065678429620107,-0.5236304718974623,-0.7884778617147674,-1.0966281679704366,-1.4442329288649205,-1.8279600215821574,-2.2449028663395154,-2.6925090490104537] False 59085.99999055518 59086.99999055518
176.4411988580621 203.35272664697808 234.36890988269914 3.7274338889624386e-12 2.0617500269603152e-12 2.772189914320641e-12 1.6068310431389704e-10 3.254711313797416e-08 0.009528061661984936 3.425080169280663e-09 1.2632812316213459e-09 1.3647900821456413e-09 1.1617723810970504e-09 5.832972047848967e-09 0.0001416350503507199 5.223962418531847e-05 5.64372518157607e-05 4.804199655487623e-05 0.00024120699337234474 1235.5142595344232 455.6979394144172 492.3147851795355 419.08109364929885 2104.102614945992 16.134861354323846 -187.52417080202383 [0.0,368.8541473149148,477.1866613423533,585.5191753697918,693.8516893972306,802.1842034246687,910.516717452107,1018.8492314795461,1127.1817455069847,1235.5142595344232,1365.3678325989256,1495.2214056634268,1625.0749787279296,1754.928551792432,1884.7821248569333,2014.6356979214356,2144.4892709859387,2274.3428440504413,2404.196417114942,2534.0499901794437] [-8.067430677161923,-2.6977030046291475,-1.9148303620405898,-1.315010723407255,-0.8589783384427676,-0.5196092149663798,-0.27724098215369963,-0.11708646872267536,-0.027697492465193818,0.0,-0.03788366925635955,-0.14372452330883334,-0.3092973340351648,-0.5278643815026953,-0.7938269488567755,-1.1024749987225277,-1.4498032308985387,-1.8323732181703178,-2.247208269147137,-2.691712009248704] False 59085.99999055518 59086.99999055518
234.36890988269914 270.1158072739371 311.3149665447022 2.0570592802541807e-12 1.1383254273748126e-12 1.530229683521618e-12 1.1781454070373377e-10 3.169901208220421e-08 0.00812461858139717 2.025320098944396e-09 7.566314867040914e-10 8.204765960895722e-10 6.927863773186107e-10 3.4817728663777097e-09 0.00014777251764700667 5.520576218027791e-05 5.986406412388591e-05 5.0547460236669903e-05 0.00025403902455114813 1323.5399370135046 494.45615573395867 536.17872200816 452.73358945975735 2275.326968148257 17.54600635094539 -168.68139848042466 [0.0,400.55244698427293,515.9258832379269,631.2993194915808,746.6727557452344,862.046191998888,977.4196282525425,1092.7930645061963,1208.1665007598508,1323.5399370135046,1466.3125262721755,1609.0851155308462,1751.857704789518,1894.6302940481903,2037.402883306861,2180.1754725655314,2322.948061824203,2465.7206510828737,2608.493240341545,2751.265829600217] [-8.773003175472695,-2.6997876366944524,-1.9032298231143159,-1.3001705508345935,-0.845836914002291,-0.5101319024332156,-0.27170780652738813,-0.11479413795072446,-0.027362622931150327,0.0,-0.038187402791407976,-0.14555892150124805,-0.313104395590301,-0.5335488538997879,-0.8009227097938663,-1.1102592787923697,-1.4573764470349886,-1.8387155978578846,-2.251220492403604,-2.692244651640465] False 59085.99999055518 59086.99999055518
311.3149665447022 358.7979888064861 413.52331434760555 1.1362419141218553e-12 6.29048318038761e-13 8.45429515077096e-13 8.6459898831758e-11 3.09005442518992e-08 0.006761749912861437 1.8565774484216761e-09 5.390250878205424e-10 5.799841586178275e-10 4.980660170232576e-10 2.875178078127884e-09 0.00023900834840619989 6.939193196546563e-05 7.46648387713918e-05 6.411902515953946e-05 0.000370138915783587 2196.016835599088 637.5754314319012 686.0230785353382 589.1277843284643 3400.848949383666 43.62483861036998 -167.59906106322697 [0.0,986.4527239096528,1137.6482378708322,1288.843751832012,1440.0392657931907,1591.2347797543703,1742.4302937155492,1893.6258076767292,2044.8213216379088,2196.016835599088,2375.64035922028,2555.263882841472,2734.887406462662,2914.510930083855,3094.134453705045,3273.7579773262373,3453.3815009474283,3633.0050245686202,3812.6285481898103,3992.252071811002] [-21.81241930518499,-2.696939119424286,-1.9305085954019887,-1.334332912402573,-0.8763197910236613,-0.5328600905701535,-0.28605155941448857,-0.12197899802870893,-0.029600608521633376,0.0,-0.03641510126331582,-0.14114753772963695,-0.30602620097639033,-0.5243017239065182,-0.7903311757027041,-1.099346067112748,-1.4472784829134469,-1.8306286360867432,-2.246362497591008,-2.691831632311988] False 59085.99999055518 59086.99999055518
549.2752115212968 633.0528961793416 729.6086933380817 3.4761703503712733e-13 1.9261999860886365e-13 2.587624254123242e-13 4.668943761768086e-11 2.944212782500997e-08 0.0044622952270467475 2.6497610401923384e-10 1.387027334094584e-10 1.5493044396264183e-10 1.2247502285627497e-10 5.54653561083241e-10 0.00010619075542374308 5.558594838053512e-05 6.208930025378671e-05 4.908259650728351e-05 0.00022228072553147387 1024.0130637089542 536.0234709055728 598.7362489579714 473.3106928531742 2143.4857097178233 15.880844052017807 -78.02513710735334 [0.0,189.25924883419498,293.6034756935399,397.9477025528852,502.29192941223005,606.6361562715747,710.9803831309193,815.3246099902649,919.6688368496095,1024.0130637089542,1197.3389811650459,1370.6648986211371,1543.990816077229,1717.3167335333205,1890.6426509894115,2063.968568445502,2237.294485901594,2410.6204033576846,2583.946320813776,2757.2722382698685] [-7.940422026008903,-2.7024006806188083,-1.7324133114024107,-1.1085551899565758,-0.6866714711355115,-0.3983487117446316,-0.20543662092958925,-0.08437300435878115,-0.019533765429443406,0.0,-0.04715358729711738,-0.17260069225406482,-0.35939329119696595,-0.5956914882762447,-0.8728782852117547,-1.1844746872886418,-1.5254782074772777,-1.891940257327775,-2.280685550414063,-2.689119666773138] False 59085.99999055518 59086.99999055518
729.6086933380817 840.8915725798939 969.1477682383326 1.9252469265702047e-13 1.0672848219650502e-13 1.433452762829402e-13 3.435546905008994e-11 2.8777363743300055e-08 0.0035382958986379526 1.6810564213249578e-10 8.614508359108597e-11 9.68414147440074e-11 7.544875243816455e-11 3.514209365528985e-10 0.00011886727039630925 6.0913071177370446e-05 6.847643235474642e-05 5.334970999999448e-05 0.00024848926519214533 1172.7323459245533 600.9621371899945 675.5814858723229 526.342788507666 2451.5697040427817 21.435462417617487 -75.04090281883273 [0.0,255.87269207538898,370.4801488065346,485.08760553768013,599.6950622688258,714.3025189999712,828.9099757311167,943.517432462262,1058.1248891934083,1172.7323459245533,1371.4966922258143,1570.261038527075,1769.0253848283353,1967.7897311295965,2166.554077430857,2365.3184237321175,2564.0827700333784,2762.8471163346394,2961.6114626359004,3160.3758089371604] [-10.717731208808743,-2.696070904480777,-1.7399958349199949,-1.1179678431391693,-0.695601739853231,-0.406298159248081,-0.21212960231630973,-0.08942120609593474,-0.022393989713606288,0.0,-0.044369081884184425,-0.17060941035593657,-0.35977097235820565,-0.5988489784403157,-0.8785265665949709,-1.1918970969829985,-1.5336963087388114,-1.899818074984779,-2.286996623799922,-2.692590924216816] False 59085.99999055518 59086.99999055518
969.1477682383326 1116.9661194245136 1287.3303254983532 1.0672323147719088e-13 5.918973989323906e-14 7.947905580529285e-14 2.530231564080653e-11 2.8152694404324542e-08 0.002762404256967617 2.1124411744341048e-10 8.04089360790709e-11 8.818614477394139e-11 7.263172738420039e-11 3.71014930120098e-10 0.0002635509729918924 0.00010031925905136287 0.00011002220814883637 9.061630995388935e-05 0.00046288316574716044 2657.8589202281732 1011.6996894887134 1109.5519930430364 913.8473859343902 4668.084269005502 37.37317667935069 -54.948766461050546 [0.0,898.4226899500999,1118.352218734859,1338.2817475196189,1558.211276304378,1778.1408050891373,1998.0703338738967,2217.9998626586566,2437.929391443415,2657.8589202281732,2964.0693551245085,3270.2797900208407,3576.4902249171755,3882.700659813507,4188.91109470984,4495.121529606174,4801.331964502507,5107.542399398842,5413.752834295173,5719.963269191507] [-18.686588339675346,-2.698666960938276,-1.855459074891698,-1.2421372025881467,-0.7945149456047815,-0.472288705697423,-0.2484112374547891,-0.10381293438217654,-0.024525357705030615,0.0,-0.04200242921425712,-0.1577832937240018,-0.33484085278371367,-0.563617284835054,-0.8366383355333724,-1.1479467592579695,-1.4927165826226414,-1.8669829425654711,-2.2674482101974007,-2.6913398843630674] False 59085.99999055518 59086.99999055518
1287.3303254983532 1483.6791717563765 1709.9759409858673 5.921321408096053e-14 3.285486371087543e-14 4.410716584085689e-14 1.865141577839173e-11 2.7566147361695996e-08 0.0021229954764284686 6.325067290813195e-11 3.642650089530983e-11 4.1238400036063044e-11 3.161460175455662e-11 1.4219882802553078e-10 0.00013923395198279313 8.018579792700788e-05 9.077825019835026e-05 6.959334565566549e-05 0.0003130228325329125 1434.0226061304143 825.8635575620597 934.9591897347327 716.7679253893866 3223.9393602980185 21.467425515716243 -39.36748708099231 [0.0,234.57561281201257,384.50648697681277,534.4373611416129,684.3682353064132,834.2991094712131,984.2299836360133,1134.1608578008131,1284.0917319656135,1434.0226061304143,1718.0538751659033,2002.085144201394,2286.1164132368817,2570.1476822723735,2854.178951307864,3138.2102203433537,3422.241489378843,3706.272758414334,3990.3040274498235,4274.335296485314] [-10.733712757858122,-2.698689034089142,-1.6307842065683573,-1.002854789072515,-0.6010907231463207,-0.33754180001553635,-0.16732482651803338,-0.06440382996107274,-0.01231940392026587,0.0,-0.05958067200216277,-0.2001435207146045,-0.4003587716636474,-0.646355004886864,-0.928601857897327,-1.240268432628234,-1.576291112880277,-1.9328119886747643,-2.3068240231103445,-2.695937856359741] False 59085.99999055518 59086.99999055518
2271.3810595726877 2617.821317854317 3017.1020504598932 1.827676773163543e-14 1.01500356545493e-14 1.3620199856316947e-14 1.0161932704429726e-11 2.6500235326434277e-08 0.0012072949843010966 3.311336030945378e-11 1.9601929492491066e-11 2.2292437396813645e-11 1.6911421588168493e-11 7.615504021655599e-11 0.00022692547581463894 0.00013433179645312514 0.00015276981605203427 0.00011589377685421607 0.0005218896111818377 2431.194891321366 1439.180753533498 1636.7188170498525 1241.642690017144 5591.330598664883 19.14794176751954 -43.90524193358626 [0.0,379.70733699800013,636.1432812884207,892.5792255788418,1149.0151698692625,1405.4511141596834,1661.887058450104,1918.3230027405248,2174.758947030945,2431.194891321366,2930.697930620024,3430.2009699186824,3929.7040092173393,4429.207048515997,4928.710087814657,5428.213127113313,5927.7161664119685,6427.219205710629,6926.722245009282,7426.225284307941] [-9.57397088375977,-2.7028138932909798,-1.6445189862801826,-1.0200606722841243,-0.618408279965962,-0.35307016733195695,-0.17989997825326043,-0.0732639301598752,-0.01693872828895593,0.0,-0.052812200349350746,-0.1898475643248716,-0.38854892481199244,-0.6343632215460815,-0.9173512735524412,-1.230422157697312,-1.5683390211983124,-1.9271241218211088,-2.303684919226903,-2.695569434126007] False 59085.99999055518 59086.99999055518
3017.1020504598932 3477.2827010020824 4007.6519721450045 1.0167647512412438e-14 5.6491385608309786e-15 7.578815846509675e-15 7.510853501872396e-12 2.6017602865998168e-08 0.0008997935339952051 8.329913141565383e-12 8.505431860233495e-12 1.0669155207609681e-11 6.341708512857312e-12 3.0786036624156696e-11 0.00010072110295746748 0.00010284338666361086 0.0001290060366623356 7.66807366648861e-05 0.00037224920737785014 1099.1048351440834 1122.2639568621478 1407.760186246407 836.7677274778887 4062.116991315313 10.723049119267184 -14.278103307458688 [0.0,122.12275946045374,244.24551892090747,366.3682783813613,488.49103784181494,610.6137973022686,732.7365567627226,854.8593162231759,976.9820756836299,1099.1048351440834,1583.540502000594,2067.976168857104,2552.411835713614,3036.847502570124,3521.2831694266365,4005.718836283144,4490.154503139655,4974.590169996166,5459.025836852679,5943.461503709188] [-5.361524559633592,-1.3092553867971564,-0.7331817506068461,-0.4395892841053506,-0.26247226644573196,-0.1493697393069109,-0.0768270467214851,-0.0323054696553573,-0.008309672772210064,0.0,-0.06876170024932904,-0.23553785882848643,-0.4586507929983554,-0.7184004164735285,-1.0038987257383205,-1.308489883164377,-1.6278063351815835,-1.9588268917802427,-2.2993745473303573,-2.6478285929564667] False 59085.99999055518 59086.99999055518
4007.6519721450045 4618.915317184078 5323.411028602609 5.661463495947709e-15 3.146907857660796e-15 4.22091269292053e-15 5.55634770758505e-12 2.5566541179633704e-08 0.0006661272878413366 6.315809273607186e-12 6.368540475529053e-12 7.986267774299825e-12 4.750813176758284e-12 2.3032530024786823e-11 0.00013474386688632476 0.0001358688543178179 0.00017038206115495963 0.00010135564748067625 0.0004913847181364674 1496.3136489888298 1508.8064925414362 1892.0713019472512 1125.541683135622 5456.765325522565 9.857670020200512 -5.243412483542189 [0.0,166.25707210986997,332.51414421973993,498.7712163296097,665.0282884394799,831.2853605493501,997.5424326592193,1163.7995047690895,1330.0565768789597,1496.3136489888298,2144.9948544231897,2793.676059857549,3442.3572652919124,4091.038470726274,4739.719676160633,5388.400881594994,6037.082087029357,6685.763292463719,7334.44449789808,7983.125703332439] [-4.928835010100256,-1.2901002983699659,-0.7195361978895134,-0.42879569531866846,-0.25385605657046817,-0.14265922589965996,-0.07188573892095729,-0.02905503576392121,-0.006700933293911859,0.0,-0.0727794779909896,-0.24109553699976694,-0.4646714974411541,-0.7243177344406941,-1.0093767382761518,-1.3133120010364108,-1.6318239470923492,-1.9619329581137812,-2.301488885473341,-2.64888914762943] False 59085.99999055518 59086.99999055518
