data/BLLac_allsed_1d_1_min11.ecsv
# %ECSV 1.0
# ---
# datatype:
# - {name: e_min, unit: MeV, datatype: float64}
# - {name: e_ref, unit: MeV, datatype: float64}
# - {name: e_max, unit: MeV, datatype: float64}
# - {name: ref_dnde_e_min, unit: ph / (cm2 MeV s), datatype: float64}
# - {name: ref_dnde_e_max, unit: ph / (cm2 MeV s), datatype: float64}
# - {name: ref_dnde, unit: ph / (cm2 MeV s), datatype: float64}
# - {name: ref_flux, unit: ph / (cm2 s), datatype: float64}
# - {name: ref_eflux, unit: MeV / (cm2 s), datatype: float64}
# - {name: ref_npred, datatype: float64}
# - {name: dnde, unit: ph / (cm2 MeV s), datatype: float64}
# - {name: dnde_err, unit: ph / (cm2 MeV s), datatype: float64}
# - {name: dnde_errp, unit: ph / (cm2 MeV s), datatype: float64}
# - {name: dnde_errn, unit: ph / (cm2 MeV s), datatype: float64}
# - {name: dnde_ul, unit: ph / (cm2 MeV s), datatype: float64}
# - {name: e2dnde, unit: MeV / (cm2 s), datatype: float64}
# - {name: e2dnde_err, unit: MeV / (cm2 s), datatype: float64}
# - {name: e2dnde_errp, unit: MeV / (cm2 s), datatype: float64}
# - {name: e2dnde_errn, unit: MeV / (cm2 s), datatype: float64}
# - {name: e2dnde_ul, unit: MeV / (cm2 s), datatype: float64}
# - {name: norm, datatype: float64}
# - {name: norm_err, datatype: float64}
# - {name: norm_errp, datatype: float64}
# - {name: norm_errn, datatype: float64}
# - {name: norm_ul, datatype: float64}
# - {name: ts, datatype: float64}
# - {name: loglike, datatype: float64}
# - {name: norm_scan, datatype: string, subtype: 'float64[20]'}
# - {name: dloglike_scan, datatype: string, subtype: 'float64[20]'}
# - {name: ShowUL, datatype: bool}
# - {name: tstart, datatype: float64}
# - {name: tend, datatype: float64}
# meta: !!omap
# - {UL_CONF: 0.95}
# - {EXTNAME: SED}
# - {CONFIG: '{"bin_index": 2.0, "use_local_index": true, "free_background": false, "free_radius": null, "free_pars": [], "ul_confidence":
#     0.95, "cov_scale": 3.0, "make_plots": false, "write_fits": true, "write_npy": true, "optimizer": {"optimizer": "MINUIT", "tol":
#     0.001, "max_iter": 100, "init_lambda": 0.0001, "retries": 3, "min_fit_quality": 2, "verbosity": 0}, "prefix": "", "outfile": null,
#     "loge_bins": []}'}
# - {SRCNAME: 4FGL J2202.7+4216}
# - {CREATOR: fermipy 1.2.0}
# - {STVER: 2.2.0}
# schema: astropy-2.0
e_min e_ref e_max ref_dnde_e_min ref_dnde_e_max ref_dnde ref_flux ref_eflux ref_npred dnde dnde_err dnde_errp dnde_errn dnde_ul e2dnde e2dnde_err e2dnde_errp e2dnde_errn e2dnde_ul norm norm_err norm_errp norm_errn norm_ul ts loglike norm_scan dloglike_scan ShowUL tstart tend
[from data line 1340]
51591.719177855455 59460.697587199145 68529.88452212527 9.48253090490497e-18 4.867168089323608e-18 6.793605215669983e-18 1.1538815251301753e-13 6.822081188031385e-09 1.4896724915947068e-05 4.441336116625754e-13 4.573188583766197e-13 5.733121619295365e-13 3.413255548237029e-13 1.6579844490964767e-12 0.001570267497549814 0.0016168849203670927 0.002026987893255696 0.0012067819474784894 0.005861927635049585 65375.24592070002 67316.07796722982 84389.97317759164 50242.182756868 244050.75014841981 21.34442013070577 -2.712826558395723 [0.0,7263.916213411114,14527.832426822228,21791.748640233338,29055.664853644455,36319.581067055566,43583.497280466676,50847.4134938778,58111.32970728891,65375.24592070002,94833.26067395956,124291.27542721908,153749.29018047857,183207.3049337381,212665.3196869976,242123.33444025717,271581.34919351665,301039.36394677614,330497.37870003574,359955.3934532954] [-10.672210065352886,-1.3314860607519146,-0.746586829414357,-0.4493434124875475,-0.26987646651293806,-0.1549454157631982,-0.08083504656874307,-0.034894804072119534,-0.00957337985880713,0.0,-0.0668541467198982,-0.23517591154172557,-0.46130925246860155,-0.724842757699506,-1.0145697973517085,-1.323670485201088,-1.6476842034899608,-1.983533041797699,-2.3290034590655733,-2.6824501543608887] False 59297.99999055518 59298.99999055518
132.83117061068992 153.091119887046 176.4411988580621 3.4130851892697893e-12 2.0774171913640476e-12 2.6627808486203073e-12 1.1595295299151067e-10 1.772173610115296e-08 0.0051713979723650326 8.227110092363626e-09 2.6473574334573922e-09 2.8383573076063832e-09 2.456357559308401e-09 1.318189666117018e-08 0.00019281788238322136 6.204582757492687e-05 6.652227080413005e-05 5.75693843457237e-05 0.0003089426750664844 3089.6684932319604 994.2077789950657 1065.937254685097 922.4783033050345 4950.4249168684855 20.61680037117293 -236.06869742128643 [0.0,1133.2425242841282,1377.795770402608,1622.3490165210858,1866.9022626395652,2111.455508758044,2356.0087548765223,2600.562000995002,2845.115247113481,3089.6684932319604,3365.627432701517,3641.5863721710743,3917.5453116406325,4193.504251110189,4469.463190579745,4745.4221300493045,5021.381069518863,5297.340008988423,5573.2989484579775,5849.257887927533] [-10.308400185586464,-2.6988427541726594,-1.9467089936210868,-1.3548180315935099,-0.8952225973447696,-0.547232041935132,-0.29500595209566427,-0.1260909034350277,-0.03048278093422141,0.0,-0.035348749753609354,-0.1368733191340823,-0.29779099485918437,-0.5123751565108421,-0.7757393134838821,-1.0836748446329523,-1.4325269405006509,-1.819098283236798,-2.240573233110439,-2.6944574213892736] False 59298.99999055518 59299.99999055518
234.36890988269914 270.1158072739371 311.3149665447022 1.3055500125367346e-12 7.896805480197979e-13 1.015365672734343e-12 7.802211311329177e-11 2.1036712173857108e-08 0.004934827906383041 1.5208072432996768e-09 6.661488898865304e-10 7.306805257171364e-10 6.016172540559245e-10 2.8440734630996792e-09 0.00011096197352474256 4.8603921245633085e-05 5.331231390886623e-05 4.3895528582399936e-05 0.00020751085037586407 1497.7926515914198 656.0679642562817 719.6230336893703 592.512894823193 2801.0336960089385 14.123459938150631 -124.99094318967053 [0.0,352.2197786771179,495.4163877914055,638.6129969056934,781.8096060199812,925.0062151342694,1068.2028242485565,1211.3994333628436,1354.596042477132,1497.7926515914198,1695.6027290449329,1893.4128064984477,2091.2228839519616,2289.0329614054735,2486.8430388589877,2684.6531163125014,2882.4631937660147,3080.2732712195293,3278.083348673041,3475.893426126555] [-7.061729969075316,-2.685744799114019,-1.8418951439965099,-1.2328554197632968,-0.7895844884672414,-0.4704956661271069,-0.24840917804070273,-0.10448992991234718,-0.02509612857991783,0.0,-0.04033035089844361,-0.15364220226783232,-0.32814371625248384,-0.554790278826303,-0.826478183254153,-1.137516733300913,-1.4832701571675102,-1.8599073382869875,-2.2642223714985192,-2.693503023760769] False 59298.99999055518 59299.99999055518
311.3149665447022 358.7979888064861 413.52331434760555 7.999055440338197e-13 4.823222544799961e-13 6.211378634163586e-13 6.340276349124275e-11 2.2705768086896436e-08 0.00454860155391253 1.1617761204765946e-09 4.756457934068046e-10 5.190521607679787e-10 4.322394260456306e-10 2.0932865551124324e-09 0.00014956240689497285 6.123273532443368e-05 6.682069729290777e-05 5.56447733559596e-05 0.0002694813312009445 1870.3997758028097 765.7652534506203 835.647271465803 695.8832354354377 3370.08364551956 16.781437052295132 -138.1514431642494 [0.0,502.47469927177343,673.4653338381528,844.4559684045324,1015.4466029709126,1186.4372375372918,1357.427872103672,1528.418506670051,1699.4091412364307,1870.3997758028097,2097.036682682925,2323.673589563039,2550.3104964431527,2776.947403323266,3003.5843102033823,3230.2212170834964,3456.858123963612,3683.495030843724,3910.1319377238383,4136.768844603953] [-8.390718526147566,-2.696014723378994,-1.8658606902307042,-1.257079565824057,-0.8088923739288418,-0.4835127060484865,-0.2556266250749104,-0.10733802693019356,-0.025468854745980707,0.0,-0.040038064871424695,-0.1515142863671599,-0.32369150433916616,-0.5481777344332386,-0.8182762033581241,-1.128548625980443,-1.4745122797165777,-1.8524241361666896,-2.259123418784071,-2.6919144327205515] False 59298.99999055518 59299.99999055518
549.2752115212968 633.0528961793416 729.6086933380817 2.947073058242405e-13 1.765919655427361e-13 2.2812922301911863e-13 4.109056080288145e-11 2.5959468171375525e-08 0.0036031686629789395 5.690131673956302e-10 2.0506744187489465e-10 2.2435982213988193e-10 1.857750616099074e-10 9.73545052153686e-10 0.00022803542347883847 8.218200145296465e-05 8.991353800734166e-05 7.445046489858765e-05 0.00039015399109250664 2494.258122064191 898.9091321181098 983.4769047588401 814.3413594773797 4267.515749492984 36.49094471188022 -122.17042312673587 [0.0,889.7853355663542,1090.344433878584,1290.903532190814,1491.4626305030436,1692.021728815273,1892.5808271275016,2093.139925439734,2293.6990237519626,2494.258122064191,2763.02460154119,3031.7910810181907,3300.557560495187,3569.324039972187,3838.090519449187,4106.856998926186,4375.623478403183,4644.38995788018,4913.15643735718,5181.922916834179] [-18.24547235594011,-2.6986381042061254,-1.8704286898688878,-1.2600458767762888,-0.8101347441389777,-0.4836855217445475,-0.25537331514273376,-0.1070772974383658,-0.025366858370659884,0.0,-0.04064184043480168,-0.15343726876980668,-0.32711767411851156,-0.5529255771331094,-0.8239130207219034,-1.1344701045450165,-1.4799984223124625,-1.8566789119736598,-2.2613030614204774,-2.691147732777381] False 59298.99999055518 59299.99999055518
729.6086933380817 840.8915725798939 969.1477682383326 1.772067735234439e-13 1.0585247659847124e-13 1.3695902981359418e-13 3.277010488861765e-11 2.7497892503521566e-08 0.0030947788949526184 1.7273191757130568e-10 9.969387533193884e-11 1.1220406264901783e-10 8.718368801485986e-11 3.8462916282157844e-10 0.0001221385034527191 7.049340334810084e-05 7.933933974656899e-05 6.164746694963269e-05 0.00027197075671846666 1261.1940797653106 727.91020400499 819.2527561105778 636.5676518994021 2808.3519819399394 11.65350831539638 -81.4027174185105 [0.0,172.17093706387644,308.29882990155573,444.42672273923495,580.5546155769142,716.6825084145935,852.8104012522729,988.9382940899524,1125.0661869276319,1261.1940797653106,1500.6984245669607,1740.2027693686107,1979.7071141702597,2219.211458971912,2458.71580377356,2698.220148575211,2937.7244933768593,3177.2288381785124,3416.73318298016,3656.2375277818096] [-5.82675415769819,-2.6775760152848562,-1.6903477656245087,-1.078371624616068,-0.6699639545859526,-0.3918746319703388,-0.2053590388103146,-0.08718615994524725,-0.022220859188919917,0.0,-0.042775301942995725,-0.16693389013974524,-0.35403717290056136,-0.5914257254300992,-0.8700021032369278,-1.1829921702514241,-1.525206052294891,-1.8925736441752434,-2.28184007654545,-2.690358937455997] False 59298.99999055518 59299.99999055518
969.1477682383326 1116.9661194245136 1287.3303254983532 1.0588905398223867e-13 6.305397069761484e-14 8.171123121697663e-14 2.5971395270755123e-11 2.8945744038162683e-08 0.002598073438611681 2.248700842024235e-10 8.702686264093356e-11 9.568053402999951e-11 7.837319125186759e-11 3.9900776038256204e-10 0.0002805509105085197 0.00010857587232739898 0.00011937230794957149 9.777943670522644e-05 0.0004978073934215506 2752.0094955527197 1065.053865237225 1170.9593969515486 959.1483335229011 4883.144635564648 39.62280274883824 -67.72423863209984 [0.0,924.862020239769,1153.2554546538881,1381.6488890680075,1610.042323482126,1838.4357578962447,2066.829192310362,2295.2226267244832,2523.6160611386,2752.0094955527197,3077.5093107711364,3403.0091259895535,3728.5089412079674,4054.0087564263863,4379.508571644803,4705.008386863217,5030.508202081637,5356.008017300051,5681.507832518469,6007.007647736884] [-19.81140137441912,-2.6992100123433858,-1.844835203091023,-1.2292310582867003,-0.7832543834209389,-0.46411093509972545,-0.2434466096073038,-0.1014952159373621,-0.02392254829346996,0.0,-0.04274674749997587,-0.16004485341592556,-0.33871548652071226,-0.5688120959000145,-0.8426415790265338,-1.154130192044235,-1.4983980034579503,-1.8714646222081939,-2.2700404045483253,-2.691374966212109] False 59298.99999055518 59299.99999055518
1287.3303254983532 1483.6791717563765 1709.9759409858673 6.287864182398573e-14 3.732546197611583e-14 4.8445581372411974e-14 2.0454761510546902e-11 3.027971014696987e-08 0.0021305844722114622 8.557634718806005e-11 4.5016531049654415e-11 5.044098743327523e-11 3.9592074666033607e-11 1.8046168758194068e-10 0.00018837954550382806 9.909506467548842e-05 0.00011103594158515863 8.715418776581823e-05 0.00039725101391430915 1766.4427748366902 929.2185122849969 1041.1886080079032 817.2484165620908 3725.0391567125903 25.45326670341457 -22.473032062431756 [0.0,347.85334601210167,525.1770246151752,702.5007032182489,879.8243818213223,1057.1480604243957,1234.4717390274695,1411.795417630543,1589.1190962336166,1766.4427748366902,2073.0424414989234,2379.6421081611566,2686.2417748233897,2992.8414414856234,3299.441108147856,3606.0407748100874,3912.640441472323,4219.240108134555,4525.839774796788,4832.4394414590215] [-12.726633351707285,-2.6942670993361375,-1.697131182652715,-1.0712974023864632,-0.6551070744977636,-0.3746045137146865,-0.18947481605912841,-0.07521082715824434,-0.01575650841996179,0.0,-0.05344309043599793,-0.18586867812084407,-0.37876806828754184,-0.619485538587746,-0.8989774703035494,-1.2105530091137595,-1.5491208556005844,-1.9107157876152279,-2.292188648869221,-2.6909963445350513] False 59298.99999055518 59299.99999055518
1709.9759409858673 1970.7884119509856 2271.3810595726877 3.710535324414892e-14 2.1957317244840014e-14 2.854354590207093e-14 1.6009407017669943e-11 3.147751200730582e-08 0.0017090097855049086 3.2716991878894826e-11 2.3689803510940224e-11 2.768448584696497e-11 1.9695121174915472e-11 8.822162718614172e-11 0.00012707302432101589 9.201136182839934e-05 0.00010752673584320478 7.64959878135939e-05 0.0003426534144264022 1146.2132977851609 829.9530686277295 969.9035271212175 690.0026101342414 3090.773216783166 14.85286037061023 -28.42219000629202 [0.0,110.40088558480217,239.87743710984697,369.353988634892,498.83054015993673,628.3070916849811,757.7836432100261,887.2601947350709,1016.7367462601156,1146.2132977851609,1456.9406699107942,1767.6680420364266,2078.3954141620616,2389.122786287694,2699.850158413326,3010.577530538961,3321.304902664595,3632.0322747902283,3942.7596469158616,4253.487019041496] [-7.426430185305115,-2.6680209411372218,-1.4807845495485452,-0.8841793741455497,-0.5261811467036495,-0.29835631826914977,-0.1526910682428877,-0.0636505777233225,-0.01602069474780876,0.0,-0.054402903099877165,-0.199689756984597,-0.40652259042184014,-0.6578155341491119,-0.9427387589840244,-1.2539937760751592,-1.5864275194105737,-1.9362659934599087,-2.300662225841215,-2.6774154953530527] False 59298.99999055518 59299.99999055518
2271.3810595726877 2617.821317854317 3017.1020504598932 2.1759620790560915e-14 1.2836147408988589e-14 1.67125611451786e-14 1.2451961225147224e-11 3.251852000860485e-08 0.0013503534724217184 3.290311578558635e-11 2.2021148637745666e-11 2.53324388411285e-11 1.8709858434362835e-11 8.204387631714616e-11 0.0002254846725204345 0.00015091067731892634 0.0001736029108446333 0.0001282184437932194 0.0005622457369761543 1968.7656188518176 1317.6405726478697 1515.7723954497928 1119.5087498459466 4909.114504021723 15.258682695155002 -47.062005485333955 [0.0,209.32341698140596,429.2536922152072,649.1839674490087,869.1142426828098,1089.0445179166113,1308.9747931504135,1528.9050683842142,1748.835343618016,1968.7656188518176,2432.483176248957,2896.200733646097,3359.9182910432387,3823.635848440381,4287.353405837521,4751.070963234662,5214.788520631802,5678.506078028944,6142.223635426084,6605.941192823222] [-7.629341347577501,-2.691973040119791,-1.5302454865642545,-0.9242833858746096,-0.5532098078619399,-0.3138675235463282,-0.15957847843152706,-0.06511585312352963,-0.015238413680584983,0.0,-0.052918724430647046,-0.19034992756020586,-0.38888606254595715,-0.633902849857293,-0.9156035071961455,-1.2270777764769178,-1.5632539508118057,-1.92029047110141,-2.295201979927512,-2.685618640551354] False 59298.99999055518 59299.99999055518
5323.411028602609 6135.359285332078 7071.149185711414 4.226526369641312e-15 2.4699545239393866e-15 3.2309948819589077e-15 5.643069844593493e-12 3.45312280337019e-08 0.0006198053933256994 5.180881124283976e-12 5.23602683139184e-12 6.56386616646232e-12 3.9081874963213605e-12 1.8959430346247657e-11 0.00019502200967991525 0.00019709783932498977 0.0002470812088417487 0.00014711446980823087 0.0007136828890322404 1603.4940671719282 1620.5617844300978 2031.5309699539785 1209.5925989062168 5867.985261169098 13.605810035038715 -3.6343482690071376 [0.0,178.1660074635476,356.3320149270952,534.4980223906434,712.6640298541904,890.8300373177382,1068.9960447812869,1247.1620522448336,1425.3280597083808,1603.4940671719282,2304.865694147367,3006.237321122804,3707.608948098242,4408.980575073681,5110.352202049118,5811.723829024558,6513.095455999996,7214.467082975431,7915.838709950875,8617.210336926306] [-6.8029050175193575,-1.3105154343005019,-0.7296419370403777,-0.4352209825010904,-0.2582752553091625,-0.1457448576566467,-0.07397483974457053,-0.030340483377790495,-0.007303401522522179,0.0,-0.07200164484624372,-0.24111546292493102,-0.46617292290323853,-0.7276588078141097,-1.0147684233124288,-1.3208890094216423,-1.6416775350964548,-1.9741278025008189,-2.316072492183361,-2.6658974357888097] False 59298.99999055518 59299.99999055518
