data/BLLac_allsed_1d_1_min11.ecsv
# %ECSV 1.0
# ---
# datatype:
# - {name: e_min, unit: MeV, datatype: float64}
# - {name: e_ref, unit: MeV, datatype: float64}
# - {name: e_max, unit: MeV, datatype: float64}
# - {name: ref_dnde_e_min, unit: ph / (cm2 MeV s), datatype: float64}
# - {name: ref_dnde_e_max, unit: ph / (cm2 MeV s), datatype: float64}
# - {name: ref_dnde, unit: ph / (cm2 MeV s), datatype: float64}
# - {name: ref_flux, unit: ph / (cm2 s), datatype: float64}
# - {name: ref_eflux, unit: MeV / (cm2 s), datatype: float64}
# - {name: ref_npred, datatype: float64}
# - {name: dnde, unit: ph / (cm2 MeV s), datatype: float64}
# - {name: dnde_err, unit: ph / (cm2 MeV s), datatype: float64}
# - {name: dnde_errp, unit: ph / (cm2 MeV s), datatype: float64}
# - {name: dnde_errn, unit: ph / (cm2 MeV s), datatype: float64}
# - {name: dnde_ul, unit: ph / (cm2 MeV s), datatype: float64}
# - {name: e2dnde, unit: MeV / (cm2 s), datatype: float64}
# - {name: e2dnde_err, unit: MeV / (cm2 s), datatype: float64}
# - {name: e2dnde_errp, unit: MeV / (cm2 s), datatype: float64}
# - {name: e2dnde_errn, unit: MeV / (cm2 s), datatype: float64}
# - {name: e2dnde_ul, unit: MeV / (cm2 s), datatype: float64}
# - {name: norm, datatype: float64}
# - {name: norm_err, datatype: float64}
# - {name: norm_errp, datatype: float64}
# - {name: norm_errn, datatype: float64}
# - {name: norm_ul, datatype: float64}
# - {name: ts, datatype: float64}
# - {name: loglike, datatype: float64}
# - {name: norm_scan, datatype: string, subtype: 'float64[20]'}
# - {name: dloglike_scan, datatype: string, subtype: 'float64[20]'}
# - {name: ShowUL, datatype: bool}
# - {name: tstart, datatype: float64}
# - {name: tend, datatype: float64}
# meta: !!omap
# - {UL_CONF: 0.95}
# - {EXTNAME: SED}
# - {CONFIG: '{"bin_index": 2.0, "use_local_index": true, "free_background": false, "free_radius": null, "free_pars": [], "ul_confidence":
#     0.95, "cov_scale": 3.0, "make_plots": false, "write_fits": true, "write_npy": true, "optimizer": {"optimizer": "MINUIT", "tol":
#     0.001, "max_iter": 100, "init_lambda": 0.0001, "retries": 3, "min_fit_quality": 2, "verbosity": 0}, "prefix": "", "outfile": null,
#     "loge_bins": []}'}
# - {SRCNAME: 4FGL J2202.7+4216}
# - {CREATOR: fermipy 1.2.0}
# - {STVER: 2.2.0}
# schema: astropy-2.0
e_min e_ref e_max ref_dnde_e_min ref_dnde_e_max ref_dnde ref_flux ref_eflux ref_npred dnde dnde_err dnde_errp dnde_errn dnde_ul e2dnde e2dnde_err e2dnde_errp e2dnde_errn e2dnde_ul norm norm_err norm_errp norm_errn norm_ul ts loglike norm_scan dloglike_scan ShowUL tstart tend
[from data line 1569]
5323.411028602609 6135.359285332078 7071.149185711414 2.95090116809296e-15 1.6224370135963864e-15 2.1880702179269343e-15 3.827067908692181e-12 2.3384964066834062e-08 0.0005988514878131901 1.812114545750963e-11 8.134147100670125e-12 9.045941399056439e-12 7.2223528022838075e-12 3.493437781472823e-11 0.0006821276381464967 0.0003061907186345611 0.00034051305729091525 0.0002718683799782069 0.0013150219827302702 8281.793385350464 3717.49820185238 4134.209827885198 3300.7865758195617 15965.839454561226 63.366561637818066 -26.140953026448415 [0.0,2316.855232082479,3062.4725012409776,3808.089770399475,4553.707039557975,5299.324308716472,6044.941577874972,6790.558847033468,7536.176116191963,8281.793385350464,9471.397258772295,10661.001132194135,11850.605005615971,13040.208879037797,14229.812752459628,15419.416625881468,16609.0204993033,17798.624372725142,18988.228246146973,20177.83211956881] [-31.683280818909033,-2.6962026302117685,-1.780864276743106,-1.1585406084103873,-0.7250982012484712,-0.4236566732147722,-0.2197093647039594,-0.09073412590613117,-0.0212134428199775,0.0,-0.0463745127581241,-0.17110670811044315,-0.35767876708997903,-0.5943019008681674,-0.8722672133736147,-1.1849581900868387,-1.527229791041492,-1.895002049601544,-2.2849849646338356,-2.69448685921882] False 59330.99999055518 59331.99999055518
7071.149185711414 8149.575733880153 9392.473966813408 1.5140165417597889e-15 8.241484460443812e-16 1.1170382178675984e-15 2.595662626792595e-12 2.1062557939204312e-08 0.00041045147121708536 3.2653261467809094e-11 9.374201440186805e-12 1.014499330571355e-11 8.603409574660062e-12 5.062116895784023e-11 0.0021686854508607377 0.000622593069204212 0.00067378566159066 0.0005714004768177642 0.0033620345316089863 29232.000253441147 8392.014964431522 9082.04674060313 7701.983188259918 45317.31157280808 202.9872982851961 -19.717180145111858 [0.0,13742.257264986105,15678.475138542975,17614.69301209986,19550.910885656747,21487.128759213625,23423.34663277052,25359.5645063274,27295.782379884287,29232.000253441147,31649.6221160406,34067.24397864002,36484.86584123945,38902.487703838895,41320.109566438325,43737.73142903775,46155.35329163718,48572.97515423659,50990.59701683602,53408.21887943547] [-101.49364914259804,-2.697961519289919,-1.911325514944508,-1.3090247972120572,-0.8525359819909433,-0.5142775267707798,-0.27382201973505715,-0.11561768962952357,-0.02755047860563309,0.0,-0.03888608907132607,-0.14798060105608002,-0.31764897939598313,-0.5401131610586951,-0.8090032551611692,-1.119036881263117,-1.4657848864558325,-1.8454969408099977,-2.2549695362848077,-2.6914445890840994] False 59330.99999055518 59331.99999055518
9392.473966813408 10825.05221838098 12476.13311942254 7.613928459684809e-16 4.1030084583020917e-16 5.589276596393638e-16 1.7257814861046444e-12 1.859689405250776e-08 0.00027287785761546945 1.2306393294748779e-11 5.002491375632326e-12 5.527312831996201e-12 4.477669919268451e-12 2.2458297826531458e-11 0.00144208477052959 0.0005862007214236576 0.000647700221020542 0.0005247012218267731 0.0026317027655437 22017.864177072974 8950.158914769181 9889.1381320484 8011.179697489963 40181.045684914214 93.35120239576088 -36.93828449796581 [0.0,7139.962988448593,8999.700637026639,10859.438285604687,12719.175934182735,14578.913582760779,16438.65123133882,18298.388879916874,20158.12652849492,22017.864177072974,24810.12484952873,27602.385521984503,30394.646194440265,33186.906866896046,35979.16753935179,38771.42821180757,41563.68888426333,44355.94955671911,47148.210229174845,49940.47090163063] [-46.67560119788044,-2.6987178795698057,-1.8181303167645453,-1.1987803493061264,-0.7576931002847118,-0.44606052168931853,-0.23272726198943872,-0.09658660165379729,-0.022675569296104925,0.0,-0.04447190816723179,-0.16536539230219205,-0.3479305080651116,-0.5813143077391416,-0.8572984682701872,-1.1695100008866604,-1.512907049135734,-1.8834321842171988,-2.2777717101253074,-2.6931843133444886] False 59330.99999055518 59331.99999055518
12476.13311942254 14379.0435808939 16572.19366947696 3.752704846740126e-16 2.0020645294556422e-16 2.7410139115252e-16 1.1245131423462828e-12 1.6092229149875224e-08 0.0001777860164530326 7.707451497864817e-12 3.4326539780124405e-12 3.817316271157248e-12 3.047991684867632e-12 1.4801550136832705e-11 0.0015935687346760167 0.00070972487570467 0.000789256456790086 0.000630193294619254 0.0030603225371357142 28118.97986163852 12523.300095556197 13926.65777837353 11119.942412738863 54000.27367462934 91.74568529143056 -9.319882028143962 [0.0,8026.843292690607,10538.360363809094,13049.877434927583,15561.394506046077,18072.91157716457,20584.428648283058,23095.94571940155,25607.462790520043,28118.97986163852,32125.506413087423,36132.032964536316,40138.559515985246,44145.08606743414,48151.612618883046,52158.139170331924,56164.665721780846,60171.192273229724,64177.71882467866,68184.24537612754] [-45.87284264571528,-2.694952254798224,-1.7807165346100788,-1.158694337597593,-0.7253036709418623,-0.4238326865964481,-0.21983400087299998,-0.09080772308393037,-0.02124461518301146,0.0,-0.046337318728648214,-0.17104128819153708,-0.35759515693002264,-0.5942095880183569,-0.8721746576743126,-1.1848727608821115,-1.5271578511242545,-1.894949081265075,-2.2849556976369545,-2.6944853863934632] False 59330.99999055518 59331.99999055518
22013.03884703687 25370.556878452422 29240.177187505025 8.583331716031087e-17 4.488173586261955e-17 6.206728823624827e-17 4.4954495708197063e-13 1.1345378508299548e-08 7.135848868994321e-05 8.602085490076878e-13 8.73188614707565e-13 1.0944408111828215e-12 6.519364182323083e-13 3.163534596340637e-12 0.0005536862701672334 0.0005620410861850248 0.0007044534158160314 0.00041962875655401823 0.002036256990486149 13859.290029450849 14068.418961433039 17633.134011220598 10503.703911645478 50969.43472540956 18.253209378868178 -2.8130905667901303 [0.0,1539.921114383428,3079.842228766856,4619.763343150283,6159.684457533712,7699.605571917141,9239.526686300565,10779.447800684,12319.368915067424,13859.290029450849,19979.071839867807,26098.853650284782,32218.635460701717,38338.41727111868,44458.19908153564,50577.980891952604,56697.76270236955,62817.54451278652,68937.32632320348,75057.10813362047] [-9.126604689434089,-1.3178095271772756,-0.7347307474697282,-0.43921274261997745,-0.26144744488938443,-0.14820853621914587,-0.07578555584656055,-0.03152998596016321,-0.00789153669661058,0.0,-0.07098122002813056,-0.24048010567124356,-0.46652893211650737,-0.7293226611975996,-1.0179261090543528,-1.3256590956171586,-1.648140242869955,-1.982339932904151,-2.3260757341755554,-2.6777232903685215] False 59330.99999055518 59331.99999055518
100.0 115.25240587974294 132.83117061068992 5.481823656639762e-12 3.3459203685912386e-12 4.282726401461604e-12 1.403929717205828e-10 1.6154686290703657e-08 0.006495048511037035 1.9652174086302058e-08 4.35654267524655e-09 4.6367171739613755e-09 4.076368176531724e-09 2.7605579753569463e-08 0.000261042128892857 5.7868466336842645e-05 6.159005700079801e-05 5.414687567288729e-05 0.0003666881474053396 4588.706408981714 1017.2358135602018 1082.6554720794124 951.8161550409911 6445.795777229258 44.15076722753588 -321.47031786725495 [0.0,2469.9944756820605,2734.833467344518,2999.6724590069743,3264.5114506694313,3529.3504423318886,3794.1894339943447,4059.028425656801,4323.867417319259,4588.706408981714,4859.410797319489,5130.115185657264,5400.819573995038,5671.523962332811,5942.228350670582,6212.9327390083545,6483.637127346131,6754.341515683905,7025.045904021675,7295.75029235945] [-22.07538361376794,-2.696457415621751,-1.98613022753824,-1.4064762797394792,-0.9429254505075733,-0.583318161615523,-0.31738865510544656,-0.13638184753494897,-0.032763903064278566,0.0,-0.033796259204564194,-0.13030395916882753,-0.28480037009950365,-0.49309629057182747,-0.7514568922811691,-1.056536922997111,-1.4053272210315981,-1.7951102285668412,-2.2234227286672876,-2.688024429291545] False 59331.99999055518 59332.99999055518
132.83117061068992 153.091119887046 176.4411988580621 3.5141954055109352e-12 2.1301949120292876e-12 2.736041149671566e-12 1.1915187737324262e-10 1.8208877328912877e-08 0.007348890377010297 1.5016622724199174e-08 2.7484653413621887e-09 2.9123753109327613e-09 2.5845553717916156e-09 1.9989474925744602e-08 0.0003519429497990325 6.441548259054362e-05 6.825702267925976e-05 6.057394250182746e-05 0.00046849114474743065 5488.449150701469 1004.5409374387932 1064.448651030838 944.6332238467485 7305.984753973505 82.57387960142012 -376.51527651793776 [0.0,3380.4629576307075,3643.9612317645556,3907.4595058983996,4170.957780032243,4434.456054166088,4697.954328299935,4961.4526024337765,5224.950876567623,5488.449150701469,5752.140006423636,6015.830862145801,6279.521717867969,6543.212573590136,6806.903429312306,7070.594285034472,7334.2851407566395,7597.9759964788045,7861.666852200976,8125.35770792314] [-41.28693980071006,-2.695074246357592,-1.9946675321668863,-1.4189732741361922,-0.9555681436056034,-0.5938857516997587,-0.3248549299788692,-0.14062323377970642,-0.03434245108508094,0.0,-0.03233158882278531,-0.1266603709791525,-0.27876630493085486,-0.48486487748641593,-0.7415476344604031,-1.0457326854406688,-1.3946232202078477,-1.7856725135752072,-2.2165542252406,-2.685137051499396] False 59331.99999055518 59332.99999055518
176.4411988580621 203.35272664697808 234.36890988269914 2.221941115584395e-12 1.3376080636371547e-12 1.7239740001324312e-12 9.973875090323015e-11 2.0243021103219145e-08 0.007566483628892897 8.78409996395751e-09 1.6401603115900541e-09 1.7385931955499907e-09 1.5417274276301173e-09 1.1753418495186147e-08 0.0003632430130656396 6.782445281101214e-05 7.189488205260276e-05 6.37540235694215e-05 0.00048603125710438276 5095.262436256427 951.3834381864583 1008.4799396141917 894.2869367587249 6817.630947034747 86.52411895063858 -361.27577608912947 [0.0,3111.8878159274796,3359.8096434685967,3607.731471009715,3855.653298550834,4103.5751260919515,4351.496953633071,4599.4187811741895,4847.340608715308,5095.262436256427,5345.181270454309,5595.100104652196,5845.018938850079,6094.937773047964,6344.856607245845,6594.775441443733,6844.694275641613,7094.6131098395,7344.531944037383,7594.450778235269] [-43.26205947531929,-2.692635829277947,-1.9899429986850805,-1.4137195797330833,-0.950845641457704,-0.5902455437455387,-0.322472669301078,-0.13939617665033666,-0.03396080655204514,0.0,-0.03260178657905044,-0.12740608067628045,-0.28004257684500544,-0.48660666540160946,-0.7435937716192029,-1.0478450678379545,-1.396502247382898,-1.7869695833950345,-2.2168818924990887,-2.684077321326697] False 59331.99999055518 59332.99999055518
234.36890988269914 270.1158072739371 311.3149665447022 1.3856226595913133e-12 8.284078510165168e-13 1.0713826066125177e-12 8.23444764812669e-11 2.219601461024507e-08 0.007280330154208939 4.195617134459379e-09 8.853132471141709e-10 9.403695376258942e-10 8.302569566024473e-10 5.823687446385035e-09 0.00030612292218159826 6.459471147325997e-05 6.861175878615771e-05 6.057766416036222e-05 0.0004249110826432432 3916.0773271511503 826.3278138454588 877.7158895636185 774.9397381272989 5435.674809765941 75.92438857349396 -274.1233542447058 [0.0,2242.792297082934,2451.952925841462,2661.113554599988,2870.274183358517,3079.434812117043,3288.5954408755683,3497.7560696340975,3706.9166983926216,3916.0773271511503,4139.019474610077,4361.961622069001,4584.903769527928,4807.845916986853,5030.788064445779,5253.730211904701,5476.672359363629,5699.6145068225505,5922.556654281476,6145.498801740399] [-37.96219428674698,-2.7044014944684704,-1.987460611580957,-1.4060343918959575,-0.9432910588350865,-0.5854573539142507,-0.32110672379008065,-0.1406454226475944,-0.03593349971885118,0.0,-0.030666171478515025,-0.12632809924895128,-0.2815000654179016,-0.4913846918760214,-0.7517604237856972,-1.0588913449724942,-1.4094541713240005,-1.8004786117211324,-2.229298242068978,-2.69350972832666] False 59331.99999055518 59332.99999055518
311.3149665447022 358.7979888064861 413.52331434760555 8.522425261331114e-13 5.060172556806029e-13 6.566958384580953e-13 6.705212298120087e-11 2.400392121876699e-08 0.006744556946854496 3.82780367947154e-09 6.521048912951214e-10 6.853453313743428e-10 6.188644512159e-10 4.997950496232231e-09 0.0004927761221226877 8.394937318049984e-05 8.822861436722437e-05 7.967013199377533e-05 0.0006434161389474658 5828.883716484521 993.0090204717097 1043.6267313396042 942.3913096038153 7610.754025740878 148.5535579723645 -287.5865046684232 [0.0,3779.640907542227,4035.796258660015,4291.951609777799,4548.106960895589,4804.262312013375,5060.417663131158,5316.573014248947,5572.7283653667355,5828.883716484521,6089.265874081405,6349.648031678293,6610.030189275184,6870.41234687207,7130.794504468959,7391.176662065846,7651.558819662733,7911.940977259619,8172.323134856509,8432.705292453398] [-74.27677898618225,-2.6999468037654992,-1.994815456123149,-1.4167628122701785,-0.9526443429501796,-0.5912859928093326,-0.3231054882833746,-0.13982101864178276,-0.03422405497821046,0.0,-0.03262953692046722,-0.12808782249766182,-0.2817795716661067,-0.4896027872267723,-0.7478800532798573,-1.0533014514385854,-1.4028768082560532,-1.7938954942814007,-2.2238923801287456,-2.6906188473584507] False 59331.99999055518 59332.99999055518
413.52331434760555 476.5900816815941 549.2752115212968 5.169955923059505e-13 3.0486712040640156e-13 3.970075030640068e-13 5.384764178168042e-11 2.56012197172162e-08 0.006070869851551967 2.129021838534098e-09 4.0394166680032994e-10 4.262928127254319e-10 3.81590520875228e-10 2.859687289135683e-09 0.00048358198794629657 9.175054511424901e-05 9.682734206565118e-05 8.667374816284682e-05 0.0006495439544843548 5362.674060572727 1017.4660772978016 1073.7651289595492 961.167025636054 7203.106407474206 122.43814048643742 -264.46985513691664 [0.0,3294.2050270338445,3552.763656226205,3811.322285418565,4069.8809146109265,4328.439543803287,4586.99817299565,4845.55680218801,5104.11543138037,5362.674060572727,5632.018167421301,5901.362274269868,6170.706381118438,6440.050487967007,6709.394594815574,6978.738701664147,7248.082808512715,7517.426915361286,7786.771022209849,8056.11512905842] [-61.21907024321871,-2.6845508226788297,-1.9739417941834745,-1.3958254213546297,-0.9347769094370051,-0.5779699128876814,-0.31461829073657555,-0.13556103345774773,-0.0329482599390758,0.0,-0.03341064963342433,-0.13020118472053355,-0.28526879636547164,-0.4941157818662987,-0.7527565686979187,-1.0576420363539683,-1.4055973982466412,-1.7937708180069194,-2.21959060029036,-2.680729288141549] False 59331.99999055518 59332.99999055518
