data/BLLac_allsed_1d_1_min11.ecsv
# %ECSV 1.0
# ---
# datatype:
# - {name: e_min, unit: MeV, datatype: float64}
# - {name: e_ref, unit: MeV, datatype: float64}
# - {name: e_max, unit: MeV, datatype: float64}
# - {name: ref_dnde_e_min, unit: ph / (cm2 MeV s), datatype: float64}
# - {name: ref_dnde_e_max, unit: ph / (cm2 MeV s), datatype: float64}
# - {name: ref_dnde, unit: ph / (cm2 MeV s), datatype: float64}
# - {name: ref_flux, unit: ph / (cm2 s), datatype: float64}
# - {name: ref_eflux, unit: MeV / (cm2 s), datatype: float64}
# - {name: ref_npred, datatype: float64}
# - {name: dnde, unit: ph / (cm2 MeV s), datatype: float64}
# - {name: dnde_err, unit: ph / (cm2 MeV s), datatype: float64}
# - {name: dnde_errp, unit: ph / (cm2 MeV s), datatype: float64}
# - {name: dnde_errn, unit: ph / (cm2 MeV s), datatype: float64}
# - {name: dnde_ul, unit: ph / (cm2 MeV s), datatype: float64}
# - {name: e2dnde, unit: MeV / (cm2 s), datatype: float64}
# - {name: e2dnde_err, unit: MeV / (cm2 s), datatype: float64}
# - {name: e2dnde_errp, unit: MeV / (cm2 s), datatype: float64}
# - {name: e2dnde_errn, unit: MeV / (cm2 s), datatype: float64}
# - {name: e2dnde_ul, unit: MeV / (cm2 s), datatype: float64}
# - {name: norm, datatype: float64}
# - {name: norm_err, datatype: float64}
# - {name: norm_errp, datatype: float64}
# - {name: norm_errn, datatype: float64}
# - {name: norm_ul, datatype: float64}
# - {name: ts, datatype: float64}
# - {name: loglike, datatype: float64}
# - {name: norm_scan, datatype: string, subtype: 'float64[20]'}
# - {name: dloglike_scan, datatype: string, subtype: 'float64[20]'}
# - {name: ShowUL, datatype: bool}
# - {name: tstart, datatype: float64}
# - {name: tend, datatype: float64}
# meta: !!omap
# - {UL_CONF: 0.95}
# - {EXTNAME: SED}
# - {CONFIG: '{"bin_index": 2.0, "use_local_index": true, "free_background": false, "free_radius": null, "free_pars": [], "ul_confidence":
#     0.95, "cov_scale": 3.0, "make_plots": false, "write_fits": true, "write_npy": true, "optimizer": {"optimizer": "MINUIT", "tol":
#     0.001, "max_iter": 100, "init_lambda": 0.0001, "retries": 3, "min_fit_quality": 2, "verbosity": 0}, "prefix": "", "outfile": null,
#     "loge_bins": []}'}
# - {SRCNAME: 4FGL J2202.7+4216}
# - {CREATOR: fermipy 1.2.0}
# - {STVER: 2.2.0}
# schema: astropy-2.0
e_min e_ref e_max ref_dnde_e_min ref_dnde_e_max ref_dnde ref_flux ref_eflux ref_npred dnde dnde_err dnde_errp dnde_errn dnde_ul e2dnde e2dnde_err e2dnde_errp e2dnde_errn e2dnde_ul norm norm_err norm_errp norm_errn norm_ul ts loglike norm_scan dloglike_scan ShowUL tstart tend
[from data line 1871]
311.3149665447022 358.7979888064861 413.52331434760555 1.0675585710066658e-12 6.000577066109887e-13 8.003728804695739e-13 8.182109983272209e-11 2.9253132130723018e-08 0.006359178936340797 1.748932584953838e-09 5.16221699261304e-10 5.56014632652646e-10 4.764287658699618e-10 2.726433723202672e-09 0.00022515057961032718 6.645631500952242e-05 7.157909795412189e-05 6.133353206492294e-05 0.0003509901629881442 2185.1472327844867 644.9765001513292 694.6944933047151 595.2585069979433 3406.4544036063417 40.49994286689315 -138.2861433717814 [0.0,960.5277613863726,1113.6051953111369,1266.682629235901,1419.7600631606654,1572.8374970854295,1725.9149310101934,1878.9923649349573,2032.0697988597233,2185.1472327844867,2367.5216802667887,2549.896127749092,2732.2705752313946,2914.6450227136966,3097.019470195999,3279.393917678304,3461.7683651606067,3644.142812642907,3826.51726012521,4008.891707607515] [-20.249971433446575,-2.697003536878981,-1.9280472551808998,-1.330935826464156,-0.8728956866526119,-0.5299120331248446,-0.28382740001100615,-0.12055851149452224,-0.028948576354935085,0.0,-0.03716374293890112,-0.14268763990887123,-0.3082862539085056,-0.5271242770609206,-0.7934932998923045,-1.1025744625667073,-1.4502608663158298,-1.8330224756049915,-2.2478018151174126,-2.691932368898648] False 59399.99999055518 59400.99999055518
413.52331434760555 476.5900816815941 549.2752115212968 6.220737627813683e-13 3.4564683624559447e-13 4.637001488211674e-13 6.297881267570774e-11 2.990046361441349e-08 0.005487564988620873 9.815672592102974e-10 3.2048582163897296e-10 3.4656558878389765e-10 2.9440605449404833e-10 1.594476133096197e-09 0.0002229513281266942 7.279454251323531e-05 7.871825142634009e-05 6.687083360013052e-05 0.0003621662888655398 2116.814630544475 691.1488436087885 747.3915841194945 634.9061030980826 3438.593101920978 33.81028778808053 -141.3518648836357 [0.0,830.8191393838823,991.5685757789572,1152.3180121740309,1313.067448569105,1473.8168849641786,1634.5663213592525,1795.3157577543275,1956.0651941494011,2116.814630544475,2314.9580767519096,2513.101522959343,2711.244969166776,2909.388415374211,3107.531861581647,3305.67530778908,3503.818753996515,3701.962200203949,3900.105646411382,4098.249092618819] [-16.905143894040265,-2.696998429156679,-1.9102666667083952,-1.3091238803416445,-0.853552341060066,-0.5156289149512645,-0.27500963581354654,-0.11636468300977754,-0.027826102929736862,0.0,-0.038132568254809485,-0.14568937040371566,-0.31357828348757266,-0.5344226242361572,-0.8021490334254224,-1.111693345531279,-1.458785807826473,-1.8397910906610377,-2.25158701160305,-2.6914711731258762] False 59399.99999055518 59400.99999055518
549.2752115212968 633.0528961793416 729.6086933380817 3.542016307153696e-13 1.9453119450108392e-13 2.6249431673332e-13 4.7373693794216224e-11 2.9867342302308675e-08 0.004515958681210165 4.252294896428388e-10 1.7857970908796158e-10 1.962899087816387e-10 1.608695093942845e-10 7.821048990543245e-10 0.0001704132563227214 7.156688442376076e-05 7.866435266957814e-05 6.44694161779434e-05 0.0003134332069625437 1619.9569382481097 680.3183829286061 747.7872710709338 612.8494947862785 2979.5117425300323 24.96289731541134 -93.98458878444293 [0.0,454.5165643135005,600.1966110553267,745.8766577971531,891.5567045389787,1037.2367512808048,1182.9167980226314,1328.5968447644582,1474.276891506284,1619.9569382481097,1827.032417813976,2034.1078973798426,2241.1833769457103,2448.258856511574,2655.334336077441,2862.409815643309,3069.485295209174,3276.5607747750405,3483.636254340906,3690.7117339067704] [-12.48144865770567,-2.6878640388056567,-1.8230082069850653,-1.2102945380121923,-0.7700691417365135,-0.4562210545963694,-0.23947356882234772,-0.09998525559373661,-0.023638215567046927,0.0,-0.04188743443090459,-0.15739621203832144,-0.3340162784228369,-0.5623018617384616,-0.8349291827549905,-1.1460936153092547,-1.4911086956308282,-1.8661305420508967,-2.2679631255384436,-2.6939173351842527] False 59399.99999055518 59400.99999055518
729.6086933380817 840.8915725798939 969.1477682383326 1.9704986693420914e-13 1.069752560459226e-13 1.4518767154652648e-13 3.4816213707694574e-11 2.9148890967538538e-08 0.0035767644628460424 2.032970890916101e-10 1.022974199499098e-10 1.1386055447767645e-10 9.073428542214316e-11 4.1466087552466325e-10 0.00014375109456938142 7.233436619840952e-05 8.05106428605433e-05 6.415808953627574e-05 0.0002932061398326649 1400.236582941976 704.5875098088327 784.2301847315526 624.9448348861127 2856.033650155909 18.269750608111963 -89.68898284126442 [0.0,283.7967408839507,423.3517211412038,562.9067013984571,702.4616816557101,842.0166619129628,981.5716421702164,1121.1266224274693,1260.6816026847227,1400.236582941976,1624.6479688225033,1849.0593547030305,2073.470740583559,2297.8821264640846,2522.2935123446155,2746.7048982251413,2971.116284105671,3195.527669986197,3419.9390558667255,3644.350441747252] [-9.134875304055981,-2.7031943909941702,-1.7562860581753625,-1.1338356920114023,-0.7071917052548145,-0.4127950317050022,-0.21428606195344457,-0.08880554845130462,-0.020992810258860573,0.0,-0.04510061108136654,-0.16776056277356588,-0.3520206457744166,-0.5865382379673605,-0.8629405181292782,-1.1748564219068385,-1.517316052088745,-1.8863613362558738,-2.2787842503493607,-2.6919453038875645] False 59399.99999055518 59400.99999055518
969.1477682383326 1116.9661194245136 1287.3303254983532 1.0711214550332358e-13 5.747968755425467e-14 7.846510470774181e-14 2.5001590991040372e-11 2.779644996606565e-08 0.0027222405414498857 9.217110007270056e-11 5.587325551122441e-11 6.334335627632086e-11 4.8403154746127964e-11 2.137500621218017e-10 0.00011499389142706312 6.970821735735464e-05 7.9028014513439e-05 6.038842020127027e-05 0.00026667742293164413 1174.6763152360445 712.0777537904903 807.2805932300125 616.874914350968 2724.1416795141536 10.322089061673609 -53.78857136131069 [0.0,141.84107829325256,270.94548291110135,400.04988752895076,529.1542921467995,658.2586967646483,787.3631013824978,916.4675060003467,1045.571910618196,1174.6763152360445,1417.1139461516223,1659.551577067198,1901.989207982775,2144.426838898352,2386.8644698139296,2629.3021007295056,2871.7397316450806,3114.1773625606575,3356.6149934762348,3599.0526243918107] [-5.161044530836804,-2.6864513076629493,-1.6675412710482362,-1.0496146751122595,-0.644937670831986,-0.3736366280557277,-0.1940370152421309,-0.0815591142483072,-0.020452733892092567,0.0,-0.046319869001095526,-0.17645769515365828,-0.3694226770165301,-0.6113343214171749,-0.8925155875893793,-1.2059393287503894,-1.5463346789688757,-1.9096424750944223,-2.2926675270870973,-2.6928478594358793] False 59399.99999055518 59400.99999055518
1709.9759409858673 1970.7884119509856 2271.3810595726877 2.9523973900087877e-14 1.5480588837048034e-14 2.137869268180346e-14 1.2027221231112038e-11 2.358030679497174e-08 0.0014016063830458586 3.270355541485516e-11 2.333712395508655e-11 2.7173185550231223e-11 1.9501062359941882e-11 8.647571183716693e-11 0.00012702083700110516 9.064155197716333e-05 0.00010554084192964781 7.574226202467886e-05 0.0003358722670512419 1529.726625552314 1091.6066900082255 1271.0405614913846 912.1728185250668 4044.9485440599924 13.249001911611153 -20.678218578297816 [0.0,144.62069608078716,317.75893726472793,490.89717844866857,664.0354196326094,837.1736608165504,1010.3119020004912,1183.4501431844326,1356.5883843683728,1529.726625552314,1929.2797192433213,2328.8328129343286,2728.385906625336,3127.9390003163417,3527.4920940073516,3927.045187698358,4326.598281389365,4726.151375080372,5125.70446877138,5525.257562462386] [-6.624500955805576,-2.6084623558852513,-1.4524709600638879,-0.8662776922788709,-0.513388898679839,-0.2887834473076829,-0.1456192455445553,-0.058863754604605134,-0.013547983998932978,0.0,-0.0570364711060769,-0.20092835753267124,-0.4048678799643177,-0.6529340254468003,-0.9348792285363459,-1.2437080269806629,-1.5744253103382206,-1.9233352730193722,-2.2876235314825593,-2.6650952447780476] False 59399.99999055518 59400.99999055518
2271.3810595726877 2617.821317854317 3017.1020504598932 1.4970914648779193e-14 7.759424096321476e-15 1.0778018179132459e-14 8.057064538184926e-12 2.0976946509848377e-08 0.0009577654886846615 2.982359478592237e-11 1.9311203922462286e-11 2.2140264320092836e-11 1.6482143524831743e-11 7.273321617985171e-11 0.0002043807506713913 0.00013233945747895504 0.0001517269757145289 0.00011295193924338116 0.0004984398905728 2767.075940144957 1791.7212238378947 2054.2055090386702 1529.2369386371195 6748.292215787126 21.84538085935354 -33.82136632673806 [0.0,331.26677583532364,635.7429213740272,940.219066912732,1244.6952124514355,1549.17135799014,1853.6475035288447,2158.1236490675483,2462.5997946062516,2767.075940144957,3396.230082855439,4025.38422556592,4654.538368276403,5283.692510986887,5912.846653697369,6542.000796407851,7171.154939118332,7800.309081828814,8429.463224539297,9058.617367249779] [-10.92269042967677,-2.69100402204392,-1.5547467946528286,-0.9455353382527676,-0.5677861934758681,-0.3225068725871054,-0.1638471996440174,-0.06661183672395765,-0.015383395324526816,0.0,-0.05360945269760009,-0.19177767960317738,-0.391159114497313,-0.637014903765845,-0.9194147375280082,-1.231335968401666,-1.5676220844590887,-1.924371362093595,-2.298558018738518,-2.687786903551334] False 59399.99999055518 59400.99999055518
4007.6519721450045 4618.915317184078 5323.411028602609 3.590924935348923e-15 1.818546726653146e-15 2.555438276858973e-15 3.373069969729779e-12 1.5486505408354725e-08 0.00040534645025286364 6.257363615180959e-12 6.346866008674739e-12 7.95841122809673e-12 4.735320789252749e-12 2.297802334954594e-11 0.0001334969650756611 0.00013540644303366878 0.00016978775904878492 0.00010102512701855266 0.0004902218520848017 2448.645960986474 2483.670244024056 3114.3038359270577 1853.0366521210549 8991.81309039069 12.054144833169346 -13.453953520782388 [0.0,272.07177344294155,544.1435468858831,816.2153203288244,1088.2870937717662,1360.3588672147073,1632.4306406576488,1904.5024141005913,2176.5741875435324,2448.645960986474,3522.1129703120423,4595.579979637612,5669.046988963181,6742.513998288748,7815.9810076143185,8889.44801693989,9962.91502626546,11036.382035591032,12109.849044916595,13183.316054242161] [-6.027072416584673,-1.3099561623465696,-0.7308369314472625,-0.4367282493632949,-0.2597327613191993,-0.14700757711805323,-0.07497022457298286,-0.031027082095473446,-0.0076553223675333015,0.0,-0.07081806143822966,-0.2390016257717491,-0.4632389933959864,-0.723962893052585,-1.0103451559234422,-1.3157608797364588,-1.6358601210107775,-1.967632456902475,-2.308907839689745,-2.658070260321292] False 59399.99999055518 59400.99999055518
5323.411028602609 6135.359285332078 7071.149185711414 1.69859873956568e-15 8.503102744804675e-16 1.2018052922467377e-15 2.1079597339959616e-12 1.2852031038099072e-08 0.0002544232131843627 4.677990099142015e-12 4.749361810225916e-12 5.954579106187617e-12 3.5441445142642148e-12 1.7199582568722444e-11 0.00017609186709982807 0.00017877848626671742 0.00022414603929891104 0.00013341093323452382 0.0006474375840212838 3892.469212210457 3951.8562955794036 4954.695360889713 2949.017230269095 14311.455174713332 13.355724865425508 -13.588626979987804 [0.0,432.49657913449516,864.9931582689903,1297.4897374034854,1729.9863165379807,2162.482895672476,2594.9794748069708,3027.476053941467,3459.9726330759613,3892.469212210457,5604.244786555836,7316.020360901211,9027.795935246586,10739.571509591962,12451.34708393734,14163.122658282718,15874.898232628091,17586.673806973467,19298.449381318842,21010.22495566422] [-6.677862432712754,-1.3143497784252318,-0.7331953419248958,-0.4383235379557391,-0.26088437358679073,-0.14784349605676717,-0.07555448180443136,-0.03139626948620844,-0.007832301395193753,0.0,-0.0706043679923507,-0.23908055326237232,-0.46382868227805574,-0.7251768891942447,-1.01224988873091,-1.3183984272762004,-1.639258708181897,-1.9718118470195503,-2.3138823359757517,-2.6638504851973153] False 59399.99999055518 59400.99999055518
7071.149185711414 8149.575733880153 9392.473966813408 7.850795354641982e-16 3.885024502863175e-16 5.522728702348917e-16 1.2871057315777775e-12 1.0420787943265639e-08 0.00015695307618607268 3.507184036658475e-12 3.536714793881582e-12 4.435274175230197e-12 2.638155412532966e-12 1.2788754123762493e-11 0.0002329316782426328 0.0002348929807485337 0.0002945713273965789 0.0001752146341004885 0.000849372581975649 6350.455048003362 6403.926364113002 8030.94704497035 4776.9056832556535 23156.585834685677 9.575996225990846 -5.811151152546394 [0.0,705.6061164448182,1411.2122328896364,2116.818349334455,2822.424465779273,3528.0305822240916,4233.63669866891,4939.2428151137265,5644.848931558546,6350.455048003362,9101.91415903977,11853.373270076172,14604.832381112585,17356.29149214899,20107.75060318539,22859.2097142218,25610.66882525821,28362.127936294604,31113.587047331,33865.046158367426] [-4.787998112995423,-1.2869523906445028,-0.7181459336175084,-0.4280004768297374,-0.25335962004533386,-0.14234214894293196,-0.07168805345456875,-0.028942379485470404,-0.006651788142383985,0.0,-0.07282144014887937,-0.24104212155483573,-0.4644628991284101,-0.7239225634901469,-1.0087764801086987,-1.3124948218104988,-1.6307818245914856,-1.9606602035148804,-2.2999813183897526,-2.647143606120734] False 59399.99999055518 59400.99999055518
100.0 115.25240587974294 132.83117061068992 2.9680168425998026e-12 1.953940158162309e-12 2.4081792497357517e-12 7.885753254645522e-11 9.090201146115159e-09 0.0030286630446951734 1.2364503007420039e-08 4.1453480421937875e-09 4.432731725732168e-09 3.857964358655406e-09 2.0076398246094416e-08 0.00016423914084950014 5.506314330333329e-05 5.888049441321481e-05 5.1245792193451756e-05 0.00026667714806751256 5134.378185833466 1721.3619138395343 1840.698414048111 1602.0254136309572 8336.75410511796 17.039118942794687 -230.00740883741594 [0.0,1740.2092882948732,2164.4804004871967,2588.751512679522,3013.0226248718454,3437.293737064169,3861.5648492564937,4285.835961448816,4710.107073641141,5134.378185833466,5608.3982838171505,6082.418381800834,6556.438479784518,7030.458577768202,7504.478675751885,7978.4987737355705,8452.518871719258,8926.538969702946,9400.559067686621,9874.579165670313] [-8.519559471397343,-2.695438474045858,-1.9489591203836767,-1.3588185937664718,-0.8990393357614721,-0.5500361736480954,-0.296611397560099,-0.12669309031963394,-0.030504992415615106,0.0,-0.03538999958129807,-0.13656625642005338,-0.2969465823160249,-0.5109464942025852,-0.7737807735985314,-1.081312986139011,-1.4299395170992,-1.8164989177981852,-2.2382001253341173,-2.692564967735308] False 59400.99999055518 59401.99999055518
