data/CTA102_allsed_1d_3_min11.ecsv
# %ECSV 1.0
# ---
# datatype:
# - {name: e_min, unit: MeV, datatype: float64}
# - {name: e_ref, unit: MeV, datatype: float64}
# - {name: e_max, unit: MeV, datatype: float64}
# - {name: ref_dnde_e_min, unit: ph / (cm2 MeV s), datatype: float64}
# - {name: ref_dnde_e_max, unit: ph / (cm2 MeV s), datatype: float64}
# - {name: ref_dnde, unit: ph / (cm2 MeV s), datatype: float64}
# - {name: ref_flux, unit: ph / (cm2 s), datatype: float64}
# - {name: ref_eflux, unit: MeV / (cm2 s), datatype: float64}
# - {name: ref_npred, datatype: float64}
# - {name: dnde, unit: ph / (cm2 MeV s), datatype: float64}
# - {name: dnde_err, unit: ph / (cm2 MeV s), datatype: float64}
# - {name: dnde_errp, unit: ph / (cm2 MeV s), datatype: float64}
# - {name: dnde_errn, unit: ph / (cm2 MeV s), datatype: float64}
# - {name: dnde_ul, unit: ph / (cm2 MeV s), datatype: float64}
# - {name: e2dnde, unit: MeV / (cm2 s), datatype: float64}
# - {name: e2dnde_err, unit: MeV / (cm2 s), datatype: float64}
# - {name: e2dnde_errp, unit: MeV / (cm2 s), datatype: float64}
# - {name: e2dnde_errn, unit: MeV / (cm2 s), datatype: float64}
# - {name: e2dnde_ul, unit: MeV / (cm2 s), datatype: float64}
# - {name: norm, datatype: float64}
# - {name: norm_err, datatype: float64}
# - {name: norm_errp, datatype: float64}
# - {name: norm_errn, datatype: float64}
# - {name: norm_ul, datatype: float64}
# - {name: ts, datatype: float64}
# - {name: loglike, datatype: float64}
# - {name: norm_scan, datatype: string, subtype: 'float64[20]'}
# - {name: dloglike_scan, datatype: string, subtype: 'float64[20]'}
# - {name: ShowUL, datatype: bool}
# - {name: tstart, datatype: float64}
# - {name: tend, datatype: float64}
# meta: !!omap
# - {UL_CONF: 0.95}
# - {EXTNAME: SED}
# - {CONFIG: '{"bin_index": 2.0, "use_local_index": true, "free_background": false, "free_radius": null, "free_pars": [], "ul_confidence":
#     0.95, "cov_scale": 3.0, "make_plots": false, "write_fits": true, "write_npy": true, "optimizer": {"optimizer": "MINUIT", "tol":
#     0.001, "max_iter": 100, "init_lambda": 0.0001, "retries": 3, "min_fit_quality": 2, "verbosity": 0}, "prefix": "", "outfile": null,
#     "loge_bins": []}'}
# - {SRCNAME: 4FGL J2232.6+1143}
# - {CREATOR: fermipy 1.2.0}
# - {STVER: 2.2.0}
# schema: astropy-2.0
e_min e_ref e_max ref_dnde_e_min ref_dnde_e_max ref_dnde ref_flux ref_eflux ref_npred dnde dnde_err dnde_errp dnde_errn dnde_ul e2dnde e2dnde_err e2dnde_errp e2dnde_errn e2dnde_ul norm norm_err norm_errp norm_errn norm_ul ts loglike norm_scan dloglike_scan ShowUL tstart tend
[from data line 1039]
729.6086933380817 840.8915725798939 969.1477682383326 2.1164314703308721e-13 1.0773772085567814e-13 1.5100314664293612e-13 3.6280429882345254e-11 3.032867608117009e-08 0.0035573887817182265 8.52361524071708e-10 1.915253707643002e-10 2.0565096399415224e-10 1.7739977753444814e-10 1.2132169572385599e-09 0.000602703671762464 0.00013542732858692455 0.0001454155163042512 0.00012543914086959792 0.0008578640566495687 5644.660677748738 1268.3535080045942 1361.8985336804737 1174.8084823287147 8034.381959651129 150.04404089577815 -108.08483607343629 [0.0,3164.7580195368505,3474.7458518133367,3784.733684089825,4094.721516366307,4404.709348642796,4714.697180919285,5024.685013195766,5334.6728454722515,5644.660677748738,5998.347998249461,6352.0353187501805,6705.722639250905,7059.409959751625,7413.0972802523465,7766.784600753071,8120.4719212537875,8474.15924175451,8827.84656225524,9181.533882755957] [-75.02202044788908,-2.7037581480984727,-1.9661932423896644,-1.378360344218919,-0.9175446282065423,-0.5658594003745918,-0.3089639114497942,-0.1351813050741839,-0.0348753909912034,0.0,-0.031490384784106595,-0.13085159847950933,-0.29093004390350075,-0.5056496698520476,-0.7698054437172317,-1.07890412376004,-1.4290398838936085,-1.8167960088244257,-2.2391663577826932,-2.6934920051937183] False 58145.00000212926 58146.00000212926
969.1477682383326 1116.9661194245136 1287.3303254983532 1.0792578510341957e-13 5.407877157399934e-14 7.639694941260646e-14 2.4394400948357864e-11 2.7077551758176953e-08 0.002573022790726298 4.3079838782165187e-10 1.1633939819367228e-10 1.2583882832138e-10 1.0683996806596452e-10 6.536382455094443e-10 0.0005374698034095558 0.00014514658188977648 0.00015699819737296998 0.00013329496640658296 0.0008154877762921637 5638.9475120922125 1522.8277972899637 1647.1708528798274 1398.4847417000997 8555.816044162435 100.53007549595333 -104.75462624104867 [0.0,2760.9806098904182,3120.726472665644,3480.4723354408657,3840.2181982160905,4199.964060991315,4559.70992376654,4919.455786541764,5279.201649316986,5638.9475120922125,6074.0706434807435,6509.193774869272,6944.316906257801,7379.4400376463345,7814.563169034865,8249.686300423391,8684.809431811924,9119.932563200451,9555.055694588984,9990.178825977515] [-50.26503774797666,-2.697887501912362,-1.934183039981761,-1.3394437122689737,-0.8820448208298046,-0.5385715379067904,-0.29118824293021817,-0.12598681358143438,-0.03190604144751319,0.0,-0.03409174198733922,-0.13785359075011172,-0.3026627214027968,-0.5214193540818428,-0.7882061166582446,-1.098037911418288,-1.4466748217073757,-1.8304798652471845,-2.2463092552991384,-2.6914266242693685] False 58145.00000212926 58146.00000212926
1287.3303254983532 1483.6791717563765 1709.9759409858673 5.332394579967206e-14 2.6300372975437293e-14 3.744916104605524e-14 1.5892525218907417e-11 2.3423426293211778e-08 0.0017678323402890717 3.254339390898486e-10 8.430377691700256e-11 9.101703298533486e-11 7.759052084867024e-11 4.862789129969071e-10 0.0007163789943329069 0.00018557823162259078 0.0002003561482848213 0.00017080031496036026 0.001070447660229578 8690.019482402493 2251.1526176334146 2430.4158075370897 2071.8894277297395 12985.041571395363 145.45198628511162 -88.88565294405225 [0.0,4434.495585504462,4966.436072616714,5498.376559728971,6030.317046841223,6562.257533953474,7094.198021065728,7626.138508177982,8158.078995290239,8690.019482402493,9329.981446247655,9969.943410092825,10609.905373937987,11249.867337783155,11889.829301628311,12529.791265473483,13169.753229318652,13809.715193163813,14449.677157008979,15089.639120854143] [-72.72599314255581,-2.6997557211180094,-1.9402323809810582,-1.3464162892157532,-0.8883126775349126,-0.5434305430120645,-0.29446751016625683,-0.12782472529477218,-0.03261823802515096,0.0,-0.03347518355384693,-0.13662736861429892,-0.30095486801582183,-0.5194318807658505,-0.7861847840452469,-1.0962526613868135,-1.4454070453585217,-1.8300141198449182,-2.246927911753602,-2.693406463055922] False 58145.00000212926 58146.00000212926
1709.9759409858673 1970.7884119509856 2271.3810595726877 2.5526742398965743e-14 1.2392903064355788e-14 1.778624311368656e-14 1.0031841764614297e-11 1.963254194661951e-08 0.0011475748293150595 7.651971973771366e-11 3.447303940245046e-11 3.846438596261105e-11 3.048169284228986e-11 1.4835776799895005e-10 0.0002972031243966635 0.00013389352513281554 0.000149395942970932 0.00011839110729469908 0.0005762226041723442 4302.185641375361 1938.1855506024972 2162.591937867565 1713.779163337429 8341.152600393074 52.295103898771615 -21.646477737974266 [0.0,1220.2856894835008,1605.523183469984,1990.7606774564663,2375.9981714429487,2761.235665429431,3146.473159415914,3531.710653402396,3916.9481473888795,4302.185641375361,4925.944713385511,5549.703785395665,6173.462857405817,6797.221929415968,7420.981001426121,8044.74007343627,8668.499145446422,9292.258217456574,9916.017289466727,10539.77636147688] [-26.147551949385807,-2.6953149213843623,-1.7880975904447318,-1.1688075694198226,-0.7358912838824523,-0.4335598124388227,-0.22784600343096884,-0.09652450968935966,-0.02425441907956838,0.0,-0.042339684617349604,-0.16472124284486256,-0.35012324022445185,-0.5864358813795754,-0.8647359783384658,-1.178258493909233,-1.521752199276552,-1.8910591921074271,-2.282830977836074,-2.6943311213112295] False 58145.00000212926 58146.00000212926
2271.3810595726877 2617.821317854317 3017.1020504598932 1.1839805526376312e-14 5.6579649639887766e-15 8.184693326489274e-15 6.1355492104840154e-12 1.5943649102619535e-08 0.0007078358242497973 2.2076175856325535e-11 1.6299187074567528e-11 1.9028763165622194e-11 1.3569610983512868e-11 6.000692197967427e-11 0.00015128777821241156 0.00011169814080246272 0.00013040389423389572 9.299238737102976e-05 0.000411226743379525 2697.2514394494538 1991.423065518677 2324.920727822108 1657.9254032152467 7331.602979608952 11.132935339185273 -14.79980595007542 [0.0,198.4861106975722,510.8317767915573,823.1774428855425,1135.5231089795277,1447.8687750735132,1760.214441167498,2072.5601072614836,2384.905773355469,2697.2514394494538,3437.2807670918855,4177.310094734318,4917.339422376749,5657.3687500191845,6397.398077661617,7137.427405304053,7877.456732946483,8617.486060588917,9357.515388231348,10097.544715873779] [-5.566467669592637,-2.6469418000496496,-1.4447302255920818,-0.8569021176220666,-0.5062944522350428,-0.2841578067403283,-0.14300694344497167,-0.05769002267380685,-0.013236230392376314,0.0,-0.0586235858614117,-0.20536923220071834,-0.41209189374991695,-0.6622969190104833,-0.9454808526836143,-1.2545400958272133,-1.5844451434302442,-1.9315041315851857,-2.292926813751553,-2.6665529096724505] False 58145.00000212926 58146.00000212926
3017.1020504598932 3477.2827010020824 4007.6519721450045 5.320712562116389e-15 2.502784810873621e-15 3.649191497234604e-15 3.6358940069454867e-12 1.2545385198494231e-08 0.0004191856145638051 8.690424742994388e-12 8.749014906360958e-12 1.0969902304789273e-11 6.528127507932643e-12 3.1653950409090445e-11 0.00010508022717734724 0.000105788669843729 0.0001326425186789407 7.893482100851727e-05 0.00038274358255378256 2381.4657985419744 2397.5214545443982 3006.118564373062 1788.9243447157342 8674.236589961953 10.83246517986154 -5.267433212144027 [0.0,264.6073109491082,529.2146218982164,793.8219328473248,1058.4292437964327,1323.036554745541,1587.6438656946495,1852.2511766437583,2116.8584875928655,2381.4657985419744,3413.742461565724,4446.019124589475,5478.295787613227,6510.572450636973,7542.849113660726,8575.125776684476,9607.402439708225,10639.67910273198,11671.955765755725,12704.23242877948] [-5.41623258993077,-1.29685203406481,-0.7219250281504825,-0.4298249228192237,-0.2542873870850668,-0.1427991100035051,-0.07188789631655457,-0.029007488585967245,-0.006658775331785272,0.0,-0.07311784313783143,-0.24189885394665644,-0.46599485962346066,-0.726190049504229,-1.011815053236453,-1.31632721010833,-1.6354234346933225,-1.966121960327973,-2.306271249728133,-2.654267783857126] False 58145.00000212926 58146.00000212926
7071.149185711414 8149.575733880153 9392.473966813408 3.9948799823407666e-16 1.7922560106461733e-16 2.675789165864967e-16 6.259931987954681e-13 5.056547068573496e-09 7.231234713600543e-05 3.675912266716623e-12 3.7161243836598926e-12 4.657834704174391e-12 2.7744140631453944e-12 1.3459675791820348e-11 0.00024413786228759648 0.0002468085735440862 0.00030935281504469557 0.00018426433204347682 0.0008939322368088639 13737.67527580358 13887.956611329766 17407.330755331444 10368.582467328088 50301.70524466346 16.360975393943036 -3.3238554944747456 [0.0,1526.4083639781752,3052.8167279563504,4579.225091934528,6105.633455912701,7632.0418198908765,9158.450183869056,10684.858547847229,12211.266911825402,13737.67527580358,19763.665487913277,25789.655700022962,31815.645912132648,37841.63612424233,43867.62633635203,49893.61654846174,55919.6067605714,61945.596972681094,67971.58718479078,73997.57739690047] [-8.180487696971518,-1.3133698522096244,-0.731067269690028,-0.43613585694464163,-0.258909726989212,-0.1461910126710917,-0.07427873891348558,-0.030528453701182734,-0.007391900233804094,0.0,-0.07208202170863398,-0.24172406879350472,-0.46750332017062046,-0.7298121452405342,-1.0178041878894453,-1.3248451441651614,-1.6465797216751783,-1.9799942305334328,-2.322916515153837,-2.673729145877033] False 58145.00000212926 58146.00000212926
22013.03884703687 25370.556878452422 29240.177187505025 8.130410668203811e-18 3.4239936200448826e-18 5.2762177984115385e-18 3.8540896381246285e-14 9.6773552168718e-10 4.5238777518219475e-06 1.1644233137190335e-12 1.1717235309903477e-12 1.4685861810373408e-12 8.748608809433545e-13 4.24292838278071e-12 0.0007494987142508623 0.0007541976097419931 0.0009452777537908886 0.0005631174656930976 0.002731025160768946 220692.80651560586 222076.41453753246 278340.70486617787 165812.12420888702 804160.962433751 15.870081647861072 -5.116124329863234 [0.0,24521.42294617843,49042.84589235686,73564.2688385353,98085.69178471372,122607.1147308922,147128.5376770706,171649.96062324898,196171.38356942745,220692.80651560586,316872.59391049546,413052.38130538515,509232.1687002748,605411.9560951643,701591.7434900538,797771.5308849433,893951.318279833,990131.1056747225,1086310.8930696119,1182490.6804645017] [-7.935040823930536,-1.3087145355189387,-0.7270923976201518,-0.43275699507435306,-0.2561057499300903,-0.143953467580185,-0.07260339862249765,-0.029412902410977715,-0.006834627949858785,0.0,-0.07341757573606689,-0.24346993377970616,-0.469259222610817,-0.7313687995839357,-1.0190384648411186,-1.3256784865502738,-1.646958947663527,-1.9798816670858965,-2.3222845020668723,-2.672556776242822] False 58145.00000212926 58146.00000212926
100.0 115.25240587974294 132.83117061068992 8.333887299698469e-12 4.830667117832619e-12 6.3449377729317574e-12 2.0820564497301187e-10 2.392848884233531e-08 0.004700455231198328 3.943422252944516e-08 7.994859591947846e-09 8.477454006244795e-09 7.512265177650895e-09 5.404606264679232e-08 0.0005238093940708648 0.00010619665584665362 0.00011260701394477803 9.978629774852918e-05 0.0007179001768272113 6215.068443645918 1260.0375099114206 1336.0972651947195 1183.9777546281214 8517.981512341872 74.05227260565431 -241.00260699274074 [0.0,3638.3216856374856,3960.4150303885394,4282.508375139593,4604.601719890648,4926.6950646417,5248.788409392758,5570.88175414381,5892.9750988948645,6215.068443645918,6552.451396877196,6889.834350108466,7227.217303339742,7564.600256571012,7901.983209802289,8239.366163033563,8576.749116264837,8914.132069496109,9251.515022727386,9588.897975958662] [-37.026136302827155,-2.689129885308006,-1.9785929022197308,-1.4004005608797172,-0.9390900242705129,-0.5818201341044187,-0.3178019156463563,-0.13787724558019931,-0.034201402207003184,0.0,-0.032265380052706405,-0.12838497057379072,-0.2831797434749035,-0.49208689119137716,-0.7510646492100648,-1.0565149660823465,-1.4052201249324128,-1.7942903825563974,-2.2211203910292454,-2.683352680890181] False 58146.00000212926 58147.00000212926
132.83117061068992 153.091119887046 176.4411988580621 5.4679568982348554e-12 3.1146952110850935e-12 4.126865537590465e-12 1.799515854990835e-10 2.7459937508501336e-08 0.006061303258939063 3.245355422394897e-08 4.9872285084775726e-09 5.228626232600416e-09 4.745830784354728e-09 4.135252371970934e-08 0.000760610412528598 0.00011688513088678072 0.00012254274303186426 0.00011122751874169718 0.0009691745905086728 7863.97180337926 1208.4785566794706 1266.9727629781783 1149.9843503807629 10020.322528815333 164.688231818154 -321.3899900422073 [0.0,5325.376363500081,5642.700793484979,5960.025223469875,6277.349653454771,6594.674083439669,6911.998513424566,7229.322943409465,7546.647373394355,7863.97180337926,8178.126372514194,8492.280941649133,8806.435510784075,9120.590079919015,9434.744649053951,9748.899218188895,10063.053787323828,10377.208356458781,10691.362925593718,11005.517494728649] [-82.344115909077,-2.698376689274369,-2.002897572036318,-1.4285079037402966,-0.964244718193072,-0.6005935181236737,-0.32924094887312094,-0.1428785341062735,-0.03504524830276523,0.0,-0.03197248758795013,-0.12580032651078454,-0.2774632055723032,-0.4833250683265078,-0.740086214795042,-1.0447426926616572,-1.3945516788648433,-1.7870018159605934,-2.219787671530071,-2.6907876480323694] False 58146.00000212926 58147.00000212926
176.4411988580621 203.35272664697808 234.36890988269914 3.4646910247572294e-12 1.9394829592789997e-12 2.592240189813345e-12 1.5020755479719675e-10 3.043384195035558e-08 0.006823321890782785 1.0965872451488596e-08 2.2186649292355136e-09 2.34897642500137e-09 2.0883534334696574e-09 1.5001377131406555e-08 0.00045346439208526713 9.174696749642663e-05 9.713565165909571e-05 8.635828333375754e-05 0.0006203419191157621 4230.268666684855 855.8870964018458 906.1569349291311 805.6172578745606 5787.03207764352 85.27708626077106 -231.81471490573784 [0.0,2484.719671113183,2702.913295559641,2921.1069200061,3139.30054445256,3357.494168899018,3575.6877933454793,3793.8814177919367,4012.0750422383967,4230.268666684855,4458.542520181725,4686.816373678598,4915.09022717547,5143.364080672341,5371.637934169215,5599.911787666085,5828.185641162956,6056.459494659828,6284.733348156698,6513.007201653572] [-42.63854313038553,-2.683456604808157,-1.9704333575616886,-1.3915180382804238,-0.9306522694056127,-0.5745724994107206,-0.3121860117548181,-0.1341139089242347,-0.03234973097298166,0.0,-0.03396421501085456,-0.13139893088737153,-0.2870894779274522,-0.4964498805113067,-0.75542439031301,-1.0604077570579022,-1.4081800834982232,-1.7958531531762105,-2.220825871730625,-2.680747012886826] False 58146.00000212926 58147.00000212926
