data/CTA102_allsed_14d_min11.ecsv
# %ECSV 1.0
# ---
# datatype:
# - {name: e_min, unit: MeV, datatype: float64}
# - {name: e_ref, unit: MeV, datatype: float64}
# - {name: e_max, unit: MeV, datatype: float64}
# - {name: ref_dnde_e_min, unit: ph / (cm2 MeV s), datatype: float64}
# - {name: ref_dnde_e_max, unit: ph / (cm2 MeV s), datatype: float64}
# - {name: ref_dnde, unit: ph / (cm2 MeV s), datatype: float64}
# - {name: ref_flux, unit: ph / (cm2 s), datatype: float64}
# - {name: ref_eflux, unit: MeV / (cm2 s), datatype: float64}
# - {name: ref_npred, datatype: float64}
# - {name: dnde, unit: ph / (cm2 MeV s), datatype: float64}
# - {name: dnde_err, unit: ph / (cm2 MeV s), datatype: float64}
# - {name: dnde_errp, unit: ph / (cm2 MeV s), datatype: float64}
# - {name: dnde_errn, unit: ph / (cm2 MeV s), datatype: float64}
# - {name: dnde_ul, unit: ph / (cm2 MeV s), datatype: float64}
# - {name: e2dnde, unit: MeV / (cm2 s), datatype: float64}
# - {name: e2dnde_err, unit: MeV / (cm2 s), datatype: float64}
# - {name: e2dnde_errp, unit: MeV / (cm2 s), datatype: float64}
# - {name: e2dnde_errn, unit: MeV / (cm2 s), datatype: float64}
# - {name: e2dnde_ul, unit: MeV / (cm2 s), datatype: float64}
# - {name: norm, datatype: float64}
# - {name: norm_err, datatype: float64}
# - {name: norm_errp, datatype: float64}
# - {name: norm_errn, datatype: float64}
# - {name: norm_ul, datatype: float64}
# - {name: ts, datatype: float64}
# - {name: loglike, datatype: float64}
# - {name: norm_scan, datatype: string, subtype: 'float64[20]'}
# - {name: dloglike_scan, datatype: string, subtype: 'float64[20]'}
# - {name: ShowUL, datatype: bool}
# - {name: tstart, datatype: float64}
# - {name: tend, datatype: float64}
# meta: !!omap
# - {UL_CONF: 0.95}
# - {EXTNAME: SED}
# - {CONFIG: '{"bin_index": 2.0, "use_local_index": true, "free_background": false, "free_radius": null, "free_pars": [], "ul_confidence":
#     0.95, "cov_scale": 3.0, "make_plots": false, "write_fits": true, "write_npy": true, "optimizer": {"optimizer": "MINUIT", "tol":
#     0.001, "max_iter": 100, "init_lambda": 0.0001, "retries": 3, "min_fit_quality": 2, "verbosity": 0}, "prefix": "", "outfile": null,
#     "loge_bins": []}'}
# - {SRCNAME: 4FGL J2232.6+1143}
# - {CREATOR: fermipy 1.2.0}
# - {STVER: 2.2.0}
# schema: astropy-2.0
e_min e_ref e_max ref_dnde_e_min ref_dnde_e_max ref_dnde ref_flux ref_eflux ref_npred dnde dnde_err dnde_errp dnde_errn dnde_ul e2dnde e2dnde_err e2dnde_errp e2dnde_errn e2dnde_ul norm norm_err norm_errp norm_errn norm_ul ts loglike norm_scan dloglike_scan ShowUL tstart tend
[from data line 1317]
176.4411988580621 203.35272664697808 234.36890988269914 3.5902119920834113e-12 1.998076534112069e-12 2.678342460155085e-12 1.5521926775529578e-10 3.144494739891076e-08 0.10693522507161674 9.746169003526787e-10 2.24315722415602e-10 2.384204832097376e-10 2.1021096162146635e-10 1.3875455934805984e-09 4.030268108530301e-05 9.275978099357731e-06 9.859242842524843e-06 8.692713356190617e-06 5.73782452624513e-05 363.88808184605523 83.75169559258428 89.01792312097842 78.48546806419013 518.0613062454511 34.60830424682399 -814.3094185974737 [0.0,190.37824681022514,212.0669761897039,233.75570556918277,255.4444349486615,277.1331643281402,298.8218937076188,320.510623087098,342.1993524665766,363.88808184605523,386.1028240955714,408.31756634508764,430.5323085946035,452.74705084411966,474.96179309363583,497.17653534315235,519.3912775926682,541.6060198421844,563.8207620917004,586.0355043412167] [-17.304152123411995,-2.7130121497469872,-2.0230106366445852,-1.4523784592059883,-0.989755049270002,-0.6254509843404321,-0.35112487762125966,-0.15953608676045405,-0.04435263042580573,0.0,-0.022843732576234288,-0.11009891728201637,-0.25755224581280345,-0.4614238431410058,-0.7183076002709186,-1.0251216368651512,-1.3790668730775906,-1.7775921487270807,-2.2183646707790103,-2.6992448290768607] False 60772.65603222185 60786.65603222185
234.36890988269914 270.1158072739371 311.3149665447022 2.0726317116607235e-12 1.1452514252781159e-12 1.5406766117054124e-12 1.1862335942711386e-10 3.1915519006427896e-08 0.10116315363854511 6.925659564247704e-10 1.3438528302134779e-10 1.419933738604731e-10 1.267771921822225e-10 9.343120808728873e-10 5.053137776632769e-05 9.805092842914262e-06 1.0360198546141443e-05 9.249987139687082e-06 6.816979129894606e-05 449.5206529150542 87.22484783655764 92.16299694670978 82.2866987264055 606.4297165118088 55.23058860880428 -766.8078355625374 [0.0,264.1073080733996,287.2839761786064,310.4606442838131,333.63731238901994,356.81398049422677,379.9906485994337,403.1673167046406,426.3439848098473,449.5206529150542,472.2606148406546,495.0005767662548,517.7405386918552,540.4805006174557,563.2204625430562,585.9604244686568,608.7003863942572,631.4403483198573,654.1803102454573,676.9202721710582] [-27.61529430440214,-2.7015942633926215,-2.0056474831139894,-1.430830739864632,-0.9660759248498607,-0.601865122860886,-0.32994420057673324,-0.14310101747764747,-0.034991266564475154,0.0,-0.03190436149748166,-0.12516025843569878,-0.2759635332304242,-0.48087532583099346,-0.7367752573094322,-1.0408220303236249,-1.3904200602272567,-1.7831910468156593,-2.216949622155994,-2.6896823832275913] False 60772.65603222185 60786.65603222185
311.3149665447022 358.7979888064861 413.52331434760555 1.179498889603869e-12 6.470873573509505e-13 8.736354042002571e-13 8.936552511076789e-11 3.1932150127973185e-08 0.08947427510780442 2.4935385891520857e-10 6.634071641574478e-11 7.093477269594471e-11 6.174666013554484e-11 3.717432829443214e-10 3.210081757628914e-05 8.540438254321579e-06 9.131858668777852e-06 7.949017839865308e-06 4.785674207297646e-05 285.4209636152189 75.93638730389408 81.19493824873064 70.67783635905752 425.5130700485089 29.87800334553731 -669.3048810611614 [0.0,130.1184009205349,149.53122125737036,168.94404159420588,188.35686193104132,207.76968226787685,227.18250260471237,246.595322941548,266.0081432783834,285.4209636152189,305.958051360239,326.4951391052588,347.03222685027885,367.5693145952988,388.1064023403186,408.6434900853387,429.18057783035863,449.7176655753789,470.25475332039844,490.79184106541857] [-14.939001672768654,-2.703399709243058,-1.9728564350850775,-1.385684160990536,-0.9220890017292049,-0.5663869846476928,-0.3059055381274902,-0.1302352149299395,-0.03070426143926852,0.0,-0.03553774603335569,-0.13481460889340724,-0.2923864313778495,-0.5035280907424067,-0.7641080973290855,-1.0704898968031102,-1.4194532492646204,-1.8081309167945392,-2.2339571730857415,-2.6946255491010334] False 60772.65603222185 60786.65603222185
413.52331434760555 476.5900816815941 549.2752115212968 6.616767788727714e-13 3.6042878946040893e-13 4.883516769943317e-13 6.636129353181756e-11 3.149160292049376e-08 0.07587032685144057 1.3160867563494913e-10 3.741664631393414e-11 3.9992327505799627e-11 3.484096512206866e-11 2.0109492140030296e-10 2.989334531126686e-05 8.498746175020014e-06 9.0837815224901e-06 7.913710827549928e-06 4.56763195644906e-05 269.4956971274549 76.61824065850077 81.8924750129686 71.34400630403293 411.78300571830954 30.22460580260008 -497.8712196500445 [0.0,116.9237330353533,135.99522854686606,155.06672405837872,174.13821956989142,193.2097150814041,212.28121059291686,231.3527061044296,250.4242016159423,269.4956971274549,290.5834088652258,311.67112060299667,332.7588323407673,353.8465440785381,374.93425581630885,396.0219675540796,417.1096792918503,438.1973910296212,459.28510276739183,480.37281450516264] [-15.11230290130004,-2.7061378365382893,-1.958639968289674,-1.3664569474411792,-0.9043711018753129,-0.5532248267584237,-0.2980708200745994,-0.1269883154748186,-0.030294303587709237,0.0,-0.03578687010269732,-0.13702944861034894,-0.29734854000116684,-0.5113181279850778,-0.7742785247851316,-1.0821939561444651,-1.4315423409956907,-1.8192288147281488,-2.242517043733244,-2.698974063041419] False 60772.65603222185 60786.65603222185
549.2752115212968 633.0528961793416 729.6086933380817 3.659228307220457e-13 1.9789211496311317e-13 2.6909708821329653e-13 4.858547393610951e-11 3.062016633393058e-08 0.06179966174622631 8.578315593076931e-11 2.384326720353136e-11 2.5506128823734254e-11 2.2180405583328468e-11 1.3017610819046975e-10 3.4378111809885754e-05 9.555331660885796e-06 1.0221733381403497e-05 8.888929940368095e-06 5.2168852425520916e-05 318.7814349844407 88.60470160357991 94.78411302435622 82.42529018280361 483.7514558585161 38.22106480028572 -443.55443118566143 [0.0,144.58799652663433,166.36217633386008,188.13635614108586,209.91053594831163,231.6847157555375,253.4588955627632,275.23307536998897,297.00725517721474,318.7814349844407,343.2075599216841,367.63368485892744,392.05980979617095,416.48593473341424,440.9120596706578,465.3381846079009,489.7643095451445,514.1904344823879,538.6165594196314,563.0426843568744] [-19.11053240014286,-2.692790178972359,-1.94506281167196,-1.354938675293397,-0.895827460742737,-0.5477436063194432,-0.2952320508439925,-0.12605886744864847,-0.03034927812444721,0.0,-0.03542926101562216,-0.13669878304449412,-0.29715939665049973,-0.5111856899665099,-0.7739693272951058,-1.0813629534193865,-1.429760361077001,-1.816003148908635,-2.2373070594780415,-2.691203160780674] False 60772.65603222185 60786.65603222185
729.6086933380817 840.8915725798939 969.1477682383326 1.9947361866888354e-13 1.0710534033081905e-13 1.461666508289454e-13 3.506164992172345e-11 2.9346745008562308e-08 0.04888258547752733 3.634716017046655e-11 1.2492435423658969e-11 1.355472292359176e-11 1.1430147923726179e-11 6.045306017166829e-11 2.570102740939255e-05 8.833384058829606e-06 9.584526101959886e-06 8.082242015699329e-06 4.274627643994452e-05 248.66930975248633 85.46707031194485 92.73471648094653 78.19942414294319 413.58996617097534 26.485713188524414 -348.6976550515791 [0.0,90.65349460816942,110.40547150120906,130.15744839424855,149.90942528728823,169.6614021803279,189.4133790733675,209.16535596640713,228.91733285944667,248.66930975248633,273.3444836956077,298.0196576387296,322.6948315818512,347.3700055249726,372.04517946809426,396.72035341121585,421.3955273543375,446.0707012974594,470.7458752405807,495.4210491837022] [-13.242856594262207,-2.6978136112282414,-1.9105253702939535,-1.3105948903647686,-0.8564815645759154,-0.5195689677409518,-0.2792156304346918,-0.11999256537319525,-0.030034109281189103,0.0,-0.03539854090377048,-0.14103620154537566,-0.3076603394691233,-0.5278057732141406,-0.7953543218380332,-1.105223465695417,-1.4531409287432666,-1.8354780327015305,-2.249124227764071,-2.691391086616136] False 60772.65603222185 60786.65603222185
969.1477682383326 1116.9661194245136 1287.3303254983532 1.0719012513111702e-13 5.714353633568966e-14 7.826380268206426e-14 2.4942125303304146e-11 2.772602073537931e-08 0.037460045610622106 2.6687862446981346e-11 8.462126896087703e-12 9.364289017593747e-12 7.559964774581659e-12 4.279412403497779e-11 3.3296132456137775e-05 1.0557462162903627e-05 1.1683011635224637e-05 9.43191269058262e-06 5.339051881894637e-05 340.99879551466546 108.12312468976123 119.65031977343166 96.59592960609079 546.7933140026805 43.78419454415064 -289.44170656298667 [0.0,141.53401520752317,166.467112745916,191.40021028430877,216.33330782270153,241.26640536109434,266.19950289948713,291.13260043787994,316.0656979762727,340.99879551466546,371.74972623423014,402.50065695379544,433.2515876733605,464.00251839292537,494.75344911249033,525.5043798320553,556.2553105516204,587.0062412711853,617.7571719907501,648.5081027103156] [-21.89209727207532,-2.696044324843001,-1.909608284586625,-1.3085557026442416,-0.8530998601609099,-0.5153316930054643,-0.27486864682549594,-0.11634112789874962,-0.02785399087258611,0.0,-0.038030071154423695,-0.14544949794498052,-0.3131771758210107,-0.5338572993908883,-0.8014424955753157,-1.1108966126129758,-1.4579780036119132,-1.8390783673051487,-2.2511008069080276,-2.691366129774906] False 60772.65603222185 60786.65603222185
1287.3303254983532 1483.6791717563765 1709.9759409858673 5.678026848451848e-14 3.005359663460614e-14 4.1309215507418696e-14 1.749080369949119e-11 2.5822028791059938e-08 0.027724972657773073 1.0879935891663972e-11 4.383348481028912e-12 4.839224016570666e-12 3.927472945487157e-12 1.9741958095404725e-11 2.395004514364698e-05 9.64908203929895e-06 1.0652602626628389e-05 8.645561451969512e-06 4.345804904707183e-05 263.3779353594855 106.11066870155665 117.14635480554195 95.07498259757135 477.90687508600297 28.822703284512215 -200.5463718427653 [0.0,81.9746696965225,104.65007790439286,127.32548611226315,150.00089432013348,172.676302528004,195.35171073587443,218.0271189437447,240.70252715161513,263.3779353594855,296.04528302440207,328.7126306893187,361.37997835423516,394.04732601915197,426.71467368406854,459.38202134898546,492.049369013902,524.7167166788184,557.3840643437353,590.0514120086516] [-14.411351642256108,-2.693548174209951,-1.8441800381993119,-1.2332652002695852,-0.7901928999391146,-0.4721041853345582,-0.25094056094613393,-0.10728711427057647,-0.02712804233797783,0.0,-0.03836180399355271,-0.15237612761234232,-0.3288320513017027,-0.557766093451022,-0.8314699917116002,-1.1438521935963877,-1.490011400143402,-1.8659426782363937,-2.2683294400808904,-2.6943927561892167] False 60772.65603222185 60786.65603222185
1709.9759409858673 1970.7884119509856 2271.3810595726877 2.964923264260115e-14 1.55811369695477e-14 2.1493458419862357e-14 1.2090973676459329e-11 2.370655187683209e-08 0.01965930245429015 6.0530937778782914e-12 2.9025916214496905e-12 3.305305215986018e-12 2.499878026913363e-12 1.193679313083379e-11 2.3510258391142196e-05 1.1273686073333246e-05 1.2837828479283775e-05 9.709543667382718e-06 4.636258765610625e-05 281.6249325555053 135.04535029911108 153.78191594013305 116.30878465808911 555.3686567166343 14.923912077669229 -127.75166608507146 [0.0,59.84575147383601,87.56814910904465,115.29054674425332,143.0129443794619,170.7353420146706,198.4577396498792,226.18013728508785,253.9025349202965,281.6249325555053,323.4496172726761,365.27430198984695,407.09898670701773,448.9236714241885,490.7483561413593,532.5730408585302,574.397725575701,616.2224102928718,658.0470950100428,699.8717797272137] [-7.4619560388346144,-2.7112189432231446,-1.809831845981705,-1.1891580540334417,-0.7512743015169576,-0.44304509239162826,-0.23211039148011992,-0.09716935537667837,-0.023390947560471886,0.0,-0.04268590755692969,-0.16166602560150523,-0.3424919637293442,-0.5745378202471159,-0.8497466593313447,-1.1618555828223691,-1.505894572108275,-1.8778501121158513,-2.2744322674666364,-2.692909055164961] False 60772.65603222185 60786.65603222185
2271.3810595726877 2617.821317854317 3017.1020504598932 1.5261696969150348e-14 7.962972021380793e-15 1.1023995009257606e-14 8.239255796569014e-12 2.145465976217334e-08 0.013465197688780406 7.17024689703624e-12 2.570031418113518e-12 2.8098446272044237e-12 2.3302182090226118e-12 1.2231890907183364e-11 4.913761918490195e-05 1.7612395630155288e-05 1.9255832782743286e-05 1.596895847756728e-05 8.382500713565083e-05 650.4218199495637 233.13067685129448 254.8844248246488 211.37692887794012 1109.5697065275706 48.467221304559615 -114.22704386349214 [0.0,236.93356321613433,288.619595307813,340.3056273994917,391.99165949117037,443.67769158284887,495.3637236745277,547.0497557662064,598.7357878578847,650.4218199495637,720.1017273072048,789.7816346648456,859.4615420224862,929.1414493801274,998.8213567377688,1068.5012640954092,1138.1811714530504,1207.8610788106912,1277.540986168332,1347.2208935259728] [-24.233610652279808,-2.6971145937502286,-1.8692920338776986,-1.259076184461307,-0.809316333128919,-0.4830586529371601,-0.254966626430587,-0.10688020959226208,-0.025321100936665175,0.0,-0.040936266158482226,-0.15446261179359055,-0.32906121966975377,-0.5557933644112296,-0.8275779210237744,-1.1387066275662363,-1.4845083786271829,-1.8611106122871348,-2.2652658499131775,-2.6942230921496844] False 60772.65603222185 60786.65603222185
3017.1020504598932 3477.2827010020824 4007.6519721450045 7.744003607312913e-15 4.0116643251198e-15 5.573718956411076e-15 5.534646617216536e-12 1.9140359245999587e-08 0.009023534171332281 2.640091289856105e-12 1.3145775745183273e-12 1.477077408203326e-12 1.1520777408333284e-12 5.430294763801808e-12 3.192265058513428e-05 1.5895208146642957e-05 1.7860074070332806e-05 1.3930342222953105e-05 6.56603818910283e-05 473.66781685671197 235.85286319581232 265.00751468718073 206.69821170444385 974.2677745808663 40.816920872692776 -70.06911821814589 [0.0,113.71304729593263,158.70739349103002,203.70173968612747,248.69608588122486,293.6904320763221,338.68477827141965,383.6791244665168,428.67347066161443,473.66781685671197,551.3724192577296,629.0770216587467,706.7816240597646,784.4862264607818,862.1908288617991,939.8954312628172,1017.6000336638349,1095.3046360648523,1173.0092384658703,1250.7138408668875] [-20.408460436346388,-2.698226170087082,-1.7446828792717213,-1.1226139262440569,-0.6994427876117442,-0.40914777616956144,-0.21402677884228183,-0.0905019131624556,-0.022836673735739055,0.0,-0.043697407268979305,-0.16923988023565073,-0.35783315936308213,-0.5965453799851161,-0.8760906783536342,-1.1895713242262502,-1.5317201311344206,-1.8984217632939817,-2.2863980631223626,-2.692994212078773] False 60772.65603222185 60786.65603222185
