data/CTA102_allsed_14d_min11.ecsv
# %ECSV 1.0
# ---
# datatype:
# - {name: e_min, unit: MeV, datatype: float64}
# - {name: e_ref, unit: MeV, datatype: float64}
# - {name: e_max, unit: MeV, datatype: float64}
# - {name: ref_dnde_e_min, unit: ph / (cm2 MeV s), datatype: float64}
# - {name: ref_dnde_e_max, unit: ph / (cm2 MeV s), datatype: float64}
# - {name: ref_dnde, unit: ph / (cm2 MeV s), datatype: float64}
# - {name: ref_flux, unit: ph / (cm2 s), datatype: float64}
# - {name: ref_eflux, unit: MeV / (cm2 s), datatype: float64}
# - {name: ref_npred, datatype: float64}
# - {name: dnde, unit: ph / (cm2 MeV s), datatype: float64}
# - {name: dnde_err, unit: ph / (cm2 MeV s), datatype: float64}
# - {name: dnde_errp, unit: ph / (cm2 MeV s), datatype: float64}
# - {name: dnde_errn, unit: ph / (cm2 MeV s), datatype: float64}
# - {name: dnde_ul, unit: ph / (cm2 MeV s), datatype: float64}
# - {name: e2dnde, unit: MeV / (cm2 s), datatype: float64}
# - {name: e2dnde_err, unit: MeV / (cm2 s), datatype: float64}
# - {name: e2dnde_errp, unit: MeV / (cm2 s), datatype: float64}
# - {name: e2dnde_errn, unit: MeV / (cm2 s), datatype: float64}
# - {name: e2dnde_ul, unit: MeV / (cm2 s), datatype: float64}
# - {name: norm, datatype: float64}
# - {name: norm_err, datatype: float64}
# - {name: norm_errp, datatype: float64}
# - {name: norm_errn, datatype: float64}
# - {name: norm_ul, datatype: float64}
# - {name: ts, datatype: float64}
# - {name: loglike, datatype: float64}
# - {name: norm_scan, datatype: string, subtype: 'float64[20]'}
# - {name: dloglike_scan, datatype: string, subtype: 'float64[20]'}
# - {name: ShowUL, datatype: bool}
# - {name: tstart, datatype: float64}
# - {name: tend, datatype: float64}
# meta: !!omap
# - {UL_CONF: 0.95}
# - {EXTNAME: SED}
# - {CONFIG: '{"bin_index": 2.0, "use_local_index": true, "free_background": false, "free_radius": null, "free_pars": [], "ul_confidence":
#     0.95, "cov_scale": 3.0, "make_plots": false, "write_fits": true, "write_npy": true, "optimizer": {"optimizer": "MINUIT", "tol":
#     0.001, "max_iter": 100, "init_lambda": 0.0001, "retries": 3, "min_fit_quality": 2, "verbosity": 0}, "prefix": "", "outfile": null,
#     "loge_bins": []}'}
# - {SRCNAME: 4FGL J2232.6+1143}
# - {CREATOR: fermipy 1.2.0}
# - {STVER: 2.2.0}
# schema: astropy-2.0
e_min e_ref e_max ref_dnde_e_min ref_dnde_e_max ref_dnde ref_flux ref_eflux ref_npred dnde dnde_err dnde_errp dnde_errn dnde_ul e2dnde e2dnde_err e2dnde_errp e2dnde_errn e2dnde_ul norm norm_err norm_errp norm_errn norm_ul ts loglike norm_scan dloglike_scan ShowUL tstart tend
[from data line 2259]
176.4411988580621 203.35272664697808 234.36890988269914 1.1029130475288542e-12 7.445964609268728e-13 9.062147382933338e-13 5.234494420868337e-11 1.0652798628978802e-08 0.026432999262168452 1.7071837445197236e-09 3.262999902551195e-10 3.436137198598615e-10 3.089862606503775e-10 2.2910976405269574e-09 7.059602802341527e-05 1.3493265344188854e-05 1.4209228429175973e-05 1.2777302259201737e-05 9.474222898046874e-05 1883.8622595510287 360.06917176125097 379.17472022909953 340.9636232934024 2528.2061124295565 52.89670945148782 -760.1245862447975 [0.0,1115.2686914806718,1211.3428874894657,1307.4170834982608,1403.4912795070554,1499.5654755158507,1595.6396715246442,1691.7138675334393,1787.7880635422339,1883.8622595510287,1976.9372570804296,2070.0122546098332,2163.0872521392353,2256.1622496686377,2349.23724719804,2442.312244727441,2535.3872422568443,2628.4622397862454,2721.537237315649,2814.6122348450494] [-26.44835472574391,-2.7041271100774793,-2.0143049909704587,-1.4418358070453223,-0.9769041716195943,-0.6109714689845305,-0.3365550305727538,-0.14705413161277647,-0.036611215494644966,0.0,-0.030516110231928906,-0.12208237553659274,-0.2712120035060934,-0.4747303381026313,-0.7297372257614825,-1.033575021102024,-1.3838012320691178,-1.778165007502821,-2.214586827120229,-2.691140876237114] False 60156.65603222185 60170.65603222185
234.36890988269914 270.1158072739371 311.3149665447022 1.0901437890557559e-12 6.830706294565899e-13 8.629282729106219e-13 6.626941260380799e-11 1.7882807997824552e-08 0.042041216029224227 5.403894970914396e-10 1.4908411223750812e-10 1.5930116374339811e-10 1.388670607316181e-10 8.15206291563982e-10 3.9428195343947055e-05 1.0877556894827581e-05 1.1623019019427747e-05 1.0132094770227414e-05 5.947952926990466e-05 626.2275951032731 172.7653582778711 184.6053359754708 160.92538058027137 944.697626854112 25.279572432022633 -644.514872441086 [0.0,271.62847894490835,315.95336846470394,360.27825798449965,404.60314750429484,448.92803702409054,493.25292654388596,537.5778160636817,581.9027055834772,626.2275951032731,672.8178825593375,719.4081700154026,765.9984574714674,812.5887449275319,859.1790323835971,905.7693198396615,952.359607295726,998.9498947517912,1045.5401822078563,1092.1304696639204] [-12.639786216011316,-2.7043371678615813,-1.97810749271855,-1.392679812711549,-0.929162253524396,-0.5725144604849675,-0.31053662314070607,-0.13317477227496965,-0.03202951545790711,0.0,-0.03420005533985204,-0.1320142500211432,-0.2882163520495169,-0.49825758692441013,-0.7581500361816325,-1.0643745551554957,-1.4138072047544483,-1.8036598530133006,-2.2314317553968976,-2.6948697371465187] False 60156.65603222185 60170.65603222185
311.3149665447022 358.7979888064861 413.52331434760555 9.28176488566561e-13 5.397771854391705e-13 7.078195339133202e-13 7.230309127396597e-11 2.5871005715158876e-08 0.05426925537782282 3.210263201747196e-10 8.730228761521838e-11 9.340559441895321e-11 8.119898081148355e-11 4.82456182278435e-10 4.132764331760469e-05 1.1238947016584243e-05 1.202466230156581e-05 1.0453231731602678e-05 6.21094775242251e-05 453.54261191389014 123.33975460178448 131.9624423227513 114.71706688081768 681.6090248471678 28.278502662358278 -541.0053838726024 [0.0,202.01084823362729,233.45231869366003,264.89378915369304,296.33525961372584,327.77673007375876,359.21820053379145,390.6596709938245,422.1011414538575,453.54261191389014,486.93081813042176,520.3190243469529,553.7072305634844,587.0954367800158,620.4836429965469,653.8718492130783,687.2600554296099,720.6482616461413,754.0364678626723,787.4246740792038] [-14.139251331179139,-2.7025850195791463,-1.973359500367451,-1.387339233316652,-0.9245138968235551,-0.5691300299916975,-0.30851910899662016,-0.1323111708709348,-0.0318892368906063,0.0,-0.0342818778963192,-0.1325637644741846,-0.2894026231336966,-0.5000774699146859,-0.7604620210297526,-1.0669248714841615,-1.4162502550414047,-1.8055744202273445,-2.232334014648586,-2.69422381615027] False 60156.65603222185 60170.65603222185
413.52331434760555 476.5900816815941 549.2752115212968 6.807341268421634e-13 3.6744018648517975e-13 5.001290578577804e-13 6.797864292873701e-11 3.225215967925767e-08 0.058389411240651334 2.6336946174560443e-10 5.642517463464029e-11 5.979120415825599e-11 5.305914511102458e-11 3.6618745565730464e-10 5.982124070788188e-05 1.2816307294820307e-05 1.3580860865410624e-05 1.2051753724229989e-05 8.317512510331143e-05 526.6029989813105 112.82122833719788 119.5515501825902 106.09090649180554 732.1859226212683 62.52846919450519 -457.91793909763095 [0.0,295.52257697508685,324.40762972586487,353.2926824766427,382.1777352274207,411.06278797819874,439.9478407289766,468.83289347975443,497.7179462305325,526.6029989813105,556.7433286170674,586.8836582528239,617.0239878885808,647.1643175243377,677.3046471600945,707.4449767958512,737.5853064316085,767.7256360673651,797.8659657031218,828.0062953388789] [-31.264234597252596,-2.6884236764927323,-1.973982981298775,-1.3942444936485572,-0.9328181492224985,-0.5762673159733254,-0.3134248515321474,-0.13489858353017325,-0.03270610162462617,0.0,-0.033557745999075905,-0.13048247200680407,-0.28567225610544256,-0.4946464923977487,-0.753446676447254,-1.0585564862917067,-1.4068367881401969,-1.795472315329448,-2.2219275711661908,-2.683910089004314] False 60156.65603222185 60170.65603222185
549.2752115212968 633.0528961793416 729.6086933380817 4.300864171189862e-13 2.1545004237670167e-13 3.04404561059668e-13 5.5089527108127956e-11 3.465657741488808e-08 0.05285719387820076 1.3508213073255111e-10 3.296922470457048e-11 3.514629522227453e-11 3.0792154186866434e-11 1.959826842396208e-10 5.413497024507991e-05 1.3212613605562494e-05 1.4085087611252347e-05 1.234013959987264e-05 7.854123060043025e-05 443.75856347984535 108.30726251210147 115.45916099261507 101.15536403158788 643.8230871356924 52.17812721611324 -404.7905015744767 [0.0,227.02304827914412,254.11498767923192,281.20692707931937,308.29886647940714,335.39080587949485,362.4827452795824,389.57468467967016,416.6666240797576,443.75856347984535,473.31754009854313,502.8765167172412,532.4354933359392,561.994469954637,591.5534465733353,621.1124231920331,650.6713998107313,680.230376429429,709.789353048127,739.3483296668251] [-26.08906360805662,-2.7026149965699915,-1.9663994480590645,-1.3778954844503346,-0.9154480330352612,-0.5620308412375152,-0.3039907336357146,-0.13019509322964495,-0.03143553589137582,0.0,-0.034852574087778976,-0.13488812222726665,-0.29397288144406275,-0.5068380014233753,-0.7689209472222274,-1.0762420780102957,-1.4253073684118363,-1.8130308481844963,-2.2366721147932935,-2.6937855086594027] False 60156.65603222185 60170.65603222185
729.6086933380817 840.8915725798939 969.1477682383326 2.340564235809225e-13 1.088212112343314e-13 1.5959418382651607e-13 3.847084267309956e-11 3.2091161345255785e-08 0.04067778797837507 8.740231145862345e-11 2.0971905796071368e-11 2.231846315523507e-11 1.962534843690766e-11 1.2603317468794703e-10 6.180205528869829e-05 1.4829206000252705e-05 1.5781354873338692e-05 1.3877057127166715e-05 8.91178860179466e-05 547.6534881348346 131.40770730635455 139.84509096832718 122.97032364438189 789.7103244373184 68.01786588251093 -346.40555377638634 [0.0,288.2487444002128,320.6743373670405,353.0999303338683,385.5255233006958,417.9511162675235,450.3767092343512,482.8023022011789,515.2278951680066,547.6534881348346,583.4317024926794,619.2099168505247,654.9881312083699,690.7663455662147,726.5445599240596,762.3227742819048,798.1009886397502,833.8792029975951,869.6574173554402,905.4356317132853] [-34.008932941255466,-2.7034808949184708,-1.9639750932782363,-1.3742945820295063,-0.9119477940344041,-0.5593096331325,-0.30229119369278123,-0.12943880447551237,-0.031305316713485354,0.0,-0.03503992537343947,-0.13577048867796293,-0.295767043488695,-0.5095330492221137,-0.7723267195974586,-1.0800267182676748,-1.4290267376162546,-1.816151768073894,-2.238590880685308,-2.6938427384886836] False 60156.65603222185 60170.65603222185
969.1477682383326 1116.9661194245136 1287.3303254983532 1.0972097806984602e-13 4.734616368490109e-14 7.207542845770917e-14 2.315249187321498e-11 2.5608875360550563e-08 0.026560944951241172 2.4262232042991214e-11 9.332873984575692e-12 1.0453905648668715e-11 8.211842320482668e-12 4.2555517101692224e-11 3.0269883674267814e-05 1.1643817821836206e-05 1.3042431849067441e-05 1.0245203794604968e-05 5.309282963265759e-05 336.6227931232802 129.48759631795778 145.04118632888358 113.93400630703196 590.4303035348865 27.712588669437196 -235.20646213973606 [0.0,111.30503364209365,139.46975357724185,167.63447351239023,195.79919344753853,223.96391338268688,252.12863331783518,280.29335325298365,308.4580731881317,336.6227931232802,374.75280225639966,412.88281138951874,451.0128205226385,489.1428296557574,527.2728387888769,565.4028479219965,603.532857055116,641.6628661882354,679.7928753213547,717.922884454474] [-13.856294334718598,-2.6995851056247204,-1.8740192006081884,-1.2659096882028393,-0.8171839969860741,-0.49082195458274214,-0.26166789908458554,-0.11179329377412728,-0.027938100955822165,0.0,-0.0374865481321649,-0.14811009139114617,-0.3204428725335049,-0.5456132261588778,-0.8165869659741816,-1.127686485183716,-1.4742586356359766,-1.8524391144906076,-2.258981397008796,-2.691129997953965] False 60156.65603222185 60170.65603222185
1287.3303254983532 1483.6791717563765 1709.9759409858673 4.430605109897956e-14 1.7744358489859786e-14 2.8038945307738344e-14 1.2007881804647299e-11 1.761166987060932e-08 0.01470810279417556 2.1730048885939954e-11 6.798536056023417e-12 7.388707568067276e-12 6.208364543979558e-12 3.4897349557119776e-11 4.7834441027420655e-05 1.4965643830422432e-05 1.6264790672526027e-05 1.3666496988318837e-05 7.681967114595027e-05 774.9952306495203 242.46761001196143 263.51588788284766 221.4193321410752 1244.6027899447633 54.20638751270735 -162.3640434320825 [0.0,326.19825598122077,382.29787781475835,438.39749964829565,494.49712148183306,550.5967433153705,606.6963651489078,662.795986982445,718.8956088159828,774.9952306495203,845.692293169221,916.3893556889208,987.0864182086214,1057.7834807283216,1128.4805432480227,1199.1776057677234,1269.874668287423,1340.571730807124,1411.2687933268242,1481.965855846525] [-27.103193756353676,-2.69490680901157,-1.9013595316176293,-1.2983926553332594,-0.8438058107700499,-0.508207610697383,-0.2702738576693662,-0.11402290092109979,-0.02715632317000427,0.0,-0.03896714262580758,-0.1482030005319359,-0.3179699964873066,-0.5404538569269448,-0.8092847459347752,-1.1191993232241941,-1.465796592305253,-1.8453578602309904,-2.2547115587929056,-2.6911301120009625] False 60156.65603222185 60170.65603222185
1709.9759409858673 1970.7884119509856 2271.3810595726877 1.5411350076737922e-14 5.7284889368561806e-15 9.395943189303058e-15 5.367064614203323e-12 1.0437946364877203e-08 0.006811213900195234 5.909802902656837e-12 3.321240113501645e-12 3.7310010935673645e-12 2.911479133435927e-12 1.2917119224084375e-11 2.2953715633806932e-05 1.2899719732215935e-05 1.4491234232645411e-05 1.1308205231786466e-05 5.0170181029949334e-05 628.9738862390035 353.4759679350506 397.08638275026766 309.86555311983375 1374.7549302756586 17.58925207303207 -143.5278803667926 [0.0,99.45038478429713,165.6408224661354,231.83126014797372,298.021697829812,364.2121355116505,430.40257319348865,496.5930108753267,562.7834485571651,628.9738862390035,744.4015529451616,859.8292196513197,975.2568863574786,1090.6845530636374,1206.1122197697955,1321.5398864759536,1436.9675531821115,1552.39521988827,1667.822886594428,1783.2505533005867] [-8.794626036516036,-2.698831326190657,-1.6894932049735871,-1.0715628910877513,-0.6622712609018038,-0.3851199873138569,-0.20018163635410247,-0.0837594242157138,-0.02053876141152955,0.0,-0.04479841478143953,-0.1696625714714628,-0.3567103096960125,-0.5936661083487138,-0.8717021697842142,-1.1842360972905226,-1.526215385697725,-1.8936686244256293,-2.283411689830558,-2.6928484496092153] False 60156.65603222185 60170.65603222185
100.0 115.25240587974294 132.83117061068992 3.314280040601685e-12 2.1524110496382914e-12 2.67089741116852e-12 8.747439998004488e-11 1.0080254601715602e-08 0.03134768682115966 3.72634934455023e-09 9.120054216570951e-10 9.522858294965657e-10 8.717250138176244e-10 5.320581335501655e-09 4.949753455409846e-05 1.211427477620079e-05 1.264932414880008e-05 1.15792254036015e-05 7.067390471240735e-05 1395.1675301972566 341.46029639457095 356.5415225289165 326.3790702602254 1992.057543375991 24.591262014862878 -887.869864681378 [0.0,657.4771927448819,749.6884849264286,841.8997771079759,934.1110692895219,1026.3223614710696,1118.5336536526165,1210.7449458341632,1302.95623801571,1395.1675301972566,1481.5184414284593,1567.869352659663,1654.2202638908648,1740.5711751220692,1826.922086353271,1913.2729975844745,1999.6239088156776,2085.97482004688,2172.3257312780843,2258.6766425092865] [-12.295631007431439,-2.709513629885123,-2.016283702619944,-1.4401814604266292,-0.972027640538272,-0.6037958112918886,-0.3284160997203571,-0.13962042782054596,-0.03181890975315582,0.0,-0.035082931904298675,-0.12947009434685697,-0.2800870163565605,-0.48411494874494565,-0.7389617526168877,-1.042236954810278,-1.391730258106918,-1.7853929344651078,-2.2213216387647208,-2.6977442662810063] False 60170.65603222185 60184.65603222185
132.83117061068992 153.091119887046 176.4411988580621 2.9197562194343624e-12 1.8165975458312463e-12 2.3030462397984952e-12 1.0025104812820602e-10 1.5329885294515522e-08 0.04891776828387839 1.4321416240176482e-09 4.2669303133245805e-10 4.5111827193554306e-10 4.0226779072937305e-10 2.200891010503333e-09 3.356494712186543e-05 1.0000358060793249e-05 1.0572809762170017e-05 9.427906359416483e-06 5.158204269022979e-05 621.8466651989379 185.27332363495728 195.8789468226281 174.66770044728648 955.6434310654136 16.87455370572161 -838.3116380572429 [0.0,231.65111889197576,280.42556218034616,329.20000546871637,377.97444875708675,426.74889204545707,475.5233353338275,524.2977786221975,573.0722219105679,621.8466651989379,670.3468780595718,718.8470909202056,767.3473037808391,815.8475166414735,864.347729502107,912.8479423627405,961.3481552233748,1009.8483680840084,1058.348580944642,1106.848793805276] [-8.437276852860805,-2.712473998813948,-2.006039519549063,-1.4263828675511832,-0.9602614827724665,-0.5966486417530632,-0.32623752647623405,-0.14108096257575653,-0.03432376952105187,0.0,-0.032512836144974244,-0.1269259260806166,-0.27919595616833703,-0.4857066555516667,-0.7432072740887179,-1.0487621294948895,-1.3997088645970734,-1.793623630778825,-2.2282918323064678,-2.7016833750063824] False 60170.65603222185 60184.65603222185
