data/CTA102_allsed_14d_min11.ecsv
# %ECSV 1.0
# ---
# datatype:
# - {name: e_min, unit: MeV, datatype: float64}
# - {name: e_ref, unit: MeV, datatype: float64}
# - {name: e_max, unit: MeV, datatype: float64}
# - {name: ref_dnde_e_min, unit: ph / (cm2 MeV s), datatype: float64}
# - {name: ref_dnde_e_max, unit: ph / (cm2 MeV s), datatype: float64}
# - {name: ref_dnde, unit: ph / (cm2 MeV s), datatype: float64}
# - {name: ref_flux, unit: ph / (cm2 s), datatype: float64}
# - {name: ref_eflux, unit: MeV / (cm2 s), datatype: float64}
# - {name: ref_npred, datatype: float64}
# - {name: dnde, unit: ph / (cm2 MeV s), datatype: float64}
# - {name: dnde_err, unit: ph / (cm2 MeV s), datatype: float64}
# - {name: dnde_errp, unit: ph / (cm2 MeV s), datatype: float64}
# - {name: dnde_errn, unit: ph / (cm2 MeV s), datatype: float64}
# - {name: dnde_ul, unit: ph / (cm2 MeV s), datatype: float64}
# - {name: e2dnde, unit: MeV / (cm2 s), datatype: float64}
# - {name: e2dnde_err, unit: MeV / (cm2 s), datatype: float64}
# - {name: e2dnde_errp, unit: MeV / (cm2 s), datatype: float64}
# - {name: e2dnde_errn, unit: MeV / (cm2 s), datatype: float64}
# - {name: e2dnde_ul, unit: MeV / (cm2 s), datatype: float64}
# - {name: norm, datatype: float64}
# - {name: norm_err, datatype: float64}
# - {name: norm_errp, datatype: float64}
# - {name: norm_errn, datatype: float64}
# - {name: norm_ul, datatype: float64}
# - {name: ts, datatype: float64}
# - {name: loglike, datatype: float64}
# - {name: norm_scan, datatype: string, subtype: 'float64[20]'}
# - {name: dloglike_scan, datatype: string, subtype: 'float64[20]'}
# - {name: ShowUL, datatype: bool}
# - {name: tstart, datatype: float64}
# - {name: tend, datatype: float64}
# meta: !!omap
# - {UL_CONF: 0.95}
# - {EXTNAME: SED}
# - {CONFIG: '{"bin_index": 2.0, "use_local_index": true, "free_background": false, "free_radius": null, "free_pars": [], "ul_confidence":
#     0.95, "cov_scale": 3.0, "make_plots": false, "write_fits": true, "write_npy": true, "optimizer": {"optimizer": "MINUIT", "tol":
#     0.001, "max_iter": 100, "init_lambda": 0.0001, "retries": 3, "min_fit_quality": 2, "verbosity": 0}, "prefix": "", "outfile": null,
#     "loge_bins": []}'}
# - {SRCNAME: 4FGL J2232.6+1143}
# - {CREATOR: fermipy 1.2.0}
# - {STVER: 2.2.0}
# schema: astropy-2.0
e_min e_ref e_max ref_dnde_e_min ref_dnde_e_max ref_dnde ref_flux ref_eflux ref_npred dnde dnde_err dnde_errp dnde_errn dnde_ul e2dnde e2dnde_err e2dnde_errp e2dnde_errn e2dnde_ul norm norm_err norm_errp norm_errn norm_ul ts loglike norm_scan dloglike_scan ShowUL tstart tend
[from data line 423]
549.2752115212968 633.0528961793416 729.6086933380817 3.878812051844124e-13 2.0405394269461405e-13 2.813337683517884e-13 5.08350304505513e-11 3.201703216511845e-08 0.05538694145278289 1.8714625741760472e-10 3.469761269054444e-11 3.658873068883096e-11 3.2806494692257935e-11 2.498358143113428e-10 7.49999798036852e-05 1.3905275408313488e-05 1.4663152234892935e-05 1.3147398581734044e-05 0.00010012319394545005 665.2107868671892 123.33255582443087 130.0545288366496 116.61058281221216 888.0406208434262 115.4586022458036 -438.95804604525995 [0.0,412.5257861468066,444.11141123685417,475.6970363269021,507.28266141694996,538.868286506998,570.4539115970457,602.0395366870938,633.6251617771416,665.2107868671892,697.7583875270798,730.3059881869699,762.8535888468608,795.4011895067507,827.9487901666415,860.496390826532,893.0439914864218,925.5915921463123,958.139192806203,990.6867934660933] [-57.7293011229018,-2.687486144969853,-1.9809088348562796,-1.4041207537819673,-0.9426585526365443,-0.5844236188426635,-0.3191864409487266,-0.1382152671638437,-0.033993278664411264,0.0,-0.032428145194216995,-0.12791654003257236,-0.28164936566577126,-0.4893614010059082,-0.7472558710396129,-1.051937191950742,-1.400355468897999,-1.7897603527380852,-2.217662413997118,-2.681800603216061] False 57356.65603222185 57370.65603222185
729.6086933380817 840.8915725798939 969.1477682383326 2.0890895044569113e-13 1.0759854749011266e-13 1.4992764796941342e-13 3.600851158360925e-11 3.0109680860433075e-08 0.04305933292685871 1.1826027128607744e-10 2.224962884698242e-11 2.3496786933336564e-11 2.1002470760628274e-11 1.586736569356342e-10 8.362167661822757e-05 1.5732682227805703e-05 1.661454601058557e-05 1.4850818445025831e-05 0.00011219792652095216 788.7822752358763 148.40244043261148 156.72084002898598 140.084040836237 1058.3348640806066 129.347558965762 -372.0692465951052 [0.0,487.66231934441146,525.3023138308446,562.9423083172778,600.5823028037106,638.222297290144,675.8622917765772,713.5022862630104,751.1422807494432,788.7822752358763,828.1424014886984,867.5025277415218,906.8626539943442,946.2227802471667,985.5829064999895,1024.943032752812,1064.3031590056355,1103.6632852584573,1143.0234115112808,1182.3835377641026] [-64.673779482881,-2.6850844947842916,-1.9786535451439136,-1.4027473251498463,-0.9424321468034691,-0.5852629774979619,-0.32075234526138274,-0.1399748791079105,-0.035267712139784635,0.0,-0.031126777430927177,-0.12609204678381047,-0.2798246064004388,-0.48784917436938713,-0.7461953545997062,-1.051323483284989,-1.4000637138074694,-1.789565586581432,-2.2172559787010186,-2.6808038073079956] False 57356.65603222185 57370.65603222185
969.1477682383326 1116.9661194245136 1287.3303254983532 1.0785035341571212e-13 5.4384362417172575e-14 7.658572129960137e-14 2.4449477571605794e-11 2.714273913120654e-08 0.03154952746468609 6.405740661082905e-11 1.3379307507270141e-11 1.4417457930168435e-11 1.2341157084371846e-11 8.846125833675908e-11 7.991887321616825e-05 1.66922021506392e-05 1.7987412438045595e-05 1.5396991863232805e-05 0.00011036544349210357 836.4144846300804 174.697153467167 188.25255785954815 161.14174907478585 1155.0620250829907 118.05553185031067 -257.46296130553264 [0.0,488.8003245617232,532.2520945702678,575.7038645788126,619.1556345873571,662.6074045959017,706.0591746044464,749.5109446129909,792.9627146215355,836.4144846300804,883.1794480907058,929.9444115513312,976.7093750119566,1023.4743384725829,1070.2393019332083,1117.0042653938337,1163.7692288544592,1210.5341923150847,1257.2991557757098,1304.0641192363355] [-59.027765925155336,-2.6813214231227676,-1.9599663388260637,-1.3787037943300788,-0.9189972461745697,-0.5658266094191049,-0.3068431246593377,-0.1317652432531986,-0.03193717259279083,0.0,-0.0342695650283531,-0.1331129905894386,-0.29069799630997295,-0.5019613638829128,-0.7624781927283948,-1.0683579698982726,-1.4161610882100604,-1.802831147930533,-2.2256395769919664,-2.682139963495729] False 57356.65603222185 57370.65603222185
1287.3303254983532 1483.6791717563765 1709.9759409858673 5.3369399050203296e-14 2.6348014191698372e-14 3.749903576863242e-14 1.5913155826862748e-11 2.3454362319605154e-08 0.02172504243646678 2.7130483469587088e-11 7.321459167311773e-12 7.89456333852675e-12 6.748354996096796e-12 4.102477827996532e-11 5.972243865549123e-05 1.6116756506702828e-05 1.7378332945138245e-05 1.4855180068267413e-05 9.030800379679512e-05 723.4981623789241 195.24393140359365 210.5271022763331 179.96076053085423 1094.0222178801234 77.24624292001198 -207.2895295770968 [0.0,348.5670757192564,395.43346155171463,442.2998473841733,489.1662332166316,536.0326190490903,582.8990048815484,629.7653907140069,676.6317765464652,723.4981623789241,778.8254797861864,834.1527971934493,889.4801146007113,944.8074320079743,1000.1347494152365,1055.4620668224995,1110.7893842297615,1166.116701637024,1221.4440190442865,1276.7713364515491] [-38.62312146000599,-2.698682181438244,-1.9330803077427845,-1.3364432217267677,-0.8775295805020562,-0.533178047927322,-0.2857190673143748,-0.12135148079491387,-0.029080767045343237,0.0,-0.0370895508690694,-0.14221075318641851,-0.3072828424196814,-0.5256126244790664,-0.7915912726883505,-1.1004700478669065,-1.4481914316896791,-1.8312599661446711,-2.246642063703007,-2.691687300720872] False 57356.65603222185 57370.65603222185
1709.9759409858673 1970.7884119509856 2271.3810595726877 2.53144949478966e-14 1.2235675497419304e-14 1.759943026246936e-14 9.928081912422914e-12 1.942745980752915e-08 0.013936206756330005 1.8387646724202028e-11 5.130608769756474e-12 5.52947177534636e-12 4.731745764166589e-12 2.8116042086209874e-11 7.141774794088135e-05 1.9927320194783903e-05 2.147650688644833e-05 1.8378133503119478e-05 0.00010920290328208322 1044.7864760380075 291.5212988853085 314.1847033047378 268.85789446587927 1597.5541064057684 76.93004839589145 -194.52359662980294 [0.0,491.6442304612116,560.7870111583109,629.9297918554105,699.07257255251,768.2153532496092,837.3581339467092,906.5009146438085,975.6436953409075,1044.7864760380075,1127.4024470733402,1210.0184181086734,1292.6343891440058,1375.2503601793394,1457.866331214672,1540.482302250005,1623.0982732853379,1705.7142443206706,1788.3302153560041,1870.9461863913355] [-38.46502419794572,-2.7003350402482624,-1.928853113225756,-1.330442686714946,-0.8718847059500945,-0.5288545553324866,-0.2829786564573169,-0.12002195579648856,-0.028720349211567964,0.0,-0.03746948225105484,-0.14341743460673229,-0.3094507335415244,-0.5286564193398249,-0.7952698505925184,-1.1044314439770915,-1.452004952624776,-1.8344394299045064,-2.2486628059126303,-2.691998735732085] False 57356.65603222185 57370.65603222185
2271.3810595726877 2617.821317854317 3017.1020504598932 1.1509393440244137e-14 5.446458853965759e-15 7.91741358060783e-15 5.937405050413044e-12 1.542520113919364e-08 0.008385452741048516 8.849887463758098e-12 3.0529184000078333e-12 3.3330264629822047e-12 2.7728103370334624e-12 1.483864038978414e-11 6.064817659251452e-05 2.0921614540800784e-05 2.284119186173576e-05 1.9002037219865802e-05 0.00010168903123772489 1117.7750629870065 385.59541811550247 420.97415134985584 350.2166848811491 1874.177752458014 53.438118261530406 -134.8821416834307 [0.0,427.2852937065399,513.5965148665983,599.9077360266567,686.2189571867149,772.5301783467733,858.8413995068314,945.1526206668898,1031.4638418269485,1117.7750629870065,1232.411550861662,1347.0480387363175,1461.6845266109738,1576.3210144856282,1690.9575023602845,1805.5939902349412,1920.2304781095963,2034.866965984252,2149.5034538589075,2264.139941733563] [-26.719059130765203,-2.6966768953707856,-1.8777363344136404,-1.2690978791304701,-0.8178945840823815,-0.4891860295352899,-0.2586283991859091,-0.10855890912355903,-0.025742864773519614,0.0,-0.04055551325686224,-0.15326587036219053,-0.326985758967794,-0.5530013539892309,-0.8243675199314566,-1.1354570449078096,-1.4816452543316245,-1.8590838913052892,-2.264535516471625,-2.6952499447989453] False 57356.65603222185 57370.65603222185
4007.6519721450045 4618.915317184078 5323.411028602609 2.0952575704001273e-15 9.503978031371496e-16 1.4111442845842402e-15 1.8703640060774943e-12 8.565007087648178e-09 0.0026091147896787348 1.0922733347043376e-12 7.83128577271134e-13 9.14283839947379e-13 6.519733145948892e-13 2.922268270450388e-12 2.330297297448711e-05 1.6707561644025278e-05 1.9505677687418017e-05 1.3909445600632541e-05 6.234477796616684e-05 774.0337729009399 554.9599610941726 647.9024504689474 462.0174717193979 2070.8500912161253 15.251676176706418 -29.23298717604 [0.0,78.17929707799543,165.16110655586348,252.1429160337317,339.12472551159976,426.10653498946783,513.0883444673357,600.0701539452037,687.0519634230718,774.0337729009399,981.5219775557911,1189.0101822106426,1396.4983868654936,1603.9865915203452,1811.4747961751968,2018.9630008300478,2226.451205484898,2433.9394101397493,2641.4276147946016,2848.9158194494535] [-7.625838088353209,-2.6719569680993978,-1.4818791844350265,-0.8835460244511175,-0.5248295818096622,-0.2968207081833647,-0.15128560971759342,-0.06258015321283494,-0.015430500859793028,0.0,-0.055500561662725545,-0.201349160282426,-0.40852394515798096,-0.6600885964381007,-0.945292071723717,-1.256880461690404,-1.5897271291481587,-1.9400741764518905,-2.3050845205969495,-2.6825634354427486] False 57356.65603222185 57370.65603222185
5323.411028602609 6135.359285332078 7071.149185711414 8.389560910434174e-16 3.7257211231752757e-16 5.59081070133573e-16 9.85199621442205e-13 5.989765047251315e-09 0.001368734374865177 5.448270300598034e-13 5.162423390484755e-13 6.290059899582944e-13 4.0347868813865655e-13 1.8264260506598446e-12 2.0508724246184513e-05 1.943272119701611e-05 2.367744198711465e-05 1.5188000406917571e-05 6.875148654962843e-05 974.5045203008493 923.3765309298298 1125.0711633073452 721.6818985523144 3266.8357922107493 10.891638328657194 -55.3635431971692 [0.0,9.247780739821366,129.90487318494985,250.56196563007842,371.2190580752071,491.8761505203355,612.5332429654638,733.1903354105926,853.8474278557211,974.5045203008493,1328.3582909617132,1682.2120616225768,2036.0658322834408,2389.9196029443037,2743.773373605168,3097.6271442660304,3451.480914926896,3805.334685587757,4159.188456248623,4513.042226909486] [-5.445819164328597,-3.5760621653054088,-1.1919292294666661,-0.6495516396653187,-0.3699925956339385,-0.20370660453819767,-0.10146618344479208,-0.04077869023695513,-0.009425219696865383,0.0,-0.05924104602998881,-0.20352479186116312,-0.402444539676182,-0.6398463208884309,-0.906015849209254,-1.1946076533035637,-1.5012241861973763,-1.8226794599763352,-2.156584081971019,-2.5010958146299416] False 57356.65603222185 57370.65603222185
22013.03884703687 25370.556878452422 29240.177187505025 4.574903712246012e-18 1.827550358434069e-18 2.891516370196882e-18 2.1177685960301794e-14 5.311004789051829e-10 3.040930773900996e-05 9.049924093587564e-14 9.522987768316642e-14 1.1950284139605993e-13 7.095691397027289e-14 3.4540779046331913e-13 5.8251208064084186e-05 6.129615410553544e-05 7.691981508821245e-05 4.567249312285843e-05 0.00022232695944368163 31298.194216937332 32934.23432241619 41328.77912357212 24539.689521260247 119455.58877807787 15.335590431300638 -3.160008533888131 [0.0,3477.5771352152565,6955.154270430513,10432.731405645769,13910.308540861026,17387.885676076283,20865.462811291538,24343.039946506797,27820.61708172205,31298.194216937332,45754.176140926094,60210.158064914816,74666.1399889036,89122.12191289233,103578.10383688111,118034.08576086986,132490.0676848587,146946.04960884733,161402.03153283615,175858.01345682493] [-7.667795215650319,-1.349775583572184,-0.7631907091552823,-0.4637469917286299,-0.2819509987427664,-0.16463938922078958,-0.08812270171772196,-0.039761419834160705,-0.012009754972202025,0.0,-0.05993078021999443,-0.22499882919735592,-0.44942777097224296,-0.7120555746135806,-1.001342458542235,-1.3102980532345012,-1.634365443711618,-1.9704082147671973,-2.3161752296114657,-2.669995925882144] False 57356.65603222185 57370.65603222185
100.0 115.25240587974294 132.83117061068992 8.173814997494091e-12 4.7492258778140785e-12 6.230513117437736e-12 2.044402700867683e-10 2.3497073137730984e-08 0.0727608593324585 1.1101608843784367e-08 1.2662099802574544e-09 1.3092809112108776e-09 1.2231390493040312e-09 1.3290891888729505e-08 0.00014746396983818667 1.6819215391653636e-05 1.739133160943718e-05 1.6247099173870097e-05 0.00017654447280400653 1781.8129317011767 203.2272392964925 210.14014199673366 196.31433659625137 2133.193789694694 154.9019710368293 -1299.6326244776776 [0.0,1332.5168642545307,1388.6788726853608,1444.8408811161926,1501.0028895470234,1557.164897977854,1613.3269064086846,1669.4889148395157,1725.650923270346,1781.8129317011767,1832.170798699195,1882.5286656972123,1932.886532695229,1983.2443996932489,2033.6022666912656,2083.9601336892847,2134.318000687302,2184.675867685319,2235.033734683338,2285.3916016813555] [-77.45098551841465,-2.7092870826249964,-2.0413145004345097,-1.4764227766308977,-1.0096926052274284,-0.6365711744153941,-0.3528352216219446,-0.15455874863482677,-0.03808469633963796,0.0,-0.029882933166391012,-0.11806019754794761,-0.2624909739222403,-0.46124595058677187,-0.7124990498743955,-1.0145199269063596,-1.3656671541593823,-1.7643820166517798,-2.209182852117465,-2.6986598787323146] False 57370.65603222185 57384.65603222185
132.83117061068992 153.091119887046 176.4411988580621 5.253291487392985e-12 3.0093189731618885e-12 3.976031909399316e-12 1.733520596110531e-10 2.6456396428187198e-08 0.08473465096636018 6.940255421118167e-09 6.871082431352905e-10 7.123021939097739e-10 6.619142923608071e-10 8.132113111436906e-09 0.00016265800973549563 1.6103680991503447e-05 1.669414886936885e-05 1.5513213113638043e-05 0.00019059144849702705 1745.5230690456592 172.81255754285337 179.14901342363365 166.4761016620731 2045.2836638993358 253.41428828851485 -1283.459078374084 [0.0,1361.0922970127615,1409.146143516874,1457.1999900209862,1505.253836525098,1553.3076830292107,1601.3615295333232,1649.415376037435,1697.4692225415477,1745.5230690456592,1788.5951028866803,1831.667136727702,1874.7391705687235,1917.8112044097436,1960.883238250766,2003.955272091786,2047.027305932807,2090.0993397738275,2133.17137361485,2176.24340745587] [-126.70714414425743,-2.7117392497491437,-2.0430187383174143,-1.4774946795741926,-1.0102598136095366,-0.6367668005343603,-0.35279287231037415,-0.1544087952661357,-0.03795152013958614,0.0,-0.03007202997105196,-0.11847547540105552,-0.2631638831503551,-0.4622019325747715,-0.7137573093539231,-1.016093321570679,-1.3675621771922124,-1.7665988522785483,-2.2117154879799727,-2.7014962618904974] False 57370.65603222185 57384.65603222185
176.4411988580621 203.35272664697808 234.36890988269914 3.281826362915158e-12 1.853493324570078e-12 2.466342080097838e-12 1.428815752252071e-10 2.8955582172005254e-08 0.08795460408238734 3.574663208458665e-09 3.7787444239223496e-10 3.927553345476871e-10 3.629935502367828e-10 4.2332633445696355e-09 0.00014782065776382743 1.562598918252905e-05 1.6241348766986238e-05 1.5010629598071864e-05 0.00017505530887526672 1449.3785096984038 153.21250261328103 159.24609068507917 147.17891454148287 1716.4137038126134 242.82257558620267 -1144.231718838988 [0.0,1110.680380304469,1153.0176464787103,1195.3549126529526,1237.6921788271943,1280.0294450014355,1322.3667111756774,1364.7039773499196,1407.0412435241608,1449.3785096984038,1487.78733426364,1526.196158828876,1564.604983394113,1603.0138079593494,1641.4226325245854,1679.8314570898226,1718.2402816550593,1756.6491062202963,1795.057930785533,1833.4667553507686] [-121.41128779310134,-2.7092773788349405,-2.0378682283924263,-1.4715650345312952,-1.0048338257597607,-0.6325905569226506,-0.35015218372359413,-0.15319433180957276,-0.037714508810267944,0.0,-0.030163455639012682,-0.11907964703345897,-0.2644881635085312,-0.46426346976636523,-0.716404073874628,-1.019022780820933,-1.3703379020516877,-1.7686653092703182,-2.2124112358374077,-2.7000657419107483] False 57370.65603222185 57384.65603222185
