data/CTA102_allsed_14d_min11.ecsv
# %ECSV 1.0
# ---
# datatype:
# - {name: e_min, unit: MeV, datatype: float64}
# - {name: e_ref, unit: MeV, datatype: float64}
# - {name: e_max, unit: MeV, datatype: float64}
# - {name: ref_dnde_e_min, unit: ph / (cm2 MeV s), datatype: float64}
# - {name: ref_dnde_e_max, unit: ph / (cm2 MeV s), datatype: float64}
# - {name: ref_dnde, unit: ph / (cm2 MeV s), datatype: float64}
# - {name: ref_flux, unit: ph / (cm2 s), datatype: float64}
# - {name: ref_eflux, unit: MeV / (cm2 s), datatype: float64}
# - {name: ref_npred, datatype: float64}
# - {name: dnde, unit: ph / (cm2 MeV s), datatype: float64}
# - {name: dnde_err, unit: ph / (cm2 MeV s), datatype: float64}
# - {name: dnde_errp, unit: ph / (cm2 MeV s), datatype: float64}
# - {name: dnde_errn, unit: ph / (cm2 MeV s), datatype: float64}
# - {name: dnde_ul, unit: ph / (cm2 MeV s), datatype: float64}
# - {name: e2dnde, unit: MeV / (cm2 s), datatype: float64}
# - {name: e2dnde_err, unit: MeV / (cm2 s), datatype: float64}
# - {name: e2dnde_errp, unit: MeV / (cm2 s), datatype: float64}
# - {name: e2dnde_errn, unit: MeV / (cm2 s), datatype: float64}
# - {name: e2dnde_ul, unit: MeV / (cm2 s), datatype: float64}
# - {name: norm, datatype: float64}
# - {name: norm_err, datatype: float64}
# - {name: norm_errp, datatype: float64}
# - {name: norm_errn, datatype: float64}
# - {name: norm_ul, datatype: float64}
# - {name: ts, datatype: float64}
# - {name: loglike, datatype: float64}
# - {name: norm_scan, datatype: string, subtype: 'float64[20]'}
# - {name: dloglike_scan, datatype: string, subtype: 'float64[20]'}
# - {name: ShowUL, datatype: bool}
# - {name: tstart, datatype: float64}
# - {name: tend, datatype: float64}
# meta: !!omap
# - {UL_CONF: 0.95}
# - {EXTNAME: SED}
# - {CONFIG: '{"bin_index": 2.0, "use_local_index": true, "free_background": false, "free_radius": null, "free_pars": [], "ul_confidence":
#     0.95, "cov_scale": 3.0, "make_plots": false, "write_fits": true, "write_npy": true, "optimizer": {"optimizer": "MINUIT", "tol":
#     0.001, "max_iter": 100, "init_lambda": 0.0001, "retries": 3, "min_fit_quality": 2, "verbosity": 0}, "prefix": "", "outfile": null,
#     "loge_bins": []}'}
# - {SRCNAME: 4FGL J2232.6+1143}
# - {CREATOR: fermipy 1.2.0}
# - {STVER: 2.2.0}
# schema: astropy-2.0
e_min e_ref e_max ref_dnde_e_min ref_dnde_e_max ref_dnde ref_flux ref_eflux ref_npred dnde dnde_err dnde_errp dnde_errn dnde_ul e2dnde e2dnde_err e2dnde_errp e2dnde_errn e2dnde_ul norm norm_err norm_errp norm_errn norm_ul ts loglike norm_scan dloglike_scan ShowUL tstart tend
[from data line 954]
3017.1020504598932 3477.2827010020824 4007.6519721450045 4.624690690326608e-15 2.098372846814343e-15 3.1151766193101164e-15 3.1083637996420005e-12 1.0716094481519406e-08 0.0038872302900596623 1.36856279571277e-12 1.120226525464151e-12 1.3243043657897335e-12 9.161486851385687e-13 4.019467374405094e-12 1.6547970177854882e-05 1.3545213412124171e-05 1.601281959449882e-05 1.1077607229749521e-05 4.860136959069866e-05 439.3210924958242 359.6028933063305 425.11373434839544 294.09205226426553 1290.2855489764304 10.361911013436107 -30.462970989179095 [0.0,17.755532131909728,70.451227177399,123.14692222288836,175.84261726837767,228.53831231386695,281.2340073593562,333.9297024048457,386.6253974503348,439.3210924958242,573.5534689671648,707.7858454385058,842.0182219098459,976.2505983811866,1110.482974852527,1244.7153513238675,1378.947727795208,1513.1801042665484,1647.4124807378887,1781.6448572092293] [-5.180955506718053,-2.6848366961161183,-1.3241333980361922,-0.7781687917686817,-0.46234305502537154,-0.26283435990646353,-0.13515290556202686,-0.056767253473246626,-0.01452104161267087,0.0,-0.053168104693082086,-0.19583735673729663,-0.3988512230888972,-0.6454031642817029,-0.924888865502524,-1.2301756015486056,-1.5562304854325824,-1.8993673379089238,-2.256804285431432,-2.6263896419186814] False 58700.65603222185 58714.65603222185
132.83117061068992 153.091119887046 176.4411988580621 2.2637377186217994e-12 1.459761663919465e-12 1.8178331988421313e-12 7.908909786009679e-11 1.2104149723753817e-08 0.04961322627377982 1.2752834475273301e-09 3.492940294839999e-10 3.6796370754497103e-10 3.306243514230287e-10 1.899567424865257e-09 2.9888679138843045e-05 8.186366091870036e-06 8.62392530137111e-06 7.74880688236896e-06 4.4519954661435596e-05 701.540409944995 192.14855890324958 202.418851069144 181.87826673735515 1044.9624454406414 20.03059956647121 -871.1563002035952 [0.0,293.9964567230751,344.9394508758151,395.88244502855525,446.8254391812951,497.76843333403485,548.7114274867749,599.6544216395147,650.5974157922548,701.540409944995,751.3020504001628,801.0636908553315,850.8253313105001,900.5869717656683,950.3486122208371,1000.1102526760056,1049.8718931311746,1099.633533586343,1149.3951740415112,1199.1568144966798] [-10.015299783235605,-2.7075954938028417,-2.0087924021585195,-1.4320912912678523,-0.9661293454624911,-0.6012067322188841,-0.32896330096787096,-0.14213209695981277,-0.034348447284855865,0.0,-0.03257525504182013,-0.1263210770829346,-0.2775115922928535,-0.48278304356165336,-0.7390862353469174,-1.0436467354520573,-1.393931338641778,-1.787619626533683,-2.2225797065865436,-2.696847402169624] False 59722.65603222185 59736.65603222185
176.4411988580621 203.35272664697808 234.36890988269914 1.6991616820346868e-12 1.0688010005232212e-12 1.3476148210113263e-12 7.790741205360219e-11 1.5828549439832043e-08 0.06280998887703798 1.0343315643346806e-09 2.0966938503643111e-10 2.2067892377749413e-10 1.9865984629536812e-10 1.409065043316048e-09 4.2772021661802116e-05 8.670317901748933e-06 9.125587996713209e-06 8.21504780678466e-06 5.826812468434051e-05 767.5275963189983 155.58554400513594 163.75519201538924 147.41589599488267 1045.5992479057227 45.006912901462556 -853.5020501548731 [0.0,436.2928468071111,477.6971904960972,519.1015341850832,560.5058778740691,601.910221563055,643.3145652520409,684.7189089410267,726.1232526300128,767.5275963189983,807.6914858193356,847.8553753196732,888.019264820011,928.1831543203483,968.3470438206859,1008.5109333210225,1048.6748228213605,1088.8387123216971,1129.002601822035,1169.1664913223722] [-22.503456450731278,-2.7040625952259916,-2.01269887350702,-1.4395843635812753,-0.9745955028232629,-0.6089652123177984,-0.3350411095286745,-0.14609653713159787,-0.03618093915429199,0.0,-0.03087442896810444,-0.12278396678402714,-0.27220733335366276,-0.4759446878833842,-0.7310780373531998,-1.0349377058444134,-1.3850737670153421,-1.7792315696818832,-2.2153306612851793,-2.6914465495134436] False 59722.65603222185 59736.65603222185
234.36890988269914 270.1158072739371 311.3149665447022 1.2135450478052097e-12 7.446022554909597e-13 9.505831787569384e-13 7.302572141214581e-11 1.9696220269832232e-08 0.07068577372760979 2.589815157625384e-10 9.316704724743289e-11 9.912941330250189e-11 8.720468119236388e-11 4.3034177063130027e-10 1.889595162177815e-05 6.797705281583126e-06 7.2327347090547715e-06 6.362675854111479e-06 3.139883267242677e-05 272.44487547234337 98.01041016659464 104.28273455473065 91.73808577845861 452.7134292383029 12.691316562610837 -681.9907807662333 [0.0,76.00988505457661,100.56425885679748,125.1186326590183,149.67300646123917,174.22738026345996,198.78175406568084,223.33612786790172,247.89050167012252,272.44487547234337,298.9950668282767,325.5452581842103,352.09544954014353,378.6456408960771,405.19583225201035,431.74602360794387,458.2962149638771,484.84640631981097,511.39659767574403,537.9467890316776] [-6.345658281305418,-2.693753729998889,-1.9577901715341568,-1.3712686237608978,-0.9110333633533401,-0.559438799921395,-0.3026569105429644,-0.12960267005917103,-0.031221571052128638,0.0,-0.034529848644069716,-0.1334476821981525,-0.2910098682583566,-0.5022857386685473,-0.7630040650867613,-1.069435085996247,-1.4182984769528275,-1.8066905900305983,-2.2320262328103126,-2.691991574584108] False 59722.65603222185 59736.65603222185
311.3149665447022 358.7979888064861 413.52331434760555 8.246880417580019e-13 4.9358782800369e-13 6.380093881064351e-13 6.513401426179691e-11 2.33216685351998e-08 0.07270395208075386 4.581439067533796e-10 7.799023144353678e-11 8.226558115880447e-11 7.37148817282691e-11 5.979383361401895e-10 5.897961250072182e-05 1.0040150183329877e-05 1.0590541590471951e-05 9.489758776187803e-06 7.697618771094697e-05 718.0833312078946 122.23994332592197 128.9410198225494 115.53886682929452 937.1936327062937 87.51070122297324 -694.1667993915321 [0.0,457.2994642166569,489.8974475905616,522.4954309644664,555.0934143383712,587.6913977122761,620.2893810861808,652.8873644600855,685.4853478339899,718.0833312078946,749.8284262479386,781.5735212879819,813.3186163280252,845.0637113680692,876.8088064081121,908.553901448156,940.298996488199,972.044091528243,1003.7891865682865,1035.5342816083298] [-43.75535061148662,-2.7051604735646606,-2.011037100869771,-1.436444344325082,-0.9709490440216086,-0.6055127653364707,-0.3322455636396171,-0.1442128844864783,-0.03528222663544511,0.0,-0.031776863176901315,-0.12472595632516459,-0.27518714276220635,-0.47983846110241757,-0.7356543805801721,-1.039870433219221,-1.389953072755361,-1.78357384749836,-2.2185871568453877,-2.6930110028371246] False 59722.65603222185 59736.65603222185
413.52331434760555 476.5900816815941 549.2752115212968 5.332547453056534e-13 3.1134017488083537e-13 4.0745996816803703e-13 5.527676836229992e-11 2.6274496870862568e-08 0.06955547800618356 1.5887570765047776e-10 3.733103952909422e-11 3.9676396053265306e-11 3.4985683004923136e-11 2.273594198079863e-10 3.6086727318350234e-05 8.479301612054383e-06 9.012021450749125e-06 7.946581773359642e-06 5.164198798672949e-05 389.91734173246994 91.61891337923741 97.3749549720249 85.86287178644994 557.9920423353662 49.254077307733496 -564.4356840899775 [0.0,203.60047727957058,226.890085336183,250.1796933927954,273.46930144940774,296.75890950602025,320.0485175626327,343.338125619245,366.6277336758572,389.91734173246994,414.6671795208858,439.4170173093019,464.16685509771753,488.9166928861334,513.6665306745493,538.4163684629654,563.1662062513811,587.916044039797,612.665881828213,637.4157196166287] [-24.627038653866748,-2.7037362121700426,-1.977495922388698,-1.392056022337556,-0.9286681851813228,-0.5722838079356052,-0.310616718405754,-0.13348926970729735,-0.03236392655662712,0.0,-0.03404792114713473,-0.1323566048970406,-0.2894005389199492,-0.5003733094633844,-0.7610649244217029,-1.0677646181497948,-1.4171829765513166,-1.806388904004848,-2.232758128343562,-2.6939307735221973] False 59722.65603222185 59736.65603222185
549.2752115212968 633.0528961793416 729.6086933380817 3.281051631509636e-13 1.8685351944439048e-13 2.4760372469458805e-13 4.464624177363768e-11 2.817191421166666e-08 0.0619190921727778 1.2351146284502497e-10 2.5194036218522874e-11 2.6674920373187015e-11 2.3713152063858733e-11 1.6936753107857514e-10 4.949795601965957e-05 1.0096660406871593e-05 1.0690133571785444e-05 9.503187241957743e-06 6.787504909568253e-05 498.82716020275063 101.7514427523212 107.73230655592822 95.77057894871417 684.0265884024363 87.32651591970125 -436.5168232166267 [0.0,291.9869863400959,317.8420080729275,343.69702980575954,369.5520515385914,395.40707327142303,421.26209500425495,447.11711673708675,472.9721384699186,498.82716020275063,525.9832486298989,553.139337057047,580.2954254841948,607.451513911343,634.6076023384911,661.7636907656396,688.9197791927875,716.0758676199356,743.2319560470836,770.3880444742315] [-43.663257959850625,-2.6861227979799196,-1.9711828861527465,-1.3914877057626427,-0.9304758199912726,-0.574544173132665,-0.31237286129419317,-0.13443381550638378,-0.03262604357718146,0.0,-0.033655084797430845,-0.13096082385663976,-0.28664961054369087,-0.4961025015459768,-0.7552453268756381,-1.0604649797548973,-1.408541331327342,-1.7965913761419188,-2.2220230479942984,-2.682496752551117] False 59722.65603222185 59736.65603222185
729.6086933380817 840.8915725798939 969.1477682383326 1.920818831149026e-13 1.0670405441446265e-13 1.4316394695566715e-13 3.43102039800713e-11 2.874085613858853e-08 0.05171289065038709 3.4849757014446616e-11 1.155586295590642e-11 1.2510364923372747e-11 1.0601360988440093e-11 5.700540718986437e-11 2.46422156789771e-05 8.171134943583756e-06 8.846061983636368e-06 7.496207903531144e-06 4.030844571622778e-05 243.4255114888552 80.71768906654177 87.38488417930226 74.05049395378127 398.18270173507403 33.72465474469175 -382.3984026545881 [0.0,93.9068102501914,112.59664790502447,131.2864855598574,149.97632321469035,168.6661608695233,187.35599852435627,206.0458361791894,224.73567383402224,243.4255114888552,266.6486240158848,289.87173654291445,313.0948490699441,336.3179615969736,359.54107412400333,382.76418665103324,405.9872991780626,429.21041170509227,452.4335242321217,475.6566367591513] [-16.862327372345874,-2.697290700053088,-1.9013305788825505,-1.2978138556287035,-0.8431901758838762,-0.5076104793645868,-0.26966206466420317,-0.11342543223025814,-0.02671945705503731,0.0,-0.03902421400999856,-0.14733192960181896,-0.3157193873176425,-0.5367802672749917,-0.8044584661151362,-1.1137329707004824,-1.4603903949884511,-1.8408573120195229,-2.2520743619450627,-2.6914001702559176] False 59722.65603222185 59736.65603222185
969.1477682383326 1116.9661194245136 1287.3303254983532 1.069971828061858e-13 5.797932552770181e-14 7.87630909275839e-14 2.5089762366545145e-11 2.7900886449626016e-08 0.0404324631651416 2.6718931401894786e-11 7.946431634689141e-12 8.762121755627989e-12 7.130741513750293e-12 4.183838020097172e-11 3.333489449787592e-05 9.91407388987724e-06 1.0931739743180336e-05 8.896408036574144e-06 5.219812008883367e-05 339.23162597136565 100.89029697926944 111.24654520838993 90.53404875014893 531.1927161344979 56.9710713506546 -273.84869148265136 [0.0,152.24750394067584,175.62051919451207,198.9935344483483,222.36654970218444,245.73956495602062,269.112580209857,292.48559546369313,315.8586107175295,339.23162597136565,367.84565608889153,396.45968620641753,425.0737163239437,453.6877464414698,482.3017765589957,510.9158066765216,539.5298367940477,568.1438669115738,596.7578970290998,625.3719271466257] [-28.4855356753273,-2.696046847158243,-1.9212834366090306,-1.3236214993822841,-0.86741289943933,-0.5269820771734999,-0.28319194391019664,-0.12137819063866573,-0.030043811022096634,0.0,-0.03585398800879602,-0.14137388091563707,-0.3076560918451605,-0.5274365301761463,-0.7947076511724163,-1.1044417440756433,-1.4523868266294926,-1.8349133435862086,-2.2488971598413627,-2.6916289658136066] False 59722.65603222185 59736.65603222185
1287.3303254983532 1483.6791717563765 1709.9759409858673 5.67114667147584e-14 2.9976297788475846e-14 4.123105400378261e-14 1.745840778369513e-11 2.57733729268699e-08 0.029540401074265477 1.9209874526941782e-11 5.696598001816602e-12 6.267437595639673e-12 5.125758407993532e-12 3.00524127318527e-11 4.228677142082736e-05 1.253994331099415e-05 1.379653472641955e-05 1.128335189556875e-05 6.61544928913459e-05 465.90791797802325 138.16280324276906 152.00769776743246 124.31790871810567 728.8781103945496 61.99070040811631 -221.15717157813302 [0.0,209.98598028138565,241.9762224934654,273.96646470554504,305.9567069176247,337.94694912970425,369.9371913417839,401.9274335538635,433.91767576594316,465.90791797802325,505.0547372434755,544.2015565089278,583.3483757743802,622.4951950398327,661.6420143052852,700.7888335707376,739.9356528361902,779.0824721016427,818.2292913670951,857.3761106325471] [-30.995350204058155,-2.6959629139273034,-1.9239301768275539,-1.3274980141504216,-0.871537254355701,-0.5307290828245357,-0.2861853582335243,-0.12341784465988326,-0.031055423798221682,0.0,-0.03470199384466355,-0.139220833011791,-0.3047196860402721,-0.5239793378876527,-0.7910216998826627,-1.100837526148382,-1.4491853970751265,-1.8324406056242424,-2.247479720712647,-2.691591132621852] False 59722.65603222185 59736.65603222185
1709.9759409858673 1970.7884119509856 2271.3810595726877 2.8601052426755006e-14 1.4746719790508357e-14 2.053708123982067e-14 1.1559725918287173e-11 2.265476002273002e-08 0.02006454930945112 5.7215564692807675e-12 2.6699587337235608e-12 2.9536605781886384e-12 2.3862568892584828e-12 1.1162196338816597e-11 2.2222565175498055e-05 1.0370138317191269e-05 1.1472038256986274e-05 9.268238377396263e-06 4.335404832109246e-05 278.59637903106096 130.00672795443813 143.82085476010076 116.1926011487755 543.514251537044 17.692182404739583 -152.14950973444616 [0.0,62.45842042038537,89.47566524671979,116.4929100730542,143.5101548993887,170.52739972572311,197.54464455205755,224.56188937839195,251.57913420472656,278.59637903106096,319.31816805360137,360.03995707614166,400.7617460986823,441.48353512122287,482.20532414376316,522.9271131663037,563.6489021888443,604.3706912113845,645.0924802339251,685.8142692564655] [-8.846091202369792,-2.711313073145419,-1.8047580628180526,-1.1824642126694869,-0.744572911041189,-0.4371855392641635,-0.22754028229962842,-0.09409678223525475,-0.02187374500158512,0.0,-0.04469173826578299,-0.16520630013749837,-0.3470772282402095,-0.579685790022495,-0.8549955581742097,-1.1667706492741843,-1.5100706371582646,-1.88091193908366,-2.2760336487849884,-2.692731254984693] False 59722.65603222185 59736.65603222185
