data/CTA102_allsed_14d_min11.ecsv
# %ECSV 1.0
# ---
# datatype:
# - {name: e_min, unit: MeV, datatype: float64}
# - {name: e_ref, unit: MeV, datatype: float64}
# - {name: e_max, unit: MeV, datatype: float64}
# - {name: ref_dnde_e_min, unit: ph / (cm2 MeV s), datatype: float64}
# - {name: ref_dnde_e_max, unit: ph / (cm2 MeV s), datatype: float64}
# - {name: ref_dnde, unit: ph / (cm2 MeV s), datatype: float64}
# - {name: ref_flux, unit: ph / (cm2 s), datatype: float64}
# - {name: ref_eflux, unit: MeV / (cm2 s), datatype: float64}
# - {name: ref_npred, datatype: float64}
# - {name: dnde, unit: ph / (cm2 MeV s), datatype: float64}
# - {name: dnde_err, unit: ph / (cm2 MeV s), datatype: float64}
# - {name: dnde_errp, unit: ph / (cm2 MeV s), datatype: float64}
# - {name: dnde_errn, unit: ph / (cm2 MeV s), datatype: float64}
# - {name: dnde_ul, unit: ph / (cm2 MeV s), datatype: float64}
# - {name: e2dnde, unit: MeV / (cm2 s), datatype: float64}
# - {name: e2dnde_err, unit: MeV / (cm2 s), datatype: float64}
# - {name: e2dnde_errp, unit: MeV / (cm2 s), datatype: float64}
# - {name: e2dnde_errn, unit: MeV / (cm2 s), datatype: float64}
# - {name: e2dnde_ul, unit: MeV / (cm2 s), datatype: float64}
# - {name: norm, datatype: float64}
# - {name: norm_err, datatype: float64}
# - {name: norm_errp, datatype: float64}
# - {name: norm_errn, datatype: float64}
# - {name: norm_ul, datatype: float64}
# - {name: ts, datatype: float64}
# - {name: loglike, datatype: float64}
# - {name: norm_scan, datatype: string, subtype: 'float64[20]'}
# - {name: dloglike_scan, datatype: string, subtype: 'float64[20]'}
# - {name: ShowUL, datatype: bool}
# - {name: tstart, datatype: float64}
# - {name: tend, datatype: float64}
# meta: !!omap
# - {UL_CONF: 0.95}
# - {EXTNAME: SED}
# - {CONFIG: '{"bin_index": 2.0, "use_local_index": true, "free_background": false, "free_radius": null, "free_pars": [], "ul_confidence":
#     0.95, "cov_scale": 3.0, "make_plots": false, "write_fits": true, "write_npy": true, "optimizer": {"optimizer": "MINUIT", "tol":
#     0.001, "max_iter": 100, "init_lambda": 0.0001, "retries": 3, "min_fit_quality": 2, "verbosity": 0}, "prefix": "", "outfile": null,
#     "loge_bins": []}'}
# - {SRCNAME: 4FGL J2232.6+1143}
# - {CREATOR: fermipy 1.2.0}
# - {STVER: 2.2.0}
# schema: astropy-2.0
e_min e_ref e_max ref_dnde_e_min ref_dnde_e_max ref_dnde ref_flux ref_eflux ref_npred dnde dnde_err dnde_errp dnde_errn dnde_ul e2dnde e2dnde_err e2dnde_errp e2dnde_errn e2dnde_ul norm norm_err norm_errp norm_errn norm_ul ts loglike norm_scan dloglike_scan ShowUL tstart tend
[from data line 2356]
132.83117061068992 153.091119887046 176.4411988580621 1.3115850952467418e-11 6.606133923793782e-12 9.3083332512603e-12 4.073056488780358e-10 6.197302525021537e-08 0.2648200670737312 1.405998982636355e-09 3.3592393110619943e-10 3.537321207713363e-10 3.181157414410625e-10 2.0061813117634536e-09 3.295224488566663e-05 7.873012553687081e-06 8.29038115356733e-06 7.455643953806833e-06 4.701865270650435e-05 151.04734055863221 36.08851574590081 38.00166057907766 34.175370912723956 215.52529949352927 29.776335197715298 -834.6372124370342 [0.0,74.73317661690547,84.27244710962137,93.81171760233718,103.35098809505297,112.89025858776884,122.42952908048467,131.9687995732005,141.5080700659163,151.04734055863221,160.38296421645543,169.7185878742787,179.05421153210196,188.38983518992532,197.72545884774857,207.06108250557193,216.39670616339504,225.73232982121826,235.06795347904153,244.403577136865] [-14.888167598857649,-2.7067744199742947,-2.0077040109802056,-1.431136288847938,-0.9654824395065589,-0.6008987696757231,-0.328934533083725,-0.14226704810573665,-0.034498868463856525,0.0,-0.03238039806581128,-0.12598744014076146,-0.27707784245217226,-0.48227537367358764,-0.7385219148851547,-1.043036668900072,-1.3932819089882287,-1.7869340217254148,-2.2218588709257574,-2.69609071515481] False 60436.65603222185 60450.65603222185
176.4411988580621 203.35272664697808 234.36890988269914 6.70632980684168e-12 3.3695033174799953e-12 4.753630247744134e-12 2.7631837286686357e-10 5.584275069137835e-08 0.22675781937999084 6.838089872330616e-10 1.7635179727888458e-10 1.8747115141443082e-10 1.6523244314333838e-10 1.0050570500316934e-09 2.8277095878129543e-05 7.292557970192148e-06 7.752369187745731e-06 6.8327467526385654e-06 4.1561452243753355e-05 143.84984771534712 37.09834128613042 39.43747023727739 34.75921233498346 211.4293703235858 27.98957882883178 -827.8086457867598 [0.0,66.47968383620145,76.1509543210946,85.82222480598784,95.49349529088104,105.16476577577433,114.83603626066747,124.50730674556071,134.1785772304539,143.84984771534712,153.70443416588714,163.55902061642718,173.41360706696722,183.26819351750729,193.1227799680473,202.97736641858742,212.83195286912746,222.6865393196675,232.54112577020746,242.39571222074758] [-13.99478941441589,-2.707962495727088,-1.991533233166706,-1.408832437146316,-0.9438897847524004,-0.5837168547246847,-0.31757944316404974,-0.1364833696251253,-0.032801919399162216,0.0,-0.033637487038049585,-0.1297940674542133,-0.2839064998632921,-0.4919485912801065,-0.750345998546436,-1.0559077016073388,-1.405770325267099,-1.797352480593645,-2.228317004778205,-2.6965394892889663] False 60436.65603222185 60450.65603222185
234.36890988269914 270.1158072739371 311.3149665447022 3.418305379651878e-12 1.7126546709082544e-12 2.4195819215417404e-12 1.8683830337047694e-10 5.0152680126269375e-08 0.18136857704992626 3.3990129179168225e-10 9.422123407188876e-11 1.0081064684535257e-10 8.763182129842496e-11 5.141103818394348e-10 2.4800064772825676e-05 6.8746214397752754e-06 7.355401794375818e-06 6.393841085174734e-06 3.751080410078079e-05 140.47934842193712 38.941121700831545 41.664490029383565 36.21775337227953 212.47901435461515 26.917183645780824 -660.0655236480173 [0.0,61.15466588418928,71.07025120140774,80.98583651862619,90.90142183584467,100.81700715306319,110.73259247028166,120.6481777875002,130.56376310471865,140.47934842193712,151.0208777702318,161.56240711852652,172.10393646682112,182.64546581511584,193.18699516341056,203.72852451170516,214.27005385999993,224.81158320829468,235.35311255658922,245.89464190488397] [-13.458591822890412,-2.7013529978924,-1.9702046568984315,-1.3837379031901946,-0.9212553565563439,-0.5665777066341207,-0.30677352279724346,-0.13131379234471297,-0.03148969849030436,0.0,-0.03454481242533802,-0.13298360803366904,-0.28987111839103363,-0.5004962933084016,-0.760750385669553,-1.0670240470589079,-1.4161260001541223,-1.8052180041905785,-2.231762293299198,-2.693478682565228] False 60436.65603222185 60450.65603222185
311.3149665447022 358.7979888064861 413.52331434760555 1.7354290867305204e-12 8.667024783638807e-13 1.226417828675898e-12 1.2580892934813082e-10 4.485458021093819e-08 0.13990882021370354 1.512305137334614e-10 5.0432401023538947e-11 5.419115671080997e-11 4.6673645336267915e-11 2.453769429949975e-10 1.946881092775517e-05 6.492465415349304e-06 6.976352575370982e-06 6.008578255327625e-06 3.1588845341224005e-05 123.31075934923206 41.1217122291742 44.18653695642818 38.056887501920215 200.07613821132944 16.391928528993276 -543.8286422041967 [0.0,40.94782004588456,51.243187458803014,61.53855487172143,71.8339222846399,82.12928969755832,92.42465711047674,102.72002452339522,113.01539193631365,123.31075934923206,134.62200922733024,145.93325910542848,157.24450898352666,168.55575886162475,179.86700873972302,191.1782586178212,202.4895084959193,213.80075837401753,225.1120082521158,236.4232581302139] [-8.195964264496638,-2.6954457705738832,-1.94823363382352,-1.3568268703749027,-0.8958395538031709,-0.5460397144848912,-0.2924398443901737,-0.12309025836736964,-0.02828188013882027,0.0,-0.037670172579282735,-0.14009337672018773,-0.300967653510952,-0.5149240114722033,-0.7773451928983377,-1.0842272759814477,-1.4320723454927702,-1.8178041086825942,-2.238700732241,-2.6923407921881335] False 60436.65603222185 60450.65603222185
413.52331434760555 476.5900816815941 549.2752115212968 8.766542268627443e-13 4.3623642912300035e-13 6.184080444998991e-13 8.42678739346539e-11 3.990389096269104e-08 0.10565847480495427 1.2364262800956478e-10 3.363734931131974e-11 3.594467276847532e-11 3.133002585416415e-11 1.86081341803075e-10 2.8083952341671664e-05 7.640323811996197e-06 8.164404891885294e-06 7.116242732107099e-06 4.226616353113755e-05 199.93696574492876 54.39345365974654 58.124523262861906 50.662384056631176 300.903818212063 35.22919456846887 -480.4089321580439 [0.0,91.62569262948578,105.16460176891616,118.7035109083465,132.24242004777693,145.78132918720726,159.32023832663768,172.85914746606812,186.39805660549828,199.93696574492876,214.8816276396443,229.82628953435966,244.77095142907527,259.71561332379065,274.660275218506,289.6049371132214,304.5495990079369,319.49426090265234,334.4389227973678,349.3835846920834] [-17.614597284234435,-2.698842362531934,-1.9562615935889198,-1.3663789369479673,-0.9051763398162507,-0.5541820792770977,-0.2988442045096349,-0.12746782863865747,-0.03049477242126386,0.0,-0.03556918274932741,-0.13651464449810646,-0.29647309947750955,-0.5100185842981659,-0.7724822981756461,-1.0798143726789817,-1.4284762718400543,-1.81535594645851,-2.2377001477186127,-2.693059857681817] False 60436.65603222185 60450.65603222185
549.2752115212968 633.0528961793416 729.6086933380817 4.4011330675239794e-13 2.180784336122731e-13 3.0980513318613773e-13 5.608790520581363e-11 3.52755720073934e-08 0.07730185574167647 5.1011956198633115e-11 1.733662400249767e-11 1.8751529019366657e-11 1.5921718985628686e-11 8.417874791105915e-11 2.044334595538675e-05 6.94775555756904e-06 7.514787189158187e-06 6.380723925979894e-06 3.3735135718696164e-05 164.65820199300575 55.95977001479006 60.526850625487626 51.3926894040925 271.7151489561753 27.443086921787767 -416.8226672895859 [0.0,60.505768786309936,73.52482293714694,86.54387708798392,99.56293123882087,112.58198538965783,125.60103954049482,138.62009369133176,151.63914784216868,164.65820199300575,180.69023601071126,196.72227002841709,212.7543040461226,228.78633806382817,244.81837208153382,260.8504060992395,276.882440116945,292.9144741346506,308.9465081523561,324.9785421700619] [-13.721543460893884,-2.6981069622477776,-1.9075791219753455,-1.3057655937624304,-0.8507654526163151,-0.5137610636328986,-0.27399355758439015,-0.11596219738675018,-0.02775503917808919,0.0,-0.03787239952572463,-0.14486279340371766,-0.3120402132299773,-0.5321778564193096,-0.7993368669494885,-1.1085712630303988,-1.455713735916845,-1.8372169179332332,-2.250033607616899,-2.691524931282686] False 60436.65603222185 60450.65603222185
729.6086933380817 840.8915725798939 969.1477682383326 2.1924112700504456e-13 1.0811613279980897e-13 1.5395941933658122e-13 3.703050049301505e-11 3.093252826670896e-08 0.05522430918551491 2.0870130343081236e-11 9.127766558841703e-12 1.0339374342849958e-11 7.916158774833451e-12 3.902736666418132e-11 1.4757240716180029e-05 6.454231291113165e-06 7.310957503565152e-06 5.59750507866118e-06 2.7596197767536954e-05 135.5560473858089 59.286834142228535 67.15649089482693 51.41717738963015 253.49125654248488 19.07678998187896 -272.3897066574764 [0.0,35.32715010894326,47.855762268551466,60.384374428159674,72.91298658776789,85.44159874737608,97.97021090698429,110.49882306659251,123.02743522620072,135.5560473858089,153.44485173597062,171.33365608613244,189.2224604362941,207.11126478645585,225.0000691366176,242.88887348677935,260.77767783694117,278.66648218710293,296.5552865372647,314.4440908874265] [-9.53839499093948,-2.682866218981758,-1.8186209635929345,-1.2070622196042677,-0.7680231144225331,-0.45516562638681535,-0.2391263021542045,-0.10004245522929978,-0.02380436326944846,0.0,-0.04158774188465486,-0.15695902336733525,-0.33352263786832737,-0.561788781586813,-0.8344103828623588,-1.1455715550635546,-1.490581758065673,-1.8655974076385178,-2.2674254581152695,-2.6933814224718162] False 60436.65603222185 60450.65603222185
1709.9759409858673 1970.7884119509856 2271.3810595726877 2.5372089643703834e-14 1.2278271496103738e-14 1.7650082296376885e-14 9.956215206650955e-12 1.948306337239368e-08 0.017016984254769607 3.244594706642265e-12 2.084040223767446e-12 2.3654984743318363e-12 1.8025819732030563e-12 7.75655583538811e-12 1.2602028438163351e-05 8.094426743786625e-06 9.187612549245444e-06 7.001240938327805e-06 3.0126516886578938e-05 183.8288712856766 118.07538280970208 134.02195154735415 102.12881407205 439.4628707754147 9.26637985528987 -149.37503151671066 [0.0,16.348376933218365,37.28343872727566,58.21850052133292,79.15356231539016,100.08862410944748,121.02368590350473,141.95874769756202,162.89380949161935,183.8288712856766,223.81757957671164,263.8062878677465,303.79499615878154,343.7837044498164,383.7724127408512,423.76112103188643,463.74982932292136,503.7385376139564,543.7272459049912,583.715954196026] [-4.633189927644935,-2.6804761540932134,-1.5991735544394317,-0.9906214581891959,-0.6029867570424869,-0.3464854531507058,-0.17805594380192247,-0.07343384996599411,-0.017468385270518638,0.0,-0.04919801448377825,-0.1806657781900185,-0.3739283091979644,-0.6154723225128862,-0.8958690699504928,-1.2082576944532661,-1.547479049607972,-1.9095495290033568,-2.2913253761642807,-2.6902797907762306] False 60436.65603222185 60450.65603222185
2271.3810595726877 2617.821317854317 3017.1020504598932 1.1992493086893141e-14 5.756400328345992e-15 8.308645566100346e-15 6.227430836691845e-12 1.618409934932542e-08 0.010824861048101653 2.002904288391721e-12 1.3360026178650059e-12 1.5267500431852357e-12 1.1452551925447758e-12 4.949974806855401e-12 1.3725879959235383e-05 9.155610512354571e-06 1.0462800415363376e-05 7.848420609345767e-06 3.392212019012293e-05 241.06267049874688 160.79667946313148 183.75438343578475 137.8389754904782 595.7619406767723 11.163308200916532 -118.4983209490826 [0.0,19.673555536800887,47.347194907044106,75.02083427728734,102.69447364753059,130.36811301777385,158.0417523880171,185.7153917582602,213.38903112850355,241.06267049874688,297.0365800950375,353.01048969132796,408.98439928761866,464.95830888390924,520.9322184801999,576.9061280764905,632.8800376727812,688.8539472690716,744.8278568653624,800.8017664616531] [-5.581654100458266,-2.665928594770861,-1.5496261580998834,-0.9512333186576996,-0.5750094573112676,-0.32812702369133717,-0.16725462633722543,-0.06816069459158314,-0.015768073881346822,0.0,-0.052981098820211514,-0.1901095297702824,-0.3886238380062821,-0.6339511967923244,-0.9161824570855543,-1.2282665174170688,-1.5650041334512252,-1.9224498795829845,-2.2975380465008186,-2.687838661849952] False 60436.65603222185 60450.65603222185
4007.6519721450045 4618.915317184078 5323.411028602609 2.506383317818971e-15 1.1793122705925213e-15 1.7192465214483679e-15 2.275347492718377e-12 1.0428540229692671e-08 0.003990402658709202 1.0811550355570056e-12 7.272428247223655e-13 8.361649896639974e-13 6.183206597807335e-13 2.7072522632781725e-12 2.3065770969896682e-05 1.551527383480641e-05 1.7839060551292102e-05 1.3191487118320708e-05 5.7757545041019475e-05 628.8539904365745 423.000899318211 486.3554930793611 359.64630555706077 1574.6736896099494 12.418790258964528 -29.9988057189745 [0.0,62.35279656170228,133.1654457960613,203.97809503042032,274.7907442647793,345.6033934991383,416.41604273349725,487.2286919678562,558.0413412022154,628.8539904365745,778.7128536813095,928.5717169260452,1078.4305801707812,1228.2894434155157,1378.1483066602511,1528.0071699049874,1677.8660331497226,1827.7248963944576,1977.5837596391937,2127.4426228839297] [-6.209395129482264,-2.6784432780593157,-1.5296119126621193,-0.9252909067317994,-0.5538726044375117,-0.3139522515702886,-0.15927545447862457,-0.06469208339423105,-0.014934144946703753,0.0,-0.054282632297361744,-0.19370494650389247,-0.39433208092649963,-0.6412208686316383,-0.9243795469335225,-1.2367795756133013,-1.573279806685381,-1.930000966409473,-2.3039408611490266,-2.692726647741903] False 60436.65603222185 60450.65603222185
100.0 115.25240587974294 132.83117061068992 2.118499624312028e-11 1.0945335813178327e-11 1.5227504657095734e-11 5.012099746733398e-10 5.7446366684783245e-08 0.23908098500849234 3.939479560234499e-09 7.185102526122593e-10 7.494308132825385e-10 6.875896919419802e-10 5.200456032851723e-09 5.232856815828349e-05 9.5440557950269e-06 9.954777222004107e-06 9.133334368049698e-06 6.907826625531195e-05 258.7081500841161 47.18502924754956 49.21560230377718 45.15445619132194 341.51728401727377 52.673919001425475 -907.4978489585918 [0.0,156.99498413789286,169.70912988117072,182.4232756244487,195.13742136772657,207.8515671110044,220.5657128542824,233.27985859756035,245.99400434083816,258.7081500841161,270.61809990924957,282.52804973438305,294.43799955951664,306.3479493846497,318.2578992097834,330.1678490349166,342.0777988600502,353.9877486851837,365.8976985103173,377.80764833545084] [-26.336959500712737,-2.7062444218587416,-2.0235377368010177,-1.4530317834421567,-0.9868607372095539,-0.6180288258069595,-0.3402806995444507,-0.14799576132918446,-0.03610122827592477,0.0,-0.03121743291887924,-0.12212450641766281,-0.26982463192155137,-0.47164380920116855,-0.7251073952761544,-1.0279199090820157,-1.3779473991452278,-1.7732019864050699,-2.2118282620394893,-2.6920912745455325] False 60464.65603222185 60478.65603222185
