data/CTA102_allsed_14d_min11.ecsv
# %ECSV 1.0
# ---
# datatype:
# - {name: e_min, unit: MeV, datatype: float64}
# - {name: e_ref, unit: MeV, datatype: float64}
# - {name: e_max, unit: MeV, datatype: float64}
# - {name: ref_dnde_e_min, unit: ph / (cm2 MeV s), datatype: float64}
# - {name: ref_dnde_e_max, unit: ph / (cm2 MeV s), datatype: float64}
# - {name: ref_dnde, unit: ph / (cm2 MeV s), datatype: float64}
# - {name: ref_flux, unit: ph / (cm2 s), datatype: float64}
# - {name: ref_eflux, unit: MeV / (cm2 s), datatype: float64}
# - {name: ref_npred, datatype: float64}
# - {name: dnde, unit: ph / (cm2 MeV s), datatype: float64}
# - {name: dnde_err, unit: ph / (cm2 MeV s), datatype: float64}
# - {name: dnde_errp, unit: ph / (cm2 MeV s), datatype: float64}
# - {name: dnde_errn, unit: ph / (cm2 MeV s), datatype: float64}
# - {name: dnde_ul, unit: ph / (cm2 MeV s), datatype: float64}
# - {name: e2dnde, unit: MeV / (cm2 s), datatype: float64}
# - {name: e2dnde_err, unit: MeV / (cm2 s), datatype: float64}
# - {name: e2dnde_errp, unit: MeV / (cm2 s), datatype: float64}
# - {name: e2dnde_errn, unit: MeV / (cm2 s), datatype: float64}
# - {name: e2dnde_ul, unit: MeV / (cm2 s), datatype: float64}
# - {name: norm, datatype: float64}
# - {name: norm_err, datatype: float64}
# - {name: norm_errp, datatype: float64}
# - {name: norm_errn, datatype: float64}
# - {name: norm_ul, datatype: float64}
# - {name: ts, datatype: float64}
# - {name: loglike, datatype: float64}
# - {name: norm_scan, datatype: string, subtype: 'float64[20]'}
# - {name: dloglike_scan, datatype: string, subtype: 'float64[20]'}
# - {name: ShowUL, datatype: bool}
# - {name: tstart, datatype: float64}
# - {name: tend, datatype: float64}
# meta: !!omap
# - {UL_CONF: 0.95}
# - {EXTNAME: SED}
# - {CONFIG: '{"bin_index": 2.0, "use_local_index": true, "free_background": false, "free_radius": null, "free_pars": [], "ul_confidence":
#     0.95, "cov_scale": 3.0, "make_plots": false, "write_fits": true, "write_npy": true, "optimizer": {"optimizer": "MINUIT", "tol":
#     0.001, "max_iter": 100, "init_lambda": 0.0001, "retries": 3, "min_fit_quality": 2, "verbosity": 0}, "prefix": "", "outfile": null,
#     "loge_bins": []}'}
# - {SRCNAME: 4FGL J2232.6+1143}
# - {CREATOR: fermipy 1.2.0}
# - {STVER: 2.2.0}
# schema: astropy-2.0
e_min e_ref e_max ref_dnde_e_min ref_dnde_e_max ref_dnde ref_flux ref_eflux ref_npred dnde dnde_err dnde_errp dnde_errn dnde_ul e2dnde e2dnde_err e2dnde_errp e2dnde_errn e2dnde_ul norm norm_err norm_errp norm_errn norm_ul ts loglike norm_scan dloglike_scan ShowUL tstart tend
[from data line 2259]
2271.3810595726877 2617.821317854317 3017.1020504598932 9.909105512451411e-15 4.4524156804507905e-15 6.642247869726044e-15 4.9916494333521744e-12 1.2952368050346177e-08 0.006563263433036148 2.238309171466599e-12 1.6853195904758785e-12 1.9640972269245315e-12 1.4065419540272256e-12 6.070256474220763e-12 1.5339106904541958e-05 1.1549475691818715e-05 1.3459935615136431e-05 9.639015768501e-06 4.1599397519803125e-05 336.9806751217969 253.7272958687988 295.6976712471797 211.7569204904179 913.8858701566534 9.688096199857313 -90.61204923713072 [0.0,17.494180048428934,57.42999193259992,97.3658038167709,137.3016157009419,177.23742758511295,217.17323946928386,257.10905135345484,297.0448632376257,336.9806751217969,428.04395967799513,519.1072442341933,610.1705287903917,701.23381334659,792.2970979027883,883.3603824589867,974.4236670151852,1065.4869515713835,1156.5502361275821,1247.6135206837798] [-4.844048099928656,-2.591362166782673,-1.3537097330660544,-0.7970656948825621,-0.4683765568197913,-0.26042049042146687,-0.12860258652712275,-0.04965122963925239,-0.009755709962021797,0.0,-0.06075529285716641,-0.20403636051923968,-0.4053548463070058,-0.6499489242205243,-0.9281932499332299,-1.233441871935696,-1.5609009058448748,-1.9069909169726031,-2.268963433383817,-2.644658655130087] False 60184.65603222185 60198.65603222185
3017.1020504598932 3477.2827010020824 4007.6519721450045 4.079718184857531e-15 1.7923824375764683e-15 2.7041477816125295e-15 2.7020069693479504e-12 9.30812844823283e-09 0.0035730196700387573 2.6880299541666115e-12 1.554200863825598e-12 1.758083503527285e-12 1.3503182241239107e-12 6.0347535147883446e-12 3.2502300704121544e-05 1.87926119470371e-05 2.1257857862047302e-05 1.6327366032026894e-05 7.296919184582408e-05 994.0395907518381 574.7470143435731 650.1432782193989 499.35075046774733 2231.6655753147184 19.557787925885776 -78.82995438710662 [0.0,155.52017819420183,260.33510476390643,365.1500313336109,469.9649579033156,574.7798844730202,679.5948110427245,784.4097376124292,889.224664182134,994.0395907518381,1186.709564470154,1379.3795381884693,1572.049511906785,1764.719485625101,1957.3894593434159,2150.059433061732,2342.729406780047,2535.3993804983643,2728.069354216678,2920.739327934994] [-9.778893962942888,-2.684426240663967,-1.6724067145871828,-1.0581024933631227,-0.6534033423259444,-0.38038648897557437,-0.19858370530009495,-0.08405790392532708,-0.021384580066836634,0.0,-0.044497778827690126,-0.17214428030757745,-0.3628188672485493,-0.6030225689272015,-0.8832369814715406,-1.1964874559302245,-1.5375042036258577,-1.9022045708771174,-2.2873588941539538,-2.690366721120185] False 60184.65603222185 60198.65603222185
5323.411028602609 6135.359285332078 7071.149185711414 5.696073000484453e-16 2.368612957584906e-16 3.673117520077049e-16 6.492495847402253e-13 3.941192769539561e-09 0.0008609520014797312 4.18273651376466e-13 4.284957165611813e-13 5.375017227525107e-13 3.194897103698518e-13 1.5510505156985752e-12 1.5744921786613738e-05 1.612970724058954e-05 2.0232980387500893e-05 1.2026434093678183e-05 5.838562619566196e-05 1138.7429046040766 1166.5723032792944 1463.3393018724753 869.8053046861132 4222.708658845306 10.245104180390847 -22.906662097306167 [0.0,126.52698940045289,253.05397880090578,379.5809682013589,506.10795760181156,632.6349470022647,759.1619364027179,885.6889258031706,1012.2159152036231,1138.7429046040766,1643.1729660051915,2147.603027406307,2652.033088807421,3156.463150208538,3660.8932116096507,4165.323273010769,4669.753334411883,5174.183395812998,5678.6134572141145,6183.04351861523] [-5.122552090195423,-1.3085073667208924,-0.7341730293384927,-0.44091558086038063,-0.26377749402701767,-0.15051045810934127,-0.07773112413132921,-0.03293143802304854,-0.008631431612286633,0.0,-0.06802702286834617,-0.2347124216598786,-0.4580082943297299,-0.7180806270448592,-1.0039812167958928,-1.3090231662435272,-1.6288212805810076,-1.9603436126025144,-2.3014062286532777,-2.6503837602424483] False 60184.65603222185 60198.65603222185
100.0 115.25240587974294 132.83117061068992 8.335165175177875e-12 4.831316491877523e-12 6.345850689494671e-12 2.082356875164024e-10 2.3931930852336515e-08 0.07302572484501624 3.048389800492727e-09 8.295050473590189e-10 8.716725140840863e-10 7.873375806339515e-10 4.523742962338367e-09 4.049211856771368e-05 1.1018412646817437e-05 1.1578528043495238e-05 1.0458297250139634e-05 6.0089407322927605e-05 480.3752797933345 130.7161305784006 137.36101851988244 124.07124263691874 712.8662780905422 20.003038739617523 -693.0110503349397 [0.0,202.58367263208618,237.3076235272422,272.03157442239814,306.7555253175542,341.4794762127101,376.2034271078664,410.9273780030224,445.65132889817846,480.3752797933345,514.0120426931592,547.6488055929836,581.2855684928082,614.9223313926328,648.5590942924575,682.1958571922821,715.8326200921069,749.4693829919314,783.1061458917563,816.7429087915808] [-10.001519369808761,-2.708344802523925,-2.012436422565088,-1.4366841292495565,-0.9704521963521984,-0.6045912732189436,-0.33116078996431497,-0.1432150370171712,-0.034635848835705474,0.0,-0.03238981732999946,-0.12568212131611745,-0.2763147839115163,-0.481057502972817,-0.7369698896447971,-1.0413661533359573,-1.3917851536800754,-1.7859648519832945,-2.2218203947684287,-2.6974252157589262] False 60254.65603222185 60268.65603222185
132.83117061068992 153.091119887046 176.4411988580621 5.3753943082631626e-12 3.0693302429638155e-12 4.061878914764411e-12 1.771080200825799e-10 2.7027553852876163e-08 0.09210931431450332 1.113926688517863e-09 3.7614344023849827e-10 3.9852610564564713e-10 3.537607748313494e-10 1.794705078492663e-09 2.610697836771763e-05 8.815632804822495e-06 9.340212893996762e-06 8.291052715648228e-06 4.20623072807269e-05 274.239265101892 92.6033119478931 98.11373357217903 87.09289032360718 441.84110756456556 12.777011512126137 -692.7325440444731 [0.0,81.62631288263549,105.70293191004251,129.7795509374496,153.8561699648567,177.9327889922638,202.00940801967087,226.08602704707786,250.16264607448497,274.239265101892,298.6059960677975,322.9727270337028,347.3394579996086,371.7061889655138,396.0729199314192,420.43965089732467,444.80638186323023,469.17311282913585,493.5398437950412,517.9065747609463] [-6.3885057560630685,-2.7079474869594833,-1.9960847422587449,-1.4151530616260288,-0.9502210543211049,-0.5890442918293957,-0.32142753701270976,-0.13877035141581473,-0.03373522956610486,0.0,-0.0328370030986207,-0.12808984116463762,-0.2813672126555957,-0.488776668978403,-0.7468479616886725,-1.0524709709696936,-1.4028449528377678,-1.7954366733683855,-2.2279455937202783,-2.6982747027738014] False 60254.65603222185 60268.65603222185
176.4411988580621 203.35272664697808 234.36890988269914 3.4082609964132787e-12 1.9130285724195515e-12 2.5534487792790593e-12 1.479500224398061e-10 2.997834255109885e-08 0.1030615993223565 1.2337238168812756e-09 2.4362055338158734e-10 2.5668806638332106e-10 2.3055304037985363e-10 1.6697272204710136e-09 5.10173561746324e-05 1.0074277867755186e-05 1.0614649996430922e-05 9.533905739079451e-06 6.904711342655894e-05 483.15980602109624 95.40843558662303 100.52602913609034 90.29084203715571 653.9105988812685 49.8205934663672 -810.694566847468 [0.0,279.51760982992187,304.9728843538187,330.42815887771553,355.88343340161236,381.33870792550914,406.79398244940603,432.24925697330286,457.7045314971996,483.15980602109624,507.85803355634675,532.556261091597,557.2544886268473,581.9527161620977,606.6509436973481,631.3491712325985,656.0473987678486,680.7456263030994,705.4438538383494,730.1420813736001] [-24.9102967331836,-2.7049388763873594,-2.011757533472064,-1.4377561940128771,-0.9725054772912927,-0.6070160921633487,-0.3334738090004521,-0.14503419946549911,-0.03566142159934316,0.0,-0.03132931886784718,-0.12363073573112615,-0.27336261407754137,-0.47731193956713014,-0.7325530251572445,-1.0364126739783615,-1.386440604762356,-1.780384197920739,-2.216166813616269,-2.6918690820152733] False 60254.65603222185 60268.65603222185
234.36890988269914 270.1158072739371 311.3149665447022 2.1143407373771597e-12 1.163752064333402e-12 1.5686199022793519e-12 1.2078703044453018e-10 3.249466013550694e-08 0.1037479521867169 6.163234659795511e-10 1.29975827259036e-10 1.3748215190361381e-10 1.2246950261445817e-10 8.50036214639345e-10 4.496853129547102e-05 9.483367709297344e-06 1.0031048291533788e-05 8.9356871270609e-06 6.202080925077314e-05 392.90810035240224 82.85998862450293 87.64529361372972 78.07468363527613 541.9006946196224 46.319772103398236 -694.0524984777412 [0.0,217.21301663427556,239.17490209904125,261.1367875638072,283.098673028573,305.0605584933387,327.0224439581047,348.98432942287064,370.9462148876363,392.90810035240224,414.5814733987754,436.25484644514773,457.9282194915209,479.6015925378934,501.2749655842665,522.9483386306392,544.6217116770123,566.295084723385,587.9684577697576,609.6418308161309] [-23.159886051699118,-2.701246342090826,-1.9959391477472082,-1.4170189353109208,-0.951668467042964,-0.5890799148301085,-0.3200408274183246,-0.13662360208149948,-0.03194850206148203,0.0,-0.03459998340349557,-0.13035839368103552,-0.28325137876845474,-0.489672034359387,-0.7463725123934637,-1.0504160548816799,-1.3991369513249765,-1.790106877984499,-2.221106419493026,-2.6901008307901293] False 60254.65603222185 60268.65603222185
311.3149665447022 358.7979888064861 413.52331434760555 1.2757921472013741e-12 6.86678352579344e-13 9.359801546367859e-13 9.579246296793125e-11 3.42131978064932e-08 0.0964544623692557 2.2229924244261784e-10 6.235680361776093e-11 6.672685309832728e-11 5.798675413719458e-11 3.374870980481608e-10 2.861791455741738e-05 8.027565269222077e-06 8.59014794504391e-06 7.4649825934002455e-06 4.34467379647777e-05 237.504226282322 66.62192922451327 71.29088449981201 61.952973949214524 360.57078387428544 27.31468300882625 -539.9051120647273 [0.0,102.00539999585853,118.94275328166641,135.8801065674744,152.81745985328232,169.75481313909017,186.69216642489818,203.62951971070612,220.566872996514,237.504226282322,255.60930535398867,273.7143844256551,291.8194634973218,309.92454256898844,328.029621640655,346.13470071232155,364.239779783988,382.3448588556544,400.4499379273212,418.5550169989877] [-13.657341504413125,-2.708950008941997,-1.9679340616655736,-1.376457116665506,-0.9121661048055785,-0.5577581315067164,-0.29950783956940086,-0.126307268120172,-0.02901492545572637,0.0,-0.03721028455606756,-0.13838725571690702,-0.29781532435742974,-0.5105690675447931,-0.7723687369090158,-1.0794680716750236,-1.4285659920496983,-1.8167362323748648,-2.2413706473452066,-2.700133075937856] False 60254.65603222185 60268.65603222185
413.52331434760555 476.5900816815941 549.2752115212968 7.434537654717882e-13 3.9008364560890175e-13 5.385249810147169e-13 7.325737219313663e-11 3.4733391069382784e-08 0.08411086052263761 9.477688640901591e-11 3.1370039790804544e-11 3.382216060814651e-11 2.8917918973462585e-11 1.5429746827642126e-10 2.152744246747106e-05 7.125331421887493e-06 7.682301499916937e-06 6.568361343858051e-06 3.5046834698308054e-05 175.99348173307084 58.25178199105171 62.80518416140516 53.69837982069826 286.5186829136244 22.722728426982712 -399.0933058243019 [0.0,64.23063094757462,78.20098729576168,92.17134364394872,106.14169999213571,120.11205634032274,134.0824126885097,148.05276903669682,162.02312538488388,175.99348173307084,192.45725092546675,208.9210201178625,225.38478931025833,241.84855850265404,258.31232769505004,274.77609688744576,291.23986607984165,307.7036352722372,324.1674044646331,340.63117365702885] [-11.361364213491356,-2.6986241091063903,-1.9282592252638437,-1.33162888963858,-0.8742773905317449,-0.5316205319886649,-0.28541302722845785,-0.12168730914976322,-0.029478809382169402,0.0,-0.036113899530619165,-0.13987607084186493,-0.30349186089847535,-0.5205187863751917,-0.7855624067657345,-1.0940544719367722,-1.4420877418323812,-1.8262907759692553,-2.2437315042477053,-2.6918419073550126] False 60254.65603222185 60268.65603222185
549.2752115212968 633.0528961793416 729.6086933380817 4.1485370255258537e-13 2.114008096133369e-13 2.961425477548047e-13 5.356395999742373e-11 3.371042850677571e-08 0.06826032817010541 1.0179771254559599e-10 2.4722592651485075e-11 2.6405769551407514e-11 2.3039415751562637e-11 1.4781048793574696e-10 4.079604096994807e-05 9.907726583164328e-06 1.0582269773298877e-05 9.233183393029783e-06 5.92359353744204e-05 343.7456499154617 83.48206915527209 89.1657404570941 77.79839785345008 499.11939049747315 56.46547095693791 -413.348402408226 [0.0,178.20331255138672,198.89610472189594,219.58889689240536,240.28168906291475,260.974481233424,281.6672734039337,302.36006557444284,323.0528577449524,343.7456499154617,366.6544765691236,389.56330322278524,412.4721298764469,435.3809565301086,458.28978318377074,481.19860983743234,504.1074364910943,527.0162631447562,549.925089798418,572.8339164520796] [-28.232735478468953,-2.7055939664960533,-1.9729744728438732,-1.3865569718005872,-0.9249359728322588,-0.571272109335041,-0.31205638077437925,-0.13627013175334923,-0.034796891770326965,0.0,-0.03146545862580297,-0.12929997626639533,-0.28717640743639095,-0.49967009397778384,-0.7620916093426899,-1.0703569724642534,-1.4208856172681408,-1.810519234808055,-2.2364565273852577,-2.696200244098918] False 60254.65603222185 60268.65603222185
729.6086933380817 840.8915725798939 969.1477682383326 2.1936896144953488e-13 1.0812239786104856e-13 1.5400875990738875e-13 3.70430520343929e-11 3.094263014368313e-08 0.05161456646380835 4.9723862630908564e-11 1.3844817632549035e-11 1.4886963597231787e-11 1.2802671667866282e-11 7.588158430201235e-11 3.515967548453036e-05 9.789651675216877e-06 1.0526551666228074e-05 9.052751684205683e-06 5.365576482090039e-05 322.8638595675298 89.89629967070992 96.66309634714206 83.12950299427779 492.7095338449761 45.56456573487492 -303.14519641376353 [0.0,150.45960992672065,172.01014113182177,193.56067233692292,215.11120354202393,236.6617347471252,258.21226595222635,279.7627971573273,301.3133283624287,322.8638595675298,348.06373176285774,373.2636039581855,398.4634761535137,423.6633483488417,448.86322054416956,474.0630927394976,499.2629649348256,524.4628371301535,549.6627093254813,574.8625815208092] [-22.78228286743746,-2.693362081140151,-1.9429282151665461,-1.352814152681276,-0.8951292347564959,-0.5488928516504075,-0.2978895759682132,-0.12930490578440867,-0.03282151564576452,0.0,-0.03305504457330244,-0.13436451662926174,-0.2962705398531398,-0.512369889307422,-0.7772503171902372,-1.0862933043699172,-1.4355239931499,-1.8214952923392502,-2.2411971660383756,-2.69198477285272] False 60254.65603222185 60268.65603222185
