data/CTA102_allsed_14d_min11.ecsv
# %ECSV 1.0
# ---
# datatype:
# - {name: e_min, unit: MeV, datatype: float64}
# - {name: e_ref, unit: MeV, datatype: float64}
# - {name: e_max, unit: MeV, datatype: float64}
# - {name: ref_dnde_e_min, unit: ph / (cm2 MeV s), datatype: float64}
# - {name: ref_dnde_e_max, unit: ph / (cm2 MeV s), datatype: float64}
# - {name: ref_dnde, unit: ph / (cm2 MeV s), datatype: float64}
# - {name: ref_flux, unit: ph / (cm2 s), datatype: float64}
# - {name: ref_eflux, unit: MeV / (cm2 s), datatype: float64}
# - {name: ref_npred, datatype: float64}
# - {name: dnde, unit: ph / (cm2 MeV s), datatype: float64}
# - {name: dnde_err, unit: ph / (cm2 MeV s), datatype: float64}
# - {name: dnde_errp, unit: ph / (cm2 MeV s), datatype: float64}
# - {name: dnde_errn, unit: ph / (cm2 MeV s), datatype: float64}
# - {name: dnde_ul, unit: ph / (cm2 MeV s), datatype: float64}
# - {name: e2dnde, unit: MeV / (cm2 s), datatype: float64}
# - {name: e2dnde_err, unit: MeV / (cm2 s), datatype: float64}
# - {name: e2dnde_errp, unit: MeV / (cm2 s), datatype: float64}
# - {name: e2dnde_errn, unit: MeV / (cm2 s), datatype: float64}
# - {name: e2dnde_ul, unit: MeV / (cm2 s), datatype: float64}
# - {name: norm, datatype: float64}
# - {name: norm_err, datatype: float64}
# - {name: norm_errp, datatype: float64}
# - {name: norm_errn, datatype: float64}
# - {name: norm_ul, datatype: float64}
# - {name: ts, datatype: float64}
# - {name: loglike, datatype: float64}
# - {name: norm_scan, datatype: string, subtype: 'float64[20]'}
# - {name: dloglike_scan, datatype: string, subtype: 'float64[20]'}
# - {name: ShowUL, datatype: bool}
# - {name: tstart, datatype: float64}
# - {name: tend, datatype: float64}
# meta: !!omap
# - {UL_CONF: 0.95}
# - {EXTNAME: SED}
# - {CONFIG: '{"bin_index": 2.0, "use_local_index": true, "free_background": false, "free_radius": null, "free_pars": [], "ul_confidence":
#     0.95, "cov_scale": 3.0, "make_plots": false, "write_fits": true, "write_npy": true, "optimizer": {"optimizer": "MINUIT", "tol":
#     0.001, "max_iter": 100, "init_lambda": 0.0001, "retries": 3, "min_fit_quality": 2, "verbosity": 0}, "prefix": "", "outfile": null,
#     "loge_bins": []}'}
# - {SRCNAME: 4FGL J2232.6+1143}
# - {CREATOR: fermipy 1.2.0}
# - {STVER: 2.2.0}
# schema: astropy-2.0
e_min e_ref e_max ref_dnde_e_min ref_dnde_e_max ref_dnde ref_flux ref_eflux ref_npred dnde dnde_err dnde_errp dnde_errn dnde_ul e2dnde e2dnde_err e2dnde_errp e2dnde_errn e2dnde_ul norm norm_err norm_errp norm_errn norm_ul ts loglike norm_scan dloglike_scan ShowUL tstart tend
[from data line 1509]
4007.6519721450045 4618.915317184078 5323.411028602609 2.010319674233394e-15 9.0418547390886e-16 1.3482217352331296e-15 1.787606296137643e-12 8.184404847911604e-09 0.002545268313966398 3.684929973715116e-12 1.4071768832433042e-12 1.5475764122999056e-12 1.266777354186703e-12 6.503223292572596e-12 7.86156915691845e-05 3.0021244535295624e-05 3.301658125851821e-05 2.702590781207304e-05 0.00013874222854199324 2733.177990991172 1043.7280800846756 1147.8649037150437 939.5912564543075 4823.556187104551 61.088647262255165 -44.03744433600579 [0.0,949.5532303097215,1172.5063253949033,1395.4594204800837,1618.412515565265,1841.3656106504468,2064.3187057356276,2287.2718008208085,2510.2248959059903,2733.177990991172,3052.7254831383593,3372.2729752855444,3691.8204674327294,4011.3679595799163,4330.915451727104,4650.462943874292,4970.0104360214755,5289.557928168661,5609.105420315849,5928.652912463036] [-30.544323631127583,-2.698302198633783,-1.8428326911995185,-1.2270877225192862,-0.781424591812403,-0.46277373202169514,-0.2426202814436209,-0.10109980054758694,-0.023815969960196526,0.0,-0.04300033837084527,-0.1608425379294971,-0.3401288872234147,-0.5707681944401202,-0.8449696315682189,-1.1565924695362355,-1.5007105437025103,-1.8733115907404354,-2.2710842399170303,-2.691263671038101] False 57944.65603222185 57958.65603222185
7071.149185711414 8149.575733880153 9392.473966813408 3.0392142866662756e-16 1.3104608565972526e-16 1.9956881914485804e-16 4.677122922344882e-13 3.7744940677576445e-09 0.0006741236652345606 1.3902124835976795e-12 6.555872622655621e-13 7.302447548914963e-13 5.809297696396277e-13 2.750390449765423e-12 9.233177487509182e-05 4.354121130737823e-05 4.849963232805399e-05 3.8582790286702464e-05 0.00018266878971562664 6966.08062098412 3285.018496750741 3659.1124706783203 2910.9245228231616 13781.664197597112 46.72232883974833 -31.50137197261418 [0.0,1755.6744888040084,2406.9752553265234,3058.2760218490366,3709.5767883715494,4360.877554894062,5012.178321416577,5663.479087939091,6314.779854461606,6966.08062098412,8022.1556012665005,9078.230581548873,10134.305561831246,11190.380542113619,12246.455522396,13302.530502678374,14358.60548296075,15414.680463243129,16470.755443525504,17526.83042380788] [-23.361164419874164,-2.70303296546939,-1.7670971960688107,-1.1430244974800914,-0.71288778386986,-0.4155793519314699,-0.21519546575265736,-0.08878335889459521,-0.020749256127785998,0.0,-0.04666636462444629,-0.17196399328072687,-0.3590756571518412,-0.5960875466253626,-0.8742445215354167,-1.1869201782998147,-1.5289761823278099,-1.8963463654044546,-2.285756981785255,-2.6945328188522453] False 57944.65603222185 57958.65603222185
12476.13311942254 14379.0435808939 16572.19366947696 3.880176013903387e-17 1.6037077256712308e-17 2.4945276607929332e-17 1.0336795507323181e-13 1.4703813910798444e-09 0.00014998910043839686 4.97134392146145e-13 2.8703086928344747e-13 3.2638054878117076e-13 2.4768118978572413e-13 1.1271864527264361e-12 0.00010278596297047472 5.9345611101632536e-05 6.748142862633122e-05 5.120979357693384e-05 0.00023305357026415628 19928.99898284237 11506.421588133813 13083.861682953817 9928.981493313806 45186.36816270614 29.764937617630082 -14.861345945130608 [0.0,3510.755973179492,5563.036349387352,7615.316725595209,9667.597101803072,11719.877478010923,13772.157854218793,15824.438230426644,17876.71860663451,19928.99898284237,23921.602102868517,27914.205222894663,31906.808342920784,35899.41146294691,39892.014582973075,43884.6177029992,47877.22082302534,51869.823943051495,55862.42706307761,59855.03018310374] [-14.882468808815041,-2.698144246961906,-1.6465222799723414,-1.0222790468351306,-0.6200155321900684,-0.3540748569222014,-0.1804496986830788,-0.07350989572187139,-0.017009531450383975,0.0,-0.052776058424710115,-0.18980987713302433,-0.3885421013524528,-0.634413012309686,-0.9174769710419461,-1.23063772155475,-1.568654203342799,-1.9275453931443849,-2.304216190193152,-2.6962126053373296] False 57944.65603222185 57958.65603222185
100.0 115.25240587974294 132.83117061068992 7.94681861493449e-12 4.633396502177968e-12 6.068011336004587e-12 1.9909332768445708e-10 2.288440794748162e-08 0.06967373238851715 1.3418362960367234e-08 1.3022915411161755e-09 1.347462461881925e-09 1.257120620350426e-09 1.5670179745619094e-08 0.0001782376859704704 1.7298490988286116e-05 1.789850161657384e-05 1.6698480359998393e-05 0.00020814883192905094 2211.327932225388 214.61587149467235 222.0599776877059 207.1717653016388 2582.424270145966 242.1767855965786 -1191.5443663618066 [0.0,1732.9964856931574,1792.7879165096858,1852.579347326215,1912.3707781427433,1972.162208959273,2031.9536397758013,2091.7450705923297,2151.5365014088597,2211.327932225388,2264.5908589072665,2317.8537855891477,2371.116712271026,2424.3796389529066,2477.642565634784,2530.905492316666,2584.1684189985444,2637.431345680423,2690.6942723623033,2743.9571990441814] [-121.0883927982893,-2.710884377904904,-2.044259764821618,-1.4796722205671813,-1.0125637031355836,-0.6386881574794643,-0.35408290678788035,-0.15504330904150265,-0.0381002358758451,0.0,-0.02997536727662009,-0.11804982453440971,-0.2622907986651626,-0.46086435997494846,-0.7120284515829098,-1.0141267000026346,-1.3655827472985038,-1.7648950522934683,-2.2106321144262893,-2.701428079180914] False 57958.65603222185 57972.65603222185
132.83117061068992 153.091119887046 176.4411988580621 5.092317440511507e-12 2.9299020482186527e-12 3.8626404568810514e-12 1.6839164426410656e-10 2.5702013753025692e-08 0.08042492890954019 8.069156461575845e-09 7.356401187821658e-10 7.613024684507513e-10 7.099777691135804e-10 9.341892316290099e-09 0.00018911594035724672 1.7241117270495536e-05 1.7842562962181036e-05 1.6639671578810034e-05 0.00021894491184104716 2089.026030678353 190.4500631094642 197.09379553940587 183.8063306795225 2418.5249495971348 311.18746861139425 -1250.6323504483862 [0.0,1663.885802155403,1717.0283307207733,1770.1708592861407,1823.3133878515102,1876.455916416878,1929.5984449822467,1982.7409735476162,2035.8835021129842,2089.026030678353,2136.33229843905,2183.6385661997488,2230.944833960447,2278.2511017211436,2325.5573694818418,2372.8636372425394,2420.1699050032375,2467.4761727639357,2514.782440524633,2562.08870828533] [-155.59373430569713,-2.7137657543228215,-2.0471476167317633,-1.4823483228046825,-1.0148734935487482,-0.6405347218151292,-0.3554215910869516,-0.15587688182813508,-0.038474533795124444,0.0,-0.029700300496187992,-0.11753684518953378,-0.26160218196605456,-0.4600855323340056,-0.7112661810306236,-1.013507431703374,-1.3652510707261172,-1.7650122880784238,-2.2113750101564165,-2.7029876045535275] False 57958.65603222185 57972.65603222185
176.4411988580621 203.35272664697808 234.36890988269914 3.1776098294882446e-12 1.8041376506076386e-12 2.394336136034506e-12 1.386927203976093e-10 2.8110200425630323e-08 0.08309005203954858 5.024245725256089e-09 4.373565627204308e-10 4.526690820266956e-10 4.2204404341416593e-10 5.7814120878556275e-09 0.00020776427444046892 1.8085713536782916e-05 1.871892191023675e-05 1.745250516332908e-05 0.00023907486881793717 2098.387795114362 182.6629754019332 189.05828434615916 176.26766645770726 2414.6200697746594 389.63083812018795 -1245.4128101190154 [0.0,1691.6549277177419,1742.4965361423194,1793.3381445668965,1844.1797529914738,1895.0213614160525,1945.8629698406294,1996.7045782652074,2047.5461866897847,2098.387795114362,2143.716184055119,2189.0445729958738,2234.372961936631,2279.701350877386,2325.0297398181424,2370.3581287588995,2415.6865176996535,2461.014906640411,2506.3432955811654,2551.6716845219235] [-194.81541906009397,-2.7079501667190016,-2.043028482854197,-1.4796459209505883,-1.013311721748778,-0.639838903433656,-0.3553168149517205,-0.1560867685334415,-0.03872034146979786,0.0,-0.029332759078897652,-0.11675039567353451,-0.2603341308677045,-0.45826242523230576,-0.7088043674841629,-1.0103136240252297,-1.3612228926081116,-1.7600388100211148,-2.205337269449956,-2.6957591081757073] False 57958.65603222185 57972.65603222185
234.36890988269914 270.1158072739371 311.3149665447022 1.9308503070473213e-12 1.0818054674247717e-12 1.4452696699725614e-12 1.1123874754590607e-10 2.993850105706949e-08 0.078667649190372 2.8117617957777728e-09 2.5415553435855767e-10 2.6347703624476137e-10 2.44834032472354e-10 3.2530082237056575e-09 0.000205153308754656 1.8543835715479897e-05 1.9223956256767955e-05 1.7863715174191845e-05 0.0002373477730231124 1945.4928406759925 175.85336469655718 182.30302739956034 169.40370199355405 2250.796713783813 425.1855228657673 -1026.628763845675 [0.0,1556.5134290800859,1605.1358555295744,1653.7582819790623,1702.3807084285513,1751.0031348780394,1799.6255613275273,1848.2479877770163,1896.8704142265042,1945.4928406759925,1989.2840758286534,2033.0753109813138,2076.866546133974,2120.657781286633,2164.4490164392937,2208.240251591954,2252.0314867446154,2295.8227218972756,2339.613957049936,2383.405192202597] [-212.59276143288366,-2.707377636330193,-2.039820300900601,-1.4754294106571706,-1.0092170206228275,-0.6365613115581255,-0.353170894610912,-0.15505341740140466,-0.0384878588306492,0.0,-0.029469430865219692,-0.11740301960003308,-0.26169533936740663,-0.46035654647562296,-0.711503906650023,-1.0133540935505607,-1.3642161758707516,-1.7624852198048302,-2.206636442651643,-2.6952198610601954] False 57958.65603222185 57972.65603222185
311.3149665447022 358.7979888064861 413.52331434760555 1.142508854389077e-12 6.316719728781896e-13 8.495238796424425e-13 8.688159922727449e-11 3.105027729037998e-08 0.07030820872264987 1.5786368132072484e-09 1.5186316890098022e-10 1.5765973430073169e-10 1.4606660350122878e-10 1.8431126829656305e-09 0.0002032273836885446 1.9550256421358397e-05 2.0296483045947053e-05 1.880402979676975e-05 0.00023727494840392033 1858.2606693430232 178.76268406357002 185.5859947893276 171.93937333781247 2169.5831360754464 448.4024043365521 -881.2440267039667 [0.0,1467.2384125180583,1516.1161946211791,1564.993976724299,1613.8717588274208,1662.749540930541,1711.6273230336617,1760.5051051367827,1809.3828872399026,1858.2606693430232,1902.9250389670658,1947.5894085911073,1992.253778215149,2036.9181478391909,2081.5825174632328,2126.2468870872735,2170.9112567113166,2215.5756263353583,2260.2399959594004,2304.9043655834416] [-224.20120216827604,-2.7067779511919525,-2.035994444378275,-1.4704686616903473,-1.0045353231948866,-0.6329876541913109,-0.35102850376358674,-0.15422786375324904,-0.038485802355921805,0.0,-0.029380221623455327,-0.1178009958767916,-0.262900878943924,-0.4624614131439557,-0.7143956449150437,-1.0167377825041513,-1.367633859478019,-1.7653332882416635,-2.2081812030796755,-2.694611505285593] False 57958.65603222185 57972.65603222185
413.52331434760555 476.5900816815941 549.2752115212968 6.583134822044326e-13 3.591846964065857e-13 4.862675480082562e-13 6.607517739657884e-11 3.1357040290702303e-08 0.06014343775109898 8.258124836659542e-10 8.810880609829466e-11 9.086513105105787e-11 8.535248114553144e-11 9.78385713765201e-10 0.0001875734834157526 2.001286733532288e-05 2.063893376449627e-05 1.9386800906149486e-05 0.00022222867792027798 1698.2677274032956 181.19409049439318 186.86242054037933 175.52576044840703 2012.0316845585367 434.7984148627627 -631.0925463251338 [0.0,1307.679071602328,1356.5026535774493,1405.3262355525699,1454.1498175276918,1502.9733995028118,1551.7969814779333,1600.6205634530536,1649.444145428174,1698.2677274032956,1743.5470942196705,1788.8264610360452,1834.1058278524208,1879.385194668796,1924.664561485171,1969.9439283015454,2015.2232951179203,2060.5026619342957,2105.7820287506697,2151.0613955670456] [-217.39920743138134,-2.7061106251167075,-2.02881784376234,-1.460434636376931,-0.9942358344214881,-0.6241140168719994,-0.3445052150002539,-0.15032554167896706,-0.03691686311617559,0.0,-0.030685611842500293,-0.12085899326950766,-0.2678139539773383,-0.4690287271930629,-0.7221493923477738,-1.0249751329072296,-1.3754450896396975,-1.7716266054915195,-2.2117046880936186,-2.6939725408734603] False 57958.65603222185 57972.65603222185
549.2752115212968 633.0528961793416 729.6086933380817 3.6939510392053345e-13 1.9887792019246462e-13 2.710434098018154e-13 4.894295050118004e-11 3.0842200511495566e-08 0.04890930450656039 4.528351742991559e-10 5.3043218281176825e-11 5.5093617215296774e-11 5.099281934705687e-11 5.458130643949642e-10 0.00018147639923703928 2.125738636030291e-05 2.2079095972723017e-05 2.0435676747882797e-05 0.00021873784371153034 1670.7108821803297 195.7000847943935 203.26492075782528 188.1352488309617 2013.7477786088139 403.17619674543516 -535.4747824343963 [0.0,1250.716902593175,1303.2161500415696,1355.7153974899638,1408.2146449383583,1460.7138923867524,1513.2131398351469,1565.7123872835416,1618.2116347319356,1670.7108821803297,1720.3858494735703,1770.0608167668097,1819.7357840600484,1869.4107513532883,1919.085718646529,1968.760685939769,2018.4356532330078,2068.110620526248,2117.7855878194873,2167.4605551127274] [-201.58809837271758,-2.704844484971659,-2.021780775639286,-1.4512752099535646,-0.9854033104387554,-0.6170624556291386,-0.3398611091221255,-0.14802619664396843,-0.03632516404218222,0.0,-0.031102815677172657,-0.12243152384928635,-0.2708814087097835,-0.4735857083770725,-0.7278917092329493,-1.0313397835839169,-1.381644944746995,-1.776680564049002,-2.2144639516018287,-2.69314354972164] False 57958.65603222185 57972.65603222185
729.6086933380817 840.8915725798939 969.1477682383326 2.0183284423512276e-13 1.0723060143164058e-13 1.471144359877402e-13 3.5299671108347174e-11 2.953858452019252e-08 0.03812966080150171 2.2984478019106168e-10 3.115995965903511e-11 3.2886053146388284e-11 2.943386617168194e-11 2.8576886756415283e-10 0.00016252293075694386 2.2033164998764967e-05 2.3253683350723696e-05 2.0812646646806238e-05 0.00020206677670474765 1562.3536782631988 211.80762751000069 223.54062621787062 200.07462880213075 1942.4937168502447 334.75971529700746 -447.1147452810236 [0.0,1111.4868486725152,1167.8452023713503,1224.2035560701854,1280.561909769022,1336.9202634678563,1393.2786171666921,1449.6369708655275,1505.9953245643628,1562.3536782631988,1617.4218953705772,1672.4901124779576,1727.5583295853373,1782.6265466927175,1837.6947638000968,1892.762980907476,1947.8311980148555,2002.899415122237,2057.9676322296173,2113.0358493369963] [-167.37985764850373,-2.701068770669508,-2.0092196689544153,-1.4358762280375572,-0.9710198364092548,-0.6058698658846424,-0.33268638402569195,-0.144610816577881,-0.03553610136464158,0.0,-0.03160498701669212,-0.12460429753684821,-0.2752523101950146,-0.48014159076404894,-0.7361630751038319,-1.0404719684736392,-1.3904584012609007,-1.7837220644845502,-2.2180501927408613,-2.691398376670577] False 57958.65603222185 57972.65603222185
