data/CTA102_allsed_14d_min11.ecsv
# %ECSV 1.0
# ---
# datatype:
# - {name: e_min, unit: MeV, datatype: float64}
# - {name: e_ref, unit: MeV, datatype: float64}
# - {name: e_max, unit: MeV, datatype: float64}
# - {name: ref_dnde_e_min, unit: ph / (cm2 MeV s), datatype: float64}
# - {name: ref_dnde_e_max, unit: ph / (cm2 MeV s), datatype: float64}
# - {name: ref_dnde, unit: ph / (cm2 MeV s), datatype: float64}
# - {name: ref_flux, unit: ph / (cm2 s), datatype: float64}
# - {name: ref_eflux, unit: MeV / (cm2 s), datatype: float64}
# - {name: ref_npred, datatype: float64}
# - {name: dnde, unit: ph / (cm2 MeV s), datatype: float64}
# - {name: dnde_err, unit: ph / (cm2 MeV s), datatype: float64}
# - {name: dnde_errp, unit: ph / (cm2 MeV s), datatype: float64}
# - {name: dnde_errn, unit: ph / (cm2 MeV s), datatype: float64}
# - {name: dnde_ul, unit: ph / (cm2 MeV s), datatype: float64}
# - {name: e2dnde, unit: MeV / (cm2 s), datatype: float64}
# - {name: e2dnde_err, unit: MeV / (cm2 s), datatype: float64}
# - {name: e2dnde_errp, unit: MeV / (cm2 s), datatype: float64}
# - {name: e2dnde_errn, unit: MeV / (cm2 s), datatype: float64}
# - {name: e2dnde_ul, unit: MeV / (cm2 s), datatype: float64}
# - {name: norm, datatype: float64}
# - {name: norm_err, datatype: float64}
# - {name: norm_errp, datatype: float64}
# - {name: norm_errn, datatype: float64}
# - {name: norm_ul, datatype: float64}
# - {name: ts, datatype: float64}
# - {name: loglike, datatype: float64}
# - {name: norm_scan, datatype: string, subtype: 'float64[20]'}
# - {name: dloglike_scan, datatype: string, subtype: 'float64[20]'}
# - {name: ShowUL, datatype: bool}
# - {name: tstart, datatype: float64}
# - {name: tend, datatype: float64}
# meta: !!omap
# - {UL_CONF: 0.95}
# - {EXTNAME: SED}
# - {CONFIG: '{"bin_index": 2.0, "use_local_index": true, "free_background": false, "free_radius": null, "free_pars": [], "ul_confidence":
#     0.95, "cov_scale": 3.0, "make_plots": false, "write_fits": true, "write_npy": true, "optimizer": {"optimizer": "MINUIT", "tol":
#     0.001, "max_iter": 100, "init_lambda": 0.0001, "retries": 3, "min_fit_quality": 2, "verbosity": 0}, "prefix": "", "outfile": null,
#     "loge_bins": []}'}
# - {SRCNAME: 4FGL J2232.6+1143}
# - {CREATOR: fermipy 1.2.0}
# - {STVER: 2.2.0}
# schema: astropy-2.0
e_min e_ref e_max ref_dnde_e_min ref_dnde_e_max ref_dnde ref_flux ref_eflux ref_npred dnde dnde_err dnde_errp dnde_errn dnde_ul e2dnde e2dnde_err e2dnde_errp e2dnde_errn e2dnde_ul norm norm_err norm_errp norm_errn norm_ul ts loglike norm_scan dloglike_scan ShowUL tstart tend
[from data line 761]
1709.9759409858673 1970.7884119509856 2271.3810595726877 2.769179961305492e-14 1.4035871228132338e-14 1.9714931738255722e-14 1.110306924879458e-11 2.1751031271993725e-08 0.01709439412319247 1.583415624624232e-11 4.579419846087479e-12 4.9540157021182014e-12 4.204823990056757e-12 2.4602198266130793e-11 6.149997314024104e-05 1.7786498576398898e-05 1.9241431490162598e-05 1.6331565662635198e-05 9.555510941209728e-05 803.155519707787 232.28180076329514 251.28241719981264 213.28118432677763 1247.8967004684882 77.66597691295578 -139.24382511390948 [0.0,366.025599961728,420.6668399299855,475.308079898243,529.9493198665,584.5905598347575,639.2317998030151,693.8730397712723,748.5142797395297,803.155519707787,869.6569870461217,936.1584543844565,1002.659921722791,1069.1613890611254,1135.6628563994595,1202.164323737794,1268.6657910761292,1335.1672584144635,1401.6687257527983,1468.1701930911331] [-38.83298845647789,-2.6959983768761617,-1.92179376141209,-1.3241724092077334,-0.86773189452677,-0.5269825904357219,-0.2829215234764888,-0.12097830589871705,-0.02971997966312756,0.0,-0.036196965963171124,-0.14173213988939892,-0.3078513755951633,-0.5273958257847937,-0.7944322256303451,-1.1039851551065851,-1.4518391302829627,-1.8343896486168205,-2.2485292733653353,-2.691559263928241] False 57986.65603222185 58000.65603222185
2271.3810595726877 2617.821317854317 3017.1020504598932 1.3520805161741659e-14 6.765061223003197e-15 9.563946607101078e-15 7.157687301214711e-12 1.8619887404593874e-08 0.01109700660399593 2.051509154954309e-12 1.439423760268593e-12 1.673853084596082e-12 1.204994435941104e-12 5.355807934190846e-12 1.4058968548510128e-05 9.864354406960978e-06 1.1470895859437244e-05 8.257812954484716e-06 3.670328992527802e-05 214.50445503649027 150.5052066267124 175.0169834023616 125.99342985106324 559.9997735468581 15.45222886827824 -93.96961433345601 [0.0,22.25127374667564,46.2829214079025,70.31456906912933,94.34621673035615,118.37786439158303,142.40951205280987,166.44115971403673,190.4728073752635,214.50445503649027,269.3212062397224,324.1379574429541,378.9547086461861,433.77145984941785,488.58821105264985,543.4049622558816,598.2217134591137,653.0384646623457,707.8552158655776,762.6719670688097] [-7.72611443413912,-2.642899794803057,-1.4705943892035975,-0.8764983305157728,-0.5192417871879798,-0.2919965579113324,-0.14719737127119004,-0.059470234635369934,-0.013663942040636812,0.0,-0.05663041816926295,-0.19966451253267792,-0.40277095209074787,-0.6502516482648844,-0.9319723764746755,-1.2409976874789095,-1.5723642456099185,-1.9223921117192901,-2.2882733868033966,-2.6678139949905813] False 57986.65603222185 58000.65603222185
3017.1020504598932 3477.2827010020824 4007.6519721450045 6.433034676817766e-15 3.1773572718818483e-15 4.521067297735677e-15 4.496456199636143e-12 1.553253234292802e-08 0.0069559357386363985 2.707206450270646e-12 1.3602652697865194e-12 1.524986868939852e-12 1.195543670633187e-12 5.5810820298969426e-12 3.273417321054902e-05 1.64476406847489e-05 1.843937107445182e-05 1.445591029504598e-05 6.748362536247093e-05 598.7980872628282 300.87259936780686 337.30682790402693 264.4383708315868 1234.4611708594034 31.003163787146406 -60.03008351606502 [0.0,136.90395999393158,194.64072590254364,252.3774918111557,310.11425771976764,367.85102362837983,425.5877895369919,483.32455544560406,541.061321354216,598.7980872628282,697.8692066133971,796.940325963966,896.0114453145353,995.0825646651039,1094.1536840156734,1193.2248033662422,1292.2959227168117,1391.3670420673807,1490.43816141795,1589.5092807685191] [-15.501581893573203,-2.695675049165665,-1.7308283626308523,-1.1061623596854773,-0.6838381112523422,-0.3959292477102494,-0.20389311704081337,-0.08373329026940723,-0.01948821908301568,0.0,-0.04851584808753984,-0.17736660640897384,-0.3679901607977456,-0.6076270353479316,-0.8871259658493926,-1.1996980864245472,-1.5401665220895353,-1.904492275635775,-2.289462643801123,-2.6924795591979773] False 57986.65603222185 58000.65603222185
4007.6519721450045 4618.915317184078 5323.411028602609 2.9825737692141387e-15 1.454193953222969e-15 2.0826043167708665e-15 2.7525548572189017e-12 1.2626282452160179e-08 0.004215170860252471 1.4506241333163576e-12 8.582950085641759e-13 9.780676074087634e-13 7.385224097195882e-13 3.3458006956031103e-12 3.0948164622145684e-05 1.8311190755308608e-05 2.0866464737818683e-05 1.5755916772798532e-05 7.138057911920371e-05 696.5433239692834 412.1258184535914 469.6367905955767 354.6148463116061 1606.546509416087 19.305562325055206 -35.34925052495895 [0.0,113.18042519777829,186.1007875442164,259.0211498906546,331.94151223709275,404.86187458353066,477.78223692996926,550.7025992764072,623.6229616228453,696.5433239692834,840.1323072272074,983.7212904851306,1127.3102737430545,1270.8992570009784,1414.4882402589024,1558.0772235168258,1701.66620677475,1845.2551900326737,1988.8441732905974,2132.4331565485218] [-9.652781162527603,-2.7011146626551934,-1.6534889863725368,-1.0305541505561138,-0.6281558113831593,-0.36127685299471324,-0.18622875335469047,-0.07755369827930281,-0.019106227229947592,0.0,-0.049572797648991695,-0.1848945717551942,-0.38284854781659305,-0.6285672385223435,-0.9119211674329435,-1.2256974733753623,-1.5645775428627857,-1.9245267496251373,-2.3024117431315148,-2.6957504960851892] False 57986.65603222185 58000.65603222185
5323.411028602609 6135.359285332078 7071.149185711414 1.3474990242139282e-15 6.485456960902027e-16 9.348340455073771e-16 1.6419864364496686e-12 1.0001767401970742e-08 0.0025064184390166666 7.408901337115896e-13 5.261069270832135e-13 6.138375851028912e-13 4.38376269063536e-13 1.967513791990989e-12 2.7889055811606672e-05 1.9804050269629204e-05 2.3106463281451303e-05 1.650163725780711e-05 7.406240069638036e-05 792.5365333795419 562.7810942611437 656.6273319343366 468.93485658795106 2104.6663859178657 20.372606425907655 -9.751551811183521 [0.0,83.65107899407381,172.26176079225732,260.87244259044087,349.4831243886244,438.0938061868079,526.7044879849915,615.3151697831751,703.9258515813581,792.5365333795419,1002.4976213106878,1212.4587092418335,1422.4197971729798,1632.3808851041254,1842.341973035271,2052.303060966418,2262.2641488975646,2472.225236828709,2682.1863247598553,2892.1474126910007] [-10.186303212953828,-2.6750964337350744,-1.478364532279782,-0.8788230733769744,-0.5202262977421004,-0.2928458135653411,-0.14817558669374975,-0.060455183472054586,-0.014352863517432368,0.0,-0.05736475166949795,-0.20404704935585727,-0.41140319703809425,-0.6626828109370724,-0.9472380196247236,-1.2578775781278626,-1.5895157335163592,-1.9384228787710924,-2.301782502434362,-2.677415484809753] False 57986.65603222185 58000.65603222185
9392.473966813408 10825.05221838098 12476.13311942254 2.5451837681354245e-16 1.1936958567344565e-16 1.743036235610445e-16 5.407058764734995e-13 5.807560992499408e-09 0.0008394220026326504 6.197204412198371e-13 3.6423050917587974e-13 4.1416959134624677e-13 3.1429142700551276e-13 1.41905031478252e-12 7.261992924038503e-05 4.268117048306123e-05 4.853311980137547e-05 3.6829221164746994e-05 0.0001662868070725727 3555.4076763229136 2089.6324570574357 2376.1387335771396 1803.1261805377317 8141.255389825795 25.040955193271728 -34.73338941478131 [0.0,574.8962580764036,947.4601853572177,1320.0241126380317,1692.5880399188443,2065.151967199658,2437.7158944804723,2810.279821761286,3182.8437490420993,3555.4076763229136,4280.14165780039,5004.875639277864,5729.609620755343,6454.34360223282,7179.0775837102965,7903.811565187771,8628.545546665244,9353.279528142726,10078.0135096202,10802.747491097678] [-12.520477596635864,-2.700804397555004,-1.6456794462900675,-1.0213523371579214,-0.6193900224382176,-0.35372044420351045,-0.18028098126036696,-0.07345022305165827,-0.01700053538187518,0.0,-0.052712049005350536,-0.18962624902125214,-0.3882290166426543,-0.6339883224632743,-0.9169758687617957,-1.230106562608448,-1.5681466647137938,-1.9271199965442563,-2.30393465556169,-2.6961387269796333] False 57986.65603222185 58000.65603222185
16572.19366947696 19099.851911122612 22013.03884703687 4.334402558277632e-17 1.9809145835108222e-17 2.9302015696021367e-17 1.605483275676577e-13 3.040704350867998e-09 0.00024802169363158377 1.1808896710910557e-13 1.1870989189050616e-13 1.4879794189912818e-13 8.862184188188416e-14 4.2978069383744195e-13 4.3079368064952315e-05 4.330588412190023e-05 5.428213543825351e-05 3.232963280554695e-05 0.00015678586366097634 4030.062925846422 4051.253440104621 5078.078704303335 3024.428175905907 14667.274029745253 14.307137890059394 -3.3913456101188224 [0.0,447.78476953849116,895.5695390769823,1343.3543086154732,1791.1390781539646,2238.923847692455,2686.7086172309464,3134.493386769439,3582.2781563079293,4030.062925846422,5781.6585433758255,7533.25416090523,9284.84977843463,11036.445395964032,12788.041013493446,14539.636631022835,16291.232248552247,18042.827866081658,19794.42348361105,21546.019101140468] [-7.153568945029697,-1.3064418233663266,-0.725648111669428,-0.4316747563294703,-0.25526879853839723,-0.14331507314229563,-0.07214018858434823,-0.029111518324763885,-0.006686719603013813,0.0,-0.07361232155333175,-0.2434561679286933,-0.46886202543944755,-0.7304965707133979,-1.0176372573194055,-1.323713856621195,-1.6444075646450766,-1.9767269968468195,-2.3185144007785805,-2.668162062426407] False 57986.65603222185 58000.65603222185
22013.03884703687 25370.556878452422 29240.177187505025 1.7205893834279175e-17 7.762376899237837e-18 1.1556757020459823e-17 8.415502599109552e-14 2.1164909605018614e-09 0.00013198236231781735 8.562975327362722e-14 8.784653761691904e-14 1.1014706624368123e-13 6.554600899015682e-14 3.183392226455966e-13 5.511688852675116e-05 5.6543755367610005e-05 7.089782861223573e-05 4.2189682122984255e-05 0.00020490386550785323 7409.4967231750425 7601.313886014692 9530.966693223656 5671.661078805727 27545.722565769614 15.175467101871963 -3.1732749842294385 [0.0,823.2774136861161,1646.5548273722322,2469.8322410583473,3293.1096547444645,4116.38706843058,4939.664482116695,5762.941895802812,6586.219309488929,7409.4967231750425,10719.95966540146,14030.422607627874,17340.885549854283,20651.3484920807,23961.811434307125,27272.27437653352,30582.737318759937,33893.20026098635,37203.66320321276,40514.12614543919] [-7.587733550935981,-1.3264366469304552,-0.7428040490856818,-0.4462826969089946,-0.2674015819795459,-0.1530018541364786,-0.07939554970664675,-0.03394379439701911,-0.009101120729889,0.0,-0.06763668729120997,-0.23546986072171672,-0.46057276725650675,-0.7227949594114778,-1.011046371606997,-1.3185670212131555,-1.640930230690551,-1.9750787576047095,-2.3188123664851563,-2.670494709825011] False 57986.65603222185 58000.65603222185
29240.177187505025 33700.007692099294 38840.06964680279 6.655599767372943e-18 2.9640509652732316e-18 4.441569195110436e-18 4.2985529053258106e-14 1.4355775182272105e-09 6.970416052132222e-05 6.385157612632182e-14 6.42144787307196e-14 8.048846607630565e-14 4.794049138513355e-14 2.325110625759834e-13 7.251562959459573e-05 7.29277746415302e-05 9.140998776724772e-05 5.44455615158127e-05 0.00026406060920170963 14375.904848361644 14457.610792467449 18121.628312109267 10793.59327282563 52348.85518207089 16.02009498192114 -19.75220636335293 [0.0,1597.3227609290711,3194.6455218581423,4791.968282787211,6389.291043716285,7986.613804645354,9583.936565574422,11181.259326503498,12778.58208743257,14375.904848361644,20631.983486135596,26888.06212390954,33144.1407616835,39400.21939945747,45656.298037231405,51912.37667500538,58168.45531277931,64424.533950553276,70680.61258832722,76936.69122610116] [-8.01004749096057,-1.3082203908887706,-0.7266260434925833,-0.4323473223259455,-0.25576007208776375,-0.1436747786915511,-0.0723932523093147,-0.02927223479193586,-0.006764066310239514,0.0,-0.07350655041314624,-0.2434465697826198,-0.4690372017146025,-0.7309037429322949,-1.0183049391288002,-1.3246608676919749,-1.6456471983067225,-1.9782691645720654,-2.3203668277737783,-2.670330997209529] False 57986.65603222185 58000.65603222185
100.0 115.25240587974294 132.83117061068992 8.31420857601227e-12 4.820665489876331e-12 6.330878166417051e-12 2.077429693936095e-10 2.3875479355954433e-08 0.05727290194413367 6.891106851185053e-09 1.2442792207858183e-09 1.2954970481861666e-09 1.1930613933854697e-09 9.06997057421724e-09 9.153537898462569e-05 1.652790654635375e-05 1.7208238943326204e-05 1.5847574149381293e-05 0.00012047748087777886 1088.4914651714205 196.5413309304001 204.6314925247331 188.45116933606712 1432.655997445987 52.352283033054164 -842.2236001264484 [0.0,664.5674867372979,717.557984041563,770.5484813458287,823.5389786500939,876.5294759543589,929.5199732586244,982.5104705628897,1035.5009678671559,1088.4914651714205,1137.9177300843878,1187.343994997355,1236.7702599103225,1286.1965248232898,1335.6227897362567,1385.0490546492242,1434.4753195621918,1483.9015844751598,1533.3278493881257,1582.7541143010933] [-26.176141516527082,-2.7070998431756834,-2.0270794176537947,-1.4576736935548524,-0.9915175956762141,-0.6220156332522038,-0.34323338724129826,-0.14980801595618232,-0.03687384004251726,0.0,-0.030592202352295317,-0.12081182952715608,-0.2678676180793218,-0.4691732221209577,-0.7223267812238419,-1.0250930442637127,-1.3753876674920775,-1.7712633709276133,-2.21089769018306,-2.6925821038278173] False 58000.65603222185 58014.65603222185
132.83117061068992 153.091119887046 176.4411988580621 5.37992331464297e-12 3.071552453025307e-12 4.065060473619018e-12 1.772472272256458e-10 2.7048721825614938e-08 0.07392007901001313 2.3225581409854623e-09 5.450604222886822e-10 5.717903943011368e-10 5.183304502762275e-10 3.2899314453205533e-09 5.443354196419506e-05 1.2774521699200197e-05 1.34009891393756e-05 1.2148054259024792e-05 7.710576464285901e-05 571.3465165052634 134.08421001998747 140.65975106935778 127.50866897061714 809.3191888955129 29.673449677509325 -780.9141108661827 [0.0,286.41025388344684,322.027286711174,357.644319538901,393.261352366628,428.8783851943552,464.49541802208205,500.1124508498093,535.729483677536,571.3465165052634,605.7286458908796,640.1107752764959,674.4929046621124,708.875034047729,743.2571634333455,777.639292818962,812.0214222045781,846.4035515901946,880.785680975811,915.1678103614281] [-14.836724838754662,-2.713314253717499,-2.0183350476281703,-1.4425619395601643,-0.9756777189388686,-0.6087903712291336,-0.3341684049722744,-0.14503671904822113,-0.035416806415014435,0.0,-0.03175076964669188,-0.12439414874882004,-0.2744606945980195,-0.47879835030607865,-0.7345328317916255,-1.0390342006521678,-1.3898884756372354,-1.7848733796763554,-2.221937505379401,-2.6991823249377376] False 58000.65603222185 58014.65603222185
