data/CTA102_allsed_1d_3_min11.ecsv
# %ECSV 1.0
# ---
# datatype:
# - {name: e_min, unit: MeV, datatype: float64}
# - {name: e_ref, unit: MeV, datatype: float64}
# - {name: e_max, unit: MeV, datatype: float64}
# - {name: ref_dnde_e_min, unit: ph / (cm2 MeV s), datatype: float64}
# - {name: ref_dnde_e_max, unit: ph / (cm2 MeV s), datatype: float64}
# - {name: ref_dnde, unit: ph / (cm2 MeV s), datatype: float64}
# - {name: ref_flux, unit: ph / (cm2 s), datatype: float64}
# - {name: ref_eflux, unit: MeV / (cm2 s), datatype: float64}
# - {name: ref_npred, datatype: float64}
# - {name: dnde, unit: ph / (cm2 MeV s), datatype: float64}
# - {name: dnde_err, unit: ph / (cm2 MeV s), datatype: float64}
# - {name: dnde_errp, unit: ph / (cm2 MeV s), datatype: float64}
# - {name: dnde_errn, unit: ph / (cm2 MeV s), datatype: float64}
# - {name: dnde_ul, unit: ph / (cm2 MeV s), datatype: float64}
# - {name: e2dnde, unit: MeV / (cm2 s), datatype: float64}
# - {name: e2dnde_err, unit: MeV / (cm2 s), datatype: float64}
# - {name: e2dnde_errp, unit: MeV / (cm2 s), datatype: float64}
# - {name: e2dnde_errn, unit: MeV / (cm2 s), datatype: float64}
# - {name: e2dnde_ul, unit: MeV / (cm2 s), datatype: float64}
# - {name: norm, datatype: float64}
# - {name: norm_err, datatype: float64}
# - {name: norm_errp, datatype: float64}
# - {name: norm_errn, datatype: float64}
# - {name: norm_ul, datatype: float64}
# - {name: ts, datatype: float64}
# - {name: loglike, datatype: float64}
# - {name: norm_scan, datatype: string, subtype: 'float64[20]'}
# - {name: dloglike_scan, datatype: string, subtype: 'float64[20]'}
# - {name: ShowUL, datatype: bool}
# - {name: tstart, datatype: float64}
# - {name: tend, datatype: float64}
# meta: !!omap
# - {UL_CONF: 0.95}
# - {EXTNAME: SED}
# - {CONFIG: '{"bin_index": 2.0, "use_local_index": true, "free_background": false, "free_radius": null, "free_pars": [], "ul_confidence":
#     0.95, "cov_scale": 3.0, "make_plots": false, "write_fits": true, "write_npy": true, "optimizer": {"optimizer": "MINUIT", "tol":
#     0.001, "max_iter": 100, "init_lambda": 0.0001, "retries": 3, "min_fit_quality": 2, "verbosity": 0}, "prefix": "", "outfile": null,
#     "loge_bins": []}'}
# - {SRCNAME: 4FGL J2232.6+1143}
# - {CREATOR: fermipy 1.2.0}
# - {STVER: 2.2.0}
# schema: astropy-2.0
e_min e_ref e_max ref_dnde_e_min ref_dnde_e_max ref_dnde ref_flux ref_eflux ref_npred dnde dnde_err dnde_errp dnde_errn dnde_ul e2dnde e2dnde_err e2dnde_errp e2dnde_errn e2dnde_ul norm norm_err norm_errp norm_errn norm_ul ts loglike norm_scan dloglike_scan ShowUL tstart tend
[from data line 350]
234.36890988269914 270.1158072739371 311.3149665447022 1.5868035416521953e-12 9.238488390777425e-13 1.2107710806753828e-12 9.310773696604767e-11 2.508152221717719e-08 0.005612494051392244 2.637833527215706e-09 8.961498503981982e-10 9.706055644037126e-10 8.216941363926839e-10 4.359485425718781e-09 0.00019246305887820573 6.538537767504071e-05 7.081785638175718e-05 5.995289896832422e-05 0.00031807917046775105 2178.6393557932433 740.1480467292917 801.6425069074965 678.6535865510868 3600.5860193547132 23.989115143394713 -156.18681081058818 [0.0,787.2506266990553,961.1742178358289,1135.097808972603,1309.0214001093766,1482.9449912461494,1656.8685823829235,1830.7921735196976,2004.715764656472,2178.6393557932433,2390.651958147372,2602.6645605015005,2814.6771628556285,3026.6897652097573,3238.7023675638848,3450.7149699180127,3662.7275722721392,3874.740174626269,4086.752776980394,4298.765379334526] [-11.994557571697356,-2.6979753014834102,-1.92320400555937,-1.3268627627584237,-0.8716435781141172,-0.5314363564221196,-0.2871315217588517,-0.1242534495359564,-0.03153302905701594,0.0,-0.0338662473301099,-0.13725948534872146,-0.30160030635585144,-0.5198702975555989,-0.786246053126689,-1.0958361384669217,-1.4444877373590828,-1.828641712349878,-2.2452220748465663,-2.691550405909112] False 58092.00000212926 58093.00000212926
413.52331434760555 476.5900816815941 549.2752115212968 6.160459772818933e-13 3.4337076462588014e-13 4.599262748136724e-13 6.24613352378874e-11 2.9656973806012326e-08 0.005044849078104437 1.1178632122924512e-09 3.6138503034607093e-10 3.9985051978909837e-10 3.2291954090304344e-10 1.8060065870615362e-09 0.00025390933275941537 8.208431131411656e-05 9.082128973092511e-05 7.334733289730799e-05 0.0004102129155315081 2430.526963795068 785.7455643134913 869.3795977433291 702.1115308836535 3926.7306217571377 42.30741133302172 -144.92994111483662 [0.0,984.5359392582387,1165.2848173253428,1346.0336953924464,1526.7825734595501,1707.5314515266534,1888.2803295937565,2069.02920766086,2249.778085727964,2430.526963795068,2654.1150492045895,2877.703134614108,3101.2912200236287,3324.8793054331495,3548.4673908426703,3772.055476252193,3995.6435616617127,4219.231647071232,4442.819732480753,4666.407817890275] [-21.15370566651086,-2.69659790576776,-1.9069913503135751,-1.305330249095789,-0.850327157585582,-0.5133581710529427,-0.27369438320113204,-0.11580179831676674,-0.02771380617275554,0.0,-0.03807103602053985,-0.14555197310497192,-0.3133290492903882,-0.5340343334957254,-0.8016194690365239,-1.11105318705728,-1.4581015855494854,-1.8391652512715382,-2.251156342213193,-2.6914043458751564] False 58092.00000212926 58093.00000212926
549.2752115212968 633.0528961793416 729.6086933380817 3.5954795792536527e-13 1.960706282081602e-13 2.65512323596076e-13 4.792739663642496e-11 3.0211365353825646e-08 0.004301137319494372 6.115770729425302e-10 2.04581028523282e-10 2.229256962017678e-10 1.8623636084479626e-10 1.0106249234174685e-09 0.00024509316270607864 8.198706839872897e-05 8.93388034768269e-05 7.463533332063104e-05 0.0004050139708446068 2303.384884962712 770.5142486512649 839.6058351736048 701.4226621289251 3806.32021041303 43.463466723661526 -79.2952083273498 [0.0,893.7673035869367,1069.9695012589082,1246.1716989308804,1422.3738966028527,1598.5760942748243,1774.7782919467961,1950.9804896187677,2127.1826872907395,2303.384884962712,2530.149334185979,2756.9137834092453,2983.6782326325124,3210.442681855779,3437.2071310790443,3663.971580302309,3890.7360295255767,4117.500478748842,4344.264927972109,4571.029377195375] [-21.731733361830763,-2.700212864560328,-1.8944249150665655,-1.2882479560176137,-0.8345505787781491,-0.5014355892847107,-0.266245448118255,-0.11227151733173457,-0.026818126474779547,0.0,-0.0392888949060648,-0.14960949386555455,-0.3206790462099036,-0.5443279749267589,-0.8139530356227027,-1.12413760758146,-1.470381109465066,-1.8489018045860064,-2.2564902460758276,-2.69039845909316] False 58092.00000212926 58093.00000212926
729.6086933380817 840.8915725798939 969.1477682383326 2.0087809992369507e-13 1.0718006974388735e-13 1.4673148523694999e-13 3.520345109341357e-11 2.9461037805645667e-08 0.003456794907676433 1.5807834059227684e-10 8.855444112313861e-11 9.966985270823942e-11 7.743902953803778e-11 3.4652033258428804e-10 0.00011177697914607804 6.261672460393515e-05 7.047641698362975e-05 5.475703222424052e-05 0.00024502405480626835 1077.3307469559331 603.5135607067295 679.266979048751 527.760142364708 2361.5949366607183 15.390167597227602 -45.15824311574256 [0.0,177.00757883886172,289.54797485349565,402.0883708681297,514.6287668827636,627.1691628973974,739.7095589120314,852.2499549266653,964.7903509412992,1077.3307469559331,1277.508565129265,1477.6863833025955,1677.8642014759268,1878.0420196492596,2078.219837822589,2278.3976559959215,2478.575474169253,2678.7532923425856,2878.9311105159168,3079.1089286892475] [-7.695083798613801,-2.6936453321342455,-1.6819990565102572,-1.060305125612281,-0.6504806700712038,-0.3749016557948579,-0.19252946041561358,-0.07893706411071122,-0.01835872852941378,0.0,-0.04884325244456278,-0.1781443582076392,-0.3689898869995005,-0.6085733716240682,-0.8877946726737491,-1.1999398891904889,-1.5399045138837124,-1.9037110000935797,-2.2881957511660644,-2.6907985146377698] False 58092.00000212926 58093.00000212926
969.1477682383326 1116.9661194245136 1287.3303254983532 1.0743847035571874e-13 5.6087617159684466e-14 7.762710733715153e-14 2.4754560893993504e-11 2.7503908417480818e-08 0.002613973106861886 2.9704205236371686e-10 9.572796707752211e-11 1.0433274066708669e-10 8.712319348795753e-11 4.83919575885683e-10 0.00037059361873562204 0.00011943148605108668 0.00013016691612767662 0.00010869605597449676 0.0006037445047844291 3826.5248126997476 1233.1770480864961 1344.024584272434 1122.3295119005584 6233.899374659347 64.54912937811253 -81.68165811616498 [0.0,1589.3080177765303,1868.9601171419326,2148.612216507336,2428.264315872737,2707.9164152381395,2987.5685146035403,3267.220613968944,3546.872713334345,3826.5248126997476,4190.4426599360395,4554.360507172332,4918.278354408628,5282.1962016449215,5646.114048881214,6010.031896117507,6373.9497433538,6737.867590590094,7101.785437826388,7465.703285062678] [-32.27456468905626,-2.6953673224319346,-1.8892090414492912,-1.2830411002446738,-0.8299353204260171,-0.49782167473510697,-0.26379764161526964,-0.11092931147213392,-0.026338377746156993,0.0,-0.04003584384821579,-0.1515993328371792,-0.32400816699383483,-0.5488185124426082,-0.8192392638667485,-1.1297263489183393,-1.4756944529537606,-1.8533075798986545,-2.2593238990729247,-2.690978812790661] False 58092.00000212926 58093.00000212926
1287.3303254983532 1483.6791717563765 1709.9759409858673 5.500960172400322e-14 2.809774091253054e-14 3.9314698739053564e-14 1.666455746251894e-11 2.4581561421483704e-08 0.0018550967172730887 4.0754516767596173e-11 2.988258766009209e-11 3.4869570117106714e-11 2.4895605203077466e-11 1.102797784706982e-10 8.971307607973102e-05 6.57806563011592e-05 7.675852015673462e-05 5.4802792445583764e-05 0.00024275930475181002 1036.6228935925267 760.0869043518319 886.9346894541698 633.2391192494939 2805.0521053885354 11.214045136666723 -14.37062147634047 [0.0,80.26199364387452,199.80710613745606,319.3522186310377,438.89733112461914,558.4424436182003,677.9875561117823,797.5326686053635,917.0777810989451,1036.6228935925267,1319.242217510195,1601.8615414278638,1884.4808653455334,2167.1001892632007,2449.7195131808708,2732.33883709854,3014.9581610162086,3297.5774849338777,3580.196808851545,3862.8161327692155] [-5.607022568333361,-2.6531119090749495,-1.4539663662667266,-0.8625534935235724,-0.509533727363694,-0.2859052895472427,-0.1438515231702464,-0.058016553802394455,-0.01330676239963502,0.0,-0.05870158469640607,-0.20563013882445702,-0.4126052380460905,-0.6631101505871424,-0.9466275101577146,-1.256044659182983,-1.5863259850694167,-1.9337753728965712,-2.295599533116947,-2.66963595309881] False 58092.00000212926 58093.00000212926
1709.9759409858673 1970.7884119509856 2271.3810595726877 2.696302684792037e-14 1.34749535508062e-14 1.9061100030293805e-14 1.0739916405725276e-11 2.103261129207921e-08 0.0012287675674881454 1.976097010310705e-11 1.926720436088552e-11 2.3538015789786784e-11 1.4996392931984252e-11 6.835067642589307e-11 7.675174550930671e-05 7.483395592759776e-05 9.142181726228644e-05 5.824609459290907e-05 0.00026547450327877746 1036.7171921715403 1010.812824562284 1234.87184645051 786.753802674058 3585.8726053199107 9.330708999976522 -30.07561727022351 [0.0,5.808232574878485,134.67185252446123,263.5354724740439,392.3990924236266,521.2627123732092,650.1263323227919,778.9899522723746,907.8535722219569,1036.7171921715403,1436.436161259444,1836.1551303473484,2235.8740994352524,2635.5930685231556,3035.3120376110605,3435.031006698964,3834.749975786867,4234.468944874773,4634.187913962675,5033.906883050579] [-4.665354499988261,-3.753052287873267,-1.2005592676395587,-0.6542695025594547,-0.37424420976213213,-0.20781495451174337,-0.105171225015539,-0.043675192264821305,-0.01108220095033019,0.0,-0.058158988295847536,-0.20620399228354813,-0.4106593677422943,-0.6542791199055955,-0.9269024487063788,-1.2219879126690145,-1.5350503245423042,-1.8628662374714011,-2.203033006749429,-2.5537069932624163] False 58092.00000212926 58093.00000212926
4007.6519721450045 4618.915317184078 5323.411028602609 2.443812216188571e-15 1.14394107225306e-15 1.6719979566291004e-15 2.2132651376534084e-12 1.0142765889383152e-08 0.00025242782221567006 1.1439030207753202e-11 9.236452081289943e-12 1.091045435565912e-11 7.562449806920766e-12 3.324524129054702e-11 0.00024404460249665376 0.00019705396661423235 0.00023276776509253554 0.0001613401681359292 0.0007092665679086853 6841.533604990361 5524.200579713308 6525.399335807555 4523.001823619062 19883.541818180474 16.311465397927602 -13.074307180864528 [0.0,328.8620405882546,1142.9459861385183,1957.0299316887808,2771.1138772390427,3585.197822789308,4399.281768339569,5213.365713889833,6027.449659440096,6841.533604990361,8892.751113925728,10943.9686228611,12995.186131796478,15046.403640731849,17097.621149667222,19148.838658602603,21200.056167537972,23251.273676473338,25302.491185408708,27353.70869434408] [-8.155732698963801,-2.6339257309135924,-1.3267515710256372,-0.782586173318558,-0.4654106636702835,-0.26452622539042814,-0.13586874852427044,-0.056917372827003376,-0.014454187830370557,0.0,-0.05313061858888446,-0.1950902049243144,-0.39708909724965835,-0.6424663772021919,-0.9206847399508415,-1.2246457102282076,-1.5493353446282292,-1.8910786093020402,-2.2471005233616843,-2.6152538429671903] False 58092.00000212926 58093.00000212926
5323.411028602609 6135.359285332078 7071.149185711414 1.0060135094620729e-15 4.607500216689814e-16 6.808235794124179e-16 1.198159496697364e-12 7.289786163060553e-09 0.00013648722001427527 4.980915349650541e-12 5.012945614259631e-12 6.285015040316821e-12 3.7408761882024415e-12 1.813939137359961e-11 0.0001874947713008252 0.00018870047481433857 0.00023658451808242952 0.00014081643154624765 0.0006828144624798405 7316.014750765984 7363.061101065321 9231.488494774341 5494.633707356302 26643.306609995412 11.223396968752342 -5.5971550934073155 [0.0,812.890527862887,1625.781055725774,2438.671583588661,3251.562111451548,4064.4526393144342,4877.343167177322,5690.233695040207,6503.124222903096,7316.014750765984,10488.950743483078,13661.886736200177,16834.822728917272,20007.75872163436,23180.69471435147,26353.630707068565,29526.566699785653,32699.50269250276,35872.43868521982,39045.37467793693] [-5.611698484376171,-1.2989167752522386,-0.7227315122622846,-0.4302278831869355,-0.2545026549764131,-0.142913365294147,-0.07194457586853176,-0.029031449159435674,-0.006665568045190362,0.0,-0.07321597191057094,-0.24221184789041406,-0.46657350020392574,-0.7270609741928302,-1.0129939673133057,-1.3178241489585139,-1.6372451998975857,-1.968273374312183,-2.308755855740407,-2.6570882616285614] False 58092.00000212926 58093.00000212926
100.0 115.25240587974294 132.83117061068992 9.667115852514475e-12 5.5018635153249645e-12 7.292952214800867e-12 2.394128768112334e-10 2.750315070960337e-08 0.005908681356612201 1.2976174953665674e-08 4.831402530247737e-09 5.226767321127756e-09 4.4360377393677195e-09 2.221794830838959e-08 0.00017236405091445282 6.417608537842567e-05 6.942776217751004e-05 5.892440857934133e-05 0.000295123608237119 1779.2760149080434 662.4755500855367 716.6874493596929 608.2636508113807 3046.4958022484793 15.318363452344215 -135.1682604232414 [0.0,520.7187501480857,678.0384082430804,835.358066338075,992.6777244330698,1149.9973825280636,1307.3170406230595,1464.636698718054,1621.9563568130486,1779.2760149080434,1969.2026735127497,2159.129332117456,2349.0559907221646,2538.9826493268693,2728.909307931577,2918.835966536283,3108.7626251409897,3298.689283745696,3488.6159423504027,3678.5426009551093] [-7.659181726172108,-2.6981260598558663,-1.9164637994851432,-1.316170491233322,-0.8593751854868117,-0.5194481967608908,-0.27683958608184867,-0.1167117379215199,-0.027501363219442965,0.0,-0.03848408782732804,-0.1454614336196869,-0.3123643100996958,-0.5321807349262428,-0.7990927300908197,-1.108215254793464,-1.4554036493474314,-1.8371088957891857,-2.250266995446111,-2.6922131656972965] False 58093.00000212926 58094.00000212926
132.83117061068992 153.091119887046 176.4411988580621 6.019361198229778e-12 3.3827708873771074e-12 4.5124405616006855e-12 1.968277679382131e-10 3.002559052968417e-08 0.007218838282220054 1.03312420217143e-08 2.8849121472985948e-09 3.095907519431716e-09 2.6739167751654738e-09 1.5743964230068648e-08 0.0002421321930363511 6.761337150697279e-05 7.255844704268619e-05 6.266829597125939e-05 0.0003689895733833394 2289.5020733634956 639.324132454664 686.0827255602705 592.5655393490574 3489.0130994842034 36.136025564114334 -163.54321226168878 [0.0,1037.5019825125128,1194.0019938688858,1350.5020052252587,1507.002016581631,1663.5020279380042,1820.0020392943763,1976.502050650749,2133.0020620071227,2289.5020733634956,2467.6033533542404,2645.7046333449853,2823.8059133357306,3001.9071933264768,3180.00847331722,3358.109753307967,3536.2110332987136,3714.3123132894584,3892.4135932802046,4070.5148732709495] [-18.068012782057167,-2.6946150955212715,-1.945783281622738,-1.3548498289001145,-0.8953960410099171,-0.5473633689839517,-0.2951237691149231,-0.1262385215927111,-0.030628310369024803,0.0,-0.03545008092336843,-0.13763068010234747,-0.29944370710433077,-0.5148998182905586,-0.7788946017820422,-1.0870392147996029,-1.4355301822267563,-1.821047879953369,-2.2406763760031367,-2.691839409768704] False 58093.00000212926 58094.00000212926
