data/CTA102_allsed_1d_3_min11.ecsv
# %ECSV 1.0
# ---
# datatype:
# - {name: e_min, unit: MeV, datatype: float64}
# - {name: e_ref, unit: MeV, datatype: float64}
# - {name: e_max, unit: MeV, datatype: float64}
# - {name: ref_dnde_e_min, unit: ph / (cm2 MeV s), datatype: float64}
# - {name: ref_dnde_e_max, unit: ph / (cm2 MeV s), datatype: float64}
# - {name: ref_dnde, unit: ph / (cm2 MeV s), datatype: float64}
# - {name: ref_flux, unit: ph / (cm2 s), datatype: float64}
# - {name: ref_eflux, unit: MeV / (cm2 s), datatype: float64}
# - {name: ref_npred, datatype: float64}
# - {name: dnde, unit: ph / (cm2 MeV s), datatype: float64}
# - {name: dnde_err, unit: ph / (cm2 MeV s), datatype: float64}
# - {name: dnde_errp, unit: ph / (cm2 MeV s), datatype: float64}
# - {name: dnde_errn, unit: ph / (cm2 MeV s), datatype: float64}
# - {name: dnde_ul, unit: ph / (cm2 MeV s), datatype: float64}
# - {name: e2dnde, unit: MeV / (cm2 s), datatype: float64}
# - {name: e2dnde_err, unit: MeV / (cm2 s), datatype: float64}
# - {name: e2dnde_errp, unit: MeV / (cm2 s), datatype: float64}
# - {name: e2dnde_errn, unit: MeV / (cm2 s), datatype: float64}
# - {name: e2dnde_ul, unit: MeV / (cm2 s), datatype: float64}
# - {name: norm, datatype: float64}
# - {name: norm_err, datatype: float64}
# - {name: norm_errp, datatype: float64}
# - {name: norm_errn, datatype: float64}
# - {name: norm_ul, datatype: float64}
# - {name: ts, datatype: float64}
# - {name: loglike, datatype: float64}
# - {name: norm_scan, datatype: string, subtype: 'float64[20]'}
# - {name: dloglike_scan, datatype: string, subtype: 'float64[20]'}
# - {name: ShowUL, datatype: bool}
# - {name: tstart, datatype: float64}
# - {name: tend, datatype: float64}
# meta: !!omap
# - {UL_CONF: 0.95}
# - {EXTNAME: SED}
# - {CONFIG: '{"bin_index": 2.0, "use_local_index": true, "free_background": false, "free_radius": null, "free_pars": [], "ul_confidence":
#     0.95, "cov_scale": 3.0, "make_plots": false, "write_fits": true, "write_npy": true, "optimizer": {"optimizer": "MINUIT", "tol":
#     0.001, "max_iter": 100, "init_lambda": 0.0001, "retries": 3, "min_fit_quality": 2, "verbosity": 0}, "prefix": "", "outfile": null,
#     "loge_bins": []}'}
# - {SRCNAME: 4FGL J2232.6+1143}
# - {CREATOR: fermipy 1.2.0}
# - {STVER: 2.2.0}
# schema: astropy-2.0
e_min e_ref e_max ref_dnde_e_min ref_dnde_e_max ref_dnde ref_flux ref_eflux ref_npred dnde dnde_err dnde_errp dnde_errn dnde_ul e2dnde e2dnde_err e2dnde_errp e2dnde_errn e2dnde_ul norm norm_err norm_errp norm_errn norm_ul ts loglike norm_scan dloglike_scan ShowUL tstart tend
[from data line 507]
3017.1020504598932 3477.2827010020824 4007.6519721450045 7.458019292897067e-15 3.826318265707492e-15 5.341980479785644e-15 5.3061486008057114e-12 1.83459617864189e-08 0.0004773348967053448 3.266663657085164e-11 1.9298194654508015e-11 2.2002897294649118e-11 1.659349201436692e-11 7.531568807034459e-11 0.000394988472197756 0.00023334402383992655 0.00026604792224285657 0.00020064012543699657 0.0009106792644202914 6115.079733904692 3612.5543190458066 4118.865162070383 3106.2434760212304 14098.832512650208 32.32868673238715 -15.382041233881615 [0.0,1014.9262429967392,1652.4454293602332,2289.964615723727,2927.4838020872216,3565.002988450715,4202.522174814209,4840.041361177703,5477.560547541196,6115.079733904692,7374.43334859188,8633.786963279073,9893.140577966264,11152.494192653452,12411.847807340648,13671.201422027834,14930.555036715023,16189.908651402222,17449.26226608941,18708.6158807766] [-16.164343366193574,-2.7018232560077244,-1.6525661540064505,-1.0301811505782084,-0.6283187572837008,-0.3617455721309977,-0.1867929953114924,-0.07804789540190882,-0.019402818496701002,0.0,-0.049082955479832435,-0.18417419488954145,-0.38204404813948045,-0.6277659013374794,-0.9111764448248678,-1.2250421243690965,-1.5640309979435756,-1.9240994932528892,-2.3021080515700447,-2.6955702179154777] False 58104.00000212926 58105.00000212926
7071.149185711414 8149.575733880153 9392.473966813408 6.123949284504245e-16 2.9231716579960943e-16 4.2309992889940683e-16 9.873537326588945e-13 7.987122760604936e-09 8.811972767230891e-05 1.4385350319131414e-11 8.287238864709068e-12 9.423029490146628e-12 7.151448239271509e-12 3.257434151415391e-11 0.0009554114517286651 0.0005504018142696143 0.0006258360126892346 0.00047496761584999396 0.00216344393599879 33999.888292469 19586.954047159346 22271.404097510447 16902.503996808246 76989.71162412687 41.882002077153174 -14.134952045473733 [0.0,6042.116666292504,9536.83811956457,13031.559572836635,16526.281026108703,20021.00247938076,23515.723932652803,27010.44538592488,30505.166839196947,33999.888292469,40795.633783329205,47591.379274189385,54387.1247650496,61182.87025590978,67978.61574677,74774.36123763016,81570.10672849035,88365.85221935055,95161.59771021079,101957.34320107097] [-20.941001038576587,-2.702264552817569,-1.6485051928016237,-1.0233195998686622,-0.6205622173491498,-0.35434423900394485,-0.1805628099725265,-0.07354122026363363,-0.017008161629050278,0.0,-0.05279881349273374,-0.18984646556183726,-0.38858701835085974,-0.6344626232882593,-0.9175287508644328,-1.2306898448077828,-1.5687053077253452,-1.927594435055406,-2.304262352529511,-2.6962552363813774] False 58104.00000212926 58105.00000212926
9392.473966813408 10825.05221838098 12476.13311942254 2.4175874959887565e-16 1.1264853072856482e-16 1.6502656735534497e-16 5.120596587065128e-13 5.499037104007632e-09 4.603329616366392e-05 3.488443381923139e-12 3.595844899518526e-12 4.509998567982937e-12 2.6816912310541147e-12 1.3029283082981965e-11 0.0004087819195631185 0.0004213674179416047 0.000528489549637071 0.0003142452862461383 0.0015267942649699526 21138.67747374043 21789.490971933872 27328.924307513113 16250.057636354628 78952.63951607587 12.854557381289428 -5.691679001906532 [0.0,2348.7419415267154,4697.483883053431,7046.225824580147,9394.967766106862,11743.70970763357,14092.451649160294,16441.19359068701,18789.935532213723,21138.67747374043,30619.756813533477,40100.836153326534,49581.91549311957,59062.994832912584,68544.07417270567,78025.15351249868,87506.23285229175,96987.31219208479,106468.39153187785,115949.47087167088] [-6.427278690644714,-1.3273855650747484,-0.7450987354983152,-0.448668970909317,-0.2695650510782359,-0.1548166253400094,-0.08079863869152693,-0.034899196215299355,-0.009586326202252415,0.0,-0.0660935205133466,-0.232886874098587,-0.45716484430496074,-0.7186735876952026,-1.0062768088302754,-1.3131907511376273,-1.6349752607068266,-1.968564885626333,-2.3117541038288643,-2.662903009594208] False 58104.00000212926 58105.00000212926
100.0 115.25240587974294 132.83117061068992 3.901957596856241e-12 2.483575732831796e-12 3.11300613524786e-12 1.0198085956691333e-10 1.1746336018393414e-08 0.0015559962970245994 2.7883795648292258e-08 8.538681024102685e-09 9.190791159850206e-09 7.886570888355162e-09 4.401440527982402e-08 0.00037038372170319255 0.00011342029959028453 0.00012208235486012845 0.00010475824432044059 0.0005846484977052361 8957.192641726717 2742.9052989716733 2952.38453139715 2533.426066546196 14138.875211795737 26.325500978208595 -143.75560247883124 [0.0,3621.423422817553,4288.394575181199,4955.365727544844,5622.336879908488,6289.308032272136,6956.27918463578,7623.250336999428,8290.221489363075,8957.192641726717,9730.004623029268,10502.816604331814,11275.628585634358,12048.440566936904,12821.252548239449,13594.064529541998,14366.876510844546,15139.688492147094,15912.500473449629,16685.312454752184] [-13.162750489104297,-2.699438941246342,-1.940372396532382,-1.3455544777785917,-0.8858269465309832,-0.5394128817719945,-0.2895689922002873,-0.12311491706881839,-0.029470152946771577,0.0,-0.03676364572461921,-0.14092949729385396,-0.3048931617598214,-0.5222946156665955,-0.7877568627182256,-1.0966904951961283,-1.4451450163412858,-1.8296940079270883,-2.2473452309877473,-2.6954693864186083] False 58105.00000212926 58106.00000212926
132.83117061068992 153.091119887046 176.4411988580621 2.899786396455933e-12 1.8059151091154856e-12 2.2883985812282183e-12 9.961191617954245e-11 1.523250022096105e-08 0.0024152317250925007 1.3160316377033375e-08 4.121200850277583e-09 4.437439174154636e-09 3.804962526400531e-09 2.0952483943119147e-08 0.0003084369002996742 9.658813506872093e-05 0.00010399977819174058 8.917649194570126e-05 0.0004910610821083587 5750.884695082286 1800.910420100712 1939.1023970015726 1662.7184431998512 9155.959156325656 24.995679564412967 -156.6639593694112 [0.0,2260.480441170115,2696.780972909136,3133.081504648156,3569.3820363871796,4005.682568126196,4441.9830998652205,4878.283631604242,5314.58416334326,5750.884695082286,6258.450604627068,6766.016514171849,7273.58242371663,7781.148333261414,8288.71424280619,8796.280152350972,9303.846061895756,9811.411971440539,10318.977880985318,10826.5437905301] [-12.497839782206484,-2.694179470337332,-1.934123184070927,-1.340035502612551,-0.8816885202123217,-0.5367381658562635,-0.28814550019393437,-0.12258562672442963,-0.02941893888021241,0.0,-0.036597402894244624,-0.14060019192245932,-0.30438028572879716,-0.5215745499246509,-0.786814440331284,-1.0955251106598496,-1.4437734325188387,-1.8281511788240437,-2.2456839560818764,-2.6937593041124615] False 58105.00000212926 58106.00000212926
176.4411988580621 203.35272664697808 234.36890988269914 2.0631100435104895e-12 1.2571589103406315e-12 1.6104835218692725e-12 9.315238967430609e-11 1.8911678184396337e-08 0.0031922829556307684 6.8964836396751776e-09 2.085214483728264e-09 2.2555345790247368e-09 1.914894388431792e-09 1.0889741800395821e-08 0.00028518567720225204 8.62284804436944e-05 9.327161347439415e-05 7.918534741299466e-05 0.00045031621216893463 4282.244149676551 1294.7754232890109 1400.5325409394814 1189.0183056385406 6761.784055856842 32.38049297265633 -155.77475549079116 [0.0,1820.617850653645,2128.3211380315083,2436.0244254093714,2743.7277127872335,3051.431000165099,3359.1342875429596,3666.8375749208235,3974.5408622986865,4282.244149676551,4651.753554643556,5021.262959610559,5390.772364577568,5760.281769544573,6129.791174511578,6499.300579478582,6868.809984445593,7238.319389412595,7607.828794379604,7977.338199346605] [-16.190246486328164,-2.6959534495252058,-1.933986665111604,-1.3402216489428156,-0.883183507604258,-0.5396498271428811,-0.29197130081928435,-0.12640376754217186,-0.03202411548767259,0.0,-0.03381388013048081,-0.136885739516174,-0.30085399723984096,-0.5188180056725287,-0.7850128120404065,-1.0945701976516489,-1.4433398113248472,-1.8277530611064208,-2.244718010291706,-2.6915371381509487] False 58105.00000212926 58106.00000212926
234.36890988269914 270.1158072739371 311.3149665447022 1.4052438742921602e-12 8.378300764506061e-13 1.0850601746585068e-12 8.340013981878065e-11 2.247910681005442e-08 0.0036389834125193574 5.5633392207574495e-09 1.3968453303569624e-09 1.4942598197425622e-09 1.2994308409713629e-09 8.165705750125199e-09 0.00040591541238550413 0.00010191739633547187 0.0001090250058236266 9.480978684731713e-05 0.0005957907086833132 5127.217227844857 1287.3436542785118 1377.1216146725133 1197.5656938845104 7525.578710595596 55.19404840563334 -160.85578420070712 [0.0,2594.6765815080003,2911.244162300107,3227.8117430922152,3544.3793238843227,3860.946904676429,4177.514485468539,4494.082066260643,4810.649647052748,5127.217227844857,5482.954678483823,5838.6921291227845,6194.4295797617515,6550.167030400709,6905.904481039677,7261.641931678634,7617.379382317604,7973.116832956571,8328.854283595534,8684.591734234496] [-27.59702420281667,-2.702493648334979,-1.9579870852059287,-1.3669079532382398,-0.9052242463216089,-0.5542611444809324,-0.2991992306977238,-0.12806868175749742,-0.031053954616339752,0.0,-0.035337692351220085,-0.13715886462196636,-0.2985790570361644,-0.5137492515073916,-0.7776559237268259,-1.0859674741627998,-1.43491463735225,-1.821196186236989,-2.2419037407857445,-2.6944611948742647] False 58105.00000212926 58106.00000212926
311.3149665447022 358.7979888064861 413.52331434760555 9.163342737497852e-13 5.345577593035168e-13 6.998811300133042e-13 7.148741956917111e-11 2.5581036725888053e-08 0.0037115137845889733 2.484421045252589e-09 7.51211671307939e-10 8.105280905482581e-10 6.9189525206762e-10 3.916111309506296e-09 0.00031983441966088104 9.670798329227156e-05 0.00010434414164809492 8.90718249364482e-05 0.0005041444928977479 3549.7757243510237 1073.3417991904698 1158.0939330838232 988.5896652971164 5595.394905749001 41.15410222333651 -124.54904844123129 [0.0,1546.9270601647686,1797.283143188051,2047.6392262113325,2297.995309234615,2548.3513922578964,2798.707475281177,3049.06355830446,3299.4196413277405,3549.7757243510237,3854.404330636573,4159.032936922124,4463.661543207675,4768.290149493224,5072.918755778777,5377.547362064328,5682.175968349874,5986.804574635426,6291.433180920978,6596.06178720653] [-20.577051111668254,-2.6953156570995134,-1.9295500813638142,-1.3352227287332,-0.8791025361882134,-0.5369969468001443,-0.2907022468773022,-0.12615108168533595,-0.03223094576054564,0.0,-0.033512136797583025,-0.13688408679522013,-0.30143801478075716,-0.520048324892926,-0.786788095746715,-1.0966715169553538,-1.4454624920505381,-1.8295298999304919,-2.245736428982781,-2.69135200516547] False 58105.00000212926 58106.00000212926
413.52331434760555 476.5900816815941 549.2752115212968 5.720419648420783e-13 3.26531581764573e-13 4.3219181808035003e-13 5.86611987878321e-11 2.7868332974888913e-08 0.003497492563205685 1.6180196683904084e-09 4.821046195465507e-10 5.313633487948572e-10 4.3284589029824416e-10 2.5322058374354245e-09 0.0003675139228798051 0.00010950433015705306 0.00012069286462037531 9.831579569373082e-05 0.0005751604378090213 3743.753585102805 1115.4876130878563 1229.4618420936185 1001.5133840820941 5858.986060130955 54.41514666530907 -123.20084066810827 [0.0,1666.5948343716984,1926.2396782130863,2185.884522054475,2445.5293658958635,2705.174209737253,2964.8190535786403,3224.4638974200275,3484.108741261416,3743.753585102805,4059.207847093414,4374.662109084024,4690.116371074634,5005.570633065242,5321.0248950558525,5636.479157046465,5951.933419037076,6267.387681027683,6582.841943018299,6898.296205008907] [-27.207573332654533,-2.696435385778017,-1.921370280289608,-1.3231682401383438,-0.8664084973916033,-0.5255749707372814,-0.2816346023293619,-0.1199860688735157,-0.02916623313585376,0.0,-0.03686116143376239,-0.14292440858690725,-0.3094382469019763,-0.5292413915236551,-0.796395376447208,-1.1059182386263444,-1.453587477473775,-1.8357916240939147,-2.2494166332553363,-2.6917576845099234] False 58105.00000212926 58106.00000212926
549.2752115212968 633.0528961793416 729.6086933380817 3.418976032755468e-13 1.909459509048619e-13 2.555072659818941e-13 4.609297318089008e-11 2.9071399085282775e-08 0.003079287075994558 1.4224065469927127e-09 3.6340843089744787e-10 3.959404540156468e-10 3.3087640777924886e-10 2.0992082291923318e-09 0.0005700379145655717 0.0001456380979982857 0.00015867550045829568 0.0001326006955382757 0.0008412702287806708 5566.990596242015 1422.3017474704611 1549.6250272730176 1294.9784676679044 8215.845530361892 91.04072741607956 -136.87644255311727 [0.0,2836.3772074682815,3177.7038810649974,3519.030554661716,3860.3572282584296,4201.683901855148,4543.010575451866,4884.337249048583,5225.663922645301,5566.990596242015,5960.250824365723,6353.511052489433,6746.771280613145,7140.031508736858,7533.291736860564,7926.551964984278,8319.812193107988,8713.072421231698,9106.332649355409,9499.592877479121] [-45.52036370803978,-2.7028517453258303,-1.9471422254914046,-1.3525370713872746,-0.8916345946317961,-0.5435873940117801,-0.2921472052413492,-0.12439254058560323,-0.02987047009764865,0.0,-0.0365041215151507,-0.1403279022485151,-0.3039462464909093,-0.5210456512309918,-0.7862753637728019,-1.0950596311939194,-1.4434538196902338,-1.8280326075326059,-2.2458020074012097,-2.6941293513127675] False 58105.00000212926 58106.00000212926
729.6086933380817 840.8915725798939 969.1477682383326 1.956224027254744e-13 1.0689796730028054e-13 1.4460856547850175e-13 3.467122869127291e-11 2.90319954954303e-08 0.00255780930742331 5.645161224544759e-10 1.794306520318756e-10 1.955299624960243e-10 1.6333134156772692e-10 9.147119359107242e-10 0.00039916858065944065 0.00012687516945831365 0.00013825896994151094 0.00011549136897511638 0.0006467915629799885 3903.753007897723 1240.8023787398035 1352.1326475304313 1129.4721099491758 6325.433994065241 70.81734486983687 -61.40264540634811 [0.0,1654.0511032218637,1935.2638413063464,2216.4765793908286,2497.689317475311,2778.9020555597926,3060.1147936442762,3341.3275317287594,3622.5402698132416,3903.753007897723,4270.184462546176,4636.615917194627,5003.047371843078,5369.478826491533,5735.910281139988,6102.341735788438,6468.773190436891,6835.204645085343,7201.636099733796,7568.06755438225] [-35.40867243491844,-2.692939621143445,-1.8886226816814045,-1.2831612738811629,-0.8302630392712942,-0.4981468162342608,-0.26404398289304964,-0.11108141715651243,-0.026405901315762037,0.0,-0.04007349359469714,-0.1518624413515468,-0.324631242778878,-0.5498928045391196,-0.8208210708303056,-1.1318437474540914,-1.4783527023179772,-1.856493455525431,-2.2630091735303424,-2.6951230615047805] False 58105.00000212926 58106.00000212926
