data/CTA102_allsed_14d_min11.ecsv
# %ECSV 1.0
# ---
# datatype:
# - {name: e_min, unit: MeV, datatype: float64}
# - {name: e_ref, unit: MeV, datatype: float64}
# - {name: e_max, unit: MeV, datatype: float64}
# - {name: ref_dnde_e_min, unit: ph / (cm2 MeV s), datatype: float64}
# - {name: ref_dnde_e_max, unit: ph / (cm2 MeV s), datatype: float64}
# - {name: ref_dnde, unit: ph / (cm2 MeV s), datatype: float64}
# - {name: ref_flux, unit: ph / (cm2 s), datatype: float64}
# - {name: ref_eflux, unit: MeV / (cm2 s), datatype: float64}
# - {name: ref_npred, datatype: float64}
# - {name: dnde, unit: ph / (cm2 MeV s), datatype: float64}
# - {name: dnde_err, unit: ph / (cm2 MeV s), datatype: float64}
# - {name: dnde_errp, unit: ph / (cm2 MeV s), datatype: float64}
# - {name: dnde_errn, unit: ph / (cm2 MeV s), datatype: float64}
# - {name: dnde_ul, unit: ph / (cm2 MeV s), datatype: float64}
# - {name: e2dnde, unit: MeV / (cm2 s), datatype: float64}
# - {name: e2dnde_err, unit: MeV / (cm2 s), datatype: float64}
# - {name: e2dnde_errp, unit: MeV / (cm2 s), datatype: float64}
# - {name: e2dnde_errn, unit: MeV / (cm2 s), datatype: float64}
# - {name: e2dnde_ul, unit: MeV / (cm2 s), datatype: float64}
# - {name: norm, datatype: float64}
# - {name: norm_err, datatype: float64}
# - {name: norm_errp, datatype: float64}
# - {name: norm_errn, datatype: float64}
# - {name: norm_ul, datatype: float64}
# - {name: ts, datatype: float64}
# - {name: loglike, datatype: float64}
# - {name: norm_scan, datatype: string, subtype: 'float64[20]'}
# - {name: dloglike_scan, datatype: string, subtype: 'float64[20]'}
# - {name: ShowUL, datatype: bool}
# - {name: tstart, datatype: float64}
# - {name: tend, datatype: float64}
# meta: !!omap
# - {UL_CONF: 0.95}
# - {EXTNAME: SED}
# - {CONFIG: '{"bin_index": 2.0, "use_local_index": true, "free_background": false, "free_radius": null, "free_pars": [], "ul_confidence":
#     0.95, "cov_scale": 3.0, "make_plots": false, "write_fits": true, "write_npy": true, "optimizer": {"optimizer": "MINUIT", "tol":
#     0.001, "max_iter": 100, "init_lambda": 0.0001, "retries": 3, "min_fit_quality": 2, "verbosity": 0}, "prefix": "", "outfile": null,
#     "loge_bins": []}'}
# - {SRCNAME: 4FGL J2232.6+1143}
# - {CREATOR: fermipy 1.2.0}
# - {STVER: 2.2.0}
# schema: astropy-2.0
e_min e_ref e_max ref_dnde_e_min ref_dnde_e_max ref_dnde ref_flux ref_eflux ref_npred dnde dnde_err dnde_errp dnde_errn dnde_ul e2dnde e2dnde_err e2dnde_errp e2dnde_errn e2dnde_ul norm norm_err norm_errp norm_errn norm_ul ts loglike norm_scan dloglike_scan ShowUL tstart tend
[from data line 1112]
549.2752115212968 633.0528961793416 729.6086933380817 4.2044096006119986e-13 2.1289409449811712e-13 2.991812117799979e-13 5.4124791226883844e-11 3.405829545070534e-08 0.055913351202920625 2.1476572392228962e-10 3.8104086760876654e-11 4.010793617463159e-11 3.6100237347121715e-11 2.8359238746068885e-10 8.606864587600531e-05 1.5270440226472763e-05 1.6073494840735696e-05 1.4467385612209826e-05 0.00011365134214022347 717.8449563878935 127.36122878229531 134.05900703458897 120.66345053000164 947.895042517669 144.26837346501577 -476.99715122709614 [0.0,457.22578589251765,489.80318220443974,522.3805785163614,554.9579748282833,587.5353711402053,620.1127674521274,652.6901637640493,685.2675600759715,717.8449563878935,751.3337471449922,784.8225379020922,818.3113286591918,851.800119416291,885.2889101733905,918.77770093049,952.2664916875896,985.7552824446885,1019.244073201788,1052.7328639588877] [-72.13418673250789,-2.6888537825166736,-1.988594750532286,-1.4146674325038475,-0.9536818842886987,-0.5943458621000559,-0.3270410676680626,-0.14350223062029954,-0.03657030038311859,0.0,-0.029984320974620005,-0.12327826034629652,-0.275232655437037,-0.48171110822124774,-0.739015873075914,-1.0438268082745026,-1.3931507038101927,-1.7842789245743802,-2.2147517723375927,-2.682328318149928] False 57636.65603222185 57650.65603222185
729.6086933380817 840.8915725798939 969.1477682383326 2.181611016929477e-13 1.0806306993640488e-13 1.5354204111463487e-13 3.69243684055671e-11 3.0847106062192003e-08 0.041222104286228634 1.270700278529078e-10 2.3719579319282756e-11 2.5032915826999075e-11 2.2406242811566437e-11 1.6997126640783502e-10 8.985104347748933e-05 1.677208220298554e-05 1.7700740657298554e-05 1.5843423748672525e-05 0.00012018645077824958 827.5911074937259 154.4826364628933 163.0362319353918 145.9290409903948 1107.001477731653 136.05136805887787 -374.2775403353703 [0.0,511.7172668069624,551.2014968928079,590.6857269786531,630.1699570644987,669.6541871503441,709.1384172361895,748.6226473220349,788.1068774078801,827.5911074937259,868.5014940600051,909.411880626285,950.3222671925643,991.2326537588433,1032.1430403251231,1073.053426891402,1113.9638134576821,1154.874200023962,1195.7845865902414,1236.6949731565203] [-68.02568402943893,-2.693398853966073,-1.9818426003268996,-1.402304582902559,-0.9396537698007705,-0.5812797194639074,-0.3165551804005986,-0.1364358290643395,-0.03315694630123289,0.0,-0.03336964726656788,-0.13003917281741906,-0.28500350970944055,-0.4938418315413742,-0.7526289898186178,-1.0578632412989464,-1.4064067787959402,-1.7954364229070165,-2.2224024497177766,-2.6849939869947548] False 57636.65603222185 57650.65603222185
969.1477682383326 1116.9661194245136 1287.3303254983532 1.0832592148734501e-13 5.248966037067717e-14 7.540550926962406e-14 2.4106273209844446e-11 2.6736603722729296e-08 0.028620883857178203 6.253469877621071e-11 1.3867040455352082e-11 1.50803995668392e-11 1.2653681343864962e-11 8.802280147263118e-11 7.801912265149963e-05 1.7300704269339072e-05 1.881450724899683e-05 1.578690128968131e-05 0.00010981841887170514 829.3120672736022 183.899566353545 199.9906865281806 167.80844617890938 1167.3258668394114 105.84489738096443 -343.6397935233298 [0.0,465.8293682963034,511.2647056684656,556.7000430406281,602.1353804127903,647.5707177849533,693.0060551571153,738.4413925292774,783.8767299014397,829.3120672736022,879.1525165370088,928.9929658004155,978.8334150638221,1028.673864327229,1078.5143135906358,1128.3547628540427,1178.1952121174495,1228.0356613808563,1277.876110644263,1327.7165599076695] [-52.92244869048221,-2.7016230897588684,-1.9664617362881813,-1.378155414374305,-0.9156240752181475,-0.5620995803719211,-0.3040151653161729,-0.13023252855748524,-0.031490036766513185,0.0,-0.03498211735706036,-0.13552053261832953,-0.2952850451254676,-0.5088367478822988,-0.771466766442984,-1.0790700745338881,-1.428045582145728,-1.8152161725097358,-2.237764075766279,-2.6931781679770666] False 57636.65603222185 57650.65603222185
1287.3303254983532 1483.6791717563765 1709.9759409858673 5.147190490882142e-14 2.439793103656817e-14 3.543738119960648e-14 1.506077133455927e-11 2.2176772458849223e-08 0.01873469362796376 2.3330185330265155e-11 7.091252204258849e-12 7.688668007071386e-12 6.493836401446312e-12 3.697853721065322e-11 5.1356827598369664e-05 1.5610001024648592e-05 1.69250947521632e-05 1.4294907297133983e-05 8.14009976124708e-05 658.3495884996219 200.10655314274732 216.96490391780884 183.2482023676858 1043.4895570405145 60.8366823006063 -192.96663185682294 [0.0,285.00920650174123,331.6767542514764,378.3443020012113,425.0118497509466,471.67939750068143,518.3469452504164,565.0144930001517,611.6820407498864,658.3495884996219,716.2058282402036,774.0620679807861,831.9183077213683,889.7745474619506,947.6307872025325,1005.4870269431146,1063.343266683697,1121.199506424279,1179.0557461648614,1236.9119859054438] [-30.41834115030315,-2.694788868818364,-1.9067449139784856,-1.3051165848360995,-0.8497835910862079,-0.5125597223864702,-0.27284641802333454,-0.11510915748286266,-0.027327676778071464,0.0,-0.03871577841493945,-0.14700890502419384,-0.31560088200862424,-0.5369916417296849,-0.8050276825657932,-1.1145945701249786,-1.4613930052060198,-1.84177250535771,-2.2526057125301406,-2.691191925036861] False 57636.65603222185 57650.65603222185
1709.9759409858673 1970.7884119509856 2271.3810595726877 2.3404041816911216e-14 1.0852130586610631e-14 1.5936866632171324e-14 9.004601117519934e-12 1.7603163553458343e-08 0.011532838664787493 1.4474713209378268e-11 4.700481947367372e-12 5.114996950903428e-12 4.285966943831317e-12 2.3612598924308787e-11 5.6219886916974947e-05 1.8256704620928834e-05 1.9866683781627348e-05 1.664672546023032e-05 9.171149867621759e-05 908.2533940617009 294.943921904864 320.9537400895306 268.93410372019747 1481.633715666709 56.36764822284812 -147.878734949857 [0.0,373.4034205365556,440.2596672271985,507.1159139178419,573.9721606084853,640.8284072991283,707.6846539897709,774.5409006804142,841.397147371058,908.2533940617009,994.7382597534264,1081.2231254451508,1167.707991136875,1254.1928568286,1340.6777225203234,1427.162588212049,1513.6474539037742,1600.1323195954992,1686.6171852872237,1773.1020509789485] [-28.18382411142406,-2.695745334100934,-1.891781861028818,-1.2864971830809964,-0.8334045392593339,-0.5007797943146102,-0.26598206150546844,-0.11227263563836232,-0.026917944659146542,0.0,-0.03922368436741408,-0.14975223913853597,-0.3211481190970744,-0.5451380584156595,-0.8150502231948735,-1.1254237041460158,-1.4717305603695081,-1.8501735335670446,-2.2575359399800163,-2.691068349477632] False 57636.65603222185 57650.65603222185
2271.3810595726877 2617.821317854317 3017.1020504598932 1.0183434274479484e-14 4.619125882348667e-15 6.858466652863807e-15 5.152071130773367e-12 1.3371600191239223e-08 0.006723572200984407 6.942891823645603e-12 2.837508882886959e-12 3.1273730929001557e-12 2.5476446728737634e-12 1.2657087869508393e-11 4.7579557492403986e-05 1.9445415607474757e-05 2.1431851691404894e-05 1.7458979523544623e-05 8.673887700838008e-05 1012.3096276551177 413.72350796546266 455.9872127677834 371.45980316314206 1845.469039967312 40.40415795097769 -126.5347053690516 [0.0,313.05371002168323,400.4606997258626,487.8676894300417,575.274679134221,662.6816688384005,750.0886585425795,837.4956482467595,924.9026379509382,1012.3096276551177,1139.6059103085026,1266.9021929618875,1394.198475615272,1521.4947582686575,1648.791040922042,1776.0873235754273,1903.3836062288124,2030.6798888821982,2157.9761715355808,2285.272454188966] [-20.202078975488845,-2.7015425365584207,-1.8338531378802116,-1.2172883914615085,-0.7742604487396818,-0.4587582829249044,-0.2411494144886177,-0.10118069459805668,-0.024372331421901094,0.0,-0.04189106582697377,-0.15916139510501637,-0.33816658935514,-0.5687049630369501,-0.8429429101672383,-1.1547306758352676,-1.499149442403123,-1.872201604794455,-2.270593012227309,-2.6915761674559207] False 57636.65603222185 57650.65603222185
3017.1020504598932 3477.2827010020824 4007.6519721450045 4.2401423707709544e-15 1.881426946581394e-15 2.8244500550921354e-15 2.8209754644599687e-12 9.720224784792158e-09 0.0037192505868621772 1.5737192857444524e-12 1.115304947599965e-12 1.2997717253703283e-12 9.308381698296018e-13 4.165500104609085e-12 1.902861884773892e-05 1.3485704178072458e-05 1.5716183295955488e-05 1.1255225060189425e-05 5.0367123615268494e-05 557.1772398337263 394.8750821736811 460.1857706872883 329.56439366007385 1474.8004118887502 17.231362695963014 -71.7209392783382 [0.0,56.89768969400267,119.43263346146811,181.96757722893355,244.50252099639906,307.0374647638644,369.5724085313299,432.1073522987954,494.642296066261,557.1772398337263,704.2393700768074,851.3015003198889,998.3636305629698,1145.4257608060516,1292.487891049133,1439.5500212922143,1586.6121515352952,1733.674281778377,1880.7364120214581,2027.798542264539] [-8.615681347981507,-2.685667750366406,-1.479092152529219,-0.877021268551573,-0.5176847921481027,-0.29029042914258696,-0.14598282464979206,-0.058853011911153885,-0.013495289113237163,0.0,-0.05889170898203133,-0.2063503768084729,-0.4141367669448073,-0.6656960132435756,-0.9504856103459929,-1.2613755708460843,-1.5933177477231055,-1.9426065400771506,-2.306441180949065,-2.682653049435004] False 57636.65603222185 57650.65603222185
4007.6519721450045 4618.915317184078 5323.411028602609 1.689465737209455e-15 7.333270364322e-16 1.113072729978394e-15 1.4781443083712886e-12 6.761911646411429e-09 0.0019571641594877676 2.295521956264547e-12 1.1516781988785099e-12 1.29570560268574e-12 1.0076507950712794e-12 4.751034847746505e-12 4.897353474591061e-05 2.4570338843835667e-05 2.7643074020890887e-05 2.1497603666780447e-05 0.00010136037669348738 2062.3288078480778 1034.683689448456 1164.0799094151657 905.2874694817464 4268.395693998116 46.375390714689175 -51.75502875394451 [0.0,492.88088302074044,689.0618736241577,885.242864227575,1081.423854830992,1277.6048454344093,1473.7858360378264,1669.9668266412439,1866.1478172446607,2062.3288078480778,2405.7589884273825,2749.1891690066877,3092.6193495859934,3436.049530165297,3779.4797107446,4122.909891323909,4466.3400719032115,4809.770252482516,5153.200433061819,5496.630613641125] [-23.187695357344587,-2.692401333433459,-1.735108210586219,-1.1133319884614181,-0.6918216183433543,-0.4035508760259674,-0.21037212184725007,-0.08849114005496261,-0.022062241896215085,0.0,-0.04509233787251077,-0.17247702199421866,-0.362768264269441,-0.6027205940226068,-0.8828813239008682,-1.1962676606940121,-1.5375746096018688,-1.9026769808511048,-2.2883034697951175,-2.6918160506642295] False 57636.65603222185 57650.65603222185
5323.411028602609 6135.359285332078 7071.149185711414 6.441709167085803e-16 2.7352108409846383e-16 4.1975508035380775e-16 7.411982917589189e-13 4.501558759817759e-09 0.0009862595904732707 8.500045550207477e-13 6.018063039957377e-13 7.016187185105174e-13 5.019938894809577e-13 2.2496083768910678e-12 3.199640998907083e-05 2.2653574175476043e-05 2.641077631980576e-05 1.8896372031146324e-05 8.468118378506552e-05 2025.001232395536 1433.7082078636918 1671.4954775988165 1195.9209381285668 5359.335674972399 18.55507273320677 -35.789517797654995 [0.0,211.31579885499121,438.02647804755935,664.7371572401273,891.4478364326953,1118.1585156252631,1344.8691948178316,1571.5798740103992,1798.290553202967,2025.001232395536,2558.963087997335,3092.9249435991323,3626.8867992009327,4160.848654802731,4694.810510404531,5228.772366006329,5762.734221608128,6296.696077209928,6830.65793281173,7364.619788413527] [-9.277536366603385,-2.6747676313383124,-1.4746798942640353,-0.8747020888014774,-0.5163921494745409,-0.28958673995050077,-0.14563545335850847,-0.0587161319588958,-0.01346622266581221,0.0,-0.0588882173523686,-0.20629641029961476,-0.4139332868963166,-0.6652200237241672,-0.9496022803232904,-1.2599441458194676,-1.5911946969478237,-1.9396473441489235,-2.3025013972746393,-2.6775889700907953] False 57636.65603222185 57650.65603222185
7071.149185711414 8149.575733880153 9392.473966813408 2.350381084433727e-16 9.763391418393773e-17 1.5148495142988745e-16 3.5565512609732136e-13 2.8676715832797917e-09 0.00047974875651890514 3.117701693744804e-13 3.170602035530973e-13 3.975726158077962e-13 2.365477912983984e-13 1.1479491690686428e-12 2.070639807301887e-05 2.105773878576919e-05 2.640501771662273e-05 1.571045985491565e-05 7.624171520327698e-05 2058.093338193917 2093.0145242832514 2624.50238162308 1561.5266669434225 7577.974962086937 11.67870071309964 -4.820548907953189 [0.0,228.67703757710186,457.3540751542037,686.0311127313056,914.7081503084074,1143.3851878855094,1372.0622254626112,1600.7392630397123,1829.4163006168149,2058.093338193917,2963.608534746356,3869.123731298797,4774.638927851234,5680.1541244036725,6585.669320956111,7491.184517508551,8396.699714060984,9302.214910613426,10207.73010716587,11113.245303718306] [-5.83935035654982,-1.3109265061471742,-0.7323364709926903,-0.4382006681584887,-0.2610379979372368,-0.1480894143085436,-0.075800476162879,-0.031589595642184776,-0.007939969015713366,0.0,-0.07012354548654542,-0.2380992258835697,-0.46233817455418436,-0.7231725166142633,-1.009728763654917,-1.3153585905543181,-1.635698728894928,-1.9677306169897708,-2.3092789554022124,-2.6587241948746767] False 57636.65603222185 57650.65603222185
100.0 115.25240587974294 132.83117061068992 6.950484641150052e-12 4.1199754449115134e-12 5.3512452804719e-12 1.7551630225806058e-10 2.0182271073224128e-08 0.05015433029231328 1.4178258601748153e-08 1.5292741836922289e-09 1.5844083674966488e-09 1.4741399998878091e-09 1.6829105254005522e-08 0.00018833146872912926 2.031352800045462e-05 2.1045881817995224e-05 1.9581174182914018e-05 0.00022354297512200676 2649.5250840936665 285.7791230899006 296.08217983925556 275.4760663405457 3144.895135982525 186.68746287752992 -1194.2942628685123 [0.0,2015.494119803807,2094.7479903400404,2174.0018608762707,2253.255731412505,2332.509601948738,2411.7634724849686,2491.017343021203,2570.2712135574334,2649.5250840936665,2720.6450775817993,2791.76507106993,2862.8850645580596,2934.005058046193,3005.1250515343254,3076.245045022456,3147.3650385105857,3218.4850319987186,3289.60502548685,3360.725018974983] [-93.34373143876496,-2.7107673736741162,-2.0418423838916624,-1.4763326618381143,-1.0092560017567394,-0.6360010864739252,-0.3522903854923243,-0.154147675726108,-0.03786950062612959,0.0,-0.03010742799642685,-0.11855807897200066,-0.26328197717111834,-0.46232279159130485,-0.7138294146805038,-1.0160483226106862,-1.367316630433379,-1.7660557665610668,-2.2107657005237797,-2.7000196661188056] False 57650.65603222185 57664.65603222185
