data/CTA102_allsed_1d_3_min11.ecsv
# %ECSV 1.0
# ---
# datatype:
# - {name: e_min, unit: MeV, datatype: float64}
# - {name: e_ref, unit: MeV, datatype: float64}
# - {name: e_max, unit: MeV, datatype: float64}
# - {name: ref_dnde_e_min, unit: ph / (cm2 MeV s), datatype: float64}
# - {name: ref_dnde_e_max, unit: ph / (cm2 MeV s), datatype: float64}
# - {name: ref_dnde, unit: ph / (cm2 MeV s), datatype: float64}
# - {name: ref_flux, unit: ph / (cm2 s), datatype: float64}
# - {name: ref_eflux, unit: MeV / (cm2 s), datatype: float64}
# - {name: ref_npred, datatype: float64}
# - {name: dnde, unit: ph / (cm2 MeV s), datatype: float64}
# - {name: dnde_err, unit: ph / (cm2 MeV s), datatype: float64}
# - {name: dnde_errp, unit: ph / (cm2 MeV s), datatype: float64}
# - {name: dnde_errn, unit: ph / (cm2 MeV s), datatype: float64}
# - {name: dnde_ul, unit: ph / (cm2 MeV s), datatype: float64}
# - {name: e2dnde, unit: MeV / (cm2 s), datatype: float64}
# - {name: e2dnde_err, unit: MeV / (cm2 s), datatype: float64}
# - {name: e2dnde_errp, unit: MeV / (cm2 s), datatype: float64}
# - {name: e2dnde_errn, unit: MeV / (cm2 s), datatype: float64}
# - {name: e2dnde_ul, unit: MeV / (cm2 s), datatype: float64}
# - {name: norm, datatype: float64}
# - {name: norm_err, datatype: float64}
# - {name: norm_errp, datatype: float64}
# - {name: norm_errn, datatype: float64}
# - {name: norm_ul, datatype: float64}
# - {name: ts, datatype: float64}
# - {name: loglike, datatype: float64}
# - {name: norm_scan, datatype: string, subtype: 'float64[20]'}
# - {name: dloglike_scan, datatype: string, subtype: 'float64[20]'}
# - {name: ShowUL, datatype: bool}
# - {name: tstart, datatype: float64}
# - {name: tend, datatype: float64}
# meta: !!omap
# - {UL_CONF: 0.95}
# - {EXTNAME: SED}
# - {CONFIG: '{"bin_index": 2.0, "use_local_index": true, "free_background": false, "free_radius": null, "free_pars": [], "ul_confidence":
#     0.95, "cov_scale": 3.0, "make_plots": false, "write_fits": true, "write_npy": true, "optimizer": {"optimizer": "MINUIT", "tol":
#     0.001, "max_iter": 100, "init_lambda": 0.0001, "retries": 3, "min_fit_quality": 2, "verbosity": 0}, "prefix": "", "outfile": null,
#     "loge_bins": []}'}
# - {SRCNAME: 4FGL J2232.6+1143}
# - {CREATOR: fermipy 1.2.0}
# - {STVER: 2.2.0}
# schema: astropy-2.0
e_min e_ref e_max ref_dnde_e_min ref_dnde_e_max ref_dnde ref_flux ref_eflux ref_npred dnde dnde_err dnde_errp dnde_errn dnde_ul e2dnde e2dnde_err e2dnde_errp e2dnde_errn e2dnde_ul norm norm_err norm_errp norm_errn norm_ul ts loglike norm_scan dloglike_scan ShowUL tstart tend
[from data line 701]
7071.149185711414 8149.575733880153 9392.473966813408 7.550217474262052e-17 2.6597743567225153e-17 4.481280489516418e-17 1.061866623490128e-13 8.529063239757441e-10 1.0954721405886936e-05 4.086229418696377e-12 4.109736752704121e-12 5.150742241387453e-12 3.0687312640207896e-12 1.488244853990246e-11 0.0002713893158250741 0.000272950569156579 0.0003420895573032718 0.00020381158100988618 0.0009884265206857954 91184.41544232215 91708.98278557899 114939.07273684799 68478.89283430998 332102.589309433 16.86193367214695 -3.1974372453240867 [0.0,10131.601715813575,20263.20343162715,30394.805147440715,40526.4068632543,50658.00857906788,60789.61029488143,70921.21201069505,81052.8137265086,91184.41544232215,130924.9523254621,170665.48920860214,210406.02609174204,250146.56297488208,289887.099858022,329627.636741162,369368.173624302,409108.71050744207,448849.247390582,488589.78427372203] [-8.430966836073475,-1.3086714707884064,-0.7268743022557702,-0.4325184766060346,-0.25588548791658594,-0.14376693827664555,-0.07245834138791629,-0.02931374018864563,-0.0067841252772997684,0.0,-0.07363060444879421,-0.2439089748585026,-0.4699299032306157,-0.7322740650919362,-1.0201800493022835,-1.3270574968649211,-1.6485761334669609,-1.9817375595624056,-2.3243794913132327,-2.674891157169887] False 58119.00000212926 58120.00000212926
100.0 115.25240587974294 132.83117061068992 3.714417703172433e-12 2.378609845811821e-12 2.972398109308992e-12 9.736647479121843e-11 1.1216454319178423e-08 0.0024826554407593737 2.603696373152447e-08 6.2372743588216e-09 6.660556321212451e-09 5.813992396430747e-09 3.762517458084234e-08 0.00034585203716064756 8.285044545023142e-05 8.847294930650812e-05 7.722794159395473e-05 0.0004997795984004867 8759.581581613033 2098.39803735833 2240.8022331708667 1955.993841545793 12658.188169009854 46.458912036366144 -198.2757217751643 [0.0,4551.0663899369,5077.130788896415,5603.195187855933,6129.259586815449,6655.323985774966,7181.388384734483,7707.4527836940015,8233.517182653515,8759.581581613033,9333.73050053181,9907.879419450594,10482.028338369368,11056.17725728815,11630.326176206921,12204.475095125703,12778.624014044484,13352.77293296325,13926.921851882036,14501.070770800816] [-23.229456018183072,-2.692307719890607,-1.9692487628278172,-1.3869902787488115,-0.9265293453024697,-0.5725491971028873,-0.3125102430142874,-0.1360078101959914,-0.034307205768129734,0.0,-0.03203878631700263,-0.12974592872055268,-0.2870493615452574,-0.4986945743700062,-0.760102650601624,-1.0672580698941658,-1.4166190436477564,-1.805045131961549,-2.229738271432609,-2.6881943226680107] False 58120.00000212926 58121.00000212926
132.83117061068992 153.091119887046 176.4411988580621 3.0861925527256e-12 1.9052370402202355e-12 2.424856359602495e-12 1.0556674936372257e-10 1.613975883656791e-08 0.0036168283655775187 2.7081520593072025e-08 4.5946324833046235e-09 4.834439026665911e-09 4.3548259399433365e-09 3.533927886965587e-08 0.0006347066459364153 0.00010768390064237427 0.00011330422045740657 0.00010206358082734195 0.0008282428264721945 11168.298891531647 1894.8060428856984 1993.7011969890114 1795.9108887823854 14573.76175281946 128.82622621286316 -310.20842983262054 [0.0,7228.173781736642,7720.689420461018,8213.205059185395,8705.72069790977,9198.236336634145,9690.751975358522,10183.267614082899,10675.783252807276,11168.298891531647,11664.96131345704,12161.623735382433,12658.286157307815,13154.948579233202,13651.61100115859,14148.273423083981,14644.935845009353,15141.598266934745,15638.260688860124,16134.923110785512] [-64.41311310643158,-2.6914847539983953,-1.9913948044542735,-1.4162062518885818,-0.9534543723602269,-0.5924902256811606,-0.32413980284621857,-0.14044025880934896,-0.03443308627726083,0.0,-0.03226530341424905,-0.12688672275476165,-0.2794680346398195,-0.48607007118135925,-0.7431487931483503,-1.0475035872792091,-1.3962338155664042,-1.7867020762329844,-2.216502962837069,-2.6834363575208044] False 58120.00000212926 58121.00000212926
176.4411988580621 203.35272664697808 234.36890988269914 2.383100448718738e-12 1.418279648885457e-12 1.838451214383341e-12 1.0638499208088532e-10 2.1586094910742338e-08 0.004515187585636397 6.1912317510358444e-09 1.7213583106154874e-09 1.8499620548713182e-09 1.5927545663596565e-09 9.43270020540343e-09 0.00025602186735824745 7.118217937855121e-05 7.650024403476951e-05 6.58641147223329e-05 0.000390064145218577 3367.634508110963 936.3089415417917 1006.261161785486 866.3567212980972 5130.786246382598 45.411418914806404 -145.91197112253022 [0.0,1566.1300387627057,1791.3180974312384,2016.5061560997704,2241.694214768301,2466.882273436833,2692.0703321053657,2917.258390773897,3142.4464494424305,3367.634508110963,3630.380433255016,3893.1263583990713,4155.872283543127,4418.61820868718,4681.364133831236,4944.110058975295,5206.8559841193455,5469.6019092634015,5732.3478344074565,5995.0937595515115] [-22.705709457403202,-2.697934520519283,-1.9377960896453317,-1.342740569947125,-0.8833531403730888,-0.5375900382550469,-0.28847942865547793,-0.12265965023976833,-0.029412138804389087,0.0,-0.03680909542839572,-0.1412673558938593,-0.3055746678360265,-0.5232282449143213,-0.7887472323560019,-1.0974671730719763,-1.445384001165877,-1.8290338362093905,-2.245399108422646,-2.691834353369501] False 58120.00000212926 58121.00000212926
234.36890988269914 270.1158072739371 311.3149665447022 1.7102071939234804e-12 9.81209574247167e-13 1.2954040576685348e-12 9.964810819792403e-11 2.6834081050639626e-08 0.004945163600537421 9.22453289327291e-09 1.6193683160591802e-09 1.709849873360717e-09 1.5288867587576435e-09 1.2158005606502045e-08 0.000673045436356966 0.00011815324065888731 0.00012475500574779294 0.00011155147556998169 0.0008870790839312925 7120.969583710587 1250.08741980762 1319.935554654739 1180.2392849605012 9385.492915919991 166.37676922563298 -257.7869527442828 [0.0,4555.135036876058,4875.864355230374,5196.593673584693,5517.3229919390105,5838.052310293323,6158.781628647642,6479.510947001959,6800.240265356271,7120.969583710587,7452.353903386671,7783.73822306275,8115.122542738832,8446.506862414917,8777.891182090994,9109.275501767075,9440.65982144316,9772.044141119237,10103.42846079532,10434.812780471406] [-83.18838461281649,-2.695073404668449,-1.9862769608676558,-1.4076230840618678,-0.9447190274617014,-0.5854642597839756,-0.3195847656328965,-0.1382804400879536,-0.03395404234385069,0.0,-0.032703265810368976,-0.12876368835145513,-0.2832430376042794,-0.4917651179247855,-0.7504330380608621,-1.0557612292048475,-1.4046191550957587,-1.794184373975213,-2.221903142254348,-2.6854571466602124] False 58120.00000212926 58121.00000212926
311.3149665447022 358.7979888064861 413.52331434760555 1.1406230943614228e-12 6.308828684685587e-13 8.482921487389922e-13 8.675473383176045e-11 3.100523172299879e-08 0.004901456369637333 4.49869286731561e-09 9.282146775596028e-10 1.0014722051686347e-09 8.54957149950571e-10 6.201172741775124e-09 0.0005791437104430693 0.00011949464173364558 0.0001289255225714158 0.0001100637608958754 0.0007983141540651681 5303.235299304649 1094.215806358007 1180.5746483182104 1007.856964397804 7310.185236293091 124.81609670795677 -181.1786349013817 [0.0,3134.7869301043957,3405.8429762544274,3676.8990224044596,3947.95506855449,4219.011114704521,4490.0671608545545,4761.123207004583,5032.179253154614,5303.235299304649,5597.281355569836,5891.327411835022,6185.373468100211,6479.419524365397,6773.465580630586,7067.511636895776,7361.557693160964,7655.603749426154,7949.649805691346,8243.69586195653] [-62.40804835397839,-2.68352224285843,-1.9655766427403591,-1.38599218823299,-0.9267231073163487,-0.5730828005933972,-0.3129528119966096,-0.13621278640394507,-0.03432100392990378,0.0,-0.0319293316340179,-0.12916050366635545,-0.28576853715230754,-0.49660892518420496,-0.7571854285467623,-1.0635448448752243,-1.4121923866517818,-1.800022993037203,-2.224265095406338,-2.6824342140118347] False 58120.00000212926 58121.00000212926
413.52331434760555 476.5900816815941 549.2752115212968 7.070019912450241e-13 3.770018926627201e-13 5.162761749448511e-13 7.019747402085045e-11 3.329530492184064e-08 0.004454191546643914 2.522163956626138e-09 5.703948291738783e-10 6.173864243807953e-10 5.234032339669612e-10 3.5800246114411623e-09 0.0005728795440217514 0.00012955840114637444 0.00014023198307758423 0.00011888481921516465 0.0008131600095231519 4885.299920910658 1104.8250081166502 1195.8452749572355 1013.8047412760649 6934.3207863961225 121.86409858245457 -150.55732192498044 [0.0,2734.8129690958535,3003.623838072704,3272.4347070495555,3541.245576026406,3810.0564450032566,4078.8673139801085,4347.678182956958,4616.489051933804,4885.299920910658,5186.985646630661,5488.671372350668,5790.357098070676,6092.042823790683,6393.728549510688,6695.414275230697,6997.100000950699,7298.785726670708,7600.471452390715,7902.15717811072] [-60.93204929122729,-2.70399018384893,-1.9705267491065115,-1.3839504854956317,-0.9227066682570637,-0.5697375934126967,-0.31130207603590065,-0.13616047751870042,-0.03499690103427611,0.0,-0.0313585523821871,-0.12981888617616733,-0.2886635248133018,-0.502150206875001,-0.7653302305421903,-1.073907440515029,-1.4241273733172193,-1.812689110199102,-2.23667445506959,-2.6934904907450345] False 58120.00000212926 58121.00000212926
549.2752115212968 633.0528961793416 729.6086933380817 4.072967021494482e-13 2.0936583261005692e-13 2.9201714532686153e-13 5.2803028425354086e-11 3.323836543072421e-08 0.0036749056056956525 1.0808665329781239e-09 2.9837343628622597e-10 3.2261869464940885e-10 2.7412817792304313e-10 1.651285338604093e-09 0.0004331637151735678 0.00011957493569047466 0.00012929136770822115 0.00010985850367272816 0.0006617624565639767 3701.38038219737 1021.7668416429785 1104.7936732902936 938.7400099956636 5654.754746526171 95.03359171911472 -89.8109013683667 [0.0,1773.2392233932321,2014.25686824375,2255.2745130942667,2496.292157944784,2737.309802795301,2978.327447645818,3219.3450924963363,3460.362737346854,3701.38038219737,3993.9307891925205,4286.481196187673,4579.031603182824,4871.582010177979,5164.13241717313,5456.682824168278,5749.233231163434,6041.783638158583,6334.334045153736,6626.884452148886] [-47.51679585955736,-2.6982285614994055,-1.924111150487704,-1.3253446680801346,-0.8676494465269116,-0.5259882855031321,-0.2815032021049291,-0.11962746658345225,-0.02886945454844181,0.0,-0.037380641281501426,-0.1439925010587757,-0.3110114427425259,-0.5312128116225949,-0.7986051552746716,-1.1081634087370134,-1.4556307403667859,-1.8373688530926557,-2.250243157918675,-2.6915334866627347] False 58120.00000212926 58121.00000212926
729.6086933380817 840.8915725798939 969.1477682383326 2.1805600873523133e-13 1.0805789397800418e-13 1.5350137808234314e-13 3.691403261046558e-11 3.083878676399624e-08 0.002773149601840219 3.550618617344084e-10 1.4557152706598518e-10 1.604574402504047e-10 1.3068561388156563e-10 6.485961864816e-10 0.0002510637584248124 0.00010293342835047659 0.00011345923727123699 9.240761942971615e-05 0.00045862147931809426 2313.0858248317577 948.3401965804885 1045.3159590810326 851.3644340799442 4225.34438833293 30.489704485272085 -56.31384825703208 [0.0,698.1681702243269,900.0328770502563,1101.897583876184,1303.7622907021137,1505.6269975280438,1707.4917043539713,1909.356411179901,2111.2211180058293,2313.0858248317577,2605.87460825661,2898.6633916814603,3191.4521751063116,3484.2409585311625,3777.0297419560115,4069.818525380862,4362.607308805714,4655.396092230565,4948.18487565542,5240.973659080269] [-15.244852242636043,-2.700280058434174,-1.8325124358138254,-1.2154378200177263,-0.7720050603008843,-0.45637888447066643,-0.23896230462194978,-0.09948211904653448,-0.023418058281890808,0.0,-0.043223077802828413,-0.16149946027817208,-0.3412260862287013,-0.572215663882055,-0.8466363748844685,-1.1583347042206853,-1.502386047569125,-1.8747867303707153,-2.2722370801893845,-2.691984982387453] False 58120.00000212926 58121.00000212926
969.1477682383326 1116.9661194245136 1287.3303254983532 1.0849563712136613e-13 5.183155525494594e-14 7.498998340029575e-14 2.39860834176313e-11 2.6594417091457073e-08 0.0019147841586606568 2.1248034939717598e-10 9.560406842033896e-11 1.0613515561229249e-10 8.507298122838544e-11 4.090639172497384e-10 0.0002650933124340586 0.0001192769084370532 0.00013241563300695904 0.0001061381838671474 0.0005103535885960193 2833.4497457208126 1274.891179932731 1415.3244313409716 1134.4579285244904 5454.914092541659 32.22613498153322 -64.883694354584 [0.0,769.9010220035917,1027.8446124682448,1285.7882029328966,1543.7317933975496,1801.6753838622017,2059.618974326854,2317.562564791507,2575.5061552561588,2833.4497457208126,3238.0894448843296,3642.7291440478502,4047.368843211367,4452.008542374885,4856.648241538405,5261.287940701923,5665.92763986544,6070.567339028958,6475.207038192477,6879.846737355993] [-16.11306749076661,-2.6916270615455886,-1.7833051956354637,-1.1629437191830192,-0.7293374323160435,-0.42689122745211705,-0.22173907844937446,-0.09170527698339015,-0.02146953738778734,0.0,-0.04557208667421264,-0.1686191207604253,-0.35335369947712536,-0.5884236788130295,-0.8653874676586213,-1.177793535093798,-1.5205976943495045,-1.8897794822149336,-2.2820811590537033,-2.6948250802750664] False 58120.00000212926 58121.00000212926
1287.3303254983532 1483.6791717563765 1709.9759409858673 5.016993535967922e-14 2.310569482505858e-14 3.404719101208889e-14 1.4486460933198481e-11 2.1316662353189657e-08 0.0012119984678284068 1.9171015462125837e-10 7.382201777076565e-11 8.118819098138522e-11 6.645584456014606e-11 3.3955633220159564e-10 0.00042201230810492063 0.00016250469449545106 0.00017871988019938818 0.00014628950879151393 0.0007474666731511082 5630.718685520613 2168.226381570045 2384.5782447238694 1951.87451841622 9973.108562202146 65.72319994600555 -33.14918388808517 [0.0,1930.4660777983934,2392.9976537636694,2855.5292297289475,3318.0608056942256,3780.5923816595027,4243.123957624779,4705.6555335900575,5168.187109555336,5630.718685520613,6294.580832118124,6958.44297871564,7622.30512531315,8286.167271910666,8950.029418508177,9613.891565105687,10277.753711703204,10941.615858300718,11605.478004898228,12269.340151495746] [-32.861599973002775,-2.698888288137546,-1.842015002012161,-1.22604034345175,-0.7805441148483752,-0.4621636535240583,-0.2422668912821777,-0.10094263204931053,-0.023777799381626608,0.0,-0.043036269715358344,-0.16095725343308942,-0.3403314527571055,-0.5710482897512605,-0.8453054931014066,-1.1569554560615671,-1.5010678506245867,-1.8736279088040106,-2.2713227916948853,-2.6913868701625816] False 58120.00000212926 58121.00000212926
