data/CTA102_allsed_14d_min11.ecsv
# %ECSV 1.0
# ---
# datatype:
# - {name: e_min, unit: MeV, datatype: float64}
# - {name: e_ref, unit: MeV, datatype: float64}
# - {name: e_max, unit: MeV, datatype: float64}
# - {name: ref_dnde_e_min, unit: ph / (cm2 MeV s), datatype: float64}
# - {name: ref_dnde_e_max, unit: ph / (cm2 MeV s), datatype: float64}
# - {name: ref_dnde, unit: ph / (cm2 MeV s), datatype: float64}
# - {name: ref_flux, unit: ph / (cm2 s), datatype: float64}
# - {name: ref_eflux, unit: MeV / (cm2 s), datatype: float64}
# - {name: ref_npred, datatype: float64}
# - {name: dnde, unit: ph / (cm2 MeV s), datatype: float64}
# - {name: dnde_err, unit: ph / (cm2 MeV s), datatype: float64}
# - {name: dnde_errp, unit: ph / (cm2 MeV s), datatype: float64}
# - {name: dnde_errn, unit: ph / (cm2 MeV s), datatype: float64}
# - {name: dnde_ul, unit: ph / (cm2 MeV s), datatype: float64}
# - {name: e2dnde, unit: MeV / (cm2 s), datatype: float64}
# - {name: e2dnde_err, unit: MeV / (cm2 s), datatype: float64}
# - {name: e2dnde_errp, unit: MeV / (cm2 s), datatype: float64}
# - {name: e2dnde_errn, unit: MeV / (cm2 s), datatype: float64}
# - {name: e2dnde_ul, unit: MeV / (cm2 s), datatype: float64}
# - {name: norm, datatype: float64}
# - {name: norm_err, datatype: float64}
# - {name: norm_errp, datatype: float64}
# - {name: norm_errn, datatype: float64}
# - {name: norm_ul, datatype: float64}
# - {name: ts, datatype: float64}
# - {name: loglike, datatype: float64}
# - {name: norm_scan, datatype: string, subtype: 'float64[20]'}
# - {name: dloglike_scan, datatype: string, subtype: 'float64[20]'}
# - {name: ShowUL, datatype: bool}
# - {name: tstart, datatype: float64}
# - {name: tend, datatype: float64}
# meta: !!omap
# - {UL_CONF: 0.95}
# - {EXTNAME: SED}
# - {CONFIG: '{"bin_index": 2.0, "use_local_index": true, "free_background": false, "free_radius": null, "free_pars": [], "ul_confidence":
#     0.95, "cov_scale": 3.0, "make_plots": false, "write_fits": true, "write_npy": true, "optimizer": {"optimizer": "MINUIT", "tol":
#     0.001, "max_iter": 100, "init_lambda": 0.0001, "retries": 3, "min_fit_quality": 2, "verbosity": 0}, "prefix": "", "outfile": null,
#     "loge_bins": []}'}
# - {SRCNAME: 4FGL J2232.6+1143}
# - {CREATOR: fermipy 1.2.0}
# - {STVER: 2.2.0}
# schema: astropy-2.0
e_min e_ref e_max ref_dnde_e_min ref_dnde_e_max ref_dnde ref_flux ref_eflux ref_npred dnde dnde_err dnde_errp dnde_errn dnde_ul e2dnde e2dnde_err e2dnde_errp e2dnde_errn e2dnde_ul norm norm_err norm_errp norm_errn norm_ul ts loglike norm_scan dloglike_scan ShowUL tstart tend
[from data line 412]
176.4411988580621 203.35272664697808 234.36890988269914 2.6426243832625246e-12 1.546350160098048e-12 2.021490202335149e-12 1.1701697570037322e-10 2.3733887142241382e-08 0.025397955995623347 1.9829849400805213e-09 4.98100095637824e-10 5.30183166019626e-10 4.660170252560221e-10 2.887668719503809e-09 8.200105047234861e-05 2.0597600242501248e-05 2.1924310002374274e-05 1.9270890482628224e-05 0.00011941183396271224 980.9520411179104 246.40242879358883 262.27342848715193 230.53142910002575 1428.4851423806474 35.05679116608337 -377.4459597093603 [0.0,469.2955611676,533.2526211613888,597.2096811551775,661.1667411489663,725.1238011427552,789.080861136544,853.0379211303323,916.9949811241212,980.9520411179104,1046.928174666497,1112.9043082150833,1178.88044176367,1244.8565753122562,1310.8327088608432,1376.8088424094287,1442.7849759580154,1508.761109506603,1574.7372430551893,1640.7133766037762] [-17.528395583041686,-2.7046702712487445,-1.9658677725101938,-1.373147990341181,-0.9065636792788041,-0.5502114850814337,-0.2911817057179178,-0.11883274553463252,-0.02427579196910301,0.0,-0.04182115878086279,-0.14556452404463016,-0.306000288897053,-0.5185723497279469,-0.7792841621790103,-1.0846081603712037,-1.431413078421599,-1.8169050489207734,-2.238579428210869,-2.6941810632611123] False 56642.65603222185 56656.65603222185
234.36890988269914 270.1158072739371 311.3149665447022 1.7090769431299525e-12 9.806879676394924e-13 1.294631682718152e-12 9.958840245264529e-11 2.6818084987510294e-08 0.02665469219901366 5.75753448192368e-10 2.308865372788401e-10 2.493149569703537e-10 2.1245811758732646e-10 1.015382340935008e-09 4.2008439370979386e-05 1.6846070367976126e-05 1.819065484896261e-05 1.5501485886989642e-05 7.408488414867443e-05 444.7237433457067 178.34148535132468 192.57597376800092 164.1069969346484 784.3020949426757 12.30504988237874 -288.7131935489894 [0.0,106.91067004001921,149.13730420323023,191.3639383664411,233.59057252965215,275.81720669286295,318.04384085607387,360.2704750192849,402.4971091824958,444.7237433457067,495.4003465722596,546.0769497988122,596.7535530253648,647.430156251918,698.1067594784707,748.7833627050237,799.4599659315763,850.1365691581296,900.8131723846823,951.489775611235] [-6.15252494118937,-2.6945753655282374,-1.9092756861595603,-1.310394412029268,-0.8561098225550836,-0.518330513443459,-0.2770601914232884,-0.11744547488871149,-0.028085823451874603,0.0,-0.037105033050011116,-0.14205361187185872,-0.306757815419644,-0.5246025199950282,-0.7900950620223739,-1.0986154630447231,-1.4462339783735274,-1.8295750022334687,-2.2457136787689933,-2.6920960847018023] False 56642.65603222185 56656.65603222185
311.3149665447022 358.7979888064861 413.52331434760555 1.0751041477513221e-12 6.032643453313878e-13 8.053396797974502e-13 8.233229043520113e-11 2.943470400165193e-08 0.025840631207410036 7.642376417420839e-10 1.7555189157278506e-10 1.8700249839300463e-10 1.6410128475256548e-10 1.0885176241788189e-09 9.838489458002831e-05 2.2599847746758702e-05 2.4073953029399116e-05 2.1125742464118288e-05 0.00014013140135209163 948.9631032886602 217.98490249100584 232.20325917634824 203.76654580566344 1351.6254711956951 61.366715226267615 -280.9502472630041 [0.0,511.2733682649491,565.9845851429131,620.6958020208766,675.407018898841,730.1182357768045,784.8294526547683,839.540669532732,894.2518864106963,948.9631032886602,1008.2949998806992,1067.626896472738,1126.958793064777,1186.290689656816,1245.6225862488548,1304.954482840894,1364.2863794329337,1423.6182760249724,1482.9501726170113,1542.2820692090504] [-30.683357613133808,-2.703466142280263,-1.97585035190923,-1.390486414452539,-0.9279402646201333,-0.5726317647105361,-0.31186202006864505,-0.1351325834009458,-0.0336566083601042,0.0,-0.03279709114872276,-0.13096202635898635,-0.2885404104824829,-0.5003811201067947,-0.7619958164795548,-1.0694481731181327,-1.4192655331623314,-1.8083677235017603,-2.234009151323903,-2.6937312972671066] False 56642.65603222185 56656.65603222185
413.52331434760555 476.5900816815941 549.2752115212968 6.531432845348793e-13 3.57268232430445e-13 4.83060396627163e-13 6.563494247307812e-11 3.114998439768607e-08 0.023476730844156746 3.246183042917558e-10 9.92137132085978e-11 1.0664545733016452e-10 9.17819690870311e-11 5.115798179120903e-10 7.373318679588968e-05 2.2535214903188537e-05 2.4223247186920267e-05 2.084718261945681e-05 0.0001161992708865165 672.0035559907507 205.38573209753977 220.7704421119745 190.00102208310508 1059.0390383563968 35.72882015127084 -263.60395582503503 [0.0,280.66707010680403,329.5841308422972,378.50119157779045,427.41825231328403,476.33531304877715,525.2523737842704,574.1694345197637,623.0864952552569,672.0035559907507,729.5938500494707,787.1841441081913,844.7744381669121,902.364732225632,959.9550262843528,1017.545320343073,1075.1356144017939,1132.7259084605146,1190.3162025192346,1247.9064965779555] [-17.86441007563542,-2.6981845427936264,-1.9281700238080361,-1.331475935432593,-0.8740056296024363,-0.5312818309046179,-0.2850781296439777,-0.12141857442503579,-0.029325281006777004,0.0,-0.036264413768719805,-0.14009221828604268,-0.3037128245119902,-0.5207070100545366,-0.7857023746095706,-1.0941511189791413,-1.4421646245468196,-1.8263881281687304,-2.2439042773987126,-2.6921578652110725] False 56642.65603222185 56656.65603222185
549.2752115212968 633.0528961793416 729.6086933380817 3.799546669770963e-13 2.0184918987213446e-13 2.769359884837349e-13 5.00259890097874e-11 3.151475657122161e-08 0.019853656331218605 2.1078397148819196e-10 6.315041341446087e-11 6.943841590699776e-11 5.686241092192397e-11 3.2968453658813423e-10 8.447293481952278e-05 2.5307905143463463e-05 2.78278596777048e-05 2.2787950609222124e-05 0.000132123046043727 761.1288537913221 228.03252751734664 250.73814453362766 205.3269105010656 1190.4719873830966 49.91198363848849 -252.24718152480565 [0.0,333.4031476148917,386.86886088694524,440.3345741589993,493.8002874310532,547.2660007031068,600.731713975161,654.1974272472147,707.6631405192684,761.1288537913221,824.9617758987465,888.794698006171,952.6276201135945,1016.4605422210191,1080.293464328443,1144.1263864358673,1207.959308543291,1271.792230650715,1335.625152758139,1399.4580748655628] [-24.955991819244247,-2.6953962659249555,-1.9223330381975643,-1.3250850808053656,-0.8684296857531706,-0.5271496912736495,-0.2825200858647179,-0.12022194536075403,-0.02903774618610555,0.0,-0.036642983643133675,-0.14145131105789233,-0.3062607532808954,-0.5243599839564865,-0.7901575172068362,-1.0989400025893303,-1.446693180248019,-1.8299668320625528,-2.2457712699209367,-2.6914968506574155] False 56642.65603222185 56656.65603222185
729.6086933380817 840.8915725798939 969.1477682383326 2.0945736528885932e-13 1.0762659334559739e-13 1.5014387325889916e-13 3.606313868274038e-11 3.015367962207602e-08 0.015639993391303675 1.4933254452784963e-10 4.0780456714571784e-11 4.468283729724556e-11 3.6878076131898e-11 2.257958412198128e-10 0.0001055928386708769 2.883580535241861e-05 3.159517334284208e-05 2.6076437361995147e-05 0.00015965993152974208 994.5963247554537 271.60919609588325 297.60013730428506 245.61825488748144 1503.863170163886 69.50597521909759 -146.46689918249726 [0.0,479.13375088581614,543.5665726195211,607.9993943532255,672.4322160869302,736.8650378206347,801.2978595543391,865.7306812880438,930.1635030217487,994.5963247554537,1070.3418128738317,1146.0873009922097,1221.8327891105891,1297.5782772289674,1373.323765347346,1449.0692534657237,1524.8147415841036,1600.5602297024814,1676.3057178208594,1752.0512059392374] [-34.752987609548796,-2.6995511018926095,-1.9358310970270907,-1.3395408206440607,-0.8802081804252282,-0.5351280394384332,-0.2869045665197518,-0.12190036568688356,-0.029216761656329027,0.0,-0.03701359638387203,-0.14195506852652784,-0.3068290662180573,-0.5249962715213314,-0.7908807301174932,-1.0997524928719429,-1.4475633670482466,-1.8308208754592386,-2.2464901952324965,-2.6919169144261446] False 56642.65603222185 56656.65603222185
969.1477682383326 1116.9661194245136 1287.3303254983532 1.0807968084522599e-13 5.346127253745827e-14 7.6013665044044e-14 2.4282785990582634e-11 2.6945460654927908e-08 0.011320821543772841 4.184126579642459e-11 1.7616350710906606e-11 1.950303440233887e-11 1.5729667019474344e-11 7.773232601358866e-11 5.220172019613355e-05 2.197839365477052e-05 2.433224534362577e-05 1.962454196591527e-05 9.697988470278858e-05 550.4439994069598 231.75241847238 256.5727411122511 206.93209583250888 1022.6098947939009 30.869065350795836 -73.66110321175739 [0.0,165.21730923519152,213.37064550666267,261.5239817781336,309.6773180496044,357.83065432107566,405.9839905925465,454.1373268640177,502.2906631354888,550.4439994069598,622.616248095298,694.7884967836364,766.9607454719752,839.1329941603133,911.3052428486518,983.4774915369906,1055.649740225329,1127.8219889136674,1199.9942376020058,1272.166486290344] [-15.434532675397918,-2.6879754447697053,-1.8242347657733262,-1.2119834116014658,-0.7726690066978676,-0.4598609015720143,-0.2437655370116545,-0.10409488794601884,-0.026395922708928765,0.0,-0.039312648455265276,-0.15584374851611926,-0.3351284167605115,-0.5664606420399139,-0.8416887689198234,-1.1544588462512593,-1.499719542940099,-1.8733869743102218,-2.272111119474829,-2.6931089288653993] False 56642.65603222185 56656.65603222185
1287.3303254983532 1483.6791717563765 1709.9759409858673 5.1433308043647755e-14 2.4359087213359713e-14 3.539588162917848e-14 1.504362199034152e-11 2.215108070211205e-08 0.007403005679175179 1.521357437115552e-11 9.53676568030928e-12 1.0817030614905783e-11 8.256500745712773e-12 3.588432773640803e-11 3.348970036345311e-05 2.0993319339573618e-05 2.3811571513550812e-05 1.817506716559642e-05 7.899231004613527e-05 429.81199142146147 269.43150562600135 305.60138968226175 233.2616215697409 1013.7995180441247 10.972872864007854 -96.46742934803717 [0.0,44.09343039293772,92.30825052150323,140.52307065006872,188.73789077863415,236.95271090719967,285.167531035765,333.38235116433054,381.597171292896,429.81199142146147,521.4212548900414,613.0305183586214,704.6397818272017,796.2490452957817,887.8583087643619,979.4675722329423,1071.0768357015224,1162.6860991701026,1254.2953626386827,1345.9046261072622] [-5.486436432003927,-2.691532788284036,-1.6223771419115423,-1.0075288911795326,-0.6126693295447438,-0.35095922522513945,-0.1794018981150316,-0.07328113596075525,-0.016988630170942542,0.0,-0.05092329877963664,-0.18416917579229164,-0.3788966909382623,-0.6214253406765806,-0.90226812079095,-1.2145632100695138,-1.5531792205836297,-1.9141734150906018,-2.294447563165164,-2.691520553687866] False 56642.65603222185 56656.65603222185
1709.9759409858673 1970.7884119509856 2271.3810595726877 2.217765461338549e-14 9.994691864872259e-15 1.488821091153501e-14 8.422020873169124e-12 1.645325310582246e-08 0.004268135865433509 1.7072945518916157e-11 7.775099224602403e-12 8.648268162353402e-12 6.901930286851402e-12 3.315892070639214e-11 6.631143930307745e-05 3.0198539539436028e-05 3.35899337750034e-05 2.6807145303868658e-05 0.00012878947896490845 1146.742588505948 522.2319371213671 580.8802826438294 463.5835915989047 2227.1931062382687 35.141588386990605 -49.63440054224316 [0.0,308.05042035705344,412.8869413756655,517.7234623942768,622.559983412889,727.3965044315008,832.2330254501129,937.0695464687246,1041.9060674873367,1146.742588505948,1314.0455090207815,1481.348429535616,1648.6513500504495,1815.9542705652834,1983.2571910801175,2150.560111594952,2317.863032109785,2485.165952624621,2652.468873139454,2819.7717936542854] [-17.570794193495303,-2.698789984381861,-1.7816198809249215,-1.1587151897077632,-0.7250926993329472,-0.42361157046050835,-0.21967182796650775,-0.09071488800663019,-0.021208593310319657,0.0,-0.046380239026177605,-0.17112371599881726,-0.35770628713453334,-0.5943368143449348,-0.8723057336490996,-1.1849965793217336,-1.527264651765499,-1.8950304241549958,-2.2850043477983633,-2.694495173134726] False 56642.65603222185 56656.65603222185
2271.3810595726877 2617.821317854317 3017.1020504598932 8.484038073707781e-15 3.612667263005677e-15 5.536244810968709e-15 4.170568102612106e-12 1.0808183132997874e-08 0.002137848767471917 8.835671784313017e-12 4.972902161791545e-12 5.62513730156938e-12 4.320667022013711e-12 1.9562046067123367e-11 6.055075670543703e-05 3.40792410887401e-05 3.854900096976481e-05 2.9609481207715386e-05 0.00013405847579964564 1595.9684020488594 898.2446281889416 1016.0564595020351 780.4327968758482 3533.4503323202002 25.078699991765063 -40.81199463446424 [0.0,286.7302389229837,450.38500931371806,614.0397797044527,777.6945500951872,941.3493204859215,1105.0040908766564,1268.6588612673902,1432.3136316581251,1595.9684020488594,1899.6513027260619,2203.3342034032653,2507.017104080467,2810.700004757671,3114.382905434872,3418.0658061120753,3721.7487067892775,4025.431607466481,4329.114508143683,4632.797408820886] [-12.539349995882532,-2.6850392178667235,-1.6585498549610662,-1.0380357137136613,-0.6333982483251006,-0.3634894331771221,-0.1860036233869664,-0.07603059037968762,-0.017637224733597634,0.0,-0.05053130705649522,-0.18312906131102125,-0.3773094447763441,-0.6195030786107196,-0.9002382330062488,-1.212630691527849,-1.5515132283840742,-1.912904273706232,-2.293668247530789,-2.691289953356822] False 56642.65603222185 56656.65603222185
100.0 115.25240587974294 132.83117061068992 1.91058324253058e-11 9.997656263591461e-12 1.3820765001185246e-11 4.5472915240124905e-10 5.213461519954176e-08 0.10231600165863479 7.636223663614485e-09 1.397896335668378e-09 1.4628354554695718e-09 1.3329572158671841e-09 1.010447961647599e-08 0.00010143285282829643 1.8568420665922475e-05 1.9431014596084514e-05 1.770582673576043e-05 0.0001342189855868362 552.5181611118933 101.14464253957699 105.84330573192739 96.44597934722658 731.1085613285115 54.14668182406558 -767.3092315154793 [0.0,335.12990567578623,362.3034376052996,389.476969534813,416.6505014643264,443.8240333938398,470.99756532335306,498.1710972528666,525.34462918238,552.5181611118933,578.2461697580802,603.9741784042673,629.7021870504541,655.4301956966415,681.1582043428282,706.8862129890153,732.6142216352022,758.3422302813892,784.0702389275763,809.7982475737631] [-27.07334091203279,-2.705081658135441,-2.019900650847262,-1.448604478506013,-0.9827524200256903,-0.6148728569421564,-0.3383150705103617,-0.14712894561046141,-0.03596641131946399,0.0,-0.03128397066529942,-0.12266704076841961,-0.2710456870482858,-0.4735662929696218,-0.7275980846770835,-1.0307097125059954,-1.3806488956909106,-1.7753246547664503,-2.2127917410058444,-2.6912369400731677] False 56670.65603222185 56684.65603222185
