data/CTA102_allsed_14d_min11.ecsv
# %ECSV 1.0
# ---
# datatype:
# - {name: e_min, unit: MeV, datatype: float64}
# - {name: e_ref, unit: MeV, datatype: float64}
# - {name: e_max, unit: MeV, datatype: float64}
# - {name: ref_dnde_e_min, unit: ph / (cm2 MeV s), datatype: float64}
# - {name: ref_dnde_e_max, unit: ph / (cm2 MeV s), datatype: float64}
# - {name: ref_dnde, unit: ph / (cm2 MeV s), datatype: float64}
# - {name: ref_flux, unit: ph / (cm2 s), datatype: float64}
# - {name: ref_eflux, unit: MeV / (cm2 s), datatype: float64}
# - {name: ref_npred, datatype: float64}
# - {name: dnde, unit: ph / (cm2 MeV s), datatype: float64}
# - {name: dnde_err, unit: ph / (cm2 MeV s), datatype: float64}
# - {name: dnde_errp, unit: ph / (cm2 MeV s), datatype: float64}
# - {name: dnde_errn, unit: ph / (cm2 MeV s), datatype: float64}
# - {name: dnde_ul, unit: ph / (cm2 MeV s), datatype: float64}
# - {name: e2dnde, unit: MeV / (cm2 s), datatype: float64}
# - {name: e2dnde_err, unit: MeV / (cm2 s), datatype: float64}
# - {name: e2dnde_errp, unit: MeV / (cm2 s), datatype: float64}
# - {name: e2dnde_errn, unit: MeV / (cm2 s), datatype: float64}
# - {name: e2dnde_ul, unit: MeV / (cm2 s), datatype: float64}
# - {name: norm, datatype: float64}
# - {name: norm_err, datatype: float64}
# - {name: norm_errp, datatype: float64}
# - {name: norm_errn, datatype: float64}
# - {name: norm_ul, datatype: float64}
# - {name: ts, datatype: float64}
# - {name: loglike, datatype: float64}
# - {name: norm_scan, datatype: string, subtype: 'float64[20]'}
# - {name: dloglike_scan, datatype: string, subtype: 'float64[20]'}
# - {name: ShowUL, datatype: bool}
# - {name: tstart, datatype: float64}
# - {name: tend, datatype: float64}
# meta: !!omap
# - {UL_CONF: 0.95}
# - {EXTNAME: SED}
# - {CONFIG: '{"bin_index": 2.0, "use_local_index": true, "free_background": false, "free_radius": null, "free_pars": [], "ul_confidence":
#     0.95, "cov_scale": 3.0, "make_plots": false, "write_fits": true, "write_npy": true, "optimizer": {"optimizer": "MINUIT", "tol":
#     0.001, "max_iter": 100, "init_lambda": 0.0001, "retries": 3, "min_fit_quality": 2, "verbosity": 0}, "prefix": "", "outfile": null,
#     "loge_bins": []}'}
# - {SRCNAME: 4FGL J2232.6+1143}
# - {CREATOR: fermipy 1.2.0}
# - {STVER: 2.2.0}
# schema: astropy-2.0
e_min e_ref e_max ref_dnde_e_min ref_dnde_e_max ref_dnde ref_flux ref_eflux ref_npred dnde dnde_err dnde_errp dnde_errn dnde_ul e2dnde e2dnde_err e2dnde_errp e2dnde_errn e2dnde_ul norm norm_err norm_errp norm_errn norm_ul ts loglike norm_scan dloglike_scan ShowUL tstart tend
[from data line 1039]
176.4411988580621 203.35272664697808 234.36890988269914 4.613625181143486e-12 2.464383735752952e-12 3.3719049303428244e-12 1.956290711100739e-10 3.9592929217705927e-08 0.12093488398857671 3.0598547033259003e-09 3.397691980675786e-10 3.542244676453378e-10 3.253139284898194e-10 3.656595171308435e-09 0.0001265321258341437 1.4050248489813332e-05 1.4648007588371642e-05 1.3452489391255024e-05 0.00015120873544669162 907.4558051121579 100.76476208154362 105.05173632203311 96.47778784105414 1084.4300912530964 237.44796513254664 -933.6357103252625 [0.0,686.7347455889429,714.324878029344,741.9150104697463,769.5051429101482,797.09527535055,824.6854077909518,852.2755402313535,879.8656726717552,907.4558051121579,932.8930736233734,958.3303421345887,983.7676106458041,1009.20487915702,1034.6421476682362,1060.0794161794518,1085.516684690668,1110.953953201884,1136.391221713099,1161.8284902243147] [-118.72398256627332,-2.7077526962706315,-2.0349612298479087,-1.4687021447184634,-1.002857556394133,-0.6318456849666063,-0.35055849710840903,-0.15430829157673998,-0.03878171665837726,0.0,-0.029061070824923263,-0.11754857187327161,-0.26296081558678,-0.4629577252977697,-0.7153468809167407,-1.018071060848456,-1.3691970897510828,-1.7669058296365847,-2.209483175089872,-2.6953119329122046] False 57636.65603222185 57650.65603222185
234.36890988269914 270.1158072739371 311.3149665447022 2.6061814464970344e-12 1.376944046396289e-12 1.8943510832426417e-12 1.4603482033130985e-10 3.924898512360386e-08 0.10655451234130875 1.8131899051108123e-09 2.026216259512792e-10 2.1126509015442762e-10 1.939781617481308e-10 2.168275816744111e-09 0.000132294957913079 1.4783790380669417e-05 1.541443956405368e-05 1.4153141197285151e-05 0.0001582029312602964 957.1562109844489 106.96096818782034 111.5237254716249 102.39821090401578 1144.6008271247063 279.2274046802445 -821.8007362304276 [0.0,723.6290334514742,752.8199306430962,782.0108278347172,811.2017250263393,840.3926222179608,869.5835194095831,898.7744166012048,927.9653137928269,957.1562109844489,984.1377802103834,1011.1193494363172,1038.100918662252,1065.082487888186,1092.064057114121,1119.0456263400554,1146.0271955659905,1173.0087647919245,1199.9903340178594,1226.9719032437931] [-139.61370234012225,-2.707055861561912,-2.0303831957055536,-1.4621781178476567,-0.9958443412722318,-0.6253921303496099,-0.3453646103511119,-0.15077508490310265,-0.03705342735781869,0.0,-0.030575831994497094,-0.12051582362687441,-0.26718632090353367,-0.4681313829761393,-0.7210568281129781,-1.023816053475798,-1.3743973950856798,-1.7709128297238976,-2.2115878498563006,-2.694752367123442] False 57636.65603222185 57650.65603222185
311.3149665447022 358.7979888064861 413.52331434760555 1.4495613342070108e-12 7.56341456695794e-13 1.047073698974445e-12 1.0725954648660331e-10 3.828069490909515e-08 0.0895712266218106 1.1046909976973911e-09 1.2811485016168567e-10 1.338973253018313e-10 1.2233237502154005e-10 1.3312751248968302e-09 0.0001422134967131641 1.6492992936806135e-05 1.7237405637779664e-05 1.5748580235832613e-05 0.00017138303018080216 1055.0269754453573 122.35514108239715 127.87765124171953 116.83263092307479 1271.4244720316685 273.4096469042513 -808.8855313275712 [0.0,790.7723622653052,823.8041889128116,856.8360155603183,889.8678422078248,922.8996688553312,955.9314955028378,988.9633221503444,1021.9951487978512,1055.0269754453573,1086.1139176162587,1117.20085978716,1148.287801958061,1179.374744128963,1210.4616862998637,1241.5486284707652,1272.635570641666,1303.7225128125688,1334.80945498347,1365.8963971543703] [-136.70482345212565,-2.7065564362219448,-2.031797812201944,-1.4654088087032733,-1.000524153408378,-0.6309343277501966,-0.3510030030992084,-0.15559723750413923,-0.04002811637735704,0.0,-0.02779118488297172,-0.11595607563504018,-0.2616791670973271,-0.4623441973985791,-0.7155154333622704,-1.0189211288645765,-1.3704388577054942,-1.7680824696104764,-2.209990456694186,-2.694415549736732] False 57636.65603222185 57650.65603222185
413.52331434760555 476.5900816815941 549.2752115212968 7.906938271549961e-13 4.067344495664628e-13 5.671000075502449e-13 7.719167650206466e-11 3.6581659507380336e-08 0.0726046086806158 5.12108528215014e-10 6.95035908607041e-11 7.224746979105715e-11 6.675971193035103e-11 6.342158341961222e-10 0.0001163193611433227 1.5786913985329245e-05 1.6410153448545696e-05 1.5163674522112795e-05 0.00014405458334741623 903.0303674782461 122.55967190151394 127.39811114295576 117.7212326600721 1118.3491901821758 254.4233938524094 -575.0537661480223 [0.0,643.8464356759712,676.2444271512556,708.64241862654,741.0404101018239,773.4384015771087,805.8363930523934,838.2343845276774,870.6323760029618,903.0303674782461,934.2650179606014,965.4996684429566,996.734318925311,1027.9689694076667,1059.2036198900212,1090.4382703723768,1121.6729208547315,1152.907571337086,1184.1422218194423,1215.3768723017968] [-127.2116969262047,-2.7028736457087916,-2.0141002006931785,-1.4416582320828866,-0.976304986789728,-0.6098853889396878,-0.33516550602973894,-0.1456969881129453,-0.03570577390564722,0.0,-0.031520813394763536,-0.12391919410652008,-0.2737201710656336,-0.47774551538486776,-0.7330804540600866,-1.0370449620392037,-1.387168892805903,-1.781170344056818,-2.2169367633741786,-2.692508385374481] False 57636.65603222185 57650.65603222185
549.2752115212968 633.0528961793416 729.6086933380817 4.20979196436849e-13 2.1303744894471533e-13 2.994734279826881e-13 5.4178739680006715e-11 3.409175546470622e-08 0.05596819939449971 2.2007118464969095e-10 3.8066942076928957e-11 4.00829210084858e-11 3.605096314537212e-11 2.889324355908491e-10 8.819484093272202e-05 1.5255554272650694e-05 1.6063469863578213e-05 1.4447638681723176e-05 0.00011579139830506054 734.8604720363129 127.11292061320887 133.84466621460285 120.38117501181489 964.8015770118731 160.44828564799877 -466.5480595609197 [0.0,474.1488700091587,506.7378202625531,539.3267705159471,571.9157207693418,604.5046710227358,637.0936212761303,669.6825715295248,702.2715217829187,734.8604720363129,768.3361718012244,801.8118715661348,835.2875713310456,868.7632710959563,902.2389708608674,935.714670625778,969.1903703906888,1002.6660701555995,1036.14176992051,1069.617469685421] [-80.22414282399939,-2.6957450575740722,-1.9956480501271585,-1.421128401419594,-0.9591250426145734,-0.5985761562130847,-0.3300248050360324,-0.14531808367706844,-0.0373742352097679,0.0,-0.029363845358147955,-0.12222353593614343,-0.2739510321454759,-0.4804219968308985,-0.7379441273848215,-1.0431979147935522,-1.393187314762372,-1.7851983929740527,-2.2167644365260912,-2.6856363475553167] False 57636.65603222185 57650.65603222185
729.6086933380817 840.8915725798939 969.1477682383326 2.174905574308566e-13 1.0803000617758798e-13 1.532824395122369e-13 3.68583950054477e-11 3.0794002869174877e-08 0.041151175304880105 1.2990102011904324e-10 2.3818210831550435e-11 2.514320287257497e-11 2.24932187905259e-11 1.7299465546566088e-10 9.185283424976663e-05 1.6841824410859075e-05 1.7778724476885924e-05 1.590492434483223e-05 0.00012232428505966277 847.4618523322301 155.3877333068474 164.0318548725063 146.7436117411885 1128.6006147615515 146.45016763199396 -368.2751800532053 [0.0,528.9250560214485,568.7421555602958,608.5592550991439,648.3763546379915,688.1934541768396,728.0105537156869,767.8276532545343,807.6447527933826,847.4618523322301,888.6260613424397,929.7902703526494,970.9544793628589,1012.1186883730684,1053.2828973832777,1094.4471063934875,1135.6113154036964,1176.7755244139064,1217.9397334241157,1259.1039424343255] [-73.22508381599698,-2.694108533727956,-1.9830890258775185,-1.4036106828808101,-0.9407563048725365,-0.5820633994607647,-0.31700769701109266,-0.1366166760632268,-0.03317551122313489,0.0,-0.033380772737928055,-0.12998866063412606,-0.28485963531602465,-0.4936044283240335,-0.7523221782802239,-1.057529811875554,-1.4061038241863457,-1.7952319229258933,-2.2223725881430596,-2.685221035080815] False 57636.65603222185 57650.65603222185
969.1477682383326 1116.9661194245136 1287.3303254983532 1.0828405513790243e-13 5.265344608080546e-14 7.550846746302359e-14 2.413610550390223e-11 2.677189921260222e-08 0.02865810911446931 6.286925308538496e-11 1.3894300737076044e-11 1.503490172911888e-11 1.2753699745033205e-11 8.838991752256675e-11 7.843651706119308e-05 1.7334714559705182e-05 1.875774354099237e-05 1.5911685578417994e-05 0.00011027643774263244 832.6119599258448 184.00983629922123 199.11544008599373 168.90423251244871 1170.5960999122542 109.88914159978913 -338.4760373290243 [0.0,470.173542219609,515.4783444328883,560.7831466461679,606.0879488594476,651.3927510727269,696.6975532860065,742.0023554992856,787.3071577125654,832.6119599258448,882.4108719040337,932.2097838822222,982.0086958604112,1031.8076078386,1081.6065198167885,1131.4054317949774,1181.2043437731663,1231.003255751355,1280.8021677295437,1330.6010797077317] [-54.944570799894564,-2.7015369400925238,-1.968103219922341,-1.3806764882269817,-0.9184311811668522,-0.5647753897028451,-0.30626680865333356,-0.1318564375059168,-0.03234752919939865,0.0,-0.0341171964255409,-0.13401198792735158,-0.2933429013849036,-0.5066594378167224,-0.769241198586144,-1.0769719368269648,-1.426239784003485,-1.8138573625134313,-2.2369971944001463,-2.69313900934128] False 57636.65603222185 57650.65603222185
1287.3303254983532 1483.6791717563765 1709.9759409858673 5.1527171323112044e-14 2.445360809835774e-14 3.5496834421569517e-14 1.5085340441957882e-11 2.2213580772054214e-08 0.018765265273624543 2.3195097855761223e-11 7.084820233078506e-12 7.669024509280207e-12 6.500615956876805e-12 3.677583161622009e-11 5.105945901596935e-05 1.5595842301503e-05 1.688185344416631e-05 1.4309831158839687e-05 8.095478099999398e-05 653.4413063511605 199.59019863397853 216.04812469193462 183.13227257602244 1036.0313029455212 61.596651642356164 -196.10239952525052 [0.0,283.01654785237264,329.3196426647211,375.62273747706973,421.9258322894182,468.2289271017666,514.5320219141149,560.8351167264635,607.1382115388122,653.4413063511605,710.8918156077934,768.342324864426,825.7928341210585,883.2433433776914,940.6938526343233,998.1443618909566,1055.5948711475887,1113.045380404222,1170.4958896608546,1227.946398917487] [-30.798325821178082,-2.6947553692423014,-1.905925266561269,-1.3040143811113865,-0.8486904341498303,-0.5116339183418006,-0.27216053388346495,-0.11467985916098655,-0.027134987068706096,0.0,-0.03893162820861562,-0.1474358495498791,-0.3162052371169466,-0.5377211815618637,-0.805818539521681,-1.1153758666192175,-1.4620899832009968,-1.8423086460144589,-2.252904168645955,-2.6911764812982994] False 57636.65603222185 57650.65603222185
1709.9759409858673 1970.7884119509856 2271.3810595726877 2.3203899094172287e-14 1.0710536491204664e-14 1.5764714015368702e-14 8.90896867296605e-12 1.741434958340943e-08 0.011411396721391354 1.4143264682652585e-11 4.535527184979985e-12 4.900097475980179e-12 4.17095689397979e-12 2.2782051471765763e-11 5.4932538530739366e-05 1.761601917495904e-05 1.9032012724319316e-05 1.6200025625598764e-05 8.848564658604301e-05 897.1469237478467 287.7012028609203 310.8269183445493 264.5754873772913 1445.1293851290927 55.101161817580646 -139.80608412040954 [0.0,361.2150347989795,428.2065209175882,495.19800703619626,562.1894931548044,629.180979273413,696.1724653920212,763.16395151063,830.1554376292382,897.1469237478467,980.577815167649,1064.0087065874504,1147.4395980072522,1230.8704894270538,1314.3013808468563,1397.7322722666577,1481.16316368646,1564.5940551062617,1648.0249465260636,1731.4558379458656] [-27.550580908790323,-2.696724108444414,-1.8727223115508593,-1.2576627886240885,-0.8014719071432808,-0.47030356214878566,-0.2401813331549647,-0.09348428459310298,-0.01687299612683546,0.0,-0.05027508635529898,-0.16813439865259738,-0.3438329346565183,-0.5696104240656439,-0.8391840933377068,-1.1473942075862738,-1.4899502029663267,-1.8632449276350087,-2.264216137952843,-2.6902414941626773] False 57636.65603222185 57650.65603222185
2271.3810595726877 2617.821317854317 3017.1020504598932 9.772815947228197e-15 4.370181491760921e-15 6.535210736844129e-15 4.91222386175667e-12 1.2744839099189706e-08 0.006414696635935968 6.554716128811231e-12 2.704947961143355e-12 2.980751341496332e-12 2.429144580790378e-12 1.200158961980215e-11 4.491939393827447e-05 1.8536977141551192e-05 2.042705452219132e-05 1.6646899760911064e-05 8.224675507269768e-05 1002.98466151323 413.9037087042096 456.106384556429 371.7010328519901 1836.4502849372154 38.873128994072204 -112.37907868206489 [0.0,304.427944380062,391.74753402170813,479.0671236633542,566.3867133049997,653.706302946646,741.0258925882916,828.3454822299377,915.665071871584,1002.98466151323,1130.5823867289198,1258.180111944609,1385.7778371602983,1513.3755623759887,1640.9732875916775,1768.5710128073677,1896.168738023058,2023.7664632387466,2151.364188454436,2278.9619136701253] [-19.436564497036102,-2.7003234438354298,-1.8274034290074894,-1.2097491838691639,-0.7673560704996589,-0.45318764299184977,-0.23712773532315623,-0.09867917071787247,-0.023234092803136264,0.0,-0.04335768711371202,-0.1619510489618392,-0.34200782121921236,-0.5732543815863096,-0.8478168966548338,-1.1595240449904196,-1.5034467420949085,-1.8755841026089968,-2.2726430742692827,-2.691880018639523] False 57636.65603222185 57650.65603222185
3017.1020504598932 3477.2827010020824 4007.6519721450045 3.7959658647373645e-15 1.637094429033428e-15 2.4928607201291006e-15 2.4929856253069468e-12 8.584338306887264e-09 0.0032929979402362974 1.5361358047791191e-12 1.089969895602489e-12 1.2705540926662094e-12 9.093856985387681e-13 4.070342509100133e-12 1.857417837621463e-05 1.3179365523958827e-05 1.5362898436707605e-05 1.0995832611210045e-05 4.9216526026607314e-05 616.2140517419542 437.23657996666634 509.67712813109347 364.79603180223916 1632.799809565509 16.751334042119623 -68.410990120628 [0.0,62.82973020951965,132.00277040107397,201.1758105926282,270.3488507841827,339.52189097573694,408.6949311672912,477.86797135884564,547.0410115503998,616.2140517419542,779.0665328060622,941.9190138701692,1104.771494934277,1267.623975998385,1430.4764570624925,1593.3289381266004,1756.1814191907088,1919.033900254815,2081.886381318924,2244.738862383031] [-8.375667021059812,-2.677575846959556,-1.4757906225567012,-0.8752909499584973,-0.5167236311090306,-0.28976789264889646,-0.1457240588974713,-0.058749594632629965,-0.013471974430856903,0.0,-0.05889940533897686,-0.20634205903596126,-0.41405300287128455,-0.6654609873629198,-0.9500154482006877,-1.260582390632834,-1.5921118129258645,-1.9408974792712428,-2.3041387127152007,-2.679667428217357] False 57636.65603222185 57650.65603222185
