data/CTA102_allsed_14d_min11.ecsv
# %ECSV 1.0
# ---
# datatype:
# - {name: e_min, unit: MeV, datatype: float64}
# - {name: e_ref, unit: MeV, datatype: float64}
# - {name: e_max, unit: MeV, datatype: float64}
# - {name: ref_dnde_e_min, unit: ph / (cm2 MeV s), datatype: float64}
# - {name: ref_dnde_e_max, unit: ph / (cm2 MeV s), datatype: float64}
# - {name: ref_dnde, unit: ph / (cm2 MeV s), datatype: float64}
# - {name: ref_flux, unit: ph / (cm2 s), datatype: float64}
# - {name: ref_eflux, unit: MeV / (cm2 s), datatype: float64}
# - {name: ref_npred, datatype: float64}
# - {name: dnde, unit: ph / (cm2 MeV s), datatype: float64}
# - {name: dnde_err, unit: ph / (cm2 MeV s), datatype: float64}
# - {name: dnde_errp, unit: ph / (cm2 MeV s), datatype: float64}
# - {name: dnde_errn, unit: ph / (cm2 MeV s), datatype: float64}
# - {name: dnde_ul, unit: ph / (cm2 MeV s), datatype: float64}
# - {name: e2dnde, unit: MeV / (cm2 s), datatype: float64}
# - {name: e2dnde_err, unit: MeV / (cm2 s), datatype: float64}
# - {name: e2dnde_errp, unit: MeV / (cm2 s), datatype: float64}
# - {name: e2dnde_errn, unit: MeV / (cm2 s), datatype: float64}
# - {name: e2dnde_ul, unit: MeV / (cm2 s), datatype: float64}
# - {name: norm, datatype: float64}
# - {name: norm_err, datatype: float64}
# - {name: norm_errp, datatype: float64}
# - {name: norm_errn, datatype: float64}
# - {name: norm_ul, datatype: float64}
# - {name: ts, datatype: float64}
# - {name: loglike, datatype: float64}
# - {name: norm_scan, datatype: string, subtype: 'float64[20]'}
# - {name: dloglike_scan, datatype: string, subtype: 'float64[20]'}
# - {name: ShowUL, datatype: bool}
# - {name: tstart, datatype: float64}
# - {name: tend, datatype: float64}
# meta: !!omap
# - {UL_CONF: 0.95}
# - {EXTNAME: SED}
# - {CONFIG: '{"bin_index": 2.0, "use_local_index": true, "free_background": false, "free_radius": null, "free_pars": [], "ul_confidence":
#     0.95, "cov_scale": 3.0, "make_plots": false, "write_fits": true, "write_npy": true, "optimizer": {"optimizer": "MINUIT", "tol":
#     0.001, "max_iter": 100, "init_lambda": 0.0001, "retries": 3, "min_fit_quality": 2, "verbosity": 0}, "prefix": "", "outfile": null,
#     "loge_bins": []}'}
# - {SRCNAME: 4FGL J2232.6+1143}
# - {CREATOR: fermipy 1.2.0}
# - {STVER: 2.2.0}
# schema: astropy-2.0
e_min e_ref e_max ref_dnde_e_min ref_dnde_e_max ref_dnde ref_flux ref_eflux ref_npred dnde dnde_err dnde_errp dnde_errn dnde_ul e2dnde e2dnde_err e2dnde_errp e2dnde_errn e2dnde_ul norm norm_err norm_errp norm_errn norm_ul ts loglike norm_scan dloglike_scan ShowUL tstart tend
[from data line 991]
1709.9759409858673 1970.7884119509856 2271.3810595726877 2.3418009366277577e-14 1.0862036152303529e-14 1.5948895395966738e-14 9.0112831264558e-12 1.761635707377612e-08 0.01307168694181815 1.8735320139291355e-11 5.0390303136579615e-12 5.431060919903012e-12 4.6469997074129104e-12 2.8290544155942067e-11 7.276811390652247e-05 1.9571628833482613e-05 2.1094278438506225e-05 1.8048979228459e-05 0.00010988067053627417 1174.7095754373852 315.94854618786104 340.5289698794096 291.3681224963125 1773.824672716605 106.92105221564077 -177.00565235501918 [0.0,573.1561804279771,648.3503548041532,723.5445291803296,798.7387035565055,873.932877932681,949.1270523088571,1024.3212266850337,1099.5154010612089,1174.7095754373852,1264.2020925015497,1353.6946095657138,1443.187126629877,1532.6796436940417,1622.1721607582053,1711.6646778223687,1801.1571948865342,1890.6497119506982,1980.1422290148612,2069.6347460790234] [-53.460526107820385,-2.6983128551472078,-1.9294212159187794,-1.3319560695088057,-0.8734989856346829,-0.5301706674859759,-0.2838561609694352,-0.12047585724567966,-0.028861613384577822,0.0,-0.03728895443370561,-0.14288945084129523,-0.30852086711371385,-0.5273518932560819,-0.7936780357835858,-1.1026844955261481,-1.4502685916237112,-1.8329045974016651,-2.2475393525441802,-2.6915105840239733] False 57524.65603222185 57538.65603222185
2271.3810595726877 2617.821317854317 3017.1020504598932 1.0336607887242505e-14 4.712890968755846e-15 6.979635087836312e-15 5.241959501353018e-12 1.3606547047316746e-08 0.007721972847524183 4.1147207180850016e-12 2.103209854188635e-12 2.347213490008085e-12 1.8592062183691836e-12 8.491874300436684e-12 2.8198133565116093e-05 1.4413272843334276e-05 1.6085426941902838e-05 1.2741118744765711e-05 5.819471651853281e-05 589.5323561049615 301.33521705941075 336.2945856723466 266.37584844647483 1216.6645094721086 22.829460877509916 -83.69848965686244 [0.0,118.81602672445587,177.65556789701907,236.49510906958218,295.33465024214547,354.1741914147086,413.0137325872719,471.8532737598352,530.6928149323982,589.5323561049615,686.4838443815987,783.4353326582359,880.3868209348733,977.3383092115104,1074.2897974881482,1171.2412857647848,1268.1927740414228,1365.14426231806,1462.0957505946967,1559.0472388713342] [-11.414730438754958,-2.6980586302776857,-1.7421186063589715,-1.1212475090984668,-0.698156971854516,-0.40718982120979774,-0.2114033622413416,-0.08777811741957464,-0.02092283150201979,0.0,-0.04551244964629575,-0.1697642124964318,-0.35590599340751794,-0.592066870546617,-0.8695512112768142,-1.1817889669144535,-1.523689127292144,-1.891223002544777,-2.2811454041016503,-2.690802148122927] False 57524.65603222185 57538.65603222185
9392.473966813408 10825.05221838098 12476.13311942254 1.0351333287775508e-16 4.3315831717095764e-17 6.696092970836446e-17 2.0876354813526552e-13 2.2362721032232098e-09 0.00031486217837484176 2.1248033034498336e-13 2.1370698576541832e-13 2.6790903690305824e-13 1.595049346277784e-13 7.735178804532052e-13 2.4898818125562913e-05 2.5042559761160697e-05 3.1394051266832764e-05 1.869106825548863e-05 9.06421831658734e-05 3173.198628967682 3191.5176013263 4000.9754653928026 2382.059737259797 11551.779281173582 12.486957161142897 -8.648256920381526 [0.0,352.5776254408536,705.1552508817072,1057.7328763225603,1410.3105017634143,1762.8881272042677,2115.4657526451206,2468.0433780859753,2820.6210035268286,3173.198628967682,4550.489991757342,5927.781354547004,7305.07271733666,8682.364080126321,10059.655442915991,11436.946805705646,12814.23816849531,14191.529531284965,15568.820894074628,16946.112256864282] [-6.243478580571448,-1.3034112238064974,-0.7244836418685825,-0.43110286077272875,-0.2549700114398785,-0.14316143522305502,-0.07206767208255549,-0.029083518254225282,-0.006680350101726518,0.0,-0.07337832507569964,-0.2427357534877821,-0.467545556732345,-0.7285265900212288,-1.0149799082934,-1.3203475149544364,-1.640317578971656,-1.9719029817296008,-2.3129487271166447,-2.66184896134226] False 57524.65603222185 57538.65603222185
22013.03884703687 25370.556878452422 29240.177187505025 4.33015624787178e-18 1.7210685942573056e-18 2.7299259928502047e-18 1.9999504122616558e-14 5.014944961598599e-10 3.0442405324571098e-05 8.766574120587521e-14 9.022180962347366e-14 1.1314152844166565e-13 6.730209080528165e-14 3.269727547349372e-13 5.642738301743288e-05 5.807263519501813e-05 7.282525959100406e-05 4.3320010799032186e-05 0.0002104609692897565 32112.863658383278 33049.17783843537 41444.9068355656 24653.448841305133 119773.48675066399 15.37895766949898 -13.426222276744614 [0.0,3568.095962042588,7136.191924085176,10704.28788612776,14272.383848170351,17840.479810212924,21408.57577225552,24976.67173429812,28544.767696340703,32112.863658383278,46511.26070976744,60909.65776115157,75308.05481253573,89706.45186391991,104104.848915304,118503.2459666882,132901.6430180724,147300.04006945653,161698.43712084068,176096.8341722248] [-7.68947883474949,-1.329520424379952,-0.7454395943934067,-0.4485235658437574,-0.2692612621011854,-0.1544858088281078,-0.08050656612036988,-0.034683512330362376,-0.009470606149729832,0.0,-0.0666046543567127,-0.23392627619359274,-0.4587408348822102,-0.7207913282451663,-1.0089400469011416,-1.3164025052258097,-1.6387381341767338,-1.9728812272202632,-2.316626096725365,-2.668332724066449] False 57524.65603222185 57538.65603222185
100.0 115.25240587974294 132.83117061068992 4.384268322609129e-12 2.750750560051827e-12 3.4727551805208686e-12 1.1378994081538113e-10 1.3102072560083791e-08 0.04587938143061111 9.905427161711395e-09 1.1102453328963333e-09 1.148581934056274e-09 1.0719087317363925e-09 1.1824432675290141e-08 0.00013157494852890494 1.4747518723367521e-05 1.5256748284298527e-05 1.4238289162436513e-05 0.00015706532340660828 2852.3252134997065 319.7015842417693 330.7408309398883 308.66233754365027 3404.9139834604257 163.94946764110318 -1256.5546989616548 [0.0,2144.138976926842,2232.6622564984505,2321.1855360700583,2409.708815641666,2498.2320952132754,2586.755374784883,2675.27865435649,2763.8019339280977,2852.3252134997065,2931.5906632766887,3010.8561130536705,3090.1215628306527,3169.387012607635,3248.652462384619,3327.917912161601,3407.1833619385807,3486.448811715563,3565.7142614925465,3644.9797112695287] [-81.97473382055159,-2.7086518455755595,-2.040031878881564,-1.4747673385436428,-1.0079009332046098,-0.6348458036241027,-0.3513481625516306,-0.15345463806420412,-0.03748361619204843,0.0,-0.03040643011672728,-0.11899958231674646,-0.26373518651098493,-0.4626809607523228,-0.7140082932796759,-1.015984700443596,-1.3669669738774246,-1.7653949414982435,-2.209785776474291,-2.698728796496198] False 57538.65603222185 57552.65603222185
132.83117061068992 153.091119887046 176.4411988580621 3.3130107820904164e-12 2.024963159015191e-12 2.59012061092784e-12 1.1278062831691707e-10 1.723859832998741e-08 0.06198782452940328 6.189788119215422e-09 6.235418662207207e-10 6.458275268422085e-10 6.012562055992329e-10 7.269928106860434e-09 0.00014506938939053997 1.46138827452374e-05 1.5136189343824789e-05 1.4091576146650011e-05 0.00017038451253304732 2389.768296155946 240.7385446028916 249.34264609819016 232.13444310759306 2806.791342529868 228.08450204581004 -1291.082485217194 [0.0,1853.8421957392254,1920.832958291315,1987.8237208434052,2054.8144833954952,2121.805245947585,2188.7960084996744,2255.786771051766,2322.7775336038553,2389.768296155946,2449.651611105342,2509.534926054739,2569.4182410041367,2629.3015559535334,2689.1848709029296,2749.068185852328,2808.9515008017224,2868.8348157511205,2928.7181307005176,2988.601445649915] [-114.04225102290502,-2.7122274996850138,-2.04421477569781,-1.4789422746805485,-1.011640369430097,-0.6378822293056601,-0.35355067775913085,-0.15480904563310105,-0.03807544712071831,0.0,-0.029980392703237158,-0.11819369100339827,-0.2626444258569336,-0.4614431625816451,-0.7127988902702782,-1.0150120958123807,-1.3664684488649073,-1.7656330332906691,-2.2110450684738225,-2.701313070715287] False 57538.65603222185 57552.65603222185
176.4411988580621 203.35272664697808 234.36890988269914 2.375904380378898e-12 1.4146969848066875e-12 1.83335342013236e-12 1.0608897319775925e-10 2.152628298789713e-08 0.07307307775911831 3.880014874562474e-09 3.671922005247987e-10 3.8062163051744567e-10 3.537627705321518e-10 4.516995501589882e-09 0.00016044766106470848 1.518425357636055e-05 1.5739591816396402e-05 1.46289153363247e-05 0.00018678829507106748 2116.3485621241284 200.28446042786942 207.60952380363545 192.9593970521034 2463.788733796768 311.083547393087 -1258.885504185153 [0.0,1670.9309522817732,1726.6081535120675,1782.2853547423629,1837.9625559726574,1893.639757202951,1949.3169584332452,2004.9941596635401,2060.671360893835,2116.3485621241284,2166.2718661956287,2216.1951702671263,2266.118474338625,2316.041778410126,2365.965082481624,2415.888386553124,2465.811690624623,2515.734994696121,2565.658298767622,2615.58160283912] [-155.5417736965435,-2.7127573655729975,-2.044136438341866,-1.478604595064553,-1.0112800942310969,-0.637637278742659,-0.3534718302937563,-0.15487023096648045,-0.03818282834754427,0.0,-0.029893435473695718,-0.1181731062927156,-0.26279560183502326,-0.4618280956028684,-0.7134402942047018,-1.0158971180353547,-1.367552034389064,-1.7668409736606918,-2.2122767678122273,-2.702444057613093] False 57538.65603222185 57552.65603222185
234.36890988269914 270.1158072739371 311.3149665447022 1.6170202268294897e-12 9.379725195015337e-13 1.231552084259615e-12 9.471332123297766e-11 2.5511810991071452e-08 0.07689109678550787 2.5344963967823303e-09 2.274863080885885e-10 2.3591266978164047e-10 2.1905994639553647e-10 2.930850111677399e-09 0.00018492331840038397 1.659798097791763e-05 1.721278980869731e-05 1.598317214713795e-05 0.00021384229587921073 2057.9693130120604 184.7151338510777 191.55720070374983 177.87306699840553 2379.801998743211 444.97912464726414 -1156.8906299055616 [0.0,1650.8588112156172,1701.747623940173,1752.6364366647272,1803.5252493892835,1854.4140621138388,1905.3028748383933,1956.1916875629495,2007.0805002875038,2057.9693130120604,2104.0625446868007,2150.155776361542,2196.249008036284,2242.342239711025,2288.435471385767,2334.5287030605064,2380.62193473525,2426.715166409992,2472.8083980847323,2518.9016297594735] [-222.48956232363207,-2.707237575913041,-2.0418177457040656,-1.4788462565602458,-1.0133975368046322,-0.6409067413223966,-0.35713466866081944,-0.158136892402581,-0.04023650880867535,0.0,-0.027896942571032923,-0.1146303333528067,-0.2580839047154768,-0.4562579590904079,-0.7072607909724411,-1.0093008931535223,-1.360679862009647,-1.7597859273253107,-2.205088041300314,-2.695130469268406] False 57538.65603222185 57552.65603222185
311.3149665447022 358.7979888064861 413.52331434760555 1.044437200172042e-12 5.901972570950332e-13 7.851267227330593e-13 8.025220125052285e-11 2.869582288405934e-08 0.07449578974060916 1.4786415804107014e-09 1.3797682237568244e-10 1.432702891312385e-10 1.3268335562012635e-10 1.72017678008002e-09 0.000190354397722075 1.776258375990863e-05 1.844404347906236e-05 1.70811240407549e-05 0.00022144867240692721 1883.3158235443684 175.7382832358314 182.48046459622287 168.9961018754399 2190.954313836131 469.50268318232656 -965.6478300368676 [0.0,1499.7249138966285,1547.6737776025957,1595.6226413085635,1643.571505014531,1691.5203687204971,1739.4692324264659,1787.418096132433,1835.3669598383988,1883.3158235443684,1927.3361292214552,1971.3564348985417,2015.3767405756278,2059.397046252716,2103.417351929802,2147.4376576068894,2191.4579632839755,2235.4782689610643,2279.49857463815,2323.518880315237] [-234.75134159116328,-2.706811185752258,-2.0409867097475853,-1.4783514335051677,-1.0136210089226552,-0.6419198226793696,-0.3587391656807313,-0.1599006791445845,-0.041524292252574924,0.0,-0.026657232983552603,-0.11281303549674249,-0.25617540133566763,-0.4545863228123608,-0.7060113674540389,-1.0085302598461112,-1.360328353631985,-1.7596888938273878,-2.2049859825056046,-2.694678171925375] False 57538.65603222185 57552.65603222185
413.52331434760555 476.5900816815941 549.2752115212968 6.402184178764107e-13 3.5245582909131897e-13 4.750249606832921e-13 6.453223080130857e-11 3.063129175431266e-08 0.06737305498338786 6.685240190698903e-10 7.446374353411732e-11 7.718103116958086e-11 7.174645589865379e-11 7.992049169836077e-10 0.00015184727947847575 1.691355366882721e-05 1.7530753235687503e-05 1.629635410196692e-05 0.0001815298911153927 1407.345033213123 156.7575384396772 162.47784339282094 151.0372334865335 1682.4482566852994 368.12565414873075 -726.0692860971086 [0.0,1070.9549067309654,1113.003672541235,1155.0524383515049,1197.1012041617748,1239.149969972044,1281.1987357823139,1323.247501592584,1365.2962674028524,1407.345033213123,1447.0205670098533,1486.6961008065846,1526.3716346033143,1566.0471684000463,1605.722702196777,1645.398235993508,1685.0737697902387,1724.749303586969,1764.4248373837,1804.1003711804303] [-184.06282707436537,-2.7058365617393747,-2.030179354716779,-1.463416711378727,-0.99854705058317,-0.6292372519438914,-0.34973929965224215,-0.15481961045395565,-0.039698787643942524,0.0,-0.02807903274549517,-0.11661206206815677,-0.2627131822305273,-0.4637027513480234,-0.7170879887836463,-1.0205458159142609,-1.371907634695276,-1.7691457860815945,-2.2103614696833347,-2.6937739386308976] False 57538.65603222185 57552.65603222185
549.2752115212968 633.0528961793416 729.6086933380817 3.7245795042709877e-13 1.9974384728241206e-13 2.7275663872622873e-13 4.9257719011469416e-11 3.1037689541973594e-08 0.0564777014768556 4.061299057472261e-10 4.727120155388072e-11 4.905263047866422e-11 4.548977262909721e-11 4.888503419598772e-10 0.0001627589840642424 1.8944216201587148e-05 1.9658134477186575e-05 1.8230297925987716e-05 0.00019590969266461246 1488.982661041174 173.30907791882478 179.84028072694986 166.77787511069968 1792.2582718529025 397.1982131161503 -602.8342272026746 [0.0,1116.8000904007988,1163.3229117308454,1209.8457330608933,1256.3685543909396,1302.8913757209864,1349.4141970510336,1395.9370183810809,1442.4598397111279,1488.982661041174,1532.8799866625031,1576.7773122838328,1620.6746379051626,1664.5719635264932,1708.4692891478217,1752.3666147691501,1796.2639403904814,1840.1612660118108,1884.0585916331402,1927.95591725447] [-198.59910655807516,-2.7050969715803603,-2.022739303673461,-1.452478384484266,-0.9865429148275098,-0.6179578838898578,-0.34043832576890054,-0.1483003282764912,-0.036386024440162146,0.0,-0.031060513350439578,-0.1222399454202332,-0.27048975459467783,-0.4729919175208579,-0.7271360374808182,-1.0304992422281885,-1.3808284714583579,-1.776024819580016,-2.214129652944166,-2.6933122645901904] False 57538.65603222185 57552.65603222185
