data/GB6J1040+0617_allsed_14d_min11.ecsv
# %ECSV 1.0
# ---
# datatype:
# - {name: e_min, unit: MeV, datatype: float64}
# - {name: e_ref, unit: MeV, datatype: float64}
# - {name: e_max, unit: MeV, datatype: float64}
# - {name: ref_dnde_e_min, unit: ph / (cm2 MeV s), datatype: float64}
# - {name: ref_dnde_e_max, unit: ph / (cm2 MeV s), datatype: float64}
# - {name: ref_dnde, unit: ph / (cm2 MeV s), datatype: float64}
# - {name: ref_flux, unit: ph / (cm2 s), datatype: float64}
# - {name: ref_eflux, unit: MeV / (cm2 s), datatype: float64}
# - {name: ref_npred, datatype: float64}
# - {name: dnde, unit: ph / (cm2 MeV s), datatype: float64}
# - {name: dnde_err, unit: ph / (cm2 MeV s), datatype: float64}
# - {name: dnde_errp, unit: ph / (cm2 MeV s), datatype: float64}
# - {name: dnde_errn, unit: ph / (cm2 MeV s), datatype: float64}
# - {name: dnde_ul, unit: ph / (cm2 MeV s), datatype: float64}
# - {name: e2dnde, unit: MeV / (cm2 s), datatype: float64}
# - {name: e2dnde_err, unit: MeV / (cm2 s), datatype: float64}
# - {name: e2dnde_errp, unit: MeV / (cm2 s), datatype: float64}
# - {name: e2dnde_errn, unit: MeV / (cm2 s), datatype: float64}
# - {name: e2dnde_ul, unit: MeV / (cm2 s), datatype: float64}
# - {name: norm, datatype: float64}
# - {name: norm_err, datatype: float64}
# - {name: norm_errp, datatype: float64}
# - {name: norm_errn, datatype: float64}
# - {name: norm_ul, datatype: float64}
# - {name: ts, datatype: float64}
# - {name: loglike, datatype: float64}
# - {name: norm_scan, datatype: string, subtype: 'float64[20]'}
# - {name: dloglike_scan, datatype: string, subtype: 'float64[20]'}
# - {name: ShowUL, datatype: bool}
# - {name: tstart, datatype: float64}
# - {name: tend, datatype: float64}
# meta: !!omap
# - {UL_CONF: 0.95}
# - {EXTNAME: SED}
# - {CONFIG: '{"bin_index": 2.0, "use_local_index": true, "free_background": false, "free_radius": null, "free_pars": [], "ul_confidence":
#     0.95, "cov_scale": 3.0, "make_plots": false, "write_fits": true, "write_npy": true, "optimizer": {"optimizer": "MINUIT", "tol":
#     0.001, "max_iter": 100, "init_lambda": 0.0001, "retries": 3, "min_fit_quality": 2, "verbosity": 0}, "prefix": "", "outfile": null,
#     "loge_bins": []}'}
# - {SRCNAME: 4FGL J1040.5+0617}
# - {CREATOR: fermipy 1.2.0}
# - {STVER: 2.2.0}
# schema: astropy-2.0
e_min e_ref e_max ref_dnde_e_min ref_dnde_e_max ref_dnde ref_flux ref_eflux ref_npred dnde dnde_err dnde_errp dnde_errn dnde_ul e2dnde e2dnde_err e2dnde_errp e2dnde_errn e2dnde_ul norm norm_err norm_errp norm_errn norm_ul ts loglike norm_scan dloglike_scan ShowUL tstart tend
100.0 115.25240587974294 132.83117061068992 1.7015440615980005e-10 6.799550962324645e-11 1.0756270525361679e-10 3.57871172077717e-09 4.0770721995758955e-07 0.08158068992987554 3.642245539725156e-07 2.1923744321373617e-08 2.2598936944660627e-08 2.1248551698086604e-08 4.019255292609577e-07 0.00483803738693257 0.00029121566223775253 0.0003001843248916442 0.0002822469995838609 0.005338823855005416 3386.1602226694513 203.82291677845683 210.10011687020804 197.54571668670562 3736.662519906666 1731.315311798472 -1300.8142698949055 [0.0,2928.789365114131,2985.9607223085463,3043.132079502959,3100.3034366973757,3157.4747938917913,3214.6461510862064,3271.817508280621,3328.9888654750366,3386.1602226694513,3436.306986403707,3486.4537501379627,3536.600513872219,3586.7472776064733,3636.8940413407286,3687.040805074983,3737.1875688092405,3787.3343325434935,3837.4810962777515,3887.627860012006] [-865.657655899236,-2.7051497870299954,-2.046295981847834,-1.4857571336281126,-1.0199658195672328,-0.6455454024553546,-0.35929665965159074,-0.15818556366775738,-0.03933209731167153,0.0,-0.028908772954991946,-0.11531840416137129,-0.25762319083105467,-0.4542837830545068,-0.7038235765232912,-1.0048253471720727,-1.3559281085199473,-1.7558241742560767,-2.203256410189624,-2.697015661090063] False 56901.00077759222 56902.00077759222
132.83117061068992 153.091119887046 176.4411988580621 6.799550961787879e-11 2.7171728507984155e-11 4.2983200521820526e-11 1.8996069468712126e-09 2.874653048627188e-07 0.06273456460569879 2.958601749445293e-07 1.422321243185656e-08 1.4589002687093281e-08 1.3857422176619833e-08 3.2011256690340184e-07 0.006934042667945393 0.0003333478792684273 0.00034192086560498174 0.0003247748929318727 0.007502443334490282 6883.158335181098 330.90166062985725 339.41173551483536 322.3915857448791 7447.38788683025 2951.369287684682 -1872.2607605159467 [0.0,6133.820735300788,6227.4879352858225,6321.155135270866,6414.822335255904,6508.489535240946,6602.156735225981,6695.823935211018,6789.491135196055,6883.158335181098,6963.7400629983595,7044.321790815618,7124.9035186328865,7205.485246450149,7286.066974267412,7366.648702084674,7447.230429901937,7527.812157719201,7608.393885536464,7688.975613353724] [-1475.684643842341,-2.7073259416808924,-2.052817115530843,-1.4938515232036025,-1.027673087816538,-0.6516433239623893,-0.3632347401851348,-0.16002469786644724,-0.03968968914364268,0.0,-0.028752216509246864,-0.11429210175765547,-0.255350557181373,-0.45070056658482827,-0.6991553555242263,-0.9995666502513814,-1.3508230298307353,-1.7518483655023829,-2.2016003418093533,-2.6990690543984783] False 56901.00077759222 56902.00077759222
176.4411988580621 203.35272664697808 234.36890988269914 2.717172850890583e-11 1.0858111576509367e-11 1.7176543886251358e-11 1.0083255748351104e-09 2.0268540134758303e-07 0.04356201437972007 2.418138822199242e-07 9.73542665026347e-09 9.952391432851706e-09 9.518461867675232e-09 2.5833319748238157e-07 0.009999567803084468 0.0004025825895004962 0.0004115545890997557 0.0003936105899012366 0.010682680002892905 14078.145395330643 566.7861191829172 579.4175765951328 554.1546617707015 15039.882248323513 4836.33916119583 -2350.3419245047276 [0.0,12787.519371071012,12948.847624103462,13110.17587713592,13271.50413016837,13432.832383200828,13594.160636233284,13755.488889265735,13916.817142298194,14078.145395330643,14215.327027769554,14352.50866020847,14489.690292647392,14626.871925086309,14764.053557525227,14901.235189964136,15038.416822403058,15175.598454841978,15312.780087280886,15449.961719719797] [-2418.169580597915,-2.7127247992307275,-2.060364731809841,-1.5018469652372914,-1.0349054541288751,-0.6573552675945393,-0.3670887628145465,-0.16207198166193848,-0.040341254932627635,0.0,-0.02835365915507282,-0.11313855860862532,-0.2532937355595095,-0.44778787387986085,-0.6956182095855183,-0.9958094863582119,-1.3474129584033108,-1.74950543809382,-2.201188385999558,-2.7015870410668867] False 56901.00077759222 56902.00077759222
234.36890988269914 270.1158072739371 311.3149665447022 1.0858111575893356e-11 4.339016819040583e-12 6.8639295415105124e-12 5.352267564881959e-10 1.4290897447752743e-07 0.028090710728135043 1.4321963848711498e-07 5.900119209645393e-09 6.033570394288441e-09 5.766668025002344e-09 1.532348244952262e-07 0.01044966993946578 0.00043048773894121303 0.00044022467758511293 0.00042075080029731313 0.01118040344272437 20865.546130824274 859.5833004933471 879.0256889730051 840.140912013689 22324.649979070815 4722.2963281365055 -2282.4625814990445 [0.0,18909.686094299297,19154.168598864926,19398.65110343054,19643.13360799616,19887.616112561776,20132.098617127394,20376.58112169303,20621.063626258638,20865.546130824274,21073.701571430916,21281.85701203756,21490.012452644212,21698.16789325087,21906.323333857505,22114.47877446417,22322.634215070815,22530.789655677476,22738.945096284137,22947.100536890764] [-2361.1481640682528,-2.7120672125683996,-2.0594104999604497,-1.5008117960237541,-1.0339465519514306,-0.6565753674699408,-0.3665398811422165,-0.161758905732313,-0.04022479128389023,0.0,-0.028433546379801555,-0.11333341669524089,-0.2536139092640042,-0.4482203454977025,-0.6961278988169397,-0.9963404783175065,-1.3478896641481697,-1.7498336917524284,-2.201256482302142,-2.7012667168314692] False 56901.00077759222 56902.00077759222
311.3149665447022 358.7979888064861 413.52331434760555 4.339016819238569e-12 1.733917249327779e-12 2.7428992157935883e-12 2.84102365386673e-10 1.0076194364535982e-07 0.017343967870529248 6.565344081849062e-08 3.219206033005013e-09 3.3029994091716426e-09 3.135412656838384e-09 7.114765741027017e-08 0.008451961145252283 0.0004144276974719821 0.000425214921275649 0.00040364047366831516 0.009159264594673974 23935.783145242345 1173.6508634618635 1204.2000632589788 1143.1016636647482 25938.852219069013 3134.826702746743 -1818.556333307445 [0.0,21282.359052247273,21614.03706387165,21945.71507549604,22277.39308712043,22609.07109874481,22940.749110369186,23272.427121993576,23604.105133617955,23935.783145242345,24221.823352421,24507.863559599653,24793.903766778316,25079.94397395697,25365.984181135642,25652.024388314287,25938.064595492946,26224.104802671605,26510.14500985027,26796.185217028928] [-1567.4133513733716,-2.7066691225741124,-2.0521635838906604,-1.4933344581213532,-1.0273643403493224,-0.6515585451179504,-0.36333807726236955,-0.16023309916636208,-0.039876852938732554,0.0,-0.02857018888857965,-0.11403124837511314,-0.2550850356301453,-0.4504773617134106,-0.6989960284583958,-0.9994689737914086,-1.3507625183760865,-1.7517797070090637,-2.2014587386815947,-2.698771479685547] False 56901.00077759222 56902.00077759222
413.52331434760555 476.5900816815941 549.2752115212968 1.7339172493577263e-12 6.929433143774536e-13 1.09613245806617e-12 1.5079489647770863e-10 7.104019455428603e-08 0.010467722021630654 2.2892747683287334e-08 1.5510809198919356e-09 1.603014966139374e-09 1.4991468736444968e-09 2.5569784602650542e-08 0.005199815348939533 0.00035230958233071195 0.00036410578323005236 0.00034051338143137154 0.0058078724443813715 20885.01942883383 1415.048800423627 1462.4281530422531 1367.6694478050006 23327.276201419605 1485.9343647394871 -1110.4927084883784 [0.0,17725.61678675161,18120.54211701189,18515.46744727216,18910.392777532437,19305.318107792722,19700.243438053007,20095.16876831328,20490.094098573547,20885.01942883383,21234.90476595296,21584.790103072093,21934.675440191233,22284.56077731037,22634.446114429502,22984.331451548645,23334.216788667763,23684.10212578691,24033.98746290605,24383.872800025172] [-742.9671823697436,-2.704636013551635,-2.042217473783012,-1.4801178732377593,-1.014219681402892,-0.6406541302378628,-0.35578154695485864,-0.15617359474072146,-0.03859720334367012,0.0,-0.029464366476531723,-0.116750113617627,-0.2600431289129119,-0.4576134535091114,-0.707810151347303,-1.009056563800641,-1.3598459155452929,-1.7587372408997908,-2.204351602970519,-2.6953685806865906] False 56901.00077759222 56902.00077759222
549.2752115212968 633.0528961793416 729.6086933380817 6.9294331434498e-13 2.7690751514071706e-13 4.3804247660317204e-13 8.005182273075391e-11 5.00936770529155e-08 0.006128287616961298 6.861317794959818e-09 7.115420274459194e-10 7.441385461869731e-10 6.789455087048658e-10 8.115394940588253e-09 0.0027497140640133596 0.00028515471495021787 0.00029821796441608457 0.0002720914654843513 0.0032522929661632245 15663.590088720015 1624.3676480044055 1698.7817071016543 1549.953588907157 18526.50227786034 542.3394505859853 -605.4877403591663 [0.0,12120.771291819254,12563.623641431848,13006.475991044435,13449.328340657037,13892.180690269635,14335.033039882232,14777.885389494828,15220.73773910742,15663.590088720015,16076.29489099205,16488.9996932641,16901.70449553613,17314.409297808164,17727.114100080213,18139.818902352235,18552.523704624284,18965.228506896317,19377.933309168355,19790.63811144039] [-271.16972529299267,-2.705464028145684,-2.0272952090367653,-1.458634395072636,-0.9925702157892147,-0.6228297833648639,-0.34370201870706296,-0.1499721938471339,-0.0368657720258625,0.0,-0.030723159072749695,-0.12113640414179372,-0.2684355081337344,-0.47001031912805047,-0.7234271848384424,-1.0264133288148969,-1.3768429232837889,-1.7727246416901608,-2.212190505753256,-2.693485868392713] False 56901.00077759222 56902.00077759222
729.6086933380817 840.8915725798939 969.1477682383326 2.769075151560783e-13 1.106551868738509e-13 1.7504643051593388e-13 4.249210622522007e-11 3.531993902156089e-08 0.0035283555178582116 2.643405241324918e-09 3.723588906402444e-10 3.893722367556917e-10 3.553455445247973e-10 3.3045220253653035e-09 0.001869148242745689 0.00026329446398544004 0.0002753245778316899 0.00025126435013919017 0.002336623019529971 15101.16620792389 2127.2007063654455 2224.394039958721 2030.0073727721706 18877.974350151082 263.17164033372524 -386.14719466506983 [0.0,10625.004446355886,11184.524666551888,11744.04488674789,12303.565106943886,12863.085327139885,13422.605547335896,13982.125767531892,14541.645987727894,15101.16620792389,15650.888460059206,16200.610712194522,16750.33296432983,17300.055216465145,17849.777468600456,18399.499720735774,18949.221972871077,19498.944225006395,20048.66647714171,20598.388729277005] [-131.58582016686262,-2.700109128296276,-2.006166275722535,-1.4319967570974086,-0.9671878699065246,-0.6026363362756229,-0.3303366941694321,-0.14321090470002673,-0.03496988025239034,0.0,-0.032126176799692985,-0.12582319210588366,-0.27720249793333096,-0.4827344308594661,-0.7392052249903145,-1.0436802895144979,-1.3934726842310283,-1.786115932794246,-2.2193404753165282,-2.691053189910633] False 56901.00077759222 56902.00077759222
969.1477682383326 1116.9661194245136 1287.3303254983532 1.1065518687337628e-13 4.4218989057081084e-14 6.995041456248182e-14 2.2555127787682307e-11 2.4903304484602047e-08 0.002004403863392179 6.007526341300635e-10 1.553540458319526e-10 1.6627934583266316e-10 1.4442874583124207e-10 8.905912824925814e-10 0.0007495069835250434 0.00019382177564403153 0.00020745232536188078 0.00018019122592618234 0.0011111135395374715 8588.264099470818 2220.9167279943094 2377.10307898372 2064.7303770048993 12731.751313597699 58.5449991913153 -171.49812056917503 [0.0,4274.324314455744,4813.5667875826275,5352.80926070951,5892.051733836397,6431.294206963281,6970.536680090163,7509.779153217052,8049.021626343937,8588.264099470818,9203.880612913203,9819.49712635557,10435.113639797952,11050.730153240322,11666.346666682697,12281.963180125074,12897.579693567443,13513.196207009816,14128.812720452192,14744.429233894562] [-29.27249959565765,-2.699421761935781,-1.9489737235669509,-1.356402918183619,-0.8957023238062618,-0.546916601941632,-0.2943784599576702,-0.12554890071257319,-0.030227699645166695,0.0,-0.03612181009850701,-0.1392230747249812,-0.30201749936767897,-0.5183616228063386,-0.7830257528081006,-1.0915198856930033,-1.4399594281201473,-1.8249602316062692,-2.2435555505528555,-2.693129627186437] False 56901.00077759222 56902.00077759222
1287.3303254983532 1483.6791717563765 1709.9759409858673 4.4218989057517753e-14 1.767037812252542e-14 2.795292930700028e-14 1.1972430522575223e-11 1.755876684552018e-08 0.0011182297290142085 1.6708127413658035e-10 6.951796041611818e-11 7.630842630619117e-11 6.272749452604521e-11 3.0561761481373873e-10 0.00036779665781809604 0.00015303015632067813 0.00016797803526344366 0.00013808227737791261 0.0006727572427233583 5977.236671747957 2486.965128148796 2729.8901474015165 2244.0401088960757 10933.294734774097 16.80385412959876 -73.9442304042623 [0.0,1620.9820253594032,2165.5138561579724,2710.045686956541,3254.577517755109,3799.1093485536785,4343.641179352248,4888.17301015082,5432.704840949387,5977.236671747957,6733.509215893052,7489.781760038147,8246.054304183244,9002.326848328335,9758.599392473434,10514.871936618527,11271.144480763625,12027.417024908722,12783.689569053815,13539.96211319891] [-8.40192706479938,-2.688021177941181,-1.8499225279658873,-1.2390454430854874,-0.7926019844721424,-0.4709681413156943,-0.24743966196066935,-0.10312409630304842,-0.024144869211852438,0.0,-0.042487007825343426,-0.15861822534833436,-0.3359687488589458,-0.5650238308643623,-0.8383333335735443,-1.1499532128167544,-1.4950643023118317,-1.8697047646995486,-2.270577759742551,-2.6949102665749223] False 56901.00077759222 56902.00077759222
