data/GB6J1040+0617_allsed_2min_min5.ecsv
# %ECSV 1.0
# ---
# datatype:
# - {name: e_min, unit: MeV, datatype: float64}
# - {name: e_ref, unit: MeV, datatype: float64}
# - {name: e_max, unit: MeV, datatype: float64}
# - {name: ref_dnde_e_min, unit: ph / (cm2 MeV s), datatype: float64}
# - {name: ref_dnde_e_max, unit: ph / (cm2 MeV s), datatype: float64}
# - {name: ref_dnde, unit: ph / (cm2 MeV s), datatype: float64}
# - {name: ref_flux, unit: ph / (cm2 s), datatype: float64}
# - {name: ref_eflux, unit: MeV / (cm2 s), datatype: float64}
# - {name: ref_npred, datatype: float64}
# - {name: dnde, unit: ph / (cm2 MeV s), datatype: float64}
# - {name: dnde_err, unit: ph / (cm2 MeV s), datatype: float64}
# - {name: dnde_errp, unit: ph / (cm2 MeV s), datatype: float64}
# - {name: dnde_errn, unit: ph / (cm2 MeV s), datatype: float64}
# - {name: dnde_ul, unit: ph / (cm2 MeV s), datatype: float64}
# - {name: e2dnde, unit: MeV / (cm2 s), datatype: float64}
# - {name: e2dnde_err, unit: MeV / (cm2 s), datatype: float64}
# - {name: e2dnde_errp, unit: MeV / (cm2 s), datatype: float64}
# - {name: e2dnde_errn, unit: MeV / (cm2 s), datatype: float64}
# - {name: e2dnde_ul, unit: MeV / (cm2 s), datatype: float64}
# - {name: norm, datatype: float64}
# - {name: norm_err, datatype: float64}
# - {name: norm_errp, datatype: float64}
# - {name: norm_errn, datatype: float64}
# - {name: norm_ul, datatype: float64}
# - {name: ts, datatype: float64}
# - {name: loglike, datatype: float64}
# - {name: norm_scan, datatype: string, subtype: 'float64[20]'}
# - {name: dloglike_scan, datatype: string, subtype: 'float64[20]'}
# - {name: ShowUL, datatype: bool}
# - {name: tstart, datatype: float64}
# - {name: tend, datatype: float64}
# meta: !!omap
# - {UL_CONF: 0.95}
# - {EXTNAME: SED}
# - {CONFIG: '{"bin_index": 2.0, "use_local_index": true, "free_background": false, "free_radius": null, "free_pars": [], "ul_confidence":
#     0.95, "cov_scale": 3.0, "make_plots": false, "write_fits": true, "write_npy": true, "optimizer": {"optimizer": "MINUIT", "tol":
#     0.001, "max_iter": 100, "init_lambda": 0.0001, "retries": 3, "min_fit_quality": 2, "verbosity": 0}, "prefix": "", "outfile": null,
#     "loge_bins": []}'}
# - {SRCNAME: 4FGL J1040.5+0617}
# - {CREATOR: fermipy 1.2.0}
# - {STVER: 2.2.0}
# schema: astropy-2.0
e_min e_ref e_max ref_dnde_e_min ref_dnde_e_max ref_dnde ref_flux ref_eflux ref_npred dnde dnde_err dnde_errp dnde_errn dnde_ul e2dnde e2dnde_err e2dnde_errp e2dnde_errn e2dnde_ul norm norm_err norm_errp norm_errn norm_ul ts loglike norm_scan dloglike_scan ShowUL tstart tend
[from data line 25]
176.4411988580621 203.35272664697808 234.36890988269914 5.847900841444812e-10 1.4141647250701557e-10 2.875742527709893e-10 1.750955175378937e-08 3.4792065945429647e-06 0.0011520910462681413 2.819120311787489e-05 2.63607763166526e-06 2.7441814271505194e-06 2.527973836180001e-06 3.280424580816501e-05 1.1657719748750188 0.1090079559123806 0.11347829989264263 0.1045376119321186 1.3565320451265956 98031.04014435201 9166.598213382158 9542.51432702446 8790.682099739857 114072.2630488369 1913.4072224432743 -619.1447117798177 [0.0,78147.58600058539,80633.01776855625,83118.44953652704,85603.88130449787,88089.3130724687,90574.74484043955,93060.17660841037,95545.60837638115,98031.04014435201,100335.03397437255,102639.02780439299,104943.02163441356,107247.01546443404,109551.00929445456,111855.00312447512,114158.9969544956,116462.99078451609,118766.98461453665,121070.97844455713] [-956.7036112216372,-2.7045461896900633,-2.030570287936598,-1.4639787647735147,-0.9984435767488549,-0.6281800650286868,-0.347886469281093,-0.15269163035441125,-0.03810958639735418,0.0,-0.029633305691959322,-0.11885377143289588,-0.26501587315851793,-0.4656464496741819,-0.7184300471780034,-1.021195789055355,-1.3719055843296246,-1.7686435142629762,-2.2096062586118705,-2.6930944416724287] False 56901.46526833296 56901.46665722185
234.36890988269914 270.1158072739371 311.3149665447022 1.4141647249899223e-10 3.419794424981037e-11 6.9542452088817e-11 5.6243848303261476e-09 1.4845000542535732e-06 0.0005348362802646981 1.0659171918079784e-05 1.168069016511532e-06 1.222457513220694e-06 1.1136805198023697e-06 1.2720713930811325e-05 0.7777203569884521 0.08522529324887272 0.08919361662350266 0.08125696987424282 0.9281357178073154 153275.7560010437 16796.488783854187 17578.579364147492 16014.398203560884 182920.12358961557 1375.9366155024572 -460.66792501356167 [0.0,117219.458804633,121726.49595418437,126233.53310373567,130740.57025328699,135247.6074028383,139754.64455238968,144261.68170194098,148768.7188514924,153275.7560010437,157549.35972639747,161822.96345175125,166096.56717710503,170370.17090245886,174643.7746278126,178917.37835316645,183190.98207852017,187464.585803874,191738.1895292278,196011.7932545815] [-687.9683077512286,-2.704025160489948,-2.021325718165599,-1.4510806291460199,-0.9853993519735695,-0.6171937524630948,-0.3400728631648917,-0.14825435012016897,-0.03648960180606764,0.0,-0.030963455464586787,-0.12226825377325667,-0.2707686537237919,-0.4735586705295418,-0.7279483138283922,-1.0314426984366492,-1.381723620902278,-1.776633260618155,-2.214159718109727,-2.6924241474674204] False 56901.46526833296 56901.46665722185
311.3149665447022 358.7979888064861 413.52331434760555 3.419794425137093e-11 8.269895085679336e-12 1.681705714757332e-11 1.8066541718328237e-09 6.334031485121907e-07 0.00021872517602775435 5.303465983735565e-06 6.329591992914755e-07 6.646335852754598e-07 6.012848133074911e-07 6.427660320057623e-06 0.6827469797603625 0.08148463343652883 0.0855622670883048 0.07740699978475285 0.8274712582117467 315362.3096595619 37637.9287848713 39521.39660602662 35754.46096371598 382210.76753521804 1132.1682988867087 -409.82906167377854 [0.0,235149.9938559713,245176.53333142016,255203.07280686885,265229.6122823178,275256.15175776655,285282.69123321545,295309.2307086642,305335.77018411295,315362.3096595619,325017.64415651734,334672.978653473,344328.31315042864,353983.64764738444,363638.98214433977,373294.31664129545,382949.65113825124,392604.98563520686,402260.3201321624,411915.6546291181] [-566.0841494433544,-2.702878843065321,-2.015500909508148,-1.4435648763110862,-0.9781728588009742,-0.6114176413784662,-0.3362408600952449,-0.14631568786160187,-0.035949111356046615,0.0,-0.03136534184824313,-0.123630465525423,-0.27333124952815524,-0.4772909877179927,-0.7325894476439885,-1.03653598375098,-1.3866460840579862,-1.780620837234835,-2.2163288942832082,-2.6917905697404194] False 56901.46526833296 56901.46665722185
413.52331434760555 476.5900816815941 549.2752115212968 8.269895085679336e-12 2.000092125493533e-12 4.067007750118627e-12 5.803047121391051e-10 2.702451381131754e-07 8.287992578344047e-05 1.8139872966077502e-06 2.9440541465251965e-07 3.134627294862322e-07 2.7534809981880703e-07 2.352514870407701e-06 0.41202563878203025 0.06687068826773758 0.07119933066369842 0.06254204587177674 0.5343457719007142 446025.0405362125 72388.70263867395 77074.53458309469 67702.8706942532 578438.7478334858 590.7299987615356 -236.3099830095373 [0.0,297026.7436150219,315651.5307301707,334276.3178453195,352901.10496046836,371525.89207561716,390150.679190766,408775.46630591486,427400.2534210637,446025.0405362125,465290.8593888776,484556.67824154295,503822.4970942083,523088.3159468737,542354.134799539,561619.9536522046,580885.77250487,600151.591357535,619417.4102102,638683.2290628657] [-295.3649993807678,-2.6888398460770873,-1.9830651507257073,-1.406239364007149,-0.9443763762283766,-0.5856489514280554,-0.3199660656022445,-0.13864887165888717,-0.03417890108772781,0.0,-0.032491637264769224,-0.12844200330687272,-0.28290242323402026,-0.49148142944062556,-0.7502641255981359,-1.0557456292856102,-1.4047757428427303,-1.7945126534000337,-2.222383949661264,-2.6860536103286563] False 56901.46526833296 56901.46665722185
549.2752115212968 633.0528961793416 729.6086933380817 2.0000921254232425e-12 4.83670945763237e-13 9.83558056200577e-13 1.8642966888581788e-10 1.1532148277813061e-07 2.99713500552818e-05 3.93381453903159e-07 1.1297760707759512e-07 1.2231393397357524e-07 1.0364128018161501e-07 6.101525697944522e-07 0.1576499658876206 0.045276450440473716 0.04901803917594389 0.04153486170500354 0.2445222845661128 399957.5331859582 114866.23119536079 124358.63160540446 105373.83078531711 620352.3685743914 172.19172467553082 -89.04348146354185 [0.0,187883.62484614947,214392.86338862564,240902.10193110176,267411.3404735778,293920.5790160539,320429.81755853,346939.05610100605,373448.2946434823,399957.5331859582,433081.9721496142,466206.41111327015,499330.8500769262,532455.2890405819,565579.7280042379,598704.1669678937,631828.60593155,664953.0448952054,698077.4838588611,731201.9228225169] [-86.09586233776541,-2.700438716929142,-1.9134020968687508,-1.3107440953520495,-0.8539283192606177,-0.5153649502533284,-0.27462106086900917,-0.11614106230292975,-0.027808170504144414,0.0,-0.038628446937863714,-0.14756834068118962,-0.31716463076735124,-0.5396238578798602,-0.8085643402951348,-1.1186945151591772,-1.4655779720677486,-1.8454585692293506,-2.255128089501042,-2.691824593038305] False 56901.46526833296 56901.46665722185
729.6086933380817 840.8915725798939 969.1477682383326 4.836709457721805e-13 1.1696340423640763e-13 2.3784827169386265e-13 5.988458279417007e-11 4.9205111223615734e-08 1.0633535481640276e-05 1.3395041063632742e-07 5.451315626031895e-08 6.026976919491483e-08 4.8756543325723067e-08 2.447563867831389e-07 0.09471615276455445 0.038546178481293235 0.042616671640137826 0.03447568532244865 0.1730669074512347 563175.8838623669 229192.98875748605 253395.86773406863 204990.1097809035 1029044.2097395932 77.90088817528779 -50.13743319944037 [0.0,182740.98094025932,230295.3438055228,277849.70667078614,325404.0695360497,372958.43240131316,420512.7952665765,468067.1581318399,515621.52099710354,563175.8838623669,634765.9340942143,706355.9843260617,777946.0345579096,849536.0847897574,921126.1350216051,992716.1852534525,1064306.2354853002,1135896.2857171479,1207486.3359489953,1279076.3861808432] [-38.950444087643895,-2.6984680150024545,-1.819221840303392,-1.2004551275974435,-0.7595250865200853,-0.4477864227748469,-0.23417293263629801,-0.09763082246424659,-0.02323052532836556,0.0,-0.043773565615431664,-0.1642529081559161,-0.3466094408830145,-0.579938050015194,-0.8559844458090353,-1.168350037260474,-1.5119742477899862,-1.882785643858334,-2.2774598434863265,-2.693247237956676] False 56901.46526833296 56901.46665722185
1287.3303254983532 1483.6791717563765 1709.9759409858673 2.828459730805445e-14 6.839903900738612e-15 1.3909131082069199e-14 6.178954941692177e-12 8.957982668088599e-09 1.2651873690459198e-06 1.0168709785567864e-08 1.099556822035269e-08 1.3824319477349755e-08 8.166816963355627e-09 3.987936955878762e-08 0.02238442035339494 0.02420458703798679 0.030431528168874865 0.017977645907098713 0.08778661112929316 731081.5985246373 790528.7652747413 993902.4512588872 587155.0792905955 2867135.935629916 10.547587162824804 -10.183667698388179 [0.0,81231.28872495965,162462.5774499193,243693.86617487896,324925.1548998386,406156.4436247983,487387.7323497579,568619.0210747177,649850.3097996772,731081.5985246373,1078733.2703646484,1426384.9422046593,1774036.6140446707,2121688.285884682,2469339.9577246923,2816991.629564703,3164643.3014047146,3512294.973244727,3859946.6450847355,4207598.316924745] [-5.273793581412402,-1.3589171122088626,-0.7775810636324092,-0.4779197784257807,-0.2945294697953358,-0.17507120567530166,-0.09613123673473645,-0.0451884325307379,-0.01475627100707122,0.0,-0.05148192312181088,-0.21230656996547737,-0.4342410984708067,-0.6952683752869238,-0.9834728320098023,-1.291673063006165,-1.615204757106694,-1.9508664843739467,-2.2963654459250176,-2.650003148832715] False 56901.46526833296 56901.46665722185
100.0 115.25240587974294 132.83117061068992 9.999999999999997e-09 2.41824333793041e-09 4.917563764640373e-09 1.696973374309948e-07 1.9110859420172782e-05 0.003197410949256388 8.918789813027169e-05 1.1595397498253915e-05 1.2216656145321678e-05 1.0974138851186156e-05 0.00010991260893387818 1.1846932912950963 0.15402302233893345 0.16227527367313588 0.14577077100473101 1.4599820509562027 18136.602268703697 2357.9556978254864 2484.2903376597287 2231.6210579912445 22351.02871958717 942.1100622138542 -356.5198303162431 [0.0,13149.481206921473,13772.87133964425,14396.261472367032,15019.6516050898,15643.041737812584,16266.431870535367,16889.822003258145,17513.21213598092,18136.602268703697,18746.673855912893,19356.7454431221,19966.817030331298,20576.888617540502,21186.9602047497,21797.031791958903,22407.10337916811,23017.174966377308,23627.246553586512,24237.3181407957] [-471.0550311069271,-2.7008143652012677,-2.00810204518109,-1.4342885520675281,-0.9692920136021712,-0.6042608908654188,-0.33138158852585775,-0.14372226002041089,-0.035104931749515345,0.0,-0.032039284249776756,-0.12551824454607186,-0.27662370777335354,-0.48188683178000247,-0.7381428563121517,-1.0424965682778975,-1.3922925346175816,-1.7850893341384335,-2.218637160473918,-2.6908582804000503] False 56901.46665722185 56901.468046110735
132.83117061068992 153.091119887046 176.4411988580621 2.4182433378349798e-09 5.847900841246494e-10 1.1891865812253332e-09 5.4509855182408916e-08 8.154178567895014e-06 0.002111281014203783 3.6604918140591906e-05 4.498583473809205e-06 4.7287110624745915e-06 4.26845588514382e-06 4.4608479360248406e-05 0.8579054760955956 0.10543281047729884 0.11082628568624292 0.10003933526835479 1.0454840679186295 30781.475942046305 3782.9080354858047 3976.4248412575816 3589.391229714028 37511.75809121896 1044.793350302747 -390.6287521787213 [0.0,22736.39568701778,23742.030718896345,24747.665750774908,25753.30078265348,26758.93581453205,27764.570846410606,28770.205878289184,29775.840910167753,30781.475942046305,31754.451739025724,32727.42753600513,33700.403332984526,34673.379129963956,35646.35492694334,36619.33072392275,37592.306520902166,38565.28231788155,39538.25811486097,40511.23391184036] [-522.3966751513735,-2.7022999871937827,-2.0128925408454847,-1.4401562402519517,-0.9747959250665872,-0.6085848260535158,-0.3342068536892384,-0.14512695487184146,-0.0354837488192743,0.0,-0.03176174453568592,-0.12455779295743241,-0.27481199317401206,-0.4792535713758639,-0.7348833226304805,-1.0389443546693542,-1.3888966682987984,-1.7823949860763264,-2.2172693435410338,-2.691508039963935] False 56901.46665722185 56901.468046110735
176.4411988580621 203.35272664697808 234.36890988269914 5.847900841444793e-10 1.414164725070152e-10 2.875742527709885e-10 1.7509551753789316e-08 3.4792065945429567e-06 0.0011484348081562505 2.7281519975151974e-05 2.5971034439541817e-06 2.704959327340693e-06 2.4892475605676713e-06 3.1829180566166284e-05 1.1281544560565262 0.10739628238475153 0.11185637462173943 0.10293619014776366 1.3162108240689494 94867.74185197237 9031.070824071308 9406.124857411362 8656.016790731257 110681.60747865577 1874.1328803248298 -585.5151287316844 [0.0,75298.12846924215,77744.33014208337,80190.53181492472,82636.73348776599,85082.93516060722,87529.13683344846,89975.33850628983,92421.54017913106,94867.74185197237,97140.053380593,99412.36490921363,101684.67643783429,103956.98796645501,106229.29949507563,108501.61102369628,110773.92255231696,113046.23408093756,115318.54560955826,117590.85713817894] [-937.0664401624149,-2.7045521985203322,-2.029564300931497,-1.4625137427287882,-0.9969135500318771,-0.6268445242055805,-0.34689085618242643,-0.1520846164038403,-0.03785769147305018,0.0,-0.02984672650052289,-0.11934076129227833,-0.26578607511214614,-0.46666539509863014,-0.7196247429814093,-1.0224596096875302,-1.3731025628360385,-1.7696121125253512,-2.2101626851440415,-2.6930355754657285] False 56901.46665722185 56901.468046110735
234.36890988269914 270.1158072739371 311.3149665447022 1.4141647249899186e-10 3.41979442498103e-11 6.954245208881683e-11 5.624384830326137e-09 1.48450005425357e-06 0.0005332936315516883 1.5634397970562547e-05 1.419682756505641e-06 1.4769912472941425e-06 1.3623742657171392e-06 1.8120179293673386e-05 1.1407255333166515 0.10358367316762632 0.10776504675434036 0.09940229958091226 1.322094475750714 224818.0428063554 20414.62033424532 21238.69957026808 19590.541098222555 260562.84685692447 2070.83513378953 -647.2730981190604 [0.0,180538.94893799987,186073.83567154434,191608.7224050887,197143.6091386332,202678.4958721776,208213.38260572206,213748.26933926655,219283.15607281093,224818.0428063554,229945.28183975143,235072.5208731474,240199.75990654324,245326.99893993943,250454.23797333532,255581.47700673144,260708.71604012745,265835.95507352334,270963.1941069195,276090.43314031546] [-1035.417566894765,-2.7044807606931727,-2.033032243663797,-1.4677797500582983,-1.0026748725298376,-0.6321716596756914,-0.3511724586803666,-0.15498086361196783,-0.03926067917427645,0.0,-0.028609597280251364,-0.11688378939072663,-0.2622478825235248,-0.4622903268435721,-0.7147492177477943,-1.0175001650039803,-1.3685453667362708,-1.7660037474482806,-2.2081020381093595,-2.6931666923381954] False 56901.46665722185 56901.468046110735
