data/GB6J1040+0617_allsed_10min_min11.ecsv
# %ECSV 1.0
# ---
# datatype:
# - {name: e_min, unit: MeV, datatype: float64}
# - {name: e_ref, unit: MeV, datatype: float64}
# - {name: e_max, unit: MeV, datatype: float64}
# - {name: ref_dnde_e_min, unit: ph / (cm2 MeV s), datatype: float64}
# - {name: ref_dnde_e_max, unit: ph / (cm2 MeV s), datatype: float64}
# - {name: ref_dnde, unit: ph / (cm2 MeV s), datatype: float64}
# - {name: ref_flux, unit: ph / (cm2 s), datatype: float64}
# - {name: ref_eflux, unit: MeV / (cm2 s), datatype: float64}
# - {name: ref_npred, datatype: float64}
# - {name: dnde, unit: ph / (cm2 MeV s), datatype: float64}
# - {name: dnde_err, unit: ph / (cm2 MeV s), datatype: float64}
# - {name: dnde_errp, unit: ph / (cm2 MeV s), datatype: float64}
# - {name: dnde_errn, unit: ph / (cm2 MeV s), datatype: float64}
# - {name: dnde_ul, unit: ph / (cm2 MeV s), datatype: float64}
# - {name: e2dnde, unit: MeV / (cm2 s), datatype: float64}
# - {name: e2dnde_err, unit: MeV / (cm2 s), datatype: float64}
# - {name: e2dnde_errp, unit: MeV / (cm2 s), datatype: float64}
# - {name: e2dnde_errn, unit: MeV / (cm2 s), datatype: float64}
# - {name: e2dnde_ul, unit: MeV / (cm2 s), datatype: float64}
# - {name: norm, datatype: float64}
# - {name: norm_err, datatype: float64}
# - {name: norm_errp, datatype: float64}
# - {name: norm_errn, datatype: float64}
# - {name: norm_ul, datatype: float64}
# - {name: ts, datatype: float64}
# - {name: loglike, datatype: float64}
# - {name: norm_scan, datatype: string, subtype: 'float64[20]'}
# - {name: dloglike_scan, datatype: string, subtype: 'float64[20]'}
# - {name: ShowUL, datatype: bool}
# - {name: tstart, datatype: float64}
# - {name: tend, datatype: float64}
# meta: !!omap
# - {UL_CONF: 0.95}
# - {EXTNAME: SED}
# - {CONFIG: '{"bin_index": 2.0, "use_local_index": true, "free_background": false, "free_radius": null, "free_pars": [], "ul_confidence":
#     0.95, "cov_scale": 3.0, "make_plots": false, "write_fits": true, "write_npy": true, "optimizer": {"optimizer": "MINUIT", "tol":
#     0.001, "max_iter": 100, "init_lambda": 0.0001, "retries": 3, "min_fit_quality": 2, "verbosity": 0}, "prefix": "", "outfile": null,
#     "loge_bins": []}'}
# - {SRCNAME: 4FGL J1040.5+0617}
# - {CREATOR: fermipy 1.2.0}
# - {STVER: 2.2.0}
# schema: astropy-2.0
e_min e_ref e_max ref_dnde_e_min ref_dnde_e_max ref_dnde ref_flux ref_eflux ref_npred dnde dnde_err dnde_errp dnde_errn dnde_ul e2dnde e2dnde_err e2dnde_errp e2dnde_errn e2dnde_ul norm norm_err norm_errp norm_errn norm_ul ts loglike norm_scan dloglike_scan ShowUL tstart tend
[from data line 13]
176.4411988580621 203.35272664697808 234.36890988269914 5.847897614280331e-10 1.414164072383123e-10 2.875741070592097e-10 1.7509542735262604e-08 3.4792048096121508e-06 0.00017701843178207259 1.7849024916767476e-05 5.355598675631527e-06 5.813381641776233e-06 4.89781570948682e-06 2.8195231103339394e-05 0.7380987941454689 0.2214664914662798 0.2403968844074835 0.20253609852507615 1.1659385414649615 62067.566163362826 18623.368878369994 20215.247127862225 17031.490628877764 98045.09658977807 162.42640221957555 -84.87367039031983 [0.0,28102.557750943713,32348.1838024961,36593.80985404847,40839.43590560088,45085.061957153266,49330.688008705656,53576.31406025804,57821.94011181044,62067.566163362826,67486.75741013115,72905.94865689949,78325.13990366785,83744.33115043618,89163.52239720449,94582.71364397282,100001.90489074119,105421.09613750952,110840.28738427788,116259.4786310462] [-81.21320110978778,-2.697809488136059,-1.9030719866007502,-1.2991516082435481,-0.844084724271525,-0.5083891882902947,-0.2705578924734482,-0.11441880918904701,-0.0275043994548696,0.0,-0.0388930336345652,-0.14888803065409206,-0.31978302406966463,-0.5434255522345666,-0.8131979698287921,-1.1236548247825056,-1.4702613822615689,-1.8492012214632183,-2.2572321037218472,-2.6915762709524813] False 56901.47221277741 56901.47915722185
234.36890988269914 270.1158072739371 311.3149665447022 1.41416407230289e-10 3.419793155482718e-11 6.954242313286918e-11 5.624382441376847e-09 1.4844994267354907e-06 9.600423857624644e-05 1.0861304093888547e-05 2.789037006776246e-06 3.0005851571756555e-06 2.5774888563768366e-06 1.6129731665128936e-05 0.7924684358389491 0.20349525021590806 0.2189303425770522 0.1880601578547639 1.176866342445845 156182.42224802426 40105.548255738155 43147.54968262576 37063.54682885055 231940.89217039707 240.12353529438968 -107.6085342118578 [0.0,80161.19393626074,89663.84747523117,99166.5010142016,108669.15455317212,118171.8080921425,127674.46163111295,137177.11517008336,146679.76870905387,156182.42224802426,167506.6628226112,178830.9033971982,190155.14397178515,201479.384546372,212803.62512095898,224127.86569554594,235452.10627013276,246776.34684471966,258100.58741930668,269424.82799389353] [-120.06176764719484,-2.703030152719194,-1.9356407451006987,-1.3375426166740993,-0.8777137047352994,-0.5329478442627646,-0.2854314013932111,-0.1211919370746557,-0.02906749928020247,0.0,-0.03744016025756025,-0.14356284874382652,-0.3099297652147186,-0.52956810546263,-0.7966496978499293,-1.1062534156707784,-1.4541862044417542,-1.8368461840846635,-2.251116487418443,-2.6942819085187324] False 56901.47221277741 56901.47915722185
311.3149665447022 358.7979888064861 413.52331434760555 3.419793155638777e-11 8.269892762616746e-12 1.6817051664148287e-11 1.8066535676265423e-09 6.334029379698099e-07 4.391643716698454e-05 6.886767085188494e-06 1.6146477262741368e-06 1.7294714556508167e-06 1.4998239968974566e-06 9.905525413086137e-06 0.8865748252454448 0.2078632844768652 0.22264523173120215 0.1930813372225282 1.2751976875998539 409510.96676893515 96012.53290529817 102840.34860508988 89184.71720550646 589016.7676777373 267.3319859656415 -138.51722386695997 [0.0,224053.24578877146,247235.4609112919,270417.67603381234,293599.8911563328,316782.1062788533,339964.32140137366,363146.53652389423,386328.75164641463,409510.96676893515,436214.59260866133,462918.21844838734,489621.8442881133,516325.47012783936,543029.0959675655,569732.7218072916,596436.3476470177,623139.9734867436,649843.5993264698,676547.225166196] [-133.66599298282074,-2.7039794063118734,-1.9512367865300462,-1.3572085111450463,-0.8957697257219479,-0.5467582796390786,-0.29428775811413743,-0.12561790153819175,-0.030375047056338644,0.0,-0.036161350021785665,-0.13984599896986083,-0.3034787807982582,-0.5206918477214231,-0.7860810004619054,-1.0950205509186333,-1.443520615642484,-1.8281156803556655,-2.2457765567573915,-2.6938400757278202] False 56901.47221277741 56901.47915722185
413.52331434760555 476.5900816815941 549.2752115212968 8.269892762759542e-12 2.0000917443023485e-12 4.067006791371411e-12 5.803045704829894e-10 2.702450726944649e-07 1.7670919678744847e-05 9.191401258579408e-07 4.584472823096176e-07 5.144974251467492e-07 4.023971394724861e-07 1.8907118751316998e-06 0.2087717472966981 0.10413084738506373 0.11686197066772416 0.09139972410240332 0.4294527142283299 225999.16179338444 112723.51039153966 126505.17974012495 98941.84104295439 464890.267491819 48.6795471056937 -36.040097216866165 [0.0,53701.40387242753,75238.62361254718,96775.8433526668,118313.06309278635,139850.282832906,161387.50257302553,182924.72231314526,204461.9420532647,225999.16179338444,263270.69492672075,300542.2280600572,337813.76119339356,375085.2943267299,412356.82746006636,449628.360593403,486899.8937267393,524171.4268600756,561442.959993412,598714.4931267485] [-24.33977355284685,-2.691213154468336,-1.727579299506047,-1.103834229352131,-0.6823261973612986,-0.3951025303736415,-0.20358252560727408,-0.08374257316269507,-0.01960423059598071,0.0,-0.048568888971296076,-0.17798465208972658,-0.3693049120780145,-0.6095518730399974,-0.8894443389418214,-1.2021147369748846,-1.5423385721287133,-1.906048776239139,-2.290017207927825,-2.6916386916974844] False 56901.47221277741 56901.47915722185
549.2752115212968 633.0528961793416 729.6086933380817 2.000091744208623e-12 4.836708972588796e-13 9.835579131507493e-13 1.8642964021075256e-10 1.1532146527503185e-07 6.498600171300859e-06 7.308919183920922e-07 3.360378787695249e-07 3.801978420196146e-07 2.918779155194351e-07 1.4520597569575415e-06 0.292909299253382 0.1346691858483127 0.15236655472755087 0.11697181696907454 0.5819216154696935 743110.2008530827 341655.40663798264 386553.58971357485 296757.2235623904 1476333.7649391522 71.70267253785002 -41.497814946375144 [0.0,219344.6665806855,284815.35836473526,350286.0501487848,415756.7419328346,481227.43371688406,546698.1255009336,612168.8172849835,677639.509069033,743110.2008530827,855306.9108244994,967503.6207959155,1079700.3307673328,1191897.0407387496,1304093.750710166,1416290.460681583,1528487.170653,1640683.8806244177,1752880.590595834,1865077.300567249] [-35.85133626892501,-2.691684724530404,-1.81298491422978,-1.2050456678158525,-0.7745421641004171,-0.4693794523081465,-0.2574952116977869,-0.11774600361155052,-0.03545098709669503,0.0,-0.026347938132730064,-0.13941087163776444,-0.32012069770910045,-0.5550803454448285,-0.8345164141355355,-1.1510797271599245,-1.4991044528386581,-1.8741302745132344,-2.272582928074229,-2.691554018289203] False 56901.47221277741 56901.47915722185
729.6086933380817 840.8915725798939 969.1477682383326 4.836708972857104e-13 1.1696340307082372e-13 2.3784825858697364e-13 5.988457899308306e-11 4.920510820049499e-08 2.324173094832142e-06 2.038850434786003e-07 1.4437586352101214e-07 1.6837536928547659e-07 1.2037635775654772e-07 5.399899437133569e-07 0.14416683631494387 0.10208797628771177 0.1190579940984996 0.08511795847692395 0.3818261531048021 857206.3747275493 607008.2849407048 707910.8768160562 506105.6930653535 2270312.7906900337 22.805122001705087 -19.79828267098124 [0.0,90628.78495598109,186450.98367742708,282273.18239887326,378095.38112031925,473917.57984176517,569739.7785632113,665561.9772846573,761384.1760061033,857206.3747275493,1083428.241310205,1309650.107892862,1535871.9744755183,1762093.8410581748,1988315.7076408311,2214537.5742234876,2440759.440806145,2666981.3073888007,2893203.173971457,3119425.0405541123] [-11.402561000852543,-2.6758232536312256,-1.4764813836851367,-0.8765121843164501,-0.5180137011266304,-0.290938918916261,-0.14667727778036266,-0.059423952185934326,-0.013825137334055881,0.0,-0.058276009483329005,-0.20539205515861525,-0.4129153612181149,-0.6641981860640449,-0.9486486014432138,-1.2591084525193388,-1.590512811601446,-1.9391458326102509,-2.3022004619856595,-2.6775042948845744] False 56901.47221277741 56901.47915722185
969.1477682383326 1116.9661194245136 1287.3303254983532 1.1696340307032205e-13 2.828459958032101e-14 5.751750187026315e-14 1.923601202502466e-11 2.0994726932015487e-08 8.23040166341338e-07 6.39866945843037e-08 6.983027399026521e-08 8.780900173423366e-08 5.185154624629676e-08 2.535502621659373e-07 0.0798306519505608 0.08712117940683001 0.10955167947199061 0.06469067934166939 0.3163326823246725 1112473.464661809 1214070.0085997272 1526648.3918633359 901491.6253361184 4408227.998807161 14.66070817097324 -8.776381940805406 [0.0,123608.16274020098,247216.32548040195,370824.48822060286,494432.6509608039,618040.8137010047,741648.9764412057,865257.1391814066,988865.3019216078,1112473.464661809,1650684.2528333277,2188895.041004847,2727105.829176366,3265316.6173478845,3803527.4055194063,4341738.193690926,4879948.981862444,5418159.770033963,5956370.558205486,6494581.346377001] [-7.33035408548662,-1.381252393454961,-0.7910183356639173,-0.4876808992722452,-0.30192996207939515,-0.18063890361500157,-0.10013051073278412,-0.04777051829662149,-0.0160157639942895,0.0,-0.04845061106478887,-0.20925621263284278,-0.43240758204555796,-0.6952784989421747,-0.9856880742475926,-1.2963208108187736,-1.6224373299007961,-1.9607909012031133,-2.3090597686586936,-2.665526064840771] False 56901.47221277741 56901.47915722185
