data/GB6J1040+0617_allsed_2min_min5.ecsv
# %ECSV 1.0
# ---
# datatype:
# - {name: e_min, unit: MeV, datatype: float64}
# - {name: e_ref, unit: MeV, datatype: float64}
# - {name: e_max, unit: MeV, datatype: float64}
# - {name: ref_dnde_e_min, unit: ph / (cm2 MeV s), datatype: float64}
# - {name: ref_dnde_e_max, unit: ph / (cm2 MeV s), datatype: float64}
# - {name: ref_dnde, unit: ph / (cm2 MeV s), datatype: float64}
# - {name: ref_flux, unit: ph / (cm2 s), datatype: float64}
# - {name: ref_eflux, unit: MeV / (cm2 s), datatype: float64}
# - {name: ref_npred, datatype: float64}
# - {name: dnde, unit: ph / (cm2 MeV s), datatype: float64}
# - {name: dnde_err, unit: ph / (cm2 MeV s), datatype: float64}
# - {name: dnde_errp, unit: ph / (cm2 MeV s), datatype: float64}
# - {name: dnde_errn, unit: ph / (cm2 MeV s), datatype: float64}
# - {name: dnde_ul, unit: ph / (cm2 MeV s), datatype: float64}
# - {name: e2dnde, unit: MeV / (cm2 s), datatype: float64}
# - {name: e2dnde_err, unit: MeV / (cm2 s), datatype: float64}
# - {name: e2dnde_errp, unit: MeV / (cm2 s), datatype: float64}
# - {name: e2dnde_errn, unit: MeV / (cm2 s), datatype: float64}
# - {name: e2dnde_ul, unit: MeV / (cm2 s), datatype: float64}
# - {name: norm, datatype: float64}
# - {name: norm_err, datatype: float64}
# - {name: norm_errp, datatype: float64}
# - {name: norm_errn, datatype: float64}
# - {name: norm_ul, datatype: float64}
# - {name: ts, datatype: float64}
# - {name: loglike, datatype: float64}
# - {name: norm_scan, datatype: string, subtype: 'float64[20]'}
# - {name: dloglike_scan, datatype: string, subtype: 'float64[20]'}
# - {name: ShowUL, datatype: bool}
# - {name: tstart, datatype: float64}
# - {name: tend, datatype: float64}
# meta: !!omap
# - {UL_CONF: 0.95}
# - {EXTNAME: SED}
# - {CONFIG: '{"bin_index": 2.0, "use_local_index": true, "free_background": false, "free_radius": null, "free_pars": [], "ul_confidence":
#     0.95, "cov_scale": 3.0, "make_plots": false, "write_fits": true, "write_npy": true, "optimizer": {"optimizer": "MINUIT", "tol":
#     0.001, "max_iter": 100, "init_lambda": 0.0001, "retries": 3, "min_fit_quality": 2, "verbosity": 0}, "prefix": "", "outfile": null,
#     "loge_bins": []}'}
# - {SRCNAME: 4FGL J1040.5+0617}
# - {CREATOR: fermipy 1.2.0}
# - {STVER: 2.2.0}
# schema: astropy-2.0
e_min e_ref e_max ref_dnde_e_min ref_dnde_e_max ref_dnde ref_flux ref_eflux ref_npred dnde dnde_err dnde_errp dnde_errn dnde_ul e2dnde e2dnde_err e2dnde_errp e2dnde_errn e2dnde_ul norm norm_err norm_errp norm_errn norm_ul ts loglike norm_scan dloglike_scan ShowUL tstart tend
[from data line 13]
549.2752115212968 633.0528961793416 729.6086933380817 2.0000921254232412e-12 4.836709457632368e-13 9.835580562005766e-13 1.8642966888581778e-10 1.1532148277813055e-07 2.4237890198466026e-05 8.03227848791043e-08 5.72477128662306e-08 6.676177888380203e-08 4.7733646848659186e-08 2.135465184488843e-07 0.03218983551600471 0.022942362663409432 0.026755181412846312 0.019129543913972553 0.08558004200466046 81665.52484902235 58204.71146093292 67877.82222200347 48531.600699862385 217116.332993907 16.11216413997866 -21.40078251028138 [0.0,8167.283165615058,17354.563376040962,26541.84358646687,35729.12379689279,44916.40400731869,54103.68421774462,63290.964428170504,72478.24463859646,81665.52484902235,103345.68553740041,125025.84622577843,146706.00691415652,168386.16760253464,190066.32829091258,211746.48897929056,233426.6496676687,255106.81035604668,276786.97104442486,298467.1317328027] [-8.05608206998933,-2.665950849478616,-1.4716645144728204,-0.873705563473191,-0.5162600812795866,-0.28982556956131944,-0.14598971117788295,-0.059036653611624246,-0.013658378779894065,0.0,-0.05848828639948067,-0.20564272631161984,-0.4131065517018939,-0.664269365458253,-0.9485597297264619,-1.2588316697469395,-1.5900279526556815,-1.9384378324440448,-2.301257769526053,-2.676317859030341] False 56901.46249055518 56901.46387944407
100.0 115.25240587974294 132.83117061068992 9.999999999999997e-09 2.41824333793041e-09 4.917563764640373e-09 1.696973374309948e-07 1.9110859420172782e-05 0.002918792417826005 4.7149614395096694e-05 8.760571058159538e-06 9.387435307877889e-06 8.13370680844119e-06 6.340833281281416e-05 0.6262938473943336 0.1163676908873463 0.12469440209775434 0.10804097967693829 0.8422603073998334 9588.002647596535 1781.4860116613474 1908.9605660790862 1654.011457243609 12894.257369624833 408.4206633621672 -196.29483472348673 [0.0,5968.249644861612,6420.718770203479,6873.187895545345,7325.657020887211,7778.126146229077,8230.595271570939,8683.064396912809,9135.533522254675,9588.002647596535,10072.692209858616,10557.381772120689,11042.071334382765,11526.760896644839,12011.450458906915,12496.14002116899,12980.829583431067,13465.519145693144,13950.20870795521,14434.898270217296] [-204.2103316810836,-2.7026611415991226,-1.9782462361159787,-1.393087445280429,-0.9294229937824809,-0.5726865431588521,-0.3107838637244811,-0.13356325880380382,-0.032420616674357916,0.0,-0.03432699150974372,-0.1335204982686662,-0.29175678379809256,-0.5039628181908995,-0.765692550193279,-1.0730276640540524,-1.4224972274234915,-1.8110120729704988,-2.235810786111557,-2.6944149194159195] False 56901.46387944407 56901.46526833296
132.83117061068992 153.091119887046 176.4411988580621 2.4182433378349798e-09 5.847900841246494e-10 1.1891865812253332e-09 5.4509855182408916e-08 8.154178567895014e-06 0.0019385316765721953 4.047723175349166e-05 4.936904341422929e-06 5.188185194175846e-06 4.685623488670013e-06 4.9256767549845667e-05 0.9486604681135207 0.11570568886944556 0.12159493082285516 0.10981644691603597 1.154425491500283 34037.7468031838 4151.496846134912 4362.801662990479 3940.1920292793457 41420.554459243634 1028.1885144223327 -413.65941830685074 [0.0,25202.11313356745,26306.567342269485,27411.021550971534,28515.475759673576,29619.92996837562,30724.38417707766,31828.83838577972,32933.29259448175,34037.7468031838,35104.87402517529,36172.00124716677,37239.12846915828,38306.25569114975,39373.38291314124,40440.510135132725,41507.637357124215,42574.764579115705,43641.89180110719,44709.019023098714] [-514.0942572111663,-2.7024574836076454,-2.0135231654093104,-1.4409592168941572,-0.9755719289767057,-0.6092158242883556,-0.3346401207529084,-0.14536231592495596,-0.035563338964664126,0.0,-0.0316971368566783,-0.12438358455301568,-0.2745130675723999,-0.478839893951033,-0.7343859165111439,-1.0384119122946913,-1.3883926896242542,-1.7819953549540628,-2.2170602700983295,-2.691584309817358] False 56901.46387944407 56901.46526833296
176.4411988580621 203.35272664697808 234.36890988269914 5.847900841444793e-10 1.414164725070152e-10 2.875742527709885e-10 1.7509551753789316e-08 3.4792065945429567e-06 0.001061598228798065 1.840189690901946e-05 2.213776089639356e-06 2.32697044572996e-06 2.1005817335487524e-06 2.2349137539173534e-05 0.7609613400100692 0.09154480258111494 0.09622565311071792 0.08686395205151198 0.9241889428009539 63990.0711962344 7698.102553716136 8091.720393282416 7304.484714149856 77716.05880506766 1115.574175564368 -394.90234418223724 [0.0,47641.6206056014,49685.176929430534,51728.733253259634,53772.28957708877,55815.845900917884,57859.40222474702,59902.95854857613,61946.51487240524,63990.0711962344,65970.7630345907,67951.45487294703,69932.14671130333,71912.83854965965,73893.53038801596,75874.22222637228,77854.91406472858,79835.6059030849,81816.29774144125,83796.98957979752] [-557.787087782184,-2.702737286263016,-2.0166992485251853,-1.445752311014985,-0.980977215333894,-0.6144529703847752,-0.3391132231220695,-0.14862756637421626,-0.03730276210183092,0.0,-0.03008700447804813,-0.12148232023230321,-0.2706628844211991,-0.4744008492671128,-0.7297314929340359,-1.03392537531397,-1.3844640822081828,-1.77901901687909,-2.215432790783325,-2.6917028403672703] False 56901.46387944407 56901.46526833296
234.36890988269914 270.1158072739371 311.3149665447022 1.4141647249899186e-10 3.41979442498103e-11 6.954245208881683e-11 5.624384830326137e-09 1.48450005425357e-06 0.000496868059914256 1.0354415653832657e-05 1.1937573678588022e-06 1.2517391420914365e-06 1.135775593626168e-06 1.2468786026098142e-05 0.7554845630218754 0.08709958085149194 0.09133007891471782 0.08286908278826606 0.9097544156297458 148893.45058768432 17165.87971810633 17999.64057195978 16332.118864252885 179297.47444299934 1233.5759259918657 -422.1480421801781 [0.0,112196.47816172603,116783.59971497081,121370.72126821562,125957.84282146044,130544.96437470523,135132.08592794996,139719.2074811948,144306.32903443955,148893.45058768432,153281.59617691656,157669.74176614886,162057.88735538104,166446.0329446133,170834.17853384552,175222.32412307773,179610.46971231,183998.61530154236,188386.76089077457,192774.9064800068] [-616.7879629959328,-2.703451726662138,-2.0179411516631944,-1.446646067237566,-0.981091635988264,-0.6137126291370123,-0.3377277386344417,-0.14703487545205007,-0.03612338469270071,0.0,-0.031245534187121393,-0.12314666422759046,-0.27237328497761837,-0.4758622235261214,-0.7307894512972553,-1.0345458205561613,-1.3847158021517316,-1.7790587897496835,-2.2154926075513686,-2.692078917018989] False 56901.46387944407 56901.46526833296
311.3149665447022 358.7979888064861 413.52331434760555 3.419794425137093e-11 8.269895085679336e-12 1.681705714757332e-11 1.8066541718328237e-09 6.334031485121907e-07 0.00020468710645017447 4.102813423829798e-06 5.745327361511212e-07 6.078474347520434e-07 5.412180375501988e-07 5.140517180128418e-06 0.5281797756845452 0.07396304446631738 0.07825184539785184 0.0696742435347829 0.6617696031052601 243967.3831055411 34163.69053809308 36144.69698342882 32182.68409275733 305672.8139185867 797.0864918794193 -309.36161803888126 [0.0,172510.1722206143,181442.3235812303,190374.4749418461,199306.6263024619,208238.77766307775,217170.92902369358,226103.0803843094,235035.2317449253,243967.3831055411,252904.19699967394,261841.01089380684,270777.82478793955,279714.6386820723,288651.45257620513,297588.26647033787,306525.08036447084,315461.8942586035,324398.7081527365,333335.52204686916] [-398.54324593970966,-2.698018375124775,-2.002994556581484,-1.4292191544535058,-0.9655722040197361,-0.6023966572230961,-0.33125251630747243,-0.14472054360157927,-0.03624401526349175,0.0,-0.030826537582242963,-0.12410003526599667,-0.27562891942596934,-0.48162996982938466,-0.7386769400538356,-1.0436570128899803,-1.3937336993314489,-1.786315069764612,-2.219026423374089,-2.689686671903644] False 56901.46387944407 56901.46526833296
413.52331434760555 476.5900816815941 549.2752115212968 8.269895085679336e-12 2.000092125493533e-12 4.067007750118627e-12 5.803047121391051e-10 2.702451381131754e-07 7.800897924497164e-05 1.7711301892475316e-06 2.9957417779743164e-07 3.1958977905242214e-07 2.795585765424411e-07 2.3214583778683738e-06 0.4022911565894229 0.06804471133861462 0.0725910170972691 0.06349840557996014 0.5272916590076554 435487.29141120304 73659.60337515797 78581.0597590084 68738.14699130753 570802.5458767964 543.2385657536925 -217.45073768236685 [0.0,284663.4228256433,303516.40639883827,322369.3899720333,341222.37354522845,360075.35711842333,378928.3406916183,397781.3242648132,416634.30783800816,435487.29141120304,455200.23832826124,474913.18524531974,494626.13216237776,514339.07907943625,534052.0259964946,553764.9729135525,573477.9198306106,593190.8667476686,612903.8136647271,632616.7605817856] [-271.6192828768462,-2.6857456120674215,-1.9768101016268531,-1.3992263064465362,-0.9380587031919845,-0.5807827081122241,-0.3167921572684236,-0.13702646740588875,-0.033684190587052854,0.0,-0.03287406710384744,-0.12954498923957658,-0.28482302372287904,-0.49412701701876927,-0.753392816518641,-1.0589982886176017,-1.4077014560151326,-1.796589092626931,-2.2230337239268465,-2.6846574355316477] False 56901.46387944407 56901.46526833296
549.2752115212968 633.0528961793416 729.6086933380817 2.0000921254232412e-12 4.836709457632368e-13 9.835580562005766e-13 1.8642966888581778e-10 1.1532148277813055e-07 2.827302990160343e-05 3.822889664867952e-07 1.1463988336677753e-07 1.2442151185796388e-07 1.0485825487559119e-07 6.036607191357835e-07 0.15320458534045045 0.0459426175860909 0.04986266359400598 0.04202257157817583 0.2419206366624508 388679.6148704771 116556.29542563482 126501.4414488113 106611.14940245834 613751.9949434273 145.46509052688828 -88.00437582092437 [0.0,175721.24798524217,202341.0438458965,228960.83970655085,255580.63556720535,282200.4314278596,308820.22728851414,335440.0231491684,362059.8190098227,388679.6148704771,422595.3895329821,456511.1641954863,490426.938857991,524342.7135204956,558258.4881830005,592174.2628455053,626090.0375080099,660005.8121705144,693921.5868330192,727837.361495524] [-72.73254526344414,-2.702266020724821,-1.9054779374466477,-1.3002307990154094,-0.8443351959526098,-0.508168260384906,-0.2701306142137554,-0.11398721085581087,-0.027226003420580014,0.0,-0.03925209475229963,-0.14949413615650542,-0.32054739109581476,-0.5442766219220943,-0.8140772226188631,-1.1245137938302747,-1.471059475615661,-1.8499041036990604,-2.257810472996937,-2.692004920946914] False 56901.46387944407 56901.46526833296
729.6086933380817 840.8915725798939 969.1477682383326 4.836709457721805e-13 1.1696340423640763e-13 2.3784827169386265e-13 5.988458279417007e-11 4.9205111223615734e-08 1.0025670366980988e-05 1.6099903602603546e-07 6.228756710761035e-08 6.975199015053125e-08 5.482314406468947e-08 2.908777498726296e-07 0.11384219890590157 0.04404345379361512 0.04932153715203087 0.03876537043519938 0.20567926042082654 676898.0698470632 261879.4186059145 293262.54781581875 230496.28939601037 1222955.0704788044 109.28479420537053 -49.69650029038404 [0.0,249768.16096893683,303159.3995787027,356550.63818846847,409941.8767982344,463333.1154080001,516724.3540177661,570115.592627532,623506.8312372974,676898.0698470632,759293.816294208,841689.5627413531,924085.3091884978,1006481.0556356432,1088876.8020827882,1171272.5485299325,1253668.2949770775,1336064.0414242228,1418459.787871368,1500855.5343185128] [-54.642397102685266,-2.6934939749999103,-1.873578089534412,-1.2739551620077947,-0.8329205622186251,-0.511538475847189,-0.2836569147170067,-0.13085933009993767,-0.0396858341115518,0.0,-0.022196118315484625,-0.12727270538491098,-0.29972571263935066,-0.5280318045193937,-0.8033924016599912,-1.1189370462379529,-1.4691981798112437,-1.8497534137085125,-2.25697502129168,-2.687850258570066] False 56901.46387944407 56901.46526833296
1287.3303254983532 1483.6791717563765 1709.9759409858673 2.8284597308054455e-14 6.839903900738614e-15 1.3909131082069202e-14 6.178954941692179e-12 8.957982668088602e-09 1.1923370654785131e-06 1.0320444248993828e-08 1.1635614718680784e-08 1.4673428332136082e-08 8.597801105225487e-09 4.227018418840941e-08 0.022718434017177942 0.025613523881147415 0.032300674789452304 0.018926372972842522 0.09304952066108602 741990.580727096 836545.0472805382 1054949.3167874566 618140.7777736199 3039024.0726756495 11.921558756775276 -9.52555719820365 [0.0,82443.39785856623,164886.79571713245,247330.19357569877,329773.5914342649,412216.98929283116,494660.38715139753,577103.7850099637,659547.1828685298,741990.580727096,1115054.3070515674,1488118.0333760385,1861181.7597005107,2234245.486024982,2607309.2123494525,2980372.938673924,3353436.664998396,3726500.3913228656,4099564.1176473377,4472627.84397181] [-5.960779378387638,-1.4023440416301192,-0.81225719841661,-0.5066841305486154,-0.3180991888527078,-0.1937343485547789,-0.11003216598640897,-0.054409764109378145,-0.019349693823901504,0.0,-0.03785199924575622,-0.19423817839483348,-0.4154629309752167,-0.6776595918351536,-0.9681127534289722,-1.2792386990518416,-1.6061486572956696,-1.9455060896919818,-2.2949320036396337,-2.6526703279782637] False 56901.46387944407 56901.46526833296
100.0 115.25240587974294 132.83117061068992 9.999999999999997e-09 2.41824333793041e-09 4.917563764640373e-09 1.696973374309948e-07 1.9110859420172782e-05 0.0032098549735174882 8.577890646348716e-05 1.1346752439759289e-05 1.196334584223027e-05 1.0730159037288309e-05 0.00010608855807441648 1.1394112559249885 0.15072024092029296 0.1589105232643978 0.1425299585761881 1.4091867357424914 17443.37451814624 2307.3930472133065 2432.778996838318 2182.007097588295 21573.397550478912 905.8072976329186 -343.1349085229331 [0.0,12571.544100705316,13180.522902885437,13789.501705065546,14398.480507245666,15007.459309425783,15616.438111605894,16225.416913786014,16834.395715966133,17443.37451814624,18041.488980953683,18639.60344376111,19237.717906568556,19835.832369375996,20433.946832183432,21032.061294990872,21630.175757798308,22228.29022060574,22826.40468341318,23424.51914622062] [-452.9036488164593,-2.70024975520613,-2.0064738147746084,-1.4323223170991923,-0.9674545535494872,-0.6028152721715969,-0.3304300673315197,-0.14323992674007968,-0.034966273872043985,0.0,-0.03214403323579518,-0.12585190400790225,-0.27723456593895435,-0.4827602294598705,-0.7392119008632676,-1.043651048001209,-1.3933863615053497,-1.7859467773581628,-2.2190580817402292,-2.69062254207131] False 56901.46526833296 56901.46665722185
