data/GB6J1040+0617_allsed_30min_min11.ecsv
# %ECSV 1.0
# ---
# datatype:
# - {name: e_min, unit: MeV, datatype: float64}
# - {name: e_ref, unit: MeV, datatype: float64}
# - {name: e_max, unit: MeV, datatype: float64}
# - {name: ref_dnde_e_min, unit: ph / (cm2 MeV s), datatype: float64}
# - {name: ref_dnde_e_max, unit: ph / (cm2 MeV s), datatype: float64}
# - {name: ref_dnde, unit: ph / (cm2 MeV s), datatype: float64}
# - {name: ref_flux, unit: ph / (cm2 s), datatype: float64}
# - {name: ref_eflux, unit: MeV / (cm2 s), datatype: float64}
# - {name: ref_npred, datatype: float64}
# - {name: dnde, unit: ph / (cm2 MeV s), datatype: float64}
# - {name: dnde_err, unit: ph / (cm2 MeV s), datatype: float64}
# - {name: dnde_errp, unit: ph / (cm2 MeV s), datatype: float64}
# - {name: dnde_errn, unit: ph / (cm2 MeV s), datatype: float64}
# - {name: dnde_ul, unit: ph / (cm2 MeV s), datatype: float64}
# - {name: e2dnde, unit: MeV / (cm2 s), datatype: float64}
# - {name: e2dnde_err, unit: MeV / (cm2 s), datatype: float64}
# - {name: e2dnde_errp, unit: MeV / (cm2 s), datatype: float64}
# - {name: e2dnde_errn, unit: MeV / (cm2 s), datatype: float64}
# - {name: e2dnde_ul, unit: MeV / (cm2 s), datatype: float64}
# - {name: norm, datatype: float64}
# - {name: norm_err, datatype: float64}
# - {name: norm_errp, datatype: float64}
# - {name: norm_errn, datatype: float64}
# - {name: norm_ul, datatype: float64}
# - {name: ts, datatype: float64}
# - {name: loglike, datatype: float64}
# - {name: norm_scan, datatype: string, subtype: 'float64[20]'}
# - {name: dloglike_scan, datatype: string, subtype: 'float64[20]'}
# - {name: ShowUL, datatype: bool}
# - {name: tstart, datatype: float64}
# - {name: tend, datatype: float64}
# meta: !!omap
# - {UL_CONF: 0.95}
# - {EXTNAME: SED}
# - {CONFIG: '{"bin_index": 2.0, "use_local_index": true, "free_background": false, "free_radius": null, "free_pars": [], "ul_confidence":
#     0.95, "cov_scale": 3.0, "make_plots": false, "write_fits": true, "write_npy": true, "optimizer": {"optimizer": "MINUIT", "tol":
#     0.001, "max_iter": 100, "init_lambda": 0.0001, "retries": 3, "min_fit_quality": 2, "verbosity": 0}, "prefix": "", "outfile": null,
#     "loge_bins": []}'}
# - {SRCNAME: 4FGL J1040.5+0617}
# - {CREATOR: fermipy 1.2.0}
# - {STVER: 2.2.0}
# schema: astropy-2.0
e_min e_ref e_max ref_dnde_e_min ref_dnde_e_max ref_dnde ref_flux ref_eflux ref_npred dnde dnde_err dnde_errp dnde_errn dnde_ul e2dnde e2dnde_err e2dnde_errp e2dnde_errn e2dnde_ul norm norm_err norm_errp norm_errn norm_ul ts loglike norm_scan dloglike_scan ShowUL tstart tend
[from data line 13]
176.4411988580621 203.35272664697808 234.36890988269914 1.2974691870776335e-11 5.851559686019113e-12 8.713333684047368e-12 5.085744013177089e-10 1.025197405854443e-07 0.0025493251296005957 8.657383533677604e-08 1.740472252391651e-08 1.8750070067949044e-08 1.6059374979883976e-08 1.1853705461022412e-07 0.0035800299324247518 0.0007197258543390386 0.0007753591118748131 0.0006640925968032641 0.004901783569542305 9935.787894279547 1997.481464044192 2151.8824766549724 1843.0804514334118 13604.099063398124 167.31921363233204 -174.1228196980953 [0.0,5987.431999804748,6480.976486614096,6974.52097342345,7468.065460232801,7961.60994704215,8455.154433851498,8948.698920660847,9442.243407470196,9935.787894279547,10475.11832988766,11014.448765495785,11553.779201103893,12093.109636712012,12632.440072320136,13171.770507928248,13711.100943536367,14250.431379144477,14789.761814752595,15329.092250360714] [-83.65960681616602,-2.7032737846930672,-1.977813180460629,-1.3931542582982388,-0.9306121872083679,-0.5749934475819316,-0.313776312776298,-0.1365186312651474,-0.0344211850228362,0.0,-0.03222885578335877,-0.13043051197513478,-0.2884223382926905,-0.5008522955875776,-0.7630564741812975,-1.070945931106479,-1.4209158786902094,-1.8097721264688005,-2.2346709857125973,-2.6930697834448267] False 56901.52082388852 56901.54165722185
234.36890988269914 270.1158072739371 311.3149665447022 5.851559685687134e-12 2.639041535514543e-12 3.9296957971414045e-12 3.0466957229883604e-10 8.15796964377014e-08 0.0017970527157706619 5.964418355549784e-08 1.1360047276655645e-08 1.2173690649262264e-08 1.0546403904049025e-08 8.072798132831676e-08 0.004351791685467339 0.0008288580099192085 0.0008882235046375733 0.0007694925152008436 0.005890119320725424 15177.811880218584 2890.8210363049816 3097.8710001211352 2683.7710724888275 20543.061217878763 181.22427732268733 -190.767660700679 [0.0,9300.745100726675,10035.378448163163,10770.011795599648,11504.64514303614,12239.278490472638,12973.911837909114,13708.545185345607,14443.178532782094,15177.811880218584,15964.32796601238,16750.844051806187,17537.360137599982,18323.876223393796,19110.392309187595,19896.908394981398,20683.424480775193,21469.940566569003,22256.4566523628,23042.972738156604] [-90.61213866134366,-2.7032067854024433,-1.9781567165802585,-1.3926648904152046,-0.9288674566515169,-0.5721292813068999,-0.31030912390818344,-0.1332228237821198,-0.03224368596977456,0.0,-0.034481771415983076,-0.13375590181897223,-0.29200131245087846,-0.5041482799362882,-0.7657543738534685,-1.0729050007406897,-1.4221329183865237,-1.8103525357114734,-2.2348058527972228,-2.693017649895239] False 56901.52082388852 56901.54165722185
311.3149665447022 358.7979888064861 413.52331434760555 2.6390415356349696e-12 1.1902023734708977e-12 1.7722848245699717e-12 1.8251714607310302e-10 6.491673538721879e-08 0.0012313658501497092 1.953282643231055e-08 5.376762248369536e-09 5.910957573045445e-09 4.842566923693627e-09 2.9715245878279874e-08 0.0025145778805297503 0.0006921828474476502 0.0007609530150405209 0.0006234126798547795 0.003825421797452924 11021.268230432444 3033.802565947128 3335.218747629735 2732.3863842645214 16766.631111616047 79.32071987463752 -104.37665493035524 [0.0,5349.104518667124,6058.124982637789,6767.145446608451,7476.165910579112,8185.186374549783,8894.206838520444,9603.227302491108,10312.24776646178,11021.268230432444,11879.197673890774,12737.127117349108,13595.056560807434,14452.986004265758,15310.915447724103,16168.844891182425,17026.774334640755,17884.703778099072,18742.633221557422,19600.56266501574] [-39.66035993731876,-2.6982224204903247,-1.9263343722766422,-1.3278548142125715,-0.8696408200969188,-0.5272368925521249,-0.28207889632453487,-0.119740309150842,-0.02878645678634939,0.0,-0.037605839120374185,-0.14438642610824104,-0.3115386927169794,-0.5318405024781043,-0.7992932653849607,-1.1088601882775606,-1.456270997261285,-1.8378738462791375,-2.2505213552949073,-2.691481752044993] False 56901.52082388852 56901.54165722185
413.52331434760555 476.5900816815941 549.2752115212968 1.1902023734914512e-12 5.368135207120701e-13 7.993226673088971e-13 1.0933300582522809e-10 5.1653517849876955e-08 0.0008328639875673956 8.774481250796638e-09 2.9415979578146077e-09 3.2153480622420405e-09 2.667847853387175e-09 1.4562801383177329e-08 0.0019930190520635127 0.000668148988625779 0.0007303280688510306 0.0006059699084005275 0.003307767123606789 10977.395749751395 3680.113273552183 4022.5908681749843 3337.6356789293814 18218.927072600527 49.86809803127517 -80.45472697474634 [0.0,4350.863460341056,5179.179996517349,6007.496532693639,6835.813068869935,7664.129605046227,8492.446141222517,9320.762677398812,10149.079213575103,10977.395749751395,12074.519463390656,13171.643177029911,14268.766890669165,15365.890604308412,16463.01431794768,17560.138031586936,18657.261745226177,19754.38545886544,20851.509172504695,21948.632886143965] [-24.934049015637584,-2.7007632527505905,-1.8841912068381248,-1.2751364201488826,-0.8226059345912375,-0.4924349108292745,-0.2605986303064185,-0.10955161210746667,-0.026084389681102493,0.0,-0.04030322003293918,-0.15278396448894682,-0.32628213700118636,-0.5520548198898467,-0.8231232250817015,-1.1338265868130435,-1.4795089163029758,-1.8562937558948533,-2.260918813735117,-2.6906123198334484] False 56901.52082388852 56901.54165722185
549.2752115212968 633.0528961793416 729.6086933380817 5.368135206869135e-13 2.421018077268519e-13 3.605045405685165e-13 6.55044628317913e-11 4.1106820976133865e-08 0.0005474399655007959 3.2473579099533154e-09 1.56565211183411e-09 1.7259250462817747e-09 1.4053791773864453e-09 6.401066818684554e-09 0.0013013980670656216 0.0006274444297602573 0.0006916747649671716 0.0005632140945533432 0.002565265737866795 9007.814172970535 4342.946996909034 4787.526513702121 3898.367480115948 17755.856302364613 18.547979758513236 -55.721219012983056 [0.0,1863.7396487444837,2756.7489642727414,3649.758279800997,4542.767595329255,5435.776910857512,6328.786226385768,7221.795541914024,8114.804857442285,9007.814172970535,10364.354961698225,11720.895750425907,13077.436539153583,14433.977327881266,15790.518116608953,17147.058905336628,18503.59969406431,19860.140482791998,21216.68127151969,22573.222060247357] [-9.273989879256618,-2.7011346850583777,-1.7506672301595998,-1.1230402046816508,-0.6924840567813959,-0.39639324554205757,-0.19863346710924645,-0.07627127373396547,-0.01375304131038746,0.0,-0.05460427012878455,-0.1825261091756829,-0.3692971966883576,-0.6044131069569545,-0.8799909285326493,-1.1899551250927942,-1.529519010265929,-1.8948410461889935,-2.282789323909917,-2.6907755724050304] False 56901.52082388852 56901.54165722185
729.6086933380817 840.8915725798939 969.1477682383326 2.4210180774028243e-13 1.0918742365119736e-13 1.6258681572765685e-13 3.924148880661746e-11 3.27105975681888e-08 0.00035393426127584317 2.541494599958528e-09 1.1230631736523983e-09 1.2430442121805296e-09 1.0030821351242668e-09 4.833764102531284e-09 0.0017970873671564436 0.0007941164391701962 0.0008789548679595918 0.0007092780103808003 0.0034179480076861166 15631.61556848306 6907.467672739221 7645.418274644771 6169.517070833668 29730.357168862593 25.114161983101823 -63.87684690769489 [0.0,4172.874333450508,5605.216987829577,7037.5596422086455,8469.902296587716,9902.244950966784,11334.587605345858,12766.930259724919,14199.272914103998,15631.61556848306,17802.110267362063,19972.60496624108,22143.099665120095,24313.594363999106,26484.089062878124,28654.58376175713,30825.078460636152,32995.57315951516,35166.06785839417,37336.56255727317] [-12.557080991550912,-2.6926684737903983,-1.804369203481805,-1.1862944853264779,-0.7485484926846411,-0.4402274367140038,-0.22953809014241955,-0.09522636693092323,-0.022352352359362726,0.0,-0.04459748135597863,-0.16574112781716366,-0.3485679036162921,-0.5821796855171115,-0.8583439160253121,-1.170687505138595,-1.5141746924514408,-1.8847565161013549,-2.279128270259015,-2.6945572861590463] False 56901.52082388852 56901.54165722185
