data/GB6J1040+0617_allsed_2min_min5.ecsv
# %ECSV 1.0
# ---
# datatype:
# - {name: e_min, unit: MeV, datatype: float64}
# - {name: e_ref, unit: MeV, datatype: float64}
# - {name: e_max, unit: MeV, datatype: float64}
# - {name: ref_dnde_e_min, unit: ph / (cm2 MeV s), datatype: float64}
# - {name: ref_dnde_e_max, unit: ph / (cm2 MeV s), datatype: float64}
# - {name: ref_dnde, unit: ph / (cm2 MeV s), datatype: float64}
# - {name: ref_flux, unit: ph / (cm2 s), datatype: float64}
# - {name: ref_eflux, unit: MeV / (cm2 s), datatype: float64}
# - {name: ref_npred, datatype: float64}
# - {name: dnde, unit: ph / (cm2 MeV s), datatype: float64}
# - {name: dnde_err, unit: ph / (cm2 MeV s), datatype: float64}
# - {name: dnde_errp, unit: ph / (cm2 MeV s), datatype: float64}
# - {name: dnde_errn, unit: ph / (cm2 MeV s), datatype: float64}
# - {name: dnde_ul, unit: ph / (cm2 MeV s), datatype: float64}
# - {name: e2dnde, unit: MeV / (cm2 s), datatype: float64}
# - {name: e2dnde_err, unit: MeV / (cm2 s), datatype: float64}
# - {name: e2dnde_errp, unit: MeV / (cm2 s), datatype: float64}
# - {name: e2dnde_errn, unit: MeV / (cm2 s), datatype: float64}
# - {name: e2dnde_ul, unit: MeV / (cm2 s), datatype: float64}
# - {name: norm, datatype: float64}
# - {name: norm_err, datatype: float64}
# - {name: norm_errp, datatype: float64}
# - {name: norm_errn, datatype: float64}
# - {name: norm_ul, datatype: float64}
# - {name: ts, datatype: float64}
# - {name: loglike, datatype: float64}
# - {name: norm_scan, datatype: string, subtype: 'float64[20]'}
# - {name: dloglike_scan, datatype: string, subtype: 'float64[20]'}
# - {name: ShowUL, datatype: bool}
# - {name: tstart, datatype: float64}
# - {name: tend, datatype: float64}
# meta: !!omap
# - {UL_CONF: 0.95}
# - {EXTNAME: SED}
# - {CONFIG: '{"bin_index": 2.0, "use_local_index": true, "free_background": false, "free_radius": null, "free_pars": [], "ul_confidence":
#     0.95, "cov_scale": 3.0, "make_plots": false, "write_fits": true, "write_npy": true, "optimizer": {"optimizer": "MINUIT", "tol":
#     0.001, "max_iter": 100, "init_lambda": 0.0001, "retries": 3, "min_fit_quality": 2, "verbosity": 0}, "prefix": "", "outfile": null,
#     "loge_bins": []}'}
# - {SRCNAME: 4FGL J1040.5+0617}
# - {CREATOR: fermipy 1.2.0}
# - {STVER: 2.2.0}
# schema: astropy-2.0
e_min e_ref e_max ref_dnde_e_min ref_dnde_e_max ref_dnde ref_flux ref_eflux ref_npred dnde dnde_err dnde_errp dnde_errn dnde_ul e2dnde e2dnde_err e2dnde_errp e2dnde_errn e2dnde_ul norm norm_err norm_errp norm_errn norm_ul ts loglike norm_scan dloglike_scan ShowUL tstart tend
100.0 115.25240587974294 132.83117061068992 4.313921093569482e-09 1.1571574485057474e-09 2.2342528786352643e-09 7.639554577054085e-08 8.623679859934561e-06 0.0007443949332843804 5.9758786397682936e-06 4.235012601428498e-06 4.938896029502143e-06 3.531129173354852e-06 1.5824554149857864e-05 0.07937829551478405 0.05625416813987711 0.06560393411232589 0.04690440216742832 0.2101994052117873 2674.665297250731 1895.4938547579925 2210.535824628294 1580.4518848876905 7082.70505150871 19.246240905136204 -19.54494526265555 [0.0,280.90123041597104,580.1217387703164,879.3422471246613,1178.5627554790065,1477.7832638333518,1777.003772187697,2076.2242805420415,2375.444788896387,2674.665297250731,3379.883703367456,4085.102109484181,4790.320515600904,5495.53892171763,6200.757327834355,6905.97573395108,7611.194140067801,8316.412546184529,9021.630952301251,9726.849358417978] [-9.623120452568102,-2.6515058427668308,-1.4657615138024056,-0.8703299178242787,-0.5141127980978588,-0.28841826344264376,-0.14508669307628352,-0.058506333938929345,-0.013419856277948838,0.0,-0.058785934297901576,-0.20595471890714734,-0.4132750379062742,-0.6641974037447262,-0.9481835223311101,-1.2581069995864702,-1.5889229141630743,-1.9369286491762203,-2.2993262487590123,-2.673949770301032] False 56901.4611016663 56901.46249055518
132.83117061068992 153.091119887046 176.4411988580621 1.157157448414414e-09 3.103935680551737e-10 5.993114626093614e-10 2.722001097112306e-08 4.081434993564451e-06 0.0005752912085688185 4.125819197434211e-06 2.073882207017259e-06 2.3353080918723572e-06 1.8124563221621606e-06 8.55740869753001e-06 0.09669637476757678 0.04860535120837607 0.05473236117323701 0.04247834124351514 0.2005590547860835 6884.26545267577 3460.4414172018614 3896.6518038960653 3024.231030507658 14278.733565801718 49.46699638094027 -33.55731257025439 [0.0,1650.7827281587154,2304.968068723347,2959.153409287981,3613.33874985261,4267.5240904172415,4921.709430981874,5575.894771546506,6230.080112111139,6884.26545267577,8035.000817349071,9185.73618202237,10336.47154669567,11487.206911368974,12637.942276042284,13788.677640715585,14939.413005388884,16090.148370062187,17240.88373473549,18391.619099408792] [-24.733498190470137,-2.690951928476508,-1.7358447068477645,-1.1149760402163977,-0.6937664413102809,-0.4054499006885308,-0.2120009523373554,-0.08969046778975098,-0.022710720145610708,0.0,-0.044195962304634406,-0.17117163101175237,-0.36134236048689417,-0.6013442740362791,-0.881650129627765,-1.1952281316912376,-1.5367399831629314,-1.9020372632843774,-2.2878321313410197,-2.691474611021796] False 56901.4611016663 56901.46249055518
176.4411988580621 203.35272664697808 234.36890988269914 3.1039356806570186e-10 8.325934143600739e-11 1.607580917500663e-10 9.698588967218051e-09 1.9316709199780047e-06 0.0003700062499621447 2.5803701571010218e-06 1.0580212858978601e-06 1.1740804386224632e-06 9.419621331732569e-07 4.750331609682845e-06 0.10670432196080673 0.04375164687947991 0.0485509634289852 0.03895233032997462 0.19643728714862482 16051.261426471601 6581.449645115134 7303.398701993979 5859.500588236289 29549.56455360441 68.37547411230018 -51.10380822338083 [0.0,5231.359595642755,6583.84732449636,7936.335053349965,9288.822782203568,10641.310511057178,11993.79823991078,13346.285968764387,14698.77369761799,16051.261426471601,18119.994673684076,20188.72792089657,22257.461168109057,24326.194415321555,26394.92766253403,28463.66090974653,30532.394156959035,32601.127404171508,34669.860651383984,36738.59389859649] [-34.18773705615009,-2.698116670545957,-1.8265003201815446,-1.210983515321601,-0.7708339703032294,-0.45834679757222574,-0.24297248093780865,-0.10396468010745963,-0.026588223534673716,0.0,-0.03946689477986354,-0.15736941870298438,-0.3383994568866413,-0.5713346149209002,-0.847702301091708,-1.1609487966353313,-1.5059002606924494,-1.8784006295707698,-2.2750610144620325,-2.6930817775817317] False 56901.4611016663 56901.46249055518
234.36890988269914 270.1158072739371 311.3149665447022 8.325934143128309e-11 2.2333316953829222e-11 4.312142462340433e-11 3.4556425435108457e-09 9.14225645793809e-07 0.00020270987479987785 6.34121320190128e-07 3.670283443363274e-07 4.179915161236725e-07 3.160651725489823e-07 1.4430796793554625e-06 0.04626710811144303 0.026779323682542794 0.030497726618561673 0.023060920746523914 0.10529077230544306 14705.481688699965 8511.507853502624 9693.360545811047 7329.655161194201 33465.4917354522 35.25797048999137 -25.905732061328177 [0.0,2631.0268560508734,4140.333710132009,5649.640564213142,7158.94741829428,8668.25427237542,10177.561126456549,11686.867980537687,13196.174834618827,14705.481688699965,17667.27423897077,20629.066789241584,23590.859339512386,26552.65188978319,29514.444440053998,32476.236990324785,35438.029540595606,38399.82209086643,41361.614641137225,44323.40719140802] [-17.628985244995686,-2.6993756693294344,-1.652013547337205,-1.0287345967361645,-0.6262347938488375,-0.35948705561267147,-0.184738920537324,-0.07648301457561146,-0.01853987543517377,0.0,-0.0504733701767357,-0.18630302447642677,-0.38451723815831684,-0.6303273659725122,-0.9136504883922356,-1.2273030263179479,-1.5659857237211945,-1.925677279406397,-2.3032538293755316,-2.696240295617507] False 56901.4611016663 56901.46249055518
311.3149665447022 358.7979888064861 413.52331434760555 2.233331695484855e-11 5.990643663559132e-12 1.156680352136322e-11 1.2312580139368896e-09 4.3268681164561097e-07 9.653815391810826e-05 4.786580862812692e-07 2.3866572520252845e-07 2.6778981903273943e-07 2.0954163137231738e-07 9.842018944362772e-07 0.06162052585019582 0.03072487002915934 0.03447418927846056 0.026975550779858117 0.12670221190473083 41382.05385759476 20633.680235142456 23151.583627935503 18115.776842349405 85088.49420831891 46.45905208754448 -34.5017520344828 [0.0,9820.48772731975,13765.683493604141,17710.879259888512,21656.075026172875,25601.27079245725,29546.46655874163,33491.662325026016,37436.85809131039,41382.05385759476,48202.23215302159,55022.41044844838,61842.58874387521,68662.767039302,75482.9453347288,82303.12363015566,89123.3019255825,95943.48022100935,102763.65851643612,109583.83681186294] [-23.22952604377224,-2.6915043958716396,-1.7272033323102889,-1.103211329238313,-0.6816476015900008,-0.39447127900972134,-0.20306046947984413,-0.08336974592187119,-0.019408030178951208,0.0,-0.04884185760667492,-0.1784097208158073,-0.3698011828803729,-0.6100625442363352,-0.8899279997214364,-1.202540267632287,-1.5426819949685395,-1.9062912254173554,-2.290143572787642,-2.691636682168088] False 56901.4611016663 56901.46249055518
413.52331434760555 476.5900816815941 549.2752115212968 5.990643663662531e-12 1.607089613946905e-12 3.1028214922436207e-12 4.386813854208893e-10 2.0477184287370642e-07 4.1925951269146736e-05 7.394930774416426e-08 7.43679639643e-08 9.32277137054112e-08 5.5508214223188806e-08 2.6918805715490643e-07 0.01679670569786064 0.016891798478749505 0.021175566313773587 0.01260803064372542 0.0611428654484824 23832.92365642736 23967.85124448949 30046.10930356781 17889.593185411173 86755.89550601544 12.733329080099043 -8.312343105428168 [0.0,2648.1026284919285,5296.205256983857,7944.307885475788,10592.410513967714,13240.513142459646,15888.615770951576,18536.71839944351,21184.821027935428,23832.92365642736,34179.0764238655,44525.22919130364,54871.38195874174,65217.53472617985,75563.687493618,85909.84026105618,96255.99302849424,106602.14579593235,116948.2985633705,127294.45133080865] [-6.366664540049522,-1.3039838248397704,-0.7246966565017345,-0.43120282350534467,-0.25501883604214015,-0.14318393224393944,-0.07207625933322781,-0.02908529623741174,-0.006679758650316003,0.0,-0.07341808081682011,-0.24285055945554213,-0.4677507493650932,-0.7288302088317575,-1.01538669128273,-1.3208604886861952,-1.6409387942548026,-1.9726338923573454,-2.3137904011003396,-2.6628022063148844] False 56901.4611016663 56901.46249055518
729.6086933380817 840.8915725798939 969.1477682383326 4.3108245999776857e-13 1.1563268513101263e-13 2.2326491520707996e-13 5.5698845479724796e-11 4.5873384275467264e-08 6.766541492069563e-06 3.288877421465888e-08 3.31571214524366e-08 4.15748188125726e-08 2.4739424092300618e-08 1.1996906499683755e-07 0.02325560741438857 0.023445355380419877 0.029397497709069083 0.017493213051770675 0.0848299623217398 147308.29599516018 148510.21900007493 186212.951434898 110807.48656525191 537339.5317646094 10.809217430634984 -9.708737943396425 [0.0,16367.588443906696,32735.17688781339,49102.76533172008,65470.35377562678,81837.94221953348,98205.53066344016,114573.1191073468,130940.70755125357,147308.29599516018,211277.46364553735,275246.6312959146,339215.7989462917,403184.9665966688,467154.13424704596,531123.3018974233,595092.4695478004,659061.6371981774,723030.8048485548,786999.9724989317] [-5.404608715317492,-1.2980220017082686,-0.7230229791970224,-0.43078744118057877,-0.2550984426939067,-0.14345226233177755,-0.07237991714413461,-0.02933653028473948,-0.006823681849526864,0.0,-0.07270791558982559,-0.2413317091409688,-0.4653803988890388,-0.7255859124325799,-1.011255220135741,-1.3158333921189644,-1.6350103459132725,-1.9658000328156184,-2.306048148101393,-2.6541493046374143] False 56901.4611016663 56901.46249055518
100.0 115.25240587974294 132.83117061068992 9.999999999999997e-09 2.41824333793041e-09 4.917563764640373e-09 1.696973374309948e-07 1.9110859420172782e-05 0.0021932253673895004 5.3795662197865196e-05 1.091916804946586e-05 1.1610194754345896e-05 1.0228141344585825e-05 7.386814066077496e-05 0.7145740783519681 0.14504058741053952 0.1542195760237858 0.13586159879729326 0.9811991594805849 10939.494589715672 2220.442595575452 2360.964760198684 2079.92043095222 15021.287815711124 361.128806170561 -166.4712748063621 [0.0,6534.486381197636,7085.112407262391,7635.7384333271475,8186.364459391898,8736.990485456658,9287.616511521412,9838.242537586162,10388.868563650916,10939.494589715672,11542.751478260998,12146.008366806318,12749.26525535164,13352.522143896958,13955.779032442279,14559.035920987608,15162.292809532935,15765.549698078248,16368.806586623565,16972.06347516889] [-180.5644030852805,-2.701367266151692,-1.968199627907694,-1.3803057282676718,-0.9174438734959267,-0.5633287879822149,-0.3046632938731477,-0.13044922816922622,-0.031486214558526626,0.0,-0.03513953120182123,-0.13588919349618322,-0.2958871452287326,-0.5096542227670398,-0.7724378429082321,-1.0800889556592779,-1.4289639901671194,-1.8158459389898383,-2.237880266071386,-2.6925224176348763] False 56901.46249055518 56901.46387944407
132.83117061068992 153.091119887046 176.4411988580621 2.4182433378349752e-09 5.847900841246485e-10 1.1891865812253314e-09 5.450985518240882e-08 8.154178567894998e-06 0.0014971379435475083 2.9376038474103e-05 4.765317071104425e-06 5.0716099263683125e-06 4.459024215840538e-06 3.8079534950511825e-05 0.6884830113847743 0.11168421672001598 0.11886276897932165 0.10450566446071033 0.8924659095191589 24702.631982135295 4007.207234203962 4264.772245531524 3749.6422228764 32021.497342557363 565.9892691758697 -242.51288600774632 [0.0,16443.136835390804,17475.57372873386,18508.010622076927,19540.447515419983,20572.88440876305,21605.32130210611,22637.758195449172,23670.195088792236,24702.631982135295,25768.058092701038,26833.484203266806,27898.910313832537,28964.336424398305,30029.762534964062,31095.188645529808,32160.614756095543,33226.04086666131,34291.46697722706,35356.8930877928] [-282.99463458793485,-2.688843108136467,-1.982208743596118,-1.4048508816244691,-0.9427315337501057,-0.5839819902232932,-0.31847767421547246,-0.13751230194492337,-0.033544751495441005,0.0,-0.03311242222525834,-0.12950238756764065,-0.2842419883585876,-0.4929574672665922,-0.7517491238044158,-1.0571251879000556,-1.4059468359986624,-1.7953821698914396,-2.2228674603046272,-2.6860743211099134] False 56901.46249055518 56901.46387944407
176.4411988580621 203.35272664697808 234.36890988269914 5.847900841444785e-10 1.41416472507015e-10 2.875742527709881e-10 1.75095517537893e-08 3.479206594542952e-06 0.0008437274102480897 1.1242287308777394e-05 1.928593679975719e-06 2.0579402904178495e-06 1.7992470695335884e-06 1.4785159187358799e-05 0.46489479087736557 0.07975184505734054 0.08510062896230638 0.0744030611523747 0.6114008030313567 39093.51132950789 6706.4198598876965 7156.2049473765155 6256.634772398878 51413.362096547186 471.9153701326263 -227.30333966887974 [0.0,25342.999606063004,27061.813571493618,28780.627536924232,30499.441502354854,32218.25546778546,33937.06943321605,35655.88339864667,37374.69736407729,39093.51132950789,40890.65382742781,42687.796325347765,44484.938823267694,46282.081321187616,48079.22381910755,49876.36631702748,51673.5088149474,53470.65131286733,55267.79381078729,57064.93630870721] [-235.95768506631316,-2.6950164487934103,-1.9810451505003925,-1.4003106267763599,-0.9373546468052041,-0.5792623257867433,-0.3151330716438281,-0.13568232163311222,-0.032937090190245044,0.0,-0.033702532823724596,-0.13115981620785533,-0.2871139945089851,-0.4969319588238932,-0.7565101285031233,-1.0621967092609736,-1.410727714561915,-1.7991739260497752,-2.2248966226100606,-2.6855103940165463] False 56901.46249055518 56901.46387944407
234.36890988269914 270.1158072739371 311.3149665447022 1.4141647249899205e-10 3.419794424981034e-11 6.954245208881691e-11 5.624384830326142e-09 1.484500054253572e-06 0.0004064169631093923 6.669392074969484e-06 1.054499924296231e-06 1.121073234680726e-06 9.879266139117363e-07 8.591225185730761e-06 0.48661584833276883 0.07693900275469992 0.08179636119830587 0.07208164431109397 0.6268376914984941 95903.89574488392 15163.39865251609 16120.70326839978 14206.094036632401 123539.2904287928 614.3337467418608 -244.85822564463828 [0.0,64564.04923245204,68481.530046506,72399.01086056,76316.49167461402,80233.97248866799,84151.45330272196,88068.93411677597,91986.41493082997,95903.89574488392,99923.144616357,103942.39348783021,107961.64235930325,111980.89123077641,116000.14010224948,120019.38897372255,124038.63784519573,128057.88671666884,132077.13558814191,136096.38445961507] [-307.1668733709304,-2.6905749072683705,-1.9861016933581652,-1.4093811108548948,-0.9469460711372619,-0.587352745583587,-0.320794528926001,-0.13880389540105398,-0.03401917623577333,0.0,-0.03270821260824164,-0.12853928421009186,-0.2827033114992048,-0.4909357230144735,-0.7494231599426939,-1.0547419846409127,-1.4038069200552457,-1.7938278808501877,-2.2222734767586303,-2.686839987652405] False 56901.46249055518 56901.46387944407
311.3149665447022 358.7979888064861 413.52331434760555 3.419794425137093e-11 8.269895085679336e-12 1.681705714757332e-11 1.8066541718328237e-09 6.334031485121907e-07 0.00017135288166257676 2.6482120858395503e-06 5.008220597399105e-07 5.371501544991117e-07 4.644939649807093e-07 3.5797389724990647e-06 0.3409202225330977 0.06447382706581284 0.06915056055545098 0.05979709357617467 0.4608412648067363 157471.7896598029 29780.60045494812 31940.793789632913 27620.40712026332 212863.57898924168 394.4928133725428 -187.2545622738668 [0.0,97093.04308601556,104640.38640773892,112187.7297294624,119735.0730511858,127282.41637290917,134829.7596946326,142377.10301635606,149924.4463380795,157471.7896598029,165598.35961817284,173724.9295765427,181851.49953491276,189978.06949328267,198104.63945165265,206231.20941002274,214357.7793683926,222484.34932676272,230610.91928513255,238737.4892435025] [-197.2464066862714,-2.702568340773041,-1.976102112941561,-1.3902623067132822,-0.9267345151522761,-0.5705643974356178,-0.30938289150279275,-0.13284262658507373,-0.032200007431157474,0.0,-0.03452385722468421,-0.13409050358836794,-0.2927530490077572,-0.5053446628379277,-0.7673478417908939,-1.0747899672051346,-1.4241590522514684,-1.8123351693654968,-2.2365341813309385,-2.694261218425595] False 56901.46249055518 56901.46387944407
