data/GB6J1040+0617_allsed_30min_min11.ecsv
# %ECSV 1.0
# ---
# datatype:
# - {name: e_min, unit: MeV, datatype: float64}
# - {name: e_ref, unit: MeV, datatype: float64}
# - {name: e_max, unit: MeV, datatype: float64}
# - {name: ref_dnde_e_min, unit: ph / (cm2 MeV s), datatype: float64}
# - {name: ref_dnde_e_max, unit: ph / (cm2 MeV s), datatype: float64}
# - {name: ref_dnde, unit: ph / (cm2 MeV s), datatype: float64}
# - {name: ref_flux, unit: ph / (cm2 s), datatype: float64}
# - {name: ref_eflux, unit: MeV / (cm2 s), datatype: float64}
# - {name: ref_npred, datatype: float64}
# - {name: dnde, unit: ph / (cm2 MeV s), datatype: float64}
# - {name: dnde_err, unit: ph / (cm2 MeV s), datatype: float64}
# - {name: dnde_errp, unit: ph / (cm2 MeV s), datatype: float64}
# - {name: dnde_errn, unit: ph / (cm2 MeV s), datatype: float64}
# - {name: dnde_ul, unit: ph / (cm2 MeV s), datatype: float64}
# - {name: e2dnde, unit: MeV / (cm2 s), datatype: float64}
# - {name: e2dnde_err, unit: MeV / (cm2 s), datatype: float64}
# - {name: e2dnde_errp, unit: MeV / (cm2 s), datatype: float64}
# - {name: e2dnde_errn, unit: MeV / (cm2 s), datatype: float64}
# - {name: e2dnde_ul, unit: MeV / (cm2 s), datatype: float64}
# - {name: norm, datatype: float64}
# - {name: norm_err, datatype: float64}
# - {name: norm_errp, datatype: float64}
# - {name: norm_errn, datatype: float64}
# - {name: norm_ul, datatype: float64}
# - {name: ts, datatype: float64}
# - {name: loglike, datatype: float64}
# - {name: norm_scan, datatype: string, subtype: 'float64[20]'}
# - {name: dloglike_scan, datatype: string, subtype: 'float64[20]'}
# - {name: ShowUL, datatype: bool}
# - {name: tstart, datatype: float64}
# - {name: tend, datatype: float64}
# meta: !!omap
# - {UL_CONF: 0.95}
# - {EXTNAME: SED}
# - {CONFIG: '{"bin_index": 2.0, "use_local_index": true, "free_background": false, "free_radius": null, "free_pars": [], "ul_confidence":
#     0.95, "cov_scale": 3.0, "make_plots": false, "write_fits": true, "write_npy": true, "optimizer": {"optimizer": "MINUIT", "tol":
#     0.001, "max_iter": 100, "init_lambda": 0.0001, "retries": 3, "min_fit_quality": 2, "verbosity": 0}, "prefix": "", "outfile": null,
#     "loge_bins": []}'}
# - {SRCNAME: 4FGL J1040.5+0617}
# - {CREATOR: fermipy 1.2.0}
# - {STVER: 2.2.0}
# schema: astropy-2.0
e_min e_ref e_max ref_dnde_e_min ref_dnde_e_max ref_dnde ref_flux ref_eflux ref_npred dnde dnde_err dnde_errp dnde_errn dnde_ul e2dnde e2dnde_err e2dnde_errp e2dnde_errn e2dnde_ul norm norm_err norm_errp norm_errn norm_ul ts loglike norm_scan dloglike_scan ShowUL tstart tend
100.0 115.25240587974294 132.83117061068992 9.999999999999997e-09 2.41824333793041e-09 4.917563764640373e-09 1.696973374309948e-07 1.9110859420172782e-05 0.025210127390317225 4.892705354628922e-05 3.072185074345739e-06 3.164027334058475e-06 2.9803428146330023e-06 5.421166931504663e-05 0.6499037797085511 0.04080819397580343 0.0420281454627208 0.03958824248888605 0.7200999495877268 9949.44974544063 624.7372116323562 643.413585566361 606.0608376983513 11024.090771299067 3681.4344120618184 -1166.0814566776805 [0.0,8562.22637806165,8735.629298984024,8909.032219906396,9082.435140828766,9255.838061751138,9429.240982673515,9602.643903595887,9776.046824518258,9949.44974544063,10102.968281044752,10256.486816648874,10410.005352252996,10563.523887857118,10717.042423461233,10870.560959065357,11024.079494669479,11177.598030273599,11331.116565877724,11484.635101481845] [-1840.7172060309092,-2.704419531354006,-2.0452831197662817,-1.484995095775048,-1.0197456076705294,-0.6459409068590958,-0.3601873068973873,-0.15927660381817077,-0.04017280085759012,0.0,-0.028115113100966482,-0.11415654252255081,-0.2564035233683626,-0.4532108457110553,-0.7030044950549836,-1.0042776027614764,-1.3555866803699246,-1.7555481142526332,-2.2028348993073905,-2.696173592386458] False 56901.45832388852 56901.47915722185
132.83117061068992 153.091119887046 176.4411988580621 2.4182433378349798e-09 5.847900841246494e-10 1.1891865812253332e-09 5.4509855182408916e-08 8.154178567895014e-06 0.017348569245271072 2.7270415624570782e-05 1.3606808448261497e-06 1.3936666254514195e-06 1.3276950642008803e-06 2.9587414675974653e-05 0.6391337581978774 0.03189012863001745 0.03266321277469488 0.031117044485340032 0.6934370123855548 22931.990702814226 1144.2114015650172 1171.9495051948793 1116.4732979351554 24880.38054170431 5981.200447977686 -1683.0529356752766 [0.0,20362.740302840444,20683.89660283716,21005.05290283389,21326.20920283062,21647.36550282734,21968.521802824063,22289.67810282078,22610.83440281751,22931.990702814226,23209.90201121233,23487.813319610417,23765.72462800851,24043.63593640661,24321.547244804697,24599.45855320278,24877.36986160088,25155.28116999897,25433.19247839706,25711.10378679516] [-2990.600223988843,-2.7059455274738866,-2.051318343976618,-1.4925946421824392,-1.0268647538446203,-0.6513494514599643,-0.36339226602808594,-0.16045236216905323,-0.04009792276133339,0.0,-0.028352423338901644,-0.11373967010172237,-0.25482030609987305,-0.4502996725336743,-0.6989277362297344,-0.9994970619814012,-1.3508408987586336,-1.7518313722025596,-2.2013777763957023,-2.6984249584395457] False 56901.45832388852 56901.47915722185
176.4411988580621 203.35272664697808 234.36890988269914 5.847900841444793e-10 1.414164725070152e-10 2.875742527709885e-10 1.7509551753789316e-08 3.4792065945429567e-06 0.009850788410444643 1.706409604250892e-05 7.033325875543507e-07 7.180577738278664e-07 6.88607401280835e-07 1.826329971195864e-05 0.7056401551844156 0.02908444226941529 0.0296933630526363 0.02847552148619428 0.7552300227812815 59338.052270270586 2445.742554408909 2496.9473689276906 2394.5377398901273 63508.1184632434 9285.939955264614 -2172.6191480999123 [0.0,53837.65759414463,54525.20692866036,55212.75626317612,55900.30559769187,56587.854932207585,57275.404266723344,57962.953601239125,58650.50293575486,59338.052270270586,59930.79037721091,60523.528484151204,61116.26659109154,61709.00469803185,62301.742804972164,62894.48091191248,63487.21901885276,64079.957125793066,64672.695232733415,65265.43333967374] [-4642.969977632307,-2.7121952264160427,-2.063119697370439,-1.5070293894445967,-1.0416231971830712,-0.6646843903731678,-0.3740765387237843,-0.1677396796640096,-0.043686712049748166,0.0,-0.025425088843803678,-0.10805469637125498,-0.24677400716200282,-0.440500480251103,-0.6881826152107351,-0.9887987766437618,-1.341356073804036,-1.744889292262087,-2.1984598747521886,-2.7011549485000614] False 56901.45832388852 56901.47915722185
234.36890988269914 270.1158072739371 311.3149665447022 1.4141647249899186e-10 3.41979442498103e-11 6.954245208881683e-11 5.624384830326137e-09 1.48450005425357e-06 0.0047708390246721105 8.10269297576554e-06 3.4233473107158125e-07 3.4937492392247487e-07 3.3529453822068764e-07 8.68181742303067e-06 0.5911931360250936 0.02497761470634938 0.025491285124590545 0.024463944288108212 0.633447532082242 116514.34098724482 4922.672709819968 5023.908611624267 4821.436808015669 124841.98014678288 8825.764362994398 -2073.0784810508667 [0.0,105382.35951760877,106773.85720131327,108165.3548850178,109556.85256872227,110948.35025242672,112339.84793613126,113731.34561983579,115122.84330354027,116514.34098724482,117701.26943116459,118888.19787508438,120075.12631900418,121262.05476292399,122448.98320684383,123635.9116507636,124822.84009468337,126009.76853860325,127196.69698252305,128383.62542644286] [-4412.882181497199,-2.7113602925142004,-2.058184493981571,-1.4994018836864598,-1.0325997949039447,-0.6554568956494222,-0.3657386359368502,-0.16129297522411434,-0.04004636959962227,0.0,-0.02856177165040208,-0.11364282825252303,-0.2541204569574802,-0.44890506895899307,-0.6969389091354969,-0.9971948279194294,-1.3486751118298343,-1.750410369331803,-2.2014584689154617,-2.7009035264850354] False 56901.45832388852 56901.47915722185
311.3149665447022 358.7979888064861 413.52331434760555 3.419794425137093e-11 8.269895085679336e-12 1.681705714757332e-11 1.8066541718328237e-09 6.334031485121907e-07 0.0020169450856212107 3.3909130029216815e-06 1.6742411072873834e-07 1.7149865290886087e-07 1.633495685486158e-07 3.6769962159037317e-06 0.43653256539683194 0.0215535097782594 0.02207805002720532 0.02102896952931348 0.4733617729796923 201635.33804789293 9955.612879206838 10197.89915702391 9713.326601389765 218646.82884985724 6262.48312677374 -1661.4757731213645 [0.0,179343.74941246325,182130.19799189208,184916.64657132074,187703.09515074943,190489.54373017812,193275.9923096069,196062.44088903553,198848.88946846433,201635.33804789293,204058.495758893,206481.65346989303,208904.81118089304,211327.968891893,213751.12660289297,216174.28431389295,218597.442024893,221020.599735893,223443.75744689303,225866.91515789303] [-3131.24156338687,-2.70642128812392,-2.053755395974804,-1.496301502109418,-1.0312123995715865,-0.6557667160132041,-0.36736160606960766,-0.16350596662414318,-0.041814130695911444,0.0,-0.026865903520501888,-0.11109306350795123,-0.251343359768498,-0.44632495616792767,-0.6947901903865841,-0.9955335825886777,-1.3473899550513124,-1.7492326554156534,-2.1999718767863214,-2.6985530684046353] False 56901.45832388852 56901.47915722185
413.52331434760555 476.5900816815941 549.2752115212968 8.269895085679336e-12 2.000092125493533e-12 4.067007750118627e-12 5.803047121391051e-10 2.702451381131754e-07 0.0007805822684641833 1.102469504128176e-06 7.54009616344291e-08 7.792342355297387e-08 7.287849971588433e-08 1.2337719592876666e-06 0.2504128350433229 0.017126431613000894 0.017699378835528492 0.0165534843904733 0.28023662601578875 271076.3224132089 18539.66509708023 19159.890597872844 17919.439596287615 303361.1035660504 3090.5919100372575 -990.491165884951 [0.0,230370.4729554472,235458.70413766732,240546.93531988753,245635.16650210787,250723.3976843279,255811.6288665484,260899.86004876846,265988.0912309887,271076.3224132089,275679.52352072863,280282.72462824814,284885.9257357679,289489.12684328743,294092.3279508073,298695.5290583268,303298.7301658465,307901.9312733661,312505.1323808857,317108.3334884054] [-1545.2959550186288,-2.7039446458661587,-2.046607924343334,-1.4881940680443222,-1.0245634807340593,-0.6518310925263222,-0.36634591192296284,-0.164672590908026,-0.04357476986263009,0.0,-0.024962032405369428,-0.10898867885168784,-0.2501563454144389,-0.4466339048088912,-0.6966768632698859,-0.9986219802657388,-1.3508822995070204,-1.7519425540856446,-2.200354912445391,-2.6947350352844524] False 56901.45832388852 56901.47915722185
549.2752115212968 633.0528961793416 729.6086933380817 2.0000921254232412e-12 4.836709457632368e-13 9.835580562005766e-13 1.8642966888581778e-10 1.1532148277813055e-07 0.00028459384141311245 3.2373408811994236e-07 3.3220843164235695e-08 3.478937766358546e-08 3.165230866488594e-08 3.828870424862792e-07 0.12973836829972382 0.013313451205274765 0.013942050769037932 0.012684851641511601 0.15344426786737522 329145.8862840359 33776.18937164293 35370.94474928573 32181.43399400015 389287.6887871245 1252.7331799707063 -520.5025584374598 [0.0,256899.76669331582,265930.5316421559,274961.296590996,283992.0615398359,293022.82648867596,302053.5914375159,311084.356386356,320115.1213351959,329145.8862840359,337772.7686700554,346399.6510560748,355026.5334420941,363653.41582811356,372280.2982141331,380907.18060015235,389534.06298617186,398160.9453721912,406787.8277582107,415414.71014423] [-626.3665899853531,-2.704187479507709,-2.0312525031310997,-1.466482528487063,-1.0028945487559895,-0.6341606894500273,-0.354528736169641,-0.15875435922760062,-0.042043028191642406,0.0,-0.025852680577713727,-0.11290925776518179,-0.25816141913833235,-0.45881734116005646,-0.7122814024063473,-1.0161362187991472,-1.3681266890380357,-1.7661457862084262,-2.208221871132878,-2.692507335981759] False 56901.45832388852 56901.47915722185
729.6086933380817 840.8915725798939 969.1477682383326 4.836709457721805e-13 1.1696340423640763e-13 2.3784827169386265e-13 5.988458279417007e-11 4.9205111223615734e-08 0.00010113635162382895 1.1738121240645311e-07 1.6435079032546798e-08 1.738437305064136e-08 1.5485785014452236e-08 1.4702925313653227e-07 0.08300009528274672 0.011621221980203912 0.012292466486355038 0.010949977474052786 0.10396418446784055 493512.9928441774 69099.0054941437 73090.18025162273 65107.83073666466 618164.0593368505 636.6577983125424 -305.74629693978636 [0.0,348683.2191283745,366786.94084285,384890.6625573252,402994.3842718005,421098.1059862759,439201.8277007513,457305.54941522644,475409.271129702,493512.9928441774,511578.96887134545,529644.9448985135,547710.9209256817,565776.8969528498,583842.8729800179,601908.849007186,619974.8250343541,638040.8010615224,656106.7770886905,674172.7531158583] [-318.3288991562712,-2.6980138778002924,-2.002076593140373,-1.4277225211121163,-0.9637866094412857,-0.6005744706868086,-0.32961492006620574,-0.1434624682304957,-0.03553813589138599,0.0,-0.03150452193705178,-0.12526506155853667,-0.2771089220790941,-0.4832693512274773,-0.7403345340323426,-1.0452043535912026,-1.395053542080234,-1.787300121182227,-2.2195782461894282,-2.689714736393398] False 56901.45832388852 56901.47915722185
969.1477682383326 1116.9661194245136 1287.3303254983532 1.1696340423633597e-13 2.8284597307775107e-14 5.751749984631857e-14 1.9236011509157498e-11 2.099472632625629e-08 3.5263648446089146e-05 2.925950603597936e-08 6.856724023433486e-09 7.352500111374369e-09 6.360947935492603e-09 4.2107363260461686e-08 0.03650454923134266 0.008554540167949888 0.009173077015007589 0.007936003320892187 0.052533706934540306 508706.1522868349 119211.09300219963 127830.66251174978 110591.52349264947 732079.165001411 192.87472248599448 -132.62696879721005 [0.0,277820.3380142642,306681.06479833554,335541.79158240685,364402.5183664782,393263.2451505496,422123.9719346208,450984.69871869223,479845.4255027637,508706.1522868349,541949.3656419957,575192.5789971567,608435.7923523176,641679.0057074783,674922.2190626389,708165.4324177998,741408.6457729609,774651.8591281214,807895.0724832828,841138.2858384434] [-96.43736124299724,-2.699590769971394,-1.9479699778011366,-1.3548173294631738,-0.8940651173268463,-0.545591924556561,-0.2935411539262134,-0.12519487384909667,-0.03019647226059874,0.0,-0.03629567791415411,-0.14004789013887375,-0.30369227478564653,-0.5208695764754907,-0.7861825149748256,-1.0950110362923624,-1.4433698911912245,-1.8277974120950944,-2.245267630352828,-2.6931200922058167] False 56901.45832388852 56901.47915722185
1287.3303254983532 1483.6791717563765 1709.9759409858673 2.8284597308054455e-14 6.839903900738614e-15 1.3909131082069202e-14 6.178954941692179e-12 8.957982668088602e-09 1.2106664215298657e-05 6.674298519297523e-09 2.7914623749282497e-09 3.1353556679659932e-09 2.4475690818905065e-09 1.2550686649556384e-08 0.014692159258201706 0.006144856969933737 0.006901870611821266 0.00538784332804621 0.027627875277367177 479850.1416024201 200692.79370922255 225417.07670063598 175968.51071780914 902334.3424907369 58.610493107967415 -49.275972822597936 [0.0,159359.48267865778,199420.815044128,239482.14740959834,279543.47977506847,319604.81214053865,359666.1445060091,399727.47687147924,439788.80923694966,479850.1416024201,544093.9775099149,608337.8134174101,672581.649324905,736825.4852324,801069.321139895,865313.1570473902,929556.9929548856,993800.8288623806,1058044.6647698758,1122288.5006773705] [-29.305246553983707,-2.6956400304354844,-1.846567056210631,-1.2408372666499616,-0.8032232902894378,-0.488755941665417,-0.2683989963812792,-0.12231116947960885,-0.036331795016820934,0.0,-0.02613878930172575,-0.1360419222495679,-0.31289757086418035,-0.5444967882704503,-0.8216928558170125,-1.1374557470538065,-1.486265528551172,-1.8637086062572052,-2.2662004979030144,-2.6907903447735038] False 56901.45832388852 56901.47915722185
1709.9759409858673 1970.7884119509856 2271.3810595726877 6.839903900523384e-15 1.6540552039524901e-15 3.363566357483613e-15 1.9847921255245812e-12 3.822171922195316e-09 4.0207605919787e-06 3.24230995304776e-09 1.663708402103898e-09 1.874291396188749e-09 1.4531254080190473e-09 6.803001479886997e-09 0.012593154439289714 0.006461855020968652 0.007279760836637441 0.005643949205299864 0.0264229051286114 963950.0483865675 494626.30591553706 557233.3639318964 432019.2478991778 2022556.0482108435 26.155624780820744 -40.52811681141411 [0.0,216148.86829366157,309624.0158052747,403099.16331688827,496574.3108285014,590049.4583401146,683524.6058517279,776999.7533633413,870474.9008749542,963950.0483865675,1128673.9143790742,1293397.780371581,1458121.646364088,1622845.5123565947,1787569.3783491019,1952293.2443416081,2117017.1103341156,2281740.976326622,2446464.842319129,2611188.7083116355] [-13.077812390410372,-2.6940551803456714,-1.7376458576174514,-1.116416126415558,-0.695016901168735,-0.4065172257858549,-0.21285367480292905,-0.09029148714585489,-0.02302589468050087,0.0,-0.04374539721032278,-0.1704740570262473,-0.3605293045011422,-0.6005055498467158,-0.8808497520639449,-1.194513314920144,-1.5361465365305733,-1.9015929849677562,-2.2875590287326446,-2.691390402608789] False 56901.45832388852 56901.47915722185
100.0 115.25240587974294 132.83117061068992 6.378930641145227e-11 2.8768847654489106e-11 4.2838590524626163e-11 1.417115746391624e-09 1.6190427857253722e-07 0.004066873189419212 2.4502773626565273e-07 5.151416246419403e-08 5.568972908700542e-08 4.733859584138265e-08 3.3947641493859454e-07 0.0032547321040254083 0.0006842686503148162 0.0007397331905619124 0.0006288041100677201 0.004509304959101386 5719.789873217149 1202.5176793475648 1299.9897616844246 1105.045597010705 7924.5467878651 135.71587999724375 -166.2327861767398 [0.0,3344.326514490693,3641.259434331501,3938.1923541723086,4235.125274013113,4532.058193853921,4828.991113694729,5125.924033535533,5422.856953376342,5719.789873217149,6045.104708131709,6370.419543046262,6695.734377960821,7021.049212875379,7346.36404778994,7671.678882704496,7996.993717619056,8322.308552533612,8647.623387448168,8972.938222362725] [-67.85793999862187,-2.7035472195202885,-1.9695436830155018,-1.3810947851125093,-0.9178709483848309,-0.5635284239330645,-0.3047302571241062,-0.13045071368239292,-0.031469999380448144,0.0,-0.03518445191269848,-0.13599830410419145,-0.29607296101562497,-0.5099244109265726,-0.7727965762805411,-1.0805378847099405,-1.4295029473363456,-1.8164734531001443,-2.2385939404380224,-2.693319209407804] False 56901.52082388852 56901.54165722185
