data/GB6J1040+0617_allsed_2h_min5.ecsv
# %ECSV 1.0
# ---
# datatype:
# - {name: e_min, unit: MeV, datatype: float64}
# - {name: e_ref, unit: MeV, datatype: float64}
# - {name: e_max, unit: MeV, datatype: float64}
# - {name: ref_dnde_e_min, unit: ph / (cm2 MeV s), datatype: float64}
# - {name: ref_dnde_e_max, unit: ph / (cm2 MeV s), datatype: float64}
# - {name: ref_dnde, unit: ph / (cm2 MeV s), datatype: float64}
# - {name: ref_flux, unit: ph / (cm2 s), datatype: float64}
# - {name: ref_eflux, unit: MeV / (cm2 s), datatype: float64}
# - {name: ref_npred, datatype: float64}
# - {name: dnde, unit: ph / (cm2 MeV s), datatype: float64}
# - {name: dnde_err, unit: ph / (cm2 MeV s), datatype: float64}
# - {name: dnde_errp, unit: ph / (cm2 MeV s), datatype: float64}
# - {name: dnde_errn, unit: ph / (cm2 MeV s), datatype: float64}
# - {name: dnde_ul, unit: ph / (cm2 MeV s), datatype: float64}
# - {name: e2dnde, unit: MeV / (cm2 s), datatype: float64}
# - {name: e2dnde_err, unit: MeV / (cm2 s), datatype: float64}
# - {name: e2dnde_errp, unit: MeV / (cm2 s), datatype: float64}
# - {name: e2dnde_errn, unit: MeV / (cm2 s), datatype: float64}
# - {name: e2dnde_ul, unit: MeV / (cm2 s), datatype: float64}
# - {name: norm, datatype: float64}
# - {name: norm_err, datatype: float64}
# - {name: norm_errp, datatype: float64}
# - {name: norm_errn, datatype: float64}
# - {name: norm_ul, datatype: float64}
# - {name: ts, datatype: float64}
# - {name: loglike, datatype: float64}
# - {name: norm_scan, datatype: string, subtype: 'float64[20]'}
# - {name: dloglike_scan, datatype: string, subtype: 'float64[20]'}
# - {name: ShowUL, datatype: bool}
# - {name: tstart, datatype: float64}
# - {name: tend, datatype: float64}
# meta: !!omap
# - {UL_CONF: 0.95}
# - {EXTNAME: SED}
# - {CONFIG: '{"bin_index": 2.0, "use_local_index": true, "free_background": false, "free_radius": null, "free_pars": [], "ul_confidence":
#     0.95, "cov_scale": 3.0, "make_plots": false, "write_fits": true, "write_npy": true, "optimizer": {"optimizer": "MINUIT", "tol":
#     0.001, "max_iter": 100, "init_lambda": 0.0001, "retries": 3, "min_fit_quality": 2, "verbosity": 0}, "prefix": "", "outfile": null,
#     "loge_bins": []}'}
# - {SRCNAME: 4FGL J1040.5+0617}
# - {CREATOR: fermipy 1.2.0}
# - {STVER: 2.2.0}
# schema: astropy-2.0
e_min e_ref e_max ref_dnde_e_min ref_dnde_e_max ref_dnde ref_flux ref_eflux ref_npred dnde dnde_err dnde_errp dnde_errn dnde_ul e2dnde e2dnde_err e2dnde_errp e2dnde_errn e2dnde_ul norm norm_err norm_errp norm_errn norm_ul ts loglike norm_scan dloglike_scan ShowUL tstart tend
[from data line 13]
176.4411988580621 203.35272664697808 234.36890988269914 1.2672623930838903e-11 5.737404086656665e-12 8.526896523909385e-12 4.976112777282599e-10 1.0031885271594293e-07 0.0026212307324532357 8.242818797710569e-08 1.6563928780746646e-08 1.7841819955328585e-08 1.5286037606164707e-08 1.1275635806127844e-07 0.003408597748796023 0.0006849570728032052 0.0007378008521920731 0.0006321132934143374 0.004662738289926526 9666.845111345894 1942.550696411227 2092.4166143332677 1792.684778489186 13223.6104595746 165.28624448369493 -174.01723775715945 [0.0,5815.919363878068,6297.285082311544,6778.650800745023,7260.016519178501,7741.382237611977,8222.747956045456,8704.113674478936,9185.47939291241,9666.845111345894,10190.283380249706,10713.72164915352,11237.159918057336,11760.59818696115,12284.036455864962,12807.474724768785,13330.912993672591,13854.3512625764,14377.78953148022,14901.227800384027] [-82.64312224184746,-2.70333055198185,-1.9760064133903654,-1.3902344366157422,-0.9271841538755154,-0.5715518180989534,-0.31073073564701303,-0.13421220206404882,-0.03314412693643476,0.0,-0.033533424455555405,-0.1326404988545562,-0.29119317037125825,-0.503884457902501,-0.7660879797287521,-1.073746301103995,-1.4232812835970208,-1.8115214290907886,-2.235642492575977,-2.693118557534916] False 56901.49999055518 56901.58332388852
234.36890988269914 270.1158072739371 311.3149665447022 5.737404086331139e-12 2.597552474667597e-12 3.86046735287549e-12 2.9925340859283867e-10 8.013669884057701e-08 0.0018664263567241615 5.637214279834538e-08 1.0819097419896114e-08 1.1490264949240544e-08 1.0147929890551685e-08 7.619662602321534e-08 0.004113055250283562 0.0007893889293053306 0.0008383590232800266 0.0007404188353306347 0.005559500085703287 14602.414072056921 2802.5356597919294 2976.392208234052 2628.679111349807 19737.668799727027 179.01891647038923 -190.5012822066511 [0.0,8943.730194868527,9651.065679517078,10358.401164165622,11065.736648814176,11773.072133462727,12480.407618111278,13187.743102759823,13895.07858740837,14602.414072056921,15359.662948144469,16116.911824232026,16874.16070031956,17631.409576407117,18388.65845249467,19145.907328582205,19903.156204669747,20660.4050807573,21417.65395684485,22174.90283293239] [-89.50945823519461,-2.703221325625691,-1.9781310359940392,-1.3926172251005653,-0.9288108953041103,-0.5720733244146459,-0.3102607261262733,-0.1331871058238221,-0.03222442997875419,0.0,-0.03450093273980315,-0.13378915045689155,-0.2920439650247886,-0.5041960202630946,-0.7658032264720589,-1.0729513037630625,-1.422173297019384,-1.8103838771774292,-2.2348252830111903,-2.6930225120274827] False 56901.49999055518 56901.58332388852
311.3149665447022 358.7979888064861 413.52331434760555 2.5975524747861372e-12 1.1760159747087637e-12 1.7477880894126646e-12 1.7996497782871363e-10 6.40147921139936e-08 0.0012875412372429767 1.978074641999723e-08 5.249028519303252e-09 5.756380663513088e-09 4.741676375093416e-09 2.9669450558091904e-08 0.0025464941072641926 0.0006757389185149513 0.0007410534025140026 0.0006104244345159001 0.0038195262912610523 11317.588522212924 3003.240811114099 3293.523224229941 2712.9583979982567 16975.42782092203 85.93867153998784 -110.47513210081102 [0.0,5651.357009419704,6359.635948518858,7067.914887618008,7776.1938267171645,8484.472765816314,9192.751704915463,9901.030644014621,10609.309583113767,11317.588522212924,12161.68638156938,13005.784240925846,13849.8821002823,14693.979959638758,15538.07781899521,16382.175678351676,17226.27353770814,18070.3713970646,18914.46925642106,19758.567115777518] [-42.96933576999392,-2.701840879144541,-1.9343879177290546,-1.3364057526058843,-0.8767706640430077,-0.5322231944716975,-0.28492152897847234,-0.12087855539492409,-0.028925095714143367,0.0,-0.03757573354589283,-0.1438006675854666,-0.3102375227960721,-0.5299153131896901,-0.7970080164225664,-1.106596733197108,-1.4544905803624175,-1.8370897257067753,-2.2512791967028676,-2.694345520157057] False 56901.49999055518 56901.58332388852
413.52331434760555 476.5900816815941 549.2752115212968 1.1760159747290674e-12 5.324637226840067e-13 7.913190531259194e-13 1.0822058182804792e-10 5.113259273500252e-08 0.0008751090353783745 9.201694642571488e-09 2.9147843556469344e-09 3.1766333171858463e-09 2.652935394108022e-09 1.489028614397058e-08 0.0020900554927108326 0.0006620585978155221 0.0007215344749863482 0.0006025827206446959 0.0033821513919032376 11628.299111745593 3683.4502393601742 4014.3521183235825 3352.5483603967655 18817.044888720946 56.808679433744175 -86.88534185982324 [0.0,4895.438107837786,5737.045733326262,6578.653358814737,7420.2609843032105,8261.868609791687,9103.476235280164,9945.083860768636,10786.691486257116,11628.299111745593,12714.325239184764,13800.351366623929,14886.377494063096,15972.403621502262,17058.429748941435,18144.455876380594,19230.482003819758,20316.508131258943,21402.53425869811,22488.560386137277] [-28.404339716872087,-2.6949718009514783,-1.8928682215517512,-1.287648101694984,-0.8340415726204782,-0.500853362120651,-0.26566326261423967,-0.11180968684809045,-0.026568502753789858,0.0,-0.03977782894369852,-0.15078959769606115,-0.3225848951959449,-0.5468676322393549,-0.8169403585166606,-1.1273171711503238,-1.4734472865546877,-1.8515133265252217,-2.2582813033314153,-2.6909871616904297] False 56901.49999055518 56901.58332388852
549.2752115212968 633.0528961793416 729.6086933380817 5.324637226590566e-13 2.410676395909692e-13 3.582733213473184e-13 6.508841435157503e-11 4.084943309974732e-08 0.0005781636796297045 2.99742301672498e-09 1.4696106534714616e-09 1.6324069641238488e-09 1.3068143428190744e-09 6.0221170910987584e-09 0.001201235166652749 0.000588955242015285 0.0006541968352991855 0.0005237136487313846 0.002413399372449043 8366.30259114161 4101.926004271993 4556.317389151496 3647.53461939249 16808.72320733248 18.350334204909416 -55.51540558103727 [0.0,1760.9758652887128,2586.641706020325,3412.3075467519366,4237.973387483548,5063.639228215162,5889.30506894677,6714.970909678386,7540.636750409999,8366.30259114161,9667.529051918407,10968.755512695197,12269.981973471988,13571.208434248789,14872.434895025583,16173.661355802378,17474.887816579172,18776.11427735597,20077.34073813276,21378.56719890956] [-9.175167102454708,-2.7017300328539022,-1.770306966598696,-1.149478748639126,-0.7198665717960324,-0.42139269739035257,-0.21914877792788445,-0.09087767752428988,-0.021433546337398468,0.0,-0.04495458837477173,-0.16718461535731421,-0.3510950178644663,-0.585451271060272,-0.8618748870036157,-1.1739412075686744,-1.5166099993307967,-1.8858508513607575,-2.27838809628895,-2.691521999970952] False 56901.49999055518 56901.58332388852
729.6086933380817 840.8915725798939 969.1477682383326 2.4106763960434193e-13 1.0914096939425265e-13 1.6220467279336405e-13 3.914286256834804e-11 3.2631341266606614e-08 0.00037585451965469266 2.3887819910066793e-09 1.0552885955192912e-09 1.1680421186375785e-09 9.42535072401004e-10 4.542871899714433e-09 0.0016891044895389394 0.0007461931273601487 0.0008259209898555334 0.0006664652648647641 0.0032122585276081325 14726.961621196939 6505.907489259854 7201.038653957719 5810.776324561988 28007.034701778863 24.941354386790977 -63.580968465058476 [0.0,3930.865386894582,5280.377416182375,6629.889445470169,7979.401474757965,9328.913504045762,10678.42553333356,12027.937562621346,13377.449591909146,14726.961621196939,16771.443516098654,18815.92541100037,20860.4073059021,22904.889200803813,24949.37109570555,26993.85299060724,29038.33488550898,31082.81678041069,33127.29867531241,35171.780570214134] [-12.470677193395488,-2.6926971185480397,-1.804578210894448,-1.1865008642332384,-0.7487036201290209,-0.4403262046072598,-0.22959023581159954,-0.09524625039500023,-0.022355088569305792,0.0,-0.04459729820553093,-0.1657335554812036,-0.34855095655851187,-0.5821541631115252,-0.8583121356204515,-1.1706526122345764,-1.514140271678528,-1.8847263660141778,-2.2791062706095744,-2.6945473189394704] False 56901.49999055518 56901.58332388852
