data/GB6J1040+0617_allsed_3d_1_min3.ecsv
# %ECSV 1.0
# ---
# datatype:
# - {name: e_min, unit: MeV, datatype: float64}
# - {name: e_ref, unit: MeV, datatype: float64}
# - {name: e_max, unit: MeV, datatype: float64}
# - {name: ref_dnde_e_min, unit: ph / (cm2 MeV s), datatype: float64}
# - {name: ref_dnde_e_max, unit: ph / (cm2 MeV s), datatype: float64}
# - {name: ref_dnde, unit: ph / (cm2 MeV s), datatype: float64}
# - {name: ref_flux, unit: ph / (cm2 s), datatype: float64}
# - {name: ref_eflux, unit: MeV / (cm2 s), datatype: float64}
# - {name: ref_npred, datatype: float64}
# - {name: dnde, unit: ph / (cm2 MeV s), datatype: float64}
# - {name: dnde_err, unit: ph / (cm2 MeV s), datatype: float64}
# - {name: dnde_errp, unit: ph / (cm2 MeV s), datatype: float64}
# - {name: dnde_errn, unit: ph / (cm2 MeV s), datatype: float64}
# - {name: dnde_ul, unit: ph / (cm2 MeV s), datatype: float64}
# - {name: e2dnde, unit: MeV / (cm2 s), datatype: float64}
# - {name: e2dnde_err, unit: MeV / (cm2 s), datatype: float64}
# - {name: e2dnde_errp, unit: MeV / (cm2 s), datatype: float64}
# - {name: e2dnde_errn, unit: MeV / (cm2 s), datatype: float64}
# - {name: e2dnde_ul, unit: MeV / (cm2 s), datatype: float64}
# - {name: norm, datatype: float64}
# - {name: norm_err, datatype: float64}
# - {name: norm_errp, datatype: float64}
# - {name: norm_errn, datatype: float64}
# - {name: norm_ul, datatype: float64}
# - {name: ts, datatype: float64}
# - {name: loglike, datatype: float64}
# - {name: norm_scan, datatype: string, subtype: 'float64[20]'}
# - {name: dloglike_scan, datatype: string, subtype: 'float64[20]'}
# - {name: ShowUL, datatype: bool}
# - {name: tstart, datatype: float64}
# - {name: tend, datatype: float64}
# meta: !!omap
# - {UL_CONF: 0.95}
# - {EXTNAME: SED}
# - {CONFIG: '{"bin_index": 2.0, "use_local_index": true, "free_background": false, "free_radius": null, "free_pars": [], "ul_confidence":
#     0.95, "cov_scale": 3.0, "make_plots": false, "write_fits": true, "write_npy": true, "optimizer": {"optimizer": "MINUIT", "tol":
#     0.001, "max_iter": 100, "init_lambda": 0.0001, "retries": 3, "min_fit_quality": 2, "verbosity": 0}, "prefix": "", "outfile": null,
#     "loge_bins": []}'}
# - {SRCNAME: 4FGL J1040.5+0617}
# - {CREATOR: fermipy 1.2.0}
# - {STVER: 2.2.0}
# schema: astropy-2.0
e_min e_ref e_max ref_dnde_e_min ref_dnde_e_max ref_dnde ref_flux ref_eflux ref_npred dnde dnde_err dnde_errp dnde_errn dnde_ul e2dnde e2dnde_err e2dnde_errp e2dnde_errn e2dnde_ul norm norm_err norm_errp norm_errn norm_ul ts loglike norm_scan dloglike_scan ShowUL tstart tend
100.0 115.25240587974294 132.83117061068992 1.202419517755629e-12 8.848814892253535e-13 1.031503162159589e-12 3.3752712396167907e-11 3.9010657729057974e-09 0.002533115654855712 1.1061888203915153e-07 6.9130675365368196e-09 7.102696146247795e-09 6.723438926825843e-09 1.2243655168545915e-07 0.0014693635592906333 9.18270853388945e-05 9.434594435981316e-05 8.930822631797584e-05 0.0016263390485915794 107240.46818000653 6701.935379493548 6885.772537407794 6518.098221579302 118697.21410172118 1170.5452364632715 -1334.1150540307451 [0.0,92281.3625654956,94151.2507673095,96021.13896912335,97891.02717093726,99760.91537275109,101630.8035745649,103500.69177637884,105370.57997819272,107240.46818000653,108877.25967612781,110514.0511722491,112150.84266837027,113787.63416449158,115424.4256606129,117061.21715673419,118698.00865285541,120334.80014897665,121971.59164509797,123608.3831412192] [-585.2726182316358,-2.7057304757429392,-2.046780676984781,-1.4860770326931743,-1.0200943588545215,-0.6454943943178932,-0.35911278149751524,-0.15794716375262396,-0.039146286210552717,0.0,-0.029081423234629256,-0.11556745744178443,-0.2578752995364084,-0.4544868689820305,-0.7039453191591747,-1.0048517811046622,-1.355862321260929,-1.7556850965472677,-2.203077691563749,-2.696844624097139] False 56899.00077759222 56902.00077759222
132.83117061068992 153.091119887046 176.4411988580621 1.965383684184679e-12 1.292812569939716e-12 1.594011521811679e-12 6.933457039531916e-11 1.0616263781375776e-08 0.007119900150552996 9.68755174750576e-08 4.778665673537518e-09 4.876278515234842e-09 4.681052831840194e-09 1.0494348585794338e-07 0.0022704609424951602 0.00011199706646008612 0.00011428480799000156 0.00010970932493017069 0.002459549037981662 60774.66577214785 2997.886532279459 3059.123756955465 2936.649307603453 65836.089903961 2099.620816677095 -1926.1270950931007 [0.0,54037.32533256536,54879.492887513195,55721.66044246097,56563.8279974088,57405.9955523566,58248.163107304405,59090.33066225222,59932.49821720004,60774.66577214785,61496.26157771898,62217.85738329005,62939.45318886124,63661.04899443232,64382.64480000346,65104.240605574574,65825.8364111457,66547.4322167168,67269.02802228794,67990.62382785905] [-1049.8104083385474,-2.707251382583763,-2.052209125708714,-1.4927931858799184,-1.026287317263268,-0.6500895968129043,-0.36170608673387505,-0.15874493076967156,-0.038910849109015544,0.0,-0.029427959387248848,-0.11542717581346551,-0.2567562935105343,-0.4522144351085444,-0.7006394581560471,-1.000906304632963,-1.3519254375571563,-1.7526413592236167,-2.2020312060078595,-2.699103415026684] False 56899.00077759222 56902.00077759222
176.4411988580621 203.35272664697808 234.36890988269914 2.566592547417385e-12 1.5090522427703902e-12 1.9680249591806417e-12 1.139107501569358e-10 2.3106478970766907e-08 0.014946781177969125 8.139120034606782e-08 3.3011965194716904e-09 3.3755887475764273e-09 3.2268042913669535e-09 8.700303314854658e-08 0.003365715892583598 0.00013651217260447147 0.00013958846467722886 0.00013343588053171408 0.003597778262588161 41356.792741060504 1677.4159819833255 1715.2164314937368 1639.6155324729145 44208.29763498986 3579.3097081628957 -2422.149312115875 [0.0,37537.375636996,38014.80277500408,38492.22991301213,38969.657051020185,39447.084189028246,39924.51132703633,40401.938465044375,40879.365603052436,41356.792741060504,41763.3295040423,42169.86626702409,42576.403030005844,42982.939792987614,43389.4765559694,43796.013318951176,44202.550081932946,44609.08684491473,45015.62360789651,45422.1603708783] [-1789.6548540814479,-2.712682432284055,-2.0613055275634906,-1.5034077971663464,-1.036768383179151,-0.6592447459374853,-0.36876901993628053,-0.1633445794823274,-0.04104279974308156,0.0,-0.02775606924751628,-0.1120457000965871,-0.25182059186454353,-0.4460613669293707,-0.6937765153202236,-0.9940013870677831,-1.3457972297251217,-1.7482502686611952,-2.2004708278550424,-2.701592489077939] False 56899.00077759222 56902.00077759222
234.36890988269914 270.1158072739371 311.3149665447022 2.677840863076741e-12 1.407314742924368e-12 1.9412791983156938e-12 1.496760638338013e-10 4.0222583213275516e-08 0.023672894716348925 4.77142955965791e-08 1.9951020635477002e-09 2.041735666473248e-09 1.9484684606221525e-09 5.111874483930071e-08 0.0034813566466529965 0.00014556773274844003 0.00014897023930276234 0.00014216522619411775 0.0037297539424980468 24578.790952881638 1027.7254633329944 1051.747563279261 1003.7033633867279 26332.505331357133 3482.3255289001418 -2309.9753700301926 [0.0,22246.730427281007,22538.23799298107,22829.745558681156,23121.25312438124,23412.760690081333,23704.268255781404,23995.775821481486,24287.283387181564,24578.790952881638,24828.621287611462,25078.45162234131,25328.281957071136,25578.11229180096,25827.942626530796,26077.772961260634,26327.603295990462,26577.43363072031,26827.263965450125,27077.094300179946] [-1741.1627644500709,-2.7118719502645945,-2.0615481807553806,-1.5045454754617822,-1.0385806135423081,-0.6614533005181329,-0.3710421944533664,-0.16530116765761704,-0.04225578734349256,0.0,-0.026678242424623022,-0.1102209871623927,-0.2495383263972144,-0.4435714378319062,-0.6912914121194262,-0.9916981351288996,-1.3438192219982739,-1.746709000113242,-2.199447538341701,-2.70113972001991] False 56899.00077759222 56902.00077759222
311.3149665447022 358.7979888064861 413.52331434760555 2.2321884328759355e-12 1.048567644754273e-12 1.5299021431805516e-12 1.5729365887866003e-10 5.5998986080242064e-08 0.028972707903881484 2.2035439791289364e-08 1.0944235390305583e-09 1.1229567804361897e-09 1.0658902976249269e-09 2.3904008418781314e-08 0.0028367543058317583 0.00014089170518737838 0.00014456496046085643 0.0001372184499139003 0.0030773063506280363 14403.16943767354 715.355255830503 734.0056260733428 696.7048855876632 15624.534239220475 2299.0811561352384 -1887.0160451515744 [0.0,12783.57761244991,12986.026590602858,13188.475568755815,13390.924546908765,13593.373525061717,13795.822503214678,13998.271481367625,14200.720459520588,14403.16943767354,14577.620445660168,14752.07145364681,14926.522461633436,15100.973469620078,15275.42447760671,15449.875485593344,15624.326493579985,15798.777501566614,15973.228509553257,16147.679517539893] [-1149.5405780676192,-2.7086361201802447,-2.054070849020718,-1.4950457061936504,-1.0287888336222295,-0.6526476979629479,-0.36408231910468203,-0.16065897341036361,-0.04004433222894477,0.0,-0.02847434737077492,-0.1138542026246796,-0.2548604678290758,-0.45025682446180326,-0.6988478419668809,-0.9994771899223451,-1.351025947070866,-1.7524110009712786,-2.2025835324955096,-2.700527579819891] False 56899.00077759222 56902.00077759222
413.52331434760555 476.5900816815941 549.2752115212968 1.4865826085880694e-12 6.24232413467542e-13 9.633135780096776e-13 1.3219286309155875e-10 6.234882890262902e-08 0.0278211174212758 7.39870917122605e-09 5.184993149034268e-10 5.358534126805891e-10 5.011452171262646e-10 8.29287617504335e-09 0.001680528787680957 0.00011777095232730572 0.0001217127292270076 0.00011382917542760385 0.001883628187337504 7680.47844452964 538.2456208856821 556.2606246947407 520.2306170766235 8608.698521801629 1035.3387247324517 -1142.363932854338 [0.0,6476.396637715733,6626.906863567472,6777.417089419209,6927.927315270947,7078.437541122689,7228.947766974426,7379.457992826163,7529.9682186779055,7680.47844452964,7813.513905190827,7946.549365852016,8079.5848265132045,8212.620287174394,8345.655747835579,8478.691208496764,8611.726669157955,8744.762129819143,8877.797590480333,9010.833051141522] [-517.6693623662259,-2.705327364059258,-2.0422456546250487,-1.4796497509285018,-1.013419799950725,-0.6396859222420517,-0.35480829171820005,-0.15535916828343943,-0.0381066573111184,0.0,-0.029902191445671633,-0.1174950919451021,-0.26097848276822333,-0.45863560644488643,-0.708828063784722,-1.0099910963290313,-1.3606292197273433,-1.7593121770937614,-2.2046711845359823,-2.6953954438417895] False 56899.00077759222 56902.00077759222
549.2752115212968 633.0528961793416 729.6086933380817 7.9105005802362e-13 2.968874040820032e-13 4.846161349207739e-13 8.886926648395993e-11 5.552996335126926e-08 0.020810937711349453 2.1486001751350205e-09 2.379616224591602e-10 2.464064408759036e-10 2.2951680404241675e-10 2.5633073824668385e-09 0.0008610643459555619 9.536454067934948e-05 9.874885207002956e-05 9.19802292886694e-05 0.0010272607348308395 4433.612544671628 491.03115912156466 508.4569479226825 473.6053703204468 5289.356250769269 361.724992515547 -635.3840071271038 [0.0,3372.174532647732,3504.8542841507187,3637.5340356537035,3770.2137871566933,3902.893538659679,4035.5732901626666,4168.253041665653,4300.932793168641,4433.612544671628,4557.282724158044,4680.952903644466,4804.623083130885,4928.293262617305,5051.96344210372,5175.633621590139,5299.303801076561,5422.973980562976,5546.644160049396,5670.314339535816] [-180.8624962577735,-2.706133399223745,-2.0275341366190105,-1.4586476622218925,-0.9924889854418097,-0.622731422426682,-0.34362543403835843,-0.14992969816614732,-0.03685225518529478,0.0,-0.03072865381216161,-0.1211503299676906,-0.26846099846420657,-0.4700526743499722,-0.7234953696448656,-1.0265210907210758,-1.3770096076084428,-1.7729757636125214,-2.212558128346018,-2.694008826149684] False 56899.00077759222 56902.00077759222
729.6086933380817 840.8915725798939 969.1477682383326 3.362890459392997e-13 1.128131311474009e-13 1.9477633388834674e-13 4.7776821414271595e-11 3.955134111592362e-08 0.012272006953084613 7.936606828135097e-10 1.2064898121045444e-10 1.26408879679613e-10 1.1488908274129586e-10 1.0085306766621628e-09 0.0005611963869276722 8.531073014955091e-05 8.938354650540603e-05 8.123791379369576e-05 0.0007131306666749902 4074.7285205011945 619.4232061047779 648.995066064214 589.8513461453417 5177.891258802988 160.50621636492122 -419.6519842500945 [0.0,2767.3922033973213,2930.809243035307,3094.22628267329,3257.643322311274,3421.0603619492595,3584.4774015872413,3747.8944412252267,3911.3114808632117,4074.7285205011945,4235.39334590463,4396.058171308065,4556.722996711496,4717.3878221149325,4878.052647518363,5038.717472921801,5199.382298325234,5360.047123728667,5520.711949132099,5681.376774535535] [-80.25310818246061,-2.699384767729555,-2.005037420409394,-1.4308421617618023,-0.9662109117988962,-0.6019219079348659,-0.3298914315919319,-0.14299171356003626,-0.03490417037124871,0.0,-0.032143582607375265,-0.1258511690689943,-0.2772328676656457,-0.4827615839938062,-0.7392288123638195,-1.0437070114472249,-1.3935174148368787,-1.7862023556689337,-2.219501362278436,-2.691330421351495] False 56899.00077759222 56902.00077759222
969.1477682383326 1116.9661194245136 1287.3303254983532 1.1421936164499923e-13 3.4248833753444674e-14 6.254502321051718e-14 2.0541991702073435e-11 2.2530093367758866e-08 0.0057187009273720335 1.7935444785123484e-10 5.140155414331655e-11 5.5121419044483154e-11 4.7681689242149935e-11 2.755280563803369e-10 0.00022376499669525388 6.412926320372239e-05 6.877021617304461e-05 5.948831023440015e-05 0.00034375247095368497 2867.605424776237 821.8328414445801 881.3078357801982 762.357847108962 4405.275467769046 33.65709774329895 -217.37286434605596 [0.0,1255.4526164770994,1456.9717175144913,1658.4908185518839,1860.0099195892763,2061.5290206266686,2263.0481216640605,2464.5672227014534,2666.0863237388457,2867.605424776237,3096.311664886805,3325.0179049973717,3553.72414510794,3782.4303852185058,4011.136625329074,4239.842865439642,4468.549105550208,4697.255345660777,4925.961585771343,5154.667825881913] [-16.828548871649474,-2.6985607045615154,-1.943684143362617,-1.3498530932624817,-0.8894357158214063,-0.5416372134965854,-0.29036494896280374,-0.12287860159676711,-0.028899218439391916,0.0,-0.03722743759507807,-0.1407669389215016,-0.30352071236956135,-0.5195108745149355,-0.7836511733499378,-1.0915747694431275,-1.4395021847093972,-1.8241385809075155,-2.2425928168565292,-2.692312922550485] False 56899.00077759222 56902.00077759222
