data/GB6J1040+0617_allsed_2h_min5.ecsv
# %ECSV 1.0
# ---
# datatype:
# - {name: e_min, unit: MeV, datatype: float64}
# - {name: e_ref, unit: MeV, datatype: float64}
# - {name: e_max, unit: MeV, datatype: float64}
# - {name: ref_dnde_e_min, unit: ph / (cm2 MeV s), datatype: float64}
# - {name: ref_dnde_e_max, unit: ph / (cm2 MeV s), datatype: float64}
# - {name: ref_dnde, unit: ph / (cm2 MeV s), datatype: float64}
# - {name: ref_flux, unit: ph / (cm2 s), datatype: float64}
# - {name: ref_eflux, unit: MeV / (cm2 s), datatype: float64}
# - {name: ref_npred, datatype: float64}
# - {name: dnde, unit: ph / (cm2 MeV s), datatype: float64}
# - {name: dnde_err, unit: ph / (cm2 MeV s), datatype: float64}
# - {name: dnde_errp, unit: ph / (cm2 MeV s), datatype: float64}
# - {name: dnde_errn, unit: ph / (cm2 MeV s), datatype: float64}
# - {name: dnde_ul, unit: ph / (cm2 MeV s), datatype: float64}
# - {name: e2dnde, unit: MeV / (cm2 s), datatype: float64}
# - {name: e2dnde_err, unit: MeV / (cm2 s), datatype: float64}
# - {name: e2dnde_errp, unit: MeV / (cm2 s), datatype: float64}
# - {name: e2dnde_errn, unit: MeV / (cm2 s), datatype: float64}
# - {name: e2dnde_ul, unit: MeV / (cm2 s), datatype: float64}
# - {name: norm, datatype: float64}
# - {name: norm_err, datatype: float64}
# - {name: norm_errp, datatype: float64}
# - {name: norm_errn, datatype: float64}
# - {name: norm_ul, datatype: float64}
# - {name: ts, datatype: float64}
# - {name: loglike, datatype: float64}
# - {name: norm_scan, datatype: string, subtype: 'float64[20]'}
# - {name: dloglike_scan, datatype: string, subtype: 'float64[20]'}
# - {name: ShowUL, datatype: bool}
# - {name: tstart, datatype: float64}
# - {name: tend, datatype: float64}
# meta: !!omap
# - {UL_CONF: 0.95}
# - {EXTNAME: SED}
# - {CONFIG: '{"bin_index": 2.0, "use_local_index": true, "free_background": false, "free_radius": null, "free_pars": [], "ul_confidence":
#     0.95, "cov_scale": 3.0, "make_plots": false, "write_fits": true, "write_npy": true, "optimizer": {"optimizer": "MINUIT", "tol":
#     0.001, "max_iter": 100, "init_lambda": 0.0001, "retries": 3, "min_fit_quality": 2, "verbosity": 0}, "prefix": "", "outfile": null,
#     "loge_bins": []}'}
# - {SRCNAME: 4FGL J1040.5+0617}
# - {CREATOR: fermipy 1.2.0}
# - {STVER: 2.2.0}
# schema: astropy-2.0
e_min e_ref e_max ref_dnde_e_min ref_dnde_e_max ref_dnde ref_flux ref_eflux ref_npred dnde dnde_err dnde_errp dnde_errn dnde_ul e2dnde e2dnde_err e2dnde_errp e2dnde_errn e2dnde_ul norm norm_err norm_errp norm_errn norm_ul ts loglike norm_scan dloglike_scan ShowUL tstart tend
100.0 115.25240587974294 132.83117061068992 9.999999999999997e-09 2.41824333793041e-09 4.917563764640373e-09 1.696973374309948e-07 1.9110859420172782e-05 0.025314302228705003 4.872668032957852e-05 3.0594723703899516e-06 3.1508665957050844e-06 2.968078145074819e-06 5.398830173413196e-05 0.6472421988150799 0.040639329640995994 0.041853329834562615 0.03942532944742937 0.7171329318627896 9908.703305475483 622.152048619891 640.7373135375116 603.5667837022705 10978.66836467553 3674.324106106759 -1165.9969231875036 [0.0,8526.943297271173,8699.663298296713,8872.383299322248,9045.103300347791,9217.823301373328,9390.543302398864,9563.263303424406,9735.983304449943,9908.703305475483,10061.56556894222,10214.427832408954,10367.290095875696,10520.152359342432,10673.01462280917,10825.87688627591,10978.739149742649,11131.601413209377,11284.463676676114,11437.325940142857] [-1837.1620530533794,-2.7044196862341323,-2.045175375115832,-1.4848138731281324,-1.0195233575279872,-0.6457082563556469,-0.3599731938941204,-0.15910839889215822,-0.040076418474427555,0.0,-0.02820050643617833,-0.11430621206750402,-0.2565972858835721,-0.4534293975750643,-0.703229361882677,-1.0044910925794284,-1.3557718400486465,-1.7556886889326506,-2.202915294569948,-2.696178838953756] False 56901.41665722185 56901.49999055518
132.83117061068992 153.091119887046 176.4411988580621 2.4182433378349798e-09 5.847900841246494e-10 1.1891865812253332e-09 5.4509855182408916e-08 8.154178567895014e-06 0.017439590004677433 2.7128066003513092e-05 1.3535500877584955e-06 1.3863694704463251e-06 1.3207307050706663e-06 2.9432844154174725e-05 0.6357975256469268 0.031723005853959006 0.03249219014831598 0.03095382155960204 0.6898143599161298 22812.28734986265 1138.2150699714446 1165.813247756139 1110.6168921867504 24750.40049968209 5969.18113688043 -1682.801297646424 [0.0,20256.34980573672,20575.841998752465,20895.33419176821,21214.826384783948,21534.318577799695,21853.810770815428,22173.30296383117,22492.795156846918,22812.28734986265,23088.73844730967,23365.189544756682,23641.640642203685,23918.09173965069,24194.542837097695,24470.993934544702,24747.445031991712,25023.896129438715,25300.347226885722,25576.798324332733] [-2984.590568440215,-2.7059440778243697,-2.0512942168870723,-1.4925549676872834,-1.0268163399366586,-0.6512988031963687,-0.3633456032412141,-0.1604156359001081,-0.04007683052941502,0.0,-0.028370736224132997,-0.11377184619368563,-0.25486205177071497,-0.45034684299298533,-0.6989763287244841,-0.9995432093787713,-1.3508808634881007,-1.7518615405319906,-2.2013946530203157,-2.698425161362593] False 56901.41665722185 56901.49999055518
176.4411988580621 203.35272664697808 234.36890988269914 5.847900841444793e-10 1.414164725070152e-10 2.875742527709885e-10 1.7509551753789316e-08 3.4792065945429567e-06 0.00991282153353841 1.6957539431438754e-05 6.989153827217037e-07 7.135389070268755e-07 6.842918584165318e-07 1.8148936910046757e-05 0.7012337908868772 0.028901780551160442 0.02950649737497219 0.0282970637273487 0.7505008542928135 58967.5162781106 2430.382330779415 2481.2336297544225 2379.5310318044076 63110.43751368025 9267.080229041789 -2172.24610093251 [0.0,53500.52585921611,54183.89966157791,54867.27346393974,55550.64726630156,56234.02106866335,56917.394871025186,57600.768673386985,58284.1424757488,58967.5162781106,59556.4429067636,60145.3695354166,60734.296164069645,61323.222792722656,61912.14942137566,62501.076050028656,63090.0026786817,63678.929307334685,64267.85593598772,64856.7825646407] [-4633.540114520894,-2.7121955849670485,-2.063008844113938,-1.5068414592378758,-1.041391065499738,-0.6644397345003199,-0.37384989529118684,-0.16756049875721146,-0.04358340815679185,0.0,-0.025515914091101877,-0.10821473048417829,-0.2469822625166671,-0.4407365738293265,-0.6884267455989175,-0.9890317021145165,-1.3415590914191853,-1.7450442179438141,-2.1985490242668675,-2.7011611193038334] False 56901.41665722185 56901.49999055518
234.36890988269914 270.1158072739371 311.3149665447022 1.4141647249899186e-10 3.41979442498103e-11 6.954245208881683e-11 5.624384830326137e-09 1.48450005425357e-06 0.004804743796389031 8.039084282321103e-06 3.399346007195182e-07 3.473040498145015e-07 3.325651516245349e-07 8.620562057702572e-06 0.5865520835912486 0.024802495077116345 0.025340188870312162 0.024264801283920532 0.6289781844671968 115599.66669069864 4888.159541532521 4994.130051251841 4782.189031813202 123961.14601614473 8806.975238309831 -2072.5229279017753 [0.0,104637.75183060137,106007.99118811353,107378.23054562567,108748.46990313787,110118.70926065,111488.94861816212,112859.1879756743,114229.42733318647,115599.66669069864,116787.42170016104,117975.17670962341,119162.93171908587,120350.6867285483,121538.44173801082,122726.19674747324,123913.95175693564,125101.70676639807,126289.46177586047,127477.21678532293] [-4403.487619154916,-2.7114416514041295,-2.063247061149923,-1.5079099426307039,-1.0430758991160474,-0.6664789574874703,-0.3759371950518471,-0.16934863341248274,-0.044687380065170146,0.0,-0.0245123217064247,-0.10651147007229156,-0.24484592620910917,-0.43839842754096026,-0.6860846223539738,-0.9868517897630227,-1.3396776213085104,-1.7435690606603202,-2.1975611981351904,-2.7007162169456933] False 56901.41665722185 56901.49999055518
311.3149665447022 358.7979888064861 413.52331434760555 3.419794425137093e-11 8.269895085679336e-12 1.681705714757332e-11 1.8066541718328237e-09 6.334031485121907e-07 0.002031974723656127 3.3658620205595878e-06 1.6618145232184017e-07 1.7022440594422258e-07 1.6213849869945773e-07 3.6497761265973363e-06 0.4333076022123406 0.021393534909600782 0.02191400857407945 0.020873061245122112 0.46985756765062203 200145.72056355752 9881.720140662062 10122.12805430026 9641.312227023865 217028.2288137431 6247.980300173592 -1660.7692499307827 [0.0,178015.9996899226,180782.214799127,183548.42990833137,186314.6450175357,189080.86012674,191847.07523594442,194613.29034514874,197379.50545435314,200145.72056355752,202550.65167551892,204955.5827874803,207360.51389944178,209765.44501140324,212170.37612336458,214575.30723532604,216980.23834728732,219385.16945924878,221790.10057121012,224195.0316831716] [-3123.990150086796,-2.7064185272156465,-2.0536710647229484,-1.4961611204844303,-1.0310403512714856,-0.6555863149330889,-0.36719515798131397,-0.1633748264737278,-0.04173875588799092,0.0,-0.026932113984230455,-0.1112094597012856,-0.2514944743711567,-0.4464958537162147,-0.6949664431663223,-0.9957012478764682,-1.3475355536188545,-1.749343151210951,-2.200034657715605,-2.6985559281467886] False 56901.41665722185 56901.49999055518
413.52331434760555 476.5900816815941 549.2752115212968 8.269895085679336e-12 2.000092125493533e-12 4.067007750118627e-12 5.803047121391051e-10 2.702451381131754e-07 0.0007864070707304868 1.0943410023267651e-06 7.48401569661428e-08 7.734063154033831e-08 7.233968239194731e-08 1.224622660640075e-06 0.24856654253988023 0.01699905150283435 0.017567004561611428 0.01643109844405728 0.27815847165013746 269077.6781270814 18401.773875144412 19016.59310535674 17786.954644932088 301111.4647136719 3082.8418592384087 -989.9880157679205 [0.0,228661.81072910884,233713.7941538553,238765.7775786019,243817.7610033486,248869.74442809517,253921.72785284172,258973.71127758813,264025.6947023348,269077.6781270814,273645.6338731466,278213.58961921174,282781.5453652769,287349.5011113423,291917.4568574073,296485.4126034727,301053.3683495376,305621.32409560296,310189.27984166803,314757.23558773345] [-1541.4209296192043,-2.7039555978325325,-2.046446053867726,-1.4879145769940578,-1.0242181416346057,-0.6514685268563198,-0.366011840740498,-0.16441006104457756,-0.043424358489460246,0.0,-0.02509981751768464,-0.10923003484992932,-0.250468715605507,-0.446986284667787,-0.6970397033147719,-0.9989670964134802,-1.3511827902274263,-1.7521727237455025,-2.200490200294894,-2.694751949594888] False 56901.41665722185 56901.49999055518
549.2752115212968 633.0528961793416 729.6086933380817 2.0000921254232412e-12 4.836709457632368e-13 9.835580562005766e-13 1.8642966888581778e-10 1.1532148277813055e-07 0.00028666274300032796 3.2141371015546594e-07 3.2980028325496726e-08 3.4534884334578207e-08 3.142517231641524e-08 3.8011730865441037e-07 0.12880846297928605 0.013216943221139402 0.013840061048275709 0.012593825394003094 0.15233428050071254 326786.71902405744 33531.34887928885 35112.1971060705 31950.500652507206 386471.6538673679 1249.4889629670206 -520.1728484033861 [0.0,255039.93432554574,264008.2824128596,272976.6305001736,281944.97858748765,290913.3266748016,299881.6747621156,308850.02284942946,317818.3709367437,326786.71902405744,335349.13212413085,343911.545224204,352473.9583242772,361036.3714243507,369598.78452442365,378161.1976244969,386723.61072457023,395286.02382464346,403848.4369247167,412410.8500247899] [-624.7444814835103,-2.704202740457731,-2.031077535386771,-1.466181730075391,-1.0025261805083119,-0.6337776308351977,-0.35417912824516407,-0.15848215435300972,-0.041888462271799654,0.0,-0.025999784477448884,-0.11316467132212438,-0.25848917254700154,-0.45918402136783243,-0.7126559164081527,-1.0164895837040149,-1.3684318453566675,-1.7663774313454041,-2.208356310514432,-2.692522349625733] False 56901.41665722185 56901.49999055518
729.6086933380817 840.8915725798939 969.1477682383326 4.836709457721805e-13 1.1696340423640763e-13 2.3784827169386265e-13 5.988458279417007e-11 4.9205111223615734e-08 0.00010188510708818849 1.1651918382020326e-07 1.6314126003295302e-08 1.7256121198490714e-08 1.537213080809989e-08 1.4594676520982144e-07 0.0823905560444959 0.011535696258099007 0.01220177977652764 0.010869612739670376 0.10319875873047202 489888.7134659382 68590.47529381844 72550.96316487544 64629.98742276144 613612.8893031069 635.1522695839649 -305.5089901824291 [0.0,346112.98767858226,364084.95340200176,382056.9191254213,400028.8848488409,418000.85057226033,435972.81629567954,453944.7820190993,471916.74774251855,489888.7134659382,507820.8896947375,525753.065923537,543685.2421523364,561617.4183811356,579549.5946099348,597481.7708387343,615413.9470675339,633346.1232963336,651278.2995251328,669210.475753932] [-317.57613479198244,-2.698013615366108,-2.002031055997975,-1.4276483043870485,-0.9636980736004261,-0.6004841255219731,-0.32953372959889293,-0.14340009530843645,-0.0355031402456234,0.0,-0.03153803713615844,-0.12532264120955006,-0.2771820493914561,-0.48335032422903623,-0.7404163648408826,-1.0452806827849486,-1.3951185655296285,-1.7873485272289145,-2.219605161464699,-2.68971567888849] False 56901.41665722185 56901.49999055518
969.1477682383326 1116.9661194245136 1287.3303254983532 1.1696340423633597e-13 2.8284597307775107e-14 5.751749984631857e-14 1.9236011509157498e-11 2.099472632625629e-08 3.5516076206221214e-05 2.9050341116989443e-08 6.807751388888796e-09 7.3000301437548316e-09 6.315472634022761e-09 4.1806478079124277e-08 0.036243592294019515 0.00849344125717105 0.009107614784928273 0.007879267729413825 0.05215831857693759 505069.6082863342 118359.65414140873 126918.41897265763 109800.88931015984 726847.9713274622 192.3444717461826 -132.51116674846398 [0.0,275819.00629143656,304475.33154079894,333131.65679016104,361787.98203952314,390444.3072888855,419100.6325382476,447756.95778761,476413.2830369721,505069.6082863342,538075.9608717301,571082.3134571254,604088.6660425217,637095.0186279169,670101.371213313,703107.7237987084,736114.0763841041,769120.4289694998,802126.7815548952,835133.134140291] [-96.1722358730913,-2.6995926349177637,-1.9479540584462427,-1.3547912891375233,-0.8940347597318521,-0.5455617499967502,-0.29351472216603725,-0.12517504898264065,-0.030185592800279437,0.0,-0.036307123504940364,-0.14006708906637755,-0.3037161336546603,-0.5208954778839541,-0.7862082246205659,-1.0950346316869002,-1.4433897062174026,-1.8278119933627863,-2.245275702462976,-2.693120529826473] False 56901.41665722185 56901.49999055518
1287.3303254983532 1483.6791717563765 1709.9759409858673 2.8284597308054455e-14 6.839903900738614e-15 1.3909131082069202e-14 6.178954941692179e-12 8.957982668088602e-09 1.2202139890248043e-05 6.6257240468776924e-09 2.7697458265685977e-09 3.109871377918475e-09 2.429620275218721e-09 1.2452338816547611e-08 0.014585232083366501 0.00609705224766728 0.006845771945140747 0.005348332550193813 0.027411381810512774 476357.8693581491 199131.4777483968 223584.8781328641 174678.07736392954 895263.6036768969 58.48434076287097 -49.22679565540179 [0.0,158097.94472395454,197880.43530322888,237662.92588250324,277445.4164617775,317227.9070410519,357010.39762032626,396792.88819960045,436575.378778875,476357.8693581491,540071.3314846916,603784.7936112337,667498.2557377759,731211.7178643182,794925.1799908606,858638.6421174029,922352.1042439454,986065.5663704874,1049779.0284970298,1113492.4906235717] [-29.242170381435486,-2.695736044751577,-1.8460445383366988,-1.240042413503481,-0.8023542160366546,-0.4879365938902396,-0.26771206932261293,-0.12181458293681402,-0.03606769208577987,0.0,-0.02651726252787512,-0.13664798856187588,-0.31362347162237825,-0.5452628834448561,-0.8224386237708643,-1.1381341185175842,-1.486839174822677,-1.864147424999075,-2.266479860964637,-2.6908898467249287] False 56901.41665722185 56901.49999055518
1709.9759409858673 1970.7884119509856 2271.3810595726877 6.839903900523384e-15 1.6540552039524901e-15 3.363566357483613e-15 1.9847921255245812e-12 3.822171922195316e-09 4.05555307556732e-06 3.247257100163974e-09 1.6506521033075453e-09 1.8521438250932052e-09 1.4491603815218856e-09 6.745722984203624e-09 0.012612369193144388 0.006411144265510671 0.007193739516251596 0.005628549014769745 0.026200435052450767 965420.8524648659 490744.62278260174 550648.8138616212 430840.4317035823 2005526.951830469 26.099075085538146 -40.47504557388695 [0.0,214226.22716670274,308125.5553289732,402024.8834912435,495924.21165351424,589823.5398157847,683722.8679780544,777622.1961403254,871521.5243025956,965420.8524648659,1127751.1855360116,1290081.5186071566,1452411.8516783016,1614742.1847494475,1777072.5178205927,1939402.8508917377,2101733.1839628834,2264063.517034028,2426393.850105174,2588724.1831763173] [-13.049537542769073,-2.694262519167033,-1.727876252554644,-1.1032952044942945,-0.6815613222743266,-0.39435439201174916,-0.20296162608448753,-0.08330393986123141,-0.01937693973692234,0.0,-0.04888433679712989,-0.17848028341879996,-0.36988638369908244,-0.6101508680645509,-0.8900098432030603,-1.2026076715942295,-1.5427283503541531,-1.9063110149255564,-2.2901321594928845,-2.691590141103113] False 56901.41665722185 56901.49999055518
100.0 115.25240587974294 132.83117061068992 6.182566044711863e-11 2.7990951111897728e-11 4.159998844995131e-11 1.3759176186410333e-09 1.5721166746504637e-07 0.0040767128592296645 2.475494253549498e-07 5.093500163198379e-08 5.499196386989436e-08 4.687803939407323e-08 3.4073707168827545e-07 0.0032882279953901613 0.0006765755891833815 0.000730464693501884 0.0006226864848648789 0.004526050410281224 5950.708992450201 1224.3994176407857 1321.922575436646 1126.8762598449255 8190.797266643815 142.85046426852546 -171.56125381872494 [0.0,3523.7258095984457,3827.0987074549166,4130.471605311385,4433.844503167854,4737.2174010243225,5040.590298880793,5343.9631967372625,5647.336094593731,5950.708992450201,6280.9532564476685,6611.197520445129,6941.441784442596,7271.686048440059,7601.930312437526,7932.174576434989,8262.418840432458,8592.663104429923,8922.907368427388,9253.151632424848] [-71.42523213426273,-2.703464311389979,-1.9719379659349556,-1.3842862533009281,-0.9208831917210887,-0.56586634380281,-0.30623148055977367,-0.1311842465449331,-0.031665921162186805,0.0,-0.035007374514435696,-0.13540939313909917,-0.29498986291082474,-0.5083791479452486,-0.7709070572569203,-1.0784863709370711,-1.4275196509560715,-1.8148239635431764,-2.2375695334836223,-2.6932293457266496] False 56901.49999055518 56901.58332388852
