data/GB6J1040+0617_allsed_1h_min11.ecsv
# %ECSV 1.0
# ---
# datatype:
# - {name: e_min, unit: MeV, datatype: float64}
# - {name: e_ref, unit: MeV, datatype: float64}
# - {name: e_max, unit: MeV, datatype: float64}
# - {name: ref_dnde_e_min, unit: ph / (cm2 MeV s), datatype: float64}
# - {name: ref_dnde_e_max, unit: ph / (cm2 MeV s), datatype: float64}
# - {name: ref_dnde, unit: ph / (cm2 MeV s), datatype: float64}
# - {name: ref_flux, unit: ph / (cm2 s), datatype: float64}
# - {name: ref_eflux, unit: MeV / (cm2 s), datatype: float64}
# - {name: ref_npred, datatype: float64}
# - {name: dnde, unit: ph / (cm2 MeV s), datatype: float64}
# - {name: dnde_err, unit: ph / (cm2 MeV s), datatype: float64}
# - {name: dnde_errp, unit: ph / (cm2 MeV s), datatype: float64}
# - {name: dnde_errn, unit: ph / (cm2 MeV s), datatype: float64}
# - {name: dnde_ul, unit: ph / (cm2 MeV s), datatype: float64}
# - {name: e2dnde, unit: MeV / (cm2 s), datatype: float64}
# - {name: e2dnde_err, unit: MeV / (cm2 s), datatype: float64}
# - {name: e2dnde_errp, unit: MeV / (cm2 s), datatype: float64}
# - {name: e2dnde_errn, unit: MeV / (cm2 s), datatype: float64}
# - {name: e2dnde_ul, unit: MeV / (cm2 s), datatype: float64}
# - {name: norm, datatype: float64}
# - {name: norm_err, datatype: float64}
# - {name: norm_errp, datatype: float64}
# - {name: norm_errn, datatype: float64}
# - {name: norm_ul, datatype: float64}
# - {name: ts, datatype: float64}
# - {name: loglike, datatype: float64}
# - {name: norm_scan, datatype: string, subtype: 'float64[20]'}
# - {name: dloglike_scan, datatype: string, subtype: 'float64[20]'}
# - {name: ShowUL, datatype: bool}
# - {name: tstart, datatype: float64}
# - {name: tend, datatype: float64}
# meta: !!omap
# - {UL_CONF: 0.95}
# - {EXTNAME: SED}
# - {CONFIG: '{"bin_index": 2.0, "use_local_index": true, "free_background": false, "free_radius": null, "free_pars": [], "ul_confidence":
#     0.95, "cov_scale": 3.0, "make_plots": false, "write_fits": true, "write_npy": true, "optimizer": {"optimizer": "MINUIT", "tol":
#     0.001, "max_iter": 100, "init_lambda": 0.0001, "retries": 3, "min_fit_quality": 2, "verbosity": 0}, "prefix": "", "outfile": null,
#     "loge_bins": []}'}
# - {SRCNAME: 4FGL J1040.5+0617}
# - {CREATOR: fermipy 1.2.0}
# - {STVER: 2.2.0}
# schema: astropy-2.0
e_min e_ref e_max ref_dnde_e_min ref_dnde_e_max ref_dnde ref_flux ref_eflux ref_npred dnde dnde_err dnde_errp dnde_errn dnde_ul e2dnde e2dnde_err e2dnde_errp e2dnde_errn e2dnde_ul norm norm_err norm_errp norm_errn norm_ul ts loglike norm_scan dloglike_scan ShowUL tstart tend
[from data line 13]
176.4411988580621 203.35272664697808 234.36890988269914 1.2676665338414826e-11 5.738934307362639e-12 8.529393273473995e-12 4.977580789530056e-10 1.0034832491789141e-07 0.0026220090245143903 8.242861719362933e-08 1.6563855332504582e-08 1.7841698897572553e-08 1.5286011767436605e-08 1.1275590159934675e-07 0.003408615497899966 0.0006849540355471561 0.000737795846171623 0.0006321122249226892 0.00466271941416144 9664.065725516299 1941.973455956988 2091.789922861147 1792.1569890528287 13219.686088342556 165.28629718968358 -174.01721247684063 [0.0,5814.193623330985,6295.427636104148,6776.661648877315,7257.895661650484,7739.129674423645,8220.363687196808,8701.597699969972,9182.831712743135,9664.065725516299,10187.339676673331,10710.613627830355,11233.887578987385,11757.161530144416,12280.435481301447,12803.709432458478,13326.983383615503,13850.25733477253,14373.531285929563,14896.80523708658] [-82.64314859484179,-2.7033307947443177,-1.9759914923996007,-1.390210457668104,-0.9271560452411904,-0.571523615206047,-0.3107057845900556,-0.1341933082275375,-0.033133665593965134,0.0,-0.03354405549873718,-0.13265850184308192,-0.291215732452315,-0.503909134533103,-0.7661126330469017,-1.0737690506759634,-1.4233004666723161,-1.8115355682441248,-2.2356502691474134,-2.693118789664368] False 56901.49999055518 56901.54165722185
234.36890988269914 270.1158072739371 311.3149665447022 5.738934307037039e-12 2.5981096844857946e-12 3.861396224390959e-12 2.9932607156531565e-10 8.015605887923356e-08 0.001866883035042224 5.6371922900203275e-08 1.0819053541230988e-08 1.1490217637178788e-08 1.0147889445283189e-08 7.619632111001618e-08 0.00411303920595452 0.0007893857278060614 0.0008383555712713863 0.0007404158843407365 0.005559477838458948 14598.844465668511 2801.850137235639 2975.6639747559416 2628.036299715337 19732.841874323396 179.01902721248524 -190.5012279647042 [0.0,8941.54362397511,9648.706229186786,10355.868834398461,11063.031439610137,11770.194044821817,12477.356650033491,13184.519255245172,13891.681860456847,14598.844465668511,15355.907989521118,16112.971513373706,16870.035037226284,17627.09856107888,18384.162084931464,19141.225608784047,19898.28913263664,20655.352656489227,21412.416180341817,22169.4797041944] [-89.50951360624262,-2.703221324390057,-1.9781309037782648,-1.3926170135891027,-0.9288106469497563,-0.5720730745210858,-0.3102605043730762,-0.13318693740430376,-0.03222433646311629,0.0,-0.03450102618131723,-0.13378930879488848,-0.29204416353653073,-0.5041962373951776,-0.7658034433213459,-1.0729515036594535,-1.4221734651875408,-1.8103840004602887,-2.2348253496422217,-2.6930225114411996] False 56901.49999055518 56901.54165722185
311.3149665447022 358.7979888064861 413.52331434760555 2.5981096846043605e-12 1.1762068655455707e-12 1.748117401226839e-12 1.7999928261624347e-10 6.402691605434085e-08 0.0012877883049692458 1.978068020891682e-08 5.24901030341197e-09 5.7563605821790475e-09 4.741660024644892e-09 2.9669349330942788e-08 0.002546485583514759 0.00067573657347403 0.0007410508173234483 0.0006104223296246116 0.00381951325968311 11315.418629798329 3002.664637814476 3292.8913001719447 2712.4379754570073 16972.172069290464 85.93873904670863 -110.4750987689612 [0.0,5650.27379083361,6358.416895704199,7066.560000574792,7774.703105445382,8482.846210315969,9190.989315186565,9899.132420057154,10607.275524927745,11315.418629798329,12159.354507726097,13003.290385653845,13847.226263581602,14691.162141509358,15535.098019437119,16379.033897364887,17222.969775292648,18066.905653220394,18910.841531148155,19754.777409075905] [-42.96936952335432,-2.701840881110627,-1.9343878749522077,-1.3364056843504102,-0.8767705850076055,-0.5322231161219264,-0.2849214604277819,-0.12087850400550337,-0.02892506751777546,0.0,-0.03757576389139672,-0.14380071800914607,-0.31023758491240017,-0.5299153800619081,-0.797008082247487,-1.106596793071006,-1.4544906301044591,-1.8370897617236892,-2.251279215883784,-2.694345519791] False 56901.49999055518 56901.54165722185
413.52331434760555 476.5900816815941 549.2752115212968 1.1762068655658808e-12 5.325223647373115e-13 7.914268516239549e-13 1.0823556267137622e-10 5.1139608259486936e-08 0.000875231188752594 9.201666081261662e-09 2.914774810912554e-09 3.176622825247592e-09 2.652926796577516e-09 1.4890238526163578e-08 0.0020900490053490156 0.000662056429842633 0.0007215320918673653 0.0006025807678179009 0.003382140576084745 11626.679158510307 3682.9364646039385 4013.7920753249336 3352.0808538829433 18814.421693691347 56.808736987886476 -86.88531343232819 [0.0,4894.756802761112,5736.247097229764,6577.73739169841,7419.227686167059,8260.717980635709,9102.208275104358,9943.69856957301,10785.188864041656,11626.679158510307,12712.553732207616,13798.428305904923,14884.30287960223,15970.17745329954,17056.052026996855,18141.92660069416,19227.80117439146,20313.675748088768,21399.55032178608,22485.424895483382] [-28.404368493943238,-2.6949717989412534,-1.8928682067036675,-1.2876480739766691,-0.8340415356077102,-0.5008533209693837,-0.265663223086662,-0.11180965482557781,-0.02656848399027467,0.0,-0.03977785027947789,-0.15078963049734284,-0.3225849326863539,-0.5468676697753949,-0.8169403929505279,-1.1273172003971013,-1.4734473092927942,-1.85151334198531,-2.2582813111455238,-2.690987161782914] False 56901.49999055518 56901.54165722185
549.2752115212968 633.0528961793416 729.6086933380817 5.325223647123561e-13 2.4108160835290066e-13 3.583034303055783e-13 6.509402769082222e-11 4.085290593221077e-08 0.0005782139896565765 2.9974130155708698e-09 1.4696064550104794e-09 1.6324032430280134e-09 1.3068096669929461e-09 6.0221028448532464e-09 0.0012012311586305387 0.0005889535594569843 0.0006541953440478169 0.0005237117748661521 0.0024133936631811135 8365.5716413726 4101.569593562442 4555.92412731249 3647.2150598123953 16807.270976215073 18.350375161859873 -55.51538517129817 [0.0,1760.828117063646,2586.4210576022633,3412.013998140884,4237.6069386795025,5063.199879218121,5888.792819756743,6714.385760295361,7539.978700833978,8365.5716413726,9666.686292215849,10967.800943059096,12268.915593902337,13570.030244745585,14871.144895588834,16172.25954643208,17473.37419727532,18774.488848118566,20075.60349896182,21376.718149805063] [-9.175187580929936,-2.7017301035262093,-1.7703088421583644,-1.1494811342892248,-0.7198689328917567,-0.42139477336045417,-0.21915042814299568,-0.09087882074056353,-0.021434133347142392,0.0,-0.04495383112826801,-0.16718340008927868,-0.3510935634671668,-0.5854497430862153,-0.8618734140204722,-1.173939891599602,-1.5166089228033073,-1.885850081892734,-2.278387690080585,-2.69152200426781] False 56901.49999055518 56901.54165722185
729.6086933380817 840.8915725798939 969.1477682383326 2.410816083662745e-13 1.0914159805801929e-13 1.6220983940406587e-13 3.914419557791525e-11 3.263241251206945e-08 0.0003758674070873363 2.3887772433031437e-09 1.0552861264299657e-09 1.1680393756973493e-09 9.425328771625824e-10 4.542862061445015e-09 0.0016891011324442415 0.0007461913814704524 0.0008259190503262364 0.0006664637126146686 0.003212251570981239 14726.463277931509 6505.685045413555 7200.792380958807 5810.577709868303 28006.08198697931 24.941393122772155 -63.58094915985525 [0.0,3930.735564535036,5280.201528709597,6629.667492884155,7979.133457058713,9328.599421233273,10678.065385407832,12027.531349582385,13376.99731375695,14726.463277931509,16770.875208716225,18815.287139500935,20859.699070285646,22904.111001070374,24948.522931855077,26992.934862639802,29037.34679342451,31081.758724209216,33126.170654993926,35170.582585778655] [-12.470696561386077,-2.6926970930932015,-1.8045782750039194,-1.1865009354325906,-0.7487036755220942,-0.44032624045402713,-0.229590254955383,-0.09524625780863971,-0.02235508966861488,0.0,-0.04459729810318436,-0.1657335528249888,-0.3485509506637783,-0.5821541542031383,-0.8583121243971874,-1.170652599638089,-1.5141402587671422,-1.8847263538924182,-2.2791062603885877,-2.694547311714871] False 56901.49999055518 56901.54165722185
