data/GB6J1040+0617_allsed_1h_min11.ecsv
# %ECSV 1.0
# ---
# datatype:
# - {name: e_min, unit: MeV, datatype: float64}
# - {name: e_ref, unit: MeV, datatype: float64}
# - {name: e_max, unit: MeV, datatype: float64}
# - {name: ref_dnde_e_min, unit: ph / (cm2 MeV s), datatype: float64}
# - {name: ref_dnde_e_max, unit: ph / (cm2 MeV s), datatype: float64}
# - {name: ref_dnde, unit: ph / (cm2 MeV s), datatype: float64}
# - {name: ref_flux, unit: ph / (cm2 s), datatype: float64}
# - {name: ref_eflux, unit: MeV / (cm2 s), datatype: float64}
# - {name: ref_npred, datatype: float64}
# - {name: dnde, unit: ph / (cm2 MeV s), datatype: float64}
# - {name: dnde_err, unit: ph / (cm2 MeV s), datatype: float64}
# - {name: dnde_errp, unit: ph / (cm2 MeV s), datatype: float64}
# - {name: dnde_errn, unit: ph / (cm2 MeV s), datatype: float64}
# - {name: dnde_ul, unit: ph / (cm2 MeV s), datatype: float64}
# - {name: e2dnde, unit: MeV / (cm2 s), datatype: float64}
# - {name: e2dnde_err, unit: MeV / (cm2 s), datatype: float64}
# - {name: e2dnde_errp, unit: MeV / (cm2 s), datatype: float64}
# - {name: e2dnde_errn, unit: MeV / (cm2 s), datatype: float64}
# - {name: e2dnde_ul, unit: MeV / (cm2 s), datatype: float64}
# - {name: norm, datatype: float64}
# - {name: norm_err, datatype: float64}
# - {name: norm_errp, datatype: float64}
# - {name: norm_errn, datatype: float64}
# - {name: norm_ul, datatype: float64}
# - {name: ts, datatype: float64}
# - {name: loglike, datatype: float64}
# - {name: norm_scan, datatype: string, subtype: 'float64[20]'}
# - {name: dloglike_scan, datatype: string, subtype: 'float64[20]'}
# - {name: ShowUL, datatype: bool}
# - {name: tstart, datatype: float64}
# - {name: tend, datatype: float64}
# meta: !!omap
# - {UL_CONF: 0.95}
# - {EXTNAME: SED}
# - {CONFIG: '{"bin_index": 2.0, "use_local_index": true, "free_background": false, "free_radius": null, "free_pars": [], "ul_confidence":
#     0.95, "cov_scale": 3.0, "make_plots": false, "write_fits": true, "write_npy": true, "optimizer": {"optimizer": "MINUIT", "tol":
#     0.001, "max_iter": 100, "init_lambda": 0.0001, "retries": 3, "min_fit_quality": 2, "verbosity": 0}, "prefix": "", "outfile": null,
#     "loge_bins": []}'}
# - {SRCNAME: 4FGL J1040.5+0617}
# - {CREATOR: fermipy 1.2.0}
# - {STVER: 2.2.0}
# schema: astropy-2.0
e_min e_ref e_max ref_dnde_e_min ref_dnde_e_max ref_dnde ref_flux ref_eflux ref_npred dnde dnde_err dnde_errp dnde_errn dnde_ul e2dnde e2dnde_err e2dnde_errp e2dnde_errn e2dnde_ul norm norm_err norm_errp norm_errn norm_ul ts loglike norm_scan dloglike_scan ShowUL tstart tend
100.0 115.25240587974294 132.83117061068992 9.999999999999997e-09 2.41824333793041e-09 4.917563764640373e-09 1.696973374309948e-07 1.9110859420172782e-05 0.025210127390317225 4.8927053426400546e-05 3.07218466668292e-06 3.164027110290882e-06 2.980342223074958e-06 5.4211669029301794e-05 0.6499037781160558 0.04080818856077049 0.04202814249038967 0.0395882346311513 0.7200999457921448 9949.44972106094 624.7371287330104 643.4135400626109 606.06071740341 11024.090713192076 3681.386894022689 -1166.0814551692945 [0.0,8562.22635323065,8735.62927420944,8909.032195188229,9082.435116167011,9255.838037145799,9429.240958124581,9602.643879103369,9776.046800082155,9949.44972106094,10102.968256621967,10256.486792182985,10410.005327744006,10563.523863305023,10717.042398866048,10870.560934427067,11024.079469988088,11177.598005549113,11331.116541110134,11484.635076671157] [-1840.6934470113445,-2.704419531537269,-2.0452831197198975,-1.4849950955649547,-1.0197456073592548,-0.6459409065053023,-0.3601873065565542,-0.1592766035423665,-0.04017280069638218,0.0,-0.028115113246485635,-0.11415654277720932,-0.25640352369759967,-0.4532108460823565,-0.7030044954362893,-1.0042776031227731,-1.3555866806818813,-1.7555481144875102,-2.202834899438585,-2.6961735923880497] False 56901.45832388852 56901.49999055518
132.83117061068992 153.091119887046 176.4411988580621 2.4182433378349798e-09 5.847900841246494e-10 1.1891865812253332e-09 5.4509855182408916e-08 8.154178567895014e-06 0.017348569245271072 2.7270414596480846e-05 1.3606806942197259e-06 1.3936665454511426e-06 1.3276948429883089e-06 2.958741357971637e-05 0.6391337341026457 0.031890125100271116 0.032663210899737116 0.03111703930080511 0.6934369866926688 22931.98983828216 1144.2112749184284 1171.9494379217717 1116.4731119150852 24880.379619848733 5981.137106613351 -1683.052922670253 [0.0,20362.739431894584,20683.895732693032,21005.052033491484,21326.208334289928,21647.364635088383,21968.520935886816,22289.67723668526,22610.833537483726,22931.98983828216,23209.901145961354,23487.81245364053,23765.72376131973,24043.63506899892,24321.546376678103,24599.457684357298,24877.36899203648,25155.28029971568,25433.19160739486,25711.10291507405] [-2990.5685533066753,-2.7059455263602104,-2.0513183414893774,-1.4925946387938893,-1.0268647500056431,-0.6513494476009782,-0.3633922625606374,-0.16045235948627123,-0.04009792123974876,0.0,-0.028352424644936036,-0.11373967239001104,-0.2548203090584593,-0.45029967586060593,-0.698927739633973,-0.9994970651814583,-1.3508409014823428,-1.7518313741868496,-2.2013777773859147,-2.6984249581892072] False 56901.45832388852 56901.49999055518
176.4411988580621 203.35272664697808 234.36890988269914 5.847900841444793e-10 1.414164725070152e-10 2.875742527709885e-10 1.7509551753789316e-08 3.4792065945429567e-06 0.009850788410444643 1.706409543338528e-05 7.033325620717479e-07 7.180577594728572e-07 6.886073646706385e-07 1.8263299060892262e-05 0.7056401299957329 0.029084441215650254 0.0296933624590232 0.0284755199722773 0.7552299958581689 59338.0501521267 2445.742465796655 2496.947319010116 2394.537612583193 63508.11619924942 9285.907024603875 -2172.6191330194806 [0.0,53837.65536752343,54525.20471559884,55212.75406367425,55900.30341174965,56587.852759825044,57275.4021079005,57962.951455975875,58650.500804051306,59338.0501521267,59930.78824802115,60523.52634391555,61116.264439809995,61709.00253570439,62301.74063159884,62894.478727493275,63487.216823387665,64079.954919282136,64672.693015176555,65265.431111070946] [-4642.953512301938,-2.7121952257393787,-2.0631196849772095,-1.5070293689586833,-1.0416231720951146,-0.66468436404557,-0.3740765143979843,-0.16773966046548594,-0.043686700995294814,0.0,-0.02542509855447861,-0.10805471347430284,-0.24677402940733373,-0.44050050545274644,-0.6881826412454757,-0.9887988014484108,-1.341356095372248,-1.7448893086439057,-2.198459884051317,-2.7011549488711353] False 56901.45832388852 56901.49999055518
234.36890988269914 270.1158072739371 311.3149665447022 1.4141647249899186e-10 3.41979442498103e-11 6.954245208881683e-11 5.624384830326137e-09 1.48450005425357e-06 0.0047708390246721105 8.102692405612385e-06 3.423346400077242e-07 3.493748770609673e-07 3.3529440295448105e-07 8.68181681513805e-06 0.5911930944252659 0.024977608062098217 0.025491281705455483 0.024463934418740944 0.6334474877288466 116514.33278861015 4922.671400348497 5023.907937769575 4821.434862927417 124841.97140546584 8825.541049891526 -2073.0784509451523 [0.0,105382.35129620157,106773.84898275262,108165.34666930375,109556.8443558548,110948.34204240586,112339.83972895693,113731.33741550804,115122.83510205912,116514.33278861015,117701.26122985648,118888.1896711028,120075.11811234908,121262.04655359525,122448.9749948416,123635.90343608789,124822.8318773343,126009.76031858058,127196.68875982682,128383.6172010731] [-4412.770524945763,-2.7113602915023876,-2.05818449184153,-1.4994018808056353,-1.0325997916534106,-0.6554568923861552,-0.36573863300554876,-0.16129297295492506,-0.04004636831177777,0.0,-0.02856177273861249,-0.11364283015609544,-0.25412045941266115,-0.44890507170930505,-0.6969389119308289,-0.9971948305183105,-1.3486751139962507,-1.7504103708370167,-2.2014584695371013,-2.700903526007096] False 56901.45832388852 56901.49999055518
311.3149665447022 358.7979888064861 413.52331434760555 3.419794425137093e-11 8.269895085679336e-12 1.681705714757332e-11 1.8066541718328237e-09 6.334031485121907e-07 0.0020169450856212107 3.3909127365125066e-06 1.674240645780282e-07 1.7149862670389093e-07 1.6334950245216547e-07 3.67699589595261e-06 0.4365325311003813 0.02155350383700173 0.022078046653682393 0.021028961020321067 0.4733617317904657 201635.322206288 9955.610134927043 10197.89759878636 9713.322671067726 218646.8098244642 6262.318347773406 -1661.4757453340565 [0.0,179343.73152412957,182130.18035939947,184916.62919466928,187703.07802993894,190489.52686520878,193275.97570047865,196062.42453574855,198848.8733710183,201635.322206288,204058.47970910234,206481.6372119166,208904.79471473096,211327.9522175451,213751.10972035947,216174.26722317358,218597.42472598806,221020.5822288024,223443.73973161663,225866.89723443083] [-3131.159173886703,-2.7064212831749046,-2.0537553363935785,-1.4963014051106711,-1.0312122816021656,-0.6557665927980452,-0.36736149265288986,-0.16350587740771516,-0.041814079475898325,0.0,-0.026865948478416612,-0.11109314252666991,-0.2513434623306239,-0.44632507211645134,-0.694790309910104,-0.9955336962054844,-1.3473900535939265,-1.749232730018548,-2.1999719188711424,-2.698553069669515] False 56901.45832388852 56901.49999055518
413.52331434760555 476.5900816815941 549.2752115212968 8.269895085679336e-12 2.000092125493533e-12 4.067007750118627e-12 5.803047121391051e-10 2.702451381131754e-07 0.0007805822684641833 1.1024695108177669e-06 7.540096386742602e-08 7.792342511594349e-08 7.287850261890856e-08 1.2337719707843969e-06 0.25041283656278396 0.017126432120199587 0.01769937919053845 0.016553485049860723 0.28023662862713433 271076.3240580522 18539.665646131783 19159.890982177403 17919.440310086164 303361.10639287817 3090.601181733602 -990.4911733394168 [0.0,230370.4755474884,235458.70661130885,240546.93767512933,245635.16873894978,250723.3998027702,255811.6308665908,260899.86193041125,265988.0929942317,271076.3240580522,275679.52526045206,280282.7264628517,284885.9276652515,289489.12886765134,294092.33007005096,298695.53127245064,303298.73247485055,307901.93367725017,312505.1348796501,317108.3360820499] [-1545.300590866801,-2.7039446447575983,-2.0466079374101582,-1.4881940907657736,-1.0245635088709832,-0.6518311220982014,-0.36634593918756764,-0.164672612342315,-0.043574782146265534,0.0,-0.024962021144233404,-0.10898865912474776,-0.2501563198821941,-0.4466338760050803,-0.6966768336094447,-0.9986219520524173,-1.3508822749396359,-1.751942535265016,-2.2003549013794554,-2.694735033893835] False 56901.45832388852 56901.49999055518
549.2752115212968 633.0528961793416 729.6086933380817 2.0000921254232412e-12 4.836709457632368e-13 9.835580562005766e-13 1.8642966888581778e-10 1.1532148277813055e-07 0.00028459384141311245 3.237341071156609e-07 3.322085616039905e-08 3.478939618803364e-08 3.1652316132764466e-08 3.8288715175684453e-07 0.12973837591237142 0.013313456413564807 0.013942058192821119 0.012684854634308497 0.15344431165820654 329145.9055973021 33776.20258506056 35370.96358340341 32181.44158671771 389287.7998843441 1252.787511315917 -520.5025905968157 [0.0,256899.87118049857,265930.6254825992,274961.3797846995,283992.13408680004,293022.8883889004,302053.64269100095,311084.3969931012,320115.1512952016,329145.9055973021,337772.7964916865,346399.6873860708,355026.5782804555,363653.4691748398,372280.36006922415,380907.2509636087,389534.14185799303,398161.0327523774,406787.9236467617,415414.81454114604] [-626.3937556579585,-2.704187415472802,-2.031253168637136,-1.4664836767902898,-1.0028959566320736,-0.6341621542969733,-0.35453007354351485,-0.15875540073545835,-0.042043619681862765,0.0,-0.02585211721111591,-0.11290827950108451,-0.2581601636367168,-0.45881593629633244,-0.7122799671776647,-1.0161348641269115,-1.368125518482998,-1.7661448966077842,-2.2082213531697334,-2.6925072746961405] False 56901.45832388852 56901.49999055518
729.6086933380817 840.8915725798939 969.1477682383326 4.836709457721805e-13 1.1696340423640763e-13 2.3784827169386265e-13 5.988458279417007e-11 4.9205111223615734e-08 0.00010113635162382895 1.1738122712430811e-07 1.643508149629661e-08 1.7384376111063965e-08 1.5485786881529253e-08 1.4702927811550916e-07 0.08300010568972194 0.011621223722318044 0.012292468650375692 0.010949978794260398 0.10396420213044107 493513.0547233529 69099.01585263734 73090.19311874422 65107.838586530466 618164.1643574871 636.6824233825124 -305.7463090480837 [0.0,348683.3189287377,366787.0359030647,384890.75287739147,402994.4698517184,421098.1868260453,439201.90380037227,457305.6207746993,475409.33774902613,493513.0547233529,511579.03454661125,529645.0143698696,547710.9941931287,565776.9740163864,583842.9538396453,601908.9336629036,619974.913486162,638040.8933094203,656106.8731326786,674172.8529559372] [-318.3412116912562,-2.6980138793482524,-2.002076759913109,-1.4277227925209104,-0.9637869330558715,-0.6005748008337264,-0.32961521671546734,-0.1434626961029153,-0.03553826373502034,0.0,-0.03150439947700079,-0.1252648511368193,-0.2771086547847972,-0.48326905517518526,-0.740334234730085,-1.0452040742527515,-1.395053303892496,-1.7872999435343786,-2.219578146870674,-2.689714731764468] False 56901.45832388852 56901.49999055518
969.1477682383326 1116.9661194245136 1287.3303254983532 1.1696340423633597e-13 2.8284597307775107e-14 5.751749984631857e-14 1.9236011509157498e-11 2.099472632625629e-08 3.5263648446089146e-05 2.9259521050735922e-08 6.856733274691395e-09 7.352507323298496e-09 6.360959226084293e-09 4.2107388130565774e-08 0.03650456796395282 0.008554551709942407 0.009173086012700135 0.007936017407184678 0.052533737962813236 508706.41333358764 119211.25384468988 127830.7878983564 110591.71979102337 732079.597393364 192.8944609583379 -132.62698352396814 [0.0,277820.733295416,306681.44330018753,335542.153304959,364402.86330973037,393263.57331450196,422124.2833192734,450984.9933240448,479845.70332881634,508706.41333358764,541949.6391066927,575192.8648797978,608436.0906529026,641679.3164260077,674922.5421991125,708165.7679722175,741408.9937453226,774652.2195184273,807895.4452915326,841138.6710646371] [-96.44723047916895,-2.6995907230636647,-1.9479703032162092,-1.3548178720220676,-0.8940657564516528,-0.5455925647153208,-0.2935417181568596,-0.1251952992462293,-0.030196706752889213,0.0,-0.03629543068271346,-0.14004747608527168,-0.30369176095439343,-0.5208690193516645,-0.7861819625899216,-1.095010529830688,-1.4433694662318715,-1.8277970995846715,-2.2452674573760305,-2.6931200826021495] False 56901.45832388852 56901.49999055518
1287.3303254983532 1483.6791717563765 1709.9759409858673 2.8284597308054455e-14 6.839903900738614e-15 1.3909131082069202e-14 6.178954941692179e-12 8.957982668088602e-09 1.2106664215298657e-05 6.674152053376387e-09 2.791457427733257e-09 3.1353974495854826e-09 2.447517405881031e-09 1.2550705010923515e-08 0.014691836842200533 0.0061448460796541815 0.0069019625858625575 0.005387729573445805 0.02762791569631597 479839.6114032093 200692.43802956407 225420.08059924352 175964.79545988463 902335.6625852145 58.61935777375564 -49.27599541874312 [0.0,159360.96431862126,199420.7952041947,239480.62608976837,279540.45697534183,319600.2878609154,359660.1187464889,399719.94963206234,439779.7805176361,479839.6114032093,544084.6489090598,608329.68641491,672574.7239207603,736819.7614266106,801064.7989324607,865309.8364383108,929554.8739441615,993799.9114500112,1058044.9489558616,1122289.9864617113] [-29.30967888687782,-2.695635970471564,-1.8465895965389691,-1.2408715129137704,-0.8032607198326005,-0.4887912227343847,-0.2684285719511337,-0.12233254826776374,-0.03634316439030272,0.0,-0.026122474906337345,-0.13601579519612272,-0.3128662740777486,-0.5444637527804588,-0.8216606887696543,-1.1374264759454746,-1.4862407612048685,-1.8636896391716462,-2.2661883917554206,-2.6907859783420705] False 56901.45832388852 56901.49999055518
1709.9759409858673 1970.7884119509856 2271.3810595726877 6.839903900523384e-15 1.6540552039524901e-15 3.363566357483613e-15 1.9847921255245812e-12 3.822171922195316e-09 4.0207605919787e-06 3.24294058421641e-09 1.6637303393923735e-09 1.8741865530008734e-09 1.4532741257838735e-09 6.8031026063155846e-09 0.012595603815140896 0.006461940225549877 0.007279353624965533 0.0056445268261342205 0.026423297904364346 964137.5372307365 494632.8279478515 557202.1936867659 432063.4622089372 2022586.1134504848 26.161388310526036 -40.528206327279946 [0.0,216170.86168844515,309666.69613123155,403162.530574018,496658.3650168044,590154.1994595908,683650.0339023771,777145.8683451634,870641.7027879504,964137.5372307365,1128845.03477701,1293552.5323232827,1458260.0298695564,1622967.52741583,1787675.0249621035,1952382.5225083767,2117090.020054651,2281797.5176009247,2446505.0151471966,2611212.5126934713] [-13.080694155263018,-2.6940600717966063,-1.7374885581028892,-1.1162027261003118,-0.6947968526635577,-0.40631759670170453,-0.21269089380818684,-0.09017627591433808,-0.02296563778342886,0.0,-0.04383193899383997,-0.17060888994875256,-0.3606869774772363,-0.6006682733063116,-0.8810046030837313,-1.194650610340787,-1.5362588334880627,-1.9016744392623082,-2.2876049675643557,-2.691397031117468] False 56901.45832388852 56901.49999055518
100.0 115.25240587974294 132.83117061068992 6.185183214613743e-11 2.8001338837830366e-11 4.161651246397994e-11 1.37646718127061e-09 1.572742673675987e-07 0.004078339022768134 2.475490188595082e-07 5.093491630914481e-08 5.4991871972250446e-08 4.687796064603917e-08 3.4073651483827704e-07 0.003288222595863626 0.0006765744558301232 0.0007304634728147223 0.0006226854388455243 0.004526043013577509 5948.336470379815 1223.9112144063047 1321.39549223033 1126.4269365822793 8187.531695098007 142.85049459391183 -171.5612410474955 [0.0,3522.3211377242033,3825.573054306155,4128.824970888108,4432.076887470058,4735.328804052007,5038.580720633961,5341.832637215913,5645.084553797866,5948.336470379815,6278.449070095058,6608.5616698102995,6938.674269525543,7268.786869240791,7598.89946895603,7929.012068671272,8259.124668386512,8589.237268101757,8919.349867817002,9249.462467532245] [-71.42524729695592,-2.703464310679152,-1.9719380049050415,-1.3842863155193754,-0.9208832642092091,-0.565866416134952,-0.3062315442374768,-0.13118429455107616,-0.03166594763686703,0.0,-0.0350073478024342,-0.13540934789500625,-0.29498980620394377,-0.5083790859266912,-0.7709069953120604,-1.0784863138076162,-1.4275196028387427,-1.8148239281701422,-2.237569514188607,-2.6932293454998444] False 56901.49999055518 56901.54165722185
