data/GB6J1040+0617_allsed_2min_min5.ecsv
# %ECSV 1.0
# ---
# datatype:
# - {name: e_min, unit: MeV, datatype: float64}
# - {name: e_ref, unit: MeV, datatype: float64}
# - {name: e_max, unit: MeV, datatype: float64}
# - {name: ref_dnde_e_min, unit: ph / (cm2 MeV s), datatype: float64}
# - {name: ref_dnde_e_max, unit: ph / (cm2 MeV s), datatype: float64}
# - {name: ref_dnde, unit: ph / (cm2 MeV s), datatype: float64}
# - {name: ref_flux, unit: ph / (cm2 s), datatype: float64}
# - {name: ref_eflux, unit: MeV / (cm2 s), datatype: float64}
# - {name: ref_npred, datatype: float64}
# - {name: dnde, unit: ph / (cm2 MeV s), datatype: float64}
# - {name: dnde_err, unit: ph / (cm2 MeV s), datatype: float64}
# - {name: dnde_errp, unit: ph / (cm2 MeV s), datatype: float64}
# - {name: dnde_errn, unit: ph / (cm2 MeV s), datatype: float64}
# - {name: dnde_ul, unit: ph / (cm2 MeV s), datatype: float64}
# - {name: e2dnde, unit: MeV / (cm2 s), datatype: float64}
# - {name: e2dnde_err, unit: MeV / (cm2 s), datatype: float64}
# - {name: e2dnde_errp, unit: MeV / (cm2 s), datatype: float64}
# - {name: e2dnde_errn, unit: MeV / (cm2 s), datatype: float64}
# - {name: e2dnde_ul, unit: MeV / (cm2 s), datatype: float64}
# - {name: norm, datatype: float64}
# - {name: norm_err, datatype: float64}
# - {name: norm_errp, datatype: float64}
# - {name: norm_errn, datatype: float64}
# - {name: norm_ul, datatype: float64}
# - {name: ts, datatype: float64}
# - {name: loglike, datatype: float64}
# - {name: norm_scan, datatype: string, subtype: 'float64[20]'}
# - {name: dloglike_scan, datatype: string, subtype: 'float64[20]'}
# - {name: ShowUL, datatype: bool}
# - {name: tstart, datatype: float64}
# - {name: tend, datatype: float64}
# meta: !!omap
# - {UL_CONF: 0.95}
# - {EXTNAME: SED}
# - {CONFIG: '{"bin_index": 2.0, "use_local_index": true, "free_background": false, "free_radius": null, "free_pars": [], "ul_confidence":
#     0.95, "cov_scale": 3.0, "make_plots": false, "write_fits": true, "write_npy": true, "optimizer": {"optimizer": "MINUIT", "tol":
#     0.001, "max_iter": 100, "init_lambda": 0.0001, "retries": 3, "min_fit_quality": 2, "verbosity": 0}, "prefix": "", "outfile": null,
#     "loge_bins": []}'}
# - {SRCNAME: 4FGL J1040.5+0617}
# - {CREATOR: fermipy 1.2.0}
# - {STVER: 2.2.0}
# schema: astropy-2.0
e_min e_ref e_max ref_dnde_e_min ref_dnde_e_max ref_dnde ref_flux ref_eflux ref_npred dnde dnde_err dnde_errp dnde_errn dnde_ul e2dnde e2dnde_err e2dnde_errp e2dnde_errn e2dnde_ul norm norm_err norm_errp norm_errn norm_ul ts loglike norm_scan dloglike_scan ShowUL tstart tend
[from data line 74]
132.83117061068992 153.091119887046 176.4411988580621 2.4182433378349798e-09 5.847900841246494e-10 1.1891865812253332e-09 5.4509855182408916e-08 8.154178567895014e-06 0.00027114313663476747 1.743455788491606e-05 8.733582258971936e-06 9.820462245869783e-06 7.64670227207409e-06 3.603254909874402e-05 0.408611832577459 0.20468801534061318 0.2301611031108702 0.1792149275703562 0.8444909252567463 14660.910373670346 7344.164823969748 8258.13409006921 6430.195557870287 30300.164555856514 52.57747577028839 -34.908303925944836 [0.0,3505.519373149393,4899.94324821451,6294.367123279632,7688.790998344748,9083.214873409865,10477.638748474987,11872.062623540109,13266.486498605227,14660.910373670346,17097.270291486187,19533.630209302017,21969.990127117857,24406.3500449337,26842.70996274952,29279.069880565363,31715.429798381203,34151.78971619703,36588.14963401287,39024.50955182871] [-26.288737885144194,-2.6906366355313693,-1.7321899693260008,-1.1102270368431846,-0.6889494676952737,-0.4011194643498115,-0.20849052399712065,-0.08721618153951738,-0.021420643507788384,0.0,-0.04602669170179041,-0.17402442768123194,-0.3646779871469761,-0.6047851946951539,-0.8849217321625957,-1.1981244322363622,-1.539102516744478,-1.903741511190006,-2.2887784713967037,-2.6915820951428344] False 56901.47221277741 56901.473601666294
176.4411988580621 203.35272664697808 234.36890988269914 5.847900841444793e-10 1.414164725070152e-10 2.875742527709885e-10 1.7509551753789316e-08 3.4792065945429567e-06 0.0001745356755159063 1.810261323863033e-05 5.431876458864537e-06 5.896323312324885e-06 4.9674296054041895e-06 2.8596916836862027e-05 0.7485852624791264 0.22462075563964012 0.2438267158577641 0.20541479542151614 1.1825491830502042 62949.353303358715 18888.604965585168 20503.655162134623 17273.554769035713 99441.85392575932 163.66613783622552 -84.87977841133741 [0.0,28504.33206726909,32809.95972178031,37115.58737629149,41421.21503080271,45726.84268531389,50032.47033982509,54338.09799433628,58643.725648847474,62949.353303358715,68445.94290445391,73942.53250554913,79439.12210664434,84935.71170773958,90432.30130883478,95928.89090993002,101425.4805110252,106922.07011212043,112418.65971321563,117915.24931431083] [-81.83306891811276,-2.6978033940227135,-1.9031302621860817,-1.2992434225959357,-0.8441888660792216,-0.508490440959136,-0.2706449696564306,-0.11448310857345234,-0.027539214210065666,0.0,-0.03885371122680681,-0.14882328755574292,-0.31970387802068956,-0.5433408831282236,-0.8131150392059112,-1.1235796465671655,-1.4701989930862283,-1.8491558815405682,-2.2572074486302824,-2.691575428058343] False 56901.47221277741 56901.473601666294
234.36890988269914 270.1158072739371 311.3149665447022 1.4141647249899186e-10 3.41979442498103e-11 6.954245208881683e-11 5.624384830326137e-09 1.48450005425357e-06 9.46489656429931e-05 1.101689574906244e-05 2.829038749483358e-06 3.0436166024101806e-06 2.6144608965565347e-06 1.6360905445661525e-05 0.80382079965635 0.2064138793418317 0.2220700265231155 0.1907577321605479 1.193733370813895 158419.71943974742 40680.744847337606 43766.31123853665 37595.178456138565 235265.0065425653 241.75079000898563 -107.61214099340594 [0.0,81311.70801094221,90950.20943954284,100588.71086814349,110227.21229674412,119865.7137253448,129504.21515394544,139142.71658254604,148781.2180111467,158419.71943974742,169906.2885053807,181392.85757101414,192879.42663664755,204365.99570228107,215852.56476791433,227339.13383354776,238825.70289918105,250312.27196481463,261798.84103044795,273285.4100960813] [-120.87539500449282,-2.703031235348348,-1.9356570516400922,-1.3375672343654372,-0.877741535155053,-0.5329750194770781,-0.2854549174746239,-0.12120941460324275,-0.02907702145161295,0.0,-0.037429943145042444,-0.1435458331017685,-0.3099087591081684,-0.5295454436458726,-0.7966273424791552,-1.1062330315824056,-1.4541692163336108,-1.8368338205812336,-2.2511098154720486,-2.694281860583118] False 56901.47221277741 56901.473601666294
311.3149665447022 358.7979888064861 413.52331434760555 3.419794425137093e-11 8.269895085679336e-12 1.681705714757332e-11 1.8066541718328237e-09 6.334031485121907e-07 4.330789689052173e-05 6.983565935956511e-06 1.6373960953666923e-06 1.7538495138647274e-06 1.5209426768686572e-06 1.0044984321698784e-05 0.8990363217854088 0.21079181844692313 0.22578356535472555 0.19580007153912068 1.2931510692087798 415266.8255018823 97365.19778687715 104289.91817500042 90440.47739875388 597309.2814962731 269.17809461219963 -138.5730055847382 [0.0,227216.4786964876,250722.77204716188,274229.0653978361,297735.3587485106,321241.6520991849,344747.9454498592,368254.23880053364,391760.532151208,415266.8255018823,442347.01352832175,469427.2015547609,496507.38958120055,523587.5776076402,550667.7656340792,577747.9536605189,604828.1416869583,631908.329713398,658988.5177398373,686068.7057662767] [-134.58904730609981,-2.7039799306333805,-1.9512846031711035,-1.3572831248920352,-0.8958554991424705,-0.5468430103047695,-0.2943617411741286,-0.12567329165210595,-0.030405411856463616,0.0,-0.03612943330767848,-0.1397925181544224,-0.3034123958310033,-0.5206198758204437,-0.7860096800608858,-1.094955243795198,-1.4434659638246217,-1.828075729427212,-2.2457548538425556,-2.693839748148207] False 56901.47221277741 56901.473601666294
413.52331434760555 476.5900816815941 549.2752115212968 8.269895085679336e-12 2.000092125493533e-12 4.067007750118627e-12 5.803047121391051e-10 2.702451381131754e-07 1.7431407755796294e-05 9.317902815223069e-07 4.6474838262445025e-07 5.215783942938724e-07 4.0791837095502814e-07 1.91675546408662e-06 0.21164507969436683 0.10556206737602156 0.11847032858814356 0.09265380616389955 0.4353682056958801 229109.54165138453 114272.80476927894 128246.22581028003 100299.38372827785 471293.7820270226 49.21815708792073 -36.05421726562796 [0.0,54456.38529274316,76288.02983757333,98119.67438240354,119951.31892723369,141782.9634720639,163614.60801689405,185446.25256172422,207277.89710655436,229109.54165138453,266894.280846552,304679.02004171937,342463.75923688663,380248.49843205395,418033.2376272213,455817.9768223888,493602.71601755626,531387.4552127237,569172.1944078908,606956.9336030587] [-24.609078543960365,-2.6911436845799415,-1.7275883812298858,-1.1038752438080977,-0.6823779856000272,-0.3951537093687634,-0.2036262696948441,-0.08377446767757846,-0.0196212559838429,0.0,-0.04854493550700312,-0.17794737104964753,-0.36926141512891064,-0.6095071533993206,-0.8894020367794582,-1.2020775877744754,-1.5423086835396518,-1.9060278065520535,-2.290006485338715,-2.6916392964665405] False 56901.47221277741 56901.473601666294
549.2752115212968 633.0528961793416 729.6086933380817 2.0000921254232412e-12 4.836709457632368e-13 9.835580562005766e-13 1.8642966888581778e-10 1.1532148277813055e-07 6.41253398933389e-06 7.396863696509151e-07 3.405130227837798e-07 3.855619193244256e-07 2.95464126243134e-07 1.4715497326096767e-06 0.2964337280926101 0.13646262652577576 0.154516240727568 0.11840901232398349 0.5897323395549883 752051.5591202389 346205.3110511446 392007.2810077193 300403.34109456994 1496149.335906191 72.33030711543209 -41.51096388480243 [0.0,222310.5087463779,288528.1400431106,354745.7713398432,420963.4026365758,487181.03393330856,553398.6652300411,619616.2965267734,685833.9278235063,752051.5591202389,865859.6074118657,979667.6557034925,1093475.70399512,1207283.7522867466,1321091.8005783737,1434899.84887,1548707.8971616277,1662515.9454532547,1776323.9937448816,1890132.0420365096] [-36.165153557716046,-2.6914503305001176,-1.8141839922472087,-1.206827819945694,-0.7764582063497443,-0.4711633245741851,-0.2589763449257063,-0.11880850594331349,-0.036012530318913605,0.0,-0.025496488729103817,-0.13806252045029055,-0.3185194115265517,-0.5534011653988671,-0.8328891849352189,-1.1496034239089283,-1.4978562478688886,-1.8731715031084448,-2.2719631443911297,-2.6913138309896993] False 56901.47221277741 56901.473601666294
729.6086933380817 840.8915725798939 969.1477682383326 4.836709457721805e-13 1.1696340423640763e-13 2.3784827169386265e-13 5.988458279417007e-11 4.9205111223615734e-08 2.29364225331043e-06 2.0658430131494993e-07 1.4629589343649732e-07 1.7061997154242902e-07 1.2197181533056559e-07 5.4719818080208e-07 0.14607547785149527 0.10344562682363546 0.12064514929462943 0.08624610435264149 0.38692308772422807 868554.981895547 615080.7504071188 717347.9560197773 512813.54479446023 2300618.6965545216 23.052655507736766 -19.809134911222298 [0.0,91925.93735922578,189004.567926266,286083.19849330606,383161.8290603462,480240.4596273864,577319.0901944268,674397.7207614665,771476.3513285066,868554.981895547,1097805.1242335273,1327055.2665715083,1556305.4089094887,1785555.5512474694,2014805.6935854496,2244055.835923431,2473305.97826141,2702556.1205993914,2931806.262937372,3161056.4052753528] [-11.526327753868383,-2.675941643928823,-1.476693111572203,-0.8767218829249579,-0.5181998083413042,-0.2910931564959647,-0.14679560087991206,-0.05950408368451221,-0.013865668885017612,0.0,-0.05820750922217144,-0.2052921414006832,-0.412804757077911,-0.664089643450648,-0.948550524650301,-1.2590266728997968,-1.59045154057522,-1.9391082108292785,-2.302188893968541,-2.6775206624001875] False 56901.47221277741 56901.473601666294
969.1477682383326 1116.9661194245136 1287.3303254983532 1.1696340423633597e-13 2.8284597307775107e-14 5.751749984631857e-14 1.9236011509157498e-11 2.099472632625629e-08 8.12371738234262e-07 6.464791447150226e-08 7.073536444406372e-08 8.896226069875155e-08 5.25084681893759e-08 2.568597767004638e-07 0.08065559868395068 0.08825038230550089 0.11099050070823989 0.0655102639027619 0.3204616767140142 1123969.4813619412 1229805.9657158614 1546699.0209318984 912912.9104998246 4465767.416643097 14.78578134914881 -8.778878354219943 [0.0,124885.49792910455,249770.9958582091,374656.4937873137,499541.9917164182,624427.4896455228,749312.9875746274,874198.4855037316,999083.9834328364,1123969.4813619412,1669617.2038087023,2215264.9262554646,2760912.6487022256,3306560.3711489867,3852208.093595748,4397855.816042512,4943503.538489271,5489151.260936032,6034798.983382796,6580446.705829554] [-7.392890674574405,-1.38362263795824,-0.7930389970013518,-0.48939764212982517,-0.3033542222474761,-0.18177525855449694,-0.10098125004836689,-0.04833695065510035,-0.016298707453023198,0.0,-0.047621744657208254,-0.20815387906492333,-0.43125814953952535,-0.6941963453268176,-0.9847390020896238,-1.295546142429636,-1.621864710679775,-1.9604397356357985,-2.3089441996901687,-2.665656718424545] False 56901.47221277741 56901.473601666294
100.0 115.25240587974294 132.83117061068992 1.6294851425831312e-10 6.546430929389112e-11 1.0328267975021857e-10 3.435353939304347e-09 3.9142390189813456e-07 0.0005985551564286908 5.074669653941053e-07 2.9769994398555775e-07 3.3850552800104774e-07 2.5689435997006777e-07 1.1610374759267585e-06 0.006740743105955354 0.003954383205033849 0.004496408554256888 0.003412357855810809 0.01542219670502322 4913.379151483834 2882.3801309718415 3277.4665492771683 2487.2937126665142 11241.357009080717 20.0511874800613 -27.548206701240723 [0.0,799.8760865663347,1314.0639696810222,1828.2518527957095,2342.439735910397,2856.6276190250846,3370.815502139772,3885.0033852544593,4399.191268369146,4913.379151483834,5913.6343446711,6913.889537858366,7914.144731045632,8914.399924232897,9914.655117420165,10914.910310607434,11915.165503794691,12915.420696981964,13915.675890169225,14915.931083356496] [-10.02559374003065,-2.701079782039095,-1.646738169227774,-1.0220408602853865,-0.6197383267443435,-0.3538517195594011,-0.1802957246075536,-0.07341888726956824,-0.0169699802293799,0.0,-0.05281626273031392,-0.18984937947494274,-0.3885519666632824,-0.6343722822567806,-0.9173700719622566,-1.2304528039585492,-1.5683820599455558,-1.9271787365831088,-2.3037491586921384,-2.6956404163224157] False 56901.52776833296 56901.52915722185
132.83117061068992 153.091119887046 176.4411988580621 6.546430928872332e-11 2.6300183285143857e-11 4.1493654128417916e-11 1.8332667995302977e-09 2.774607314947643e-07 0.0004373799047960133 4.712493165003456e-07 2.110833018033984e-07 2.3475524945808078e-07 1.8741135414871609e-07 9.076941224996177e-07 0.011044618859115297 0.004947136333810322 0.005501933190473144 0.0043923394771475015 0.021273528199716837 11357.141866606526 5087.122506736108 5657.618119906751 4516.626893565466 21875.4925678614 45.92270795464566 -40.19894359029226 [0.0,3189.4501180677366,4210.411586635088,5231.373055202434,6252.33452376978,7273.295992337133,8294.257460904477,9315.218929471828,10336.180398039176,11357.141866606526,12985.62991238418,14614.117958161847,16242.606003939507,17871.094049717158,19499.582095494825,21128.07014127249,22756.55818705015,24385.046232827794,26013.53427860548,27642.022324383124] [-22.96135397732283,-2.6956022075320405,-1.78096240745257,-1.1587688882029994,-0.7253012357722497,-0.4237983971557,-0.21979201771549128,-0.09077207880063298,-0.0212239805842529,0.0,-0.04636601217267611,-0.17108623069897533,-0.35764709179996146,-0.5942614665734212,-0.872220999540275,-1.1849092262693048,-1.5271809477495424,-1.8949559587973823,-2.2849440004082453,-2.694453145787733] False 56901.52776833296 56901.52915722185
176.4411988580621 203.35272664697808 234.36890988269914 2.6300183286035987e-11 1.0566057266427672e-11 1.6670010279474907e-11 9.783175818361736e-10 1.9667796768982964e-07 0.00028997767430046645 1.1201028250403798e-07 8.108688512616015e-08 9.461744168780682e-08 6.755632856451348e-08 3.006293722548668e-07 0.004631886326208145 0.003353131748749334 0.003912651808183322 0.0027936116893153462 0.012431725440507274 6719.268952218443 4864.237260009316 5675.907818983493 4052.566701035139 18034.144383523224 14.557472299038167 -18.21561324342225 [0.0,600.1473577440383,1365.0375570533386,2129.9277563626383,2894.8179556719374,3659.70815498124,4424.598354290538,5189.488553599837,5954.378752909139,6719.268952218443,8528.453734612223,10337.638517006004,12146.823299399784,13956.008081793563,15765.192864187347,17574.377646581124,19383.562428974903,21192.747211368693,23001.931993762468,24811.11677615625] [-7.278736149519084,-2.6278164734722544,-1.4496627239250017,-0.8612891346158129,-0.5090952569588403,-0.28574930035065904,-0.14380051961218498,-0.05800370571884983,-0.01330545897230806,0.0,-0.058751422792031605,-0.20580873477488026,-0.4129642169692538,-0.6636844930902832,-0.9474418299758831,-1.2571168657578333,-1.5876694885681353,-1.9354004623662284,-2.2975142690713852,-2.671846764434026] False 56901.52776833296 56901.52915722185
