data/PKS0426-380_allsed_14d_min11.ecsv
# %ECSV 1.0
# ---
# datatype:
# - {name: e_min, unit: MeV, datatype: float64}
# - {name: e_ref, unit: MeV, datatype: float64}
# - {name: e_max, unit: MeV, datatype: float64}
# - {name: ref_dnde_e_min, unit: ph / (cm2 MeV s), datatype: float64}
# - {name: ref_dnde_e_max, unit: ph / (cm2 MeV s), datatype: float64}
# - {name: ref_dnde, unit: ph / (cm2 MeV s), datatype: float64}
# - {name: ref_flux, unit: ph / (cm2 s), datatype: float64}
# - {name: ref_eflux, unit: MeV / (cm2 s), datatype: float64}
# - {name: ref_npred, datatype: float64}
# - {name: dnde, unit: ph / (cm2 MeV s), datatype: float64}
# - {name: dnde_err, unit: ph / (cm2 MeV s), datatype: float64}
# - {name: dnde_errp, unit: ph / (cm2 MeV s), datatype: float64}
# - {name: dnde_errn, unit: ph / (cm2 MeV s), datatype: float64}
# - {name: dnde_ul, unit: ph / (cm2 MeV s), datatype: float64}
# - {name: e2dnde, unit: MeV / (cm2 s), datatype: float64}
# - {name: e2dnde_err, unit: MeV / (cm2 s), datatype: float64}
# - {name: e2dnde_errp, unit: MeV / (cm2 s), datatype: float64}
# - {name: e2dnde_errn, unit: MeV / (cm2 s), datatype: float64}
# - {name: e2dnde_ul, unit: MeV / (cm2 s), datatype: float64}
# - {name: norm, datatype: float64}
# - {name: norm_err, datatype: float64}
# - {name: norm_errp, datatype: float64}
# - {name: norm_errn, datatype: float64}
# - {name: norm_ul, datatype: float64}
# - {name: ts, datatype: float64}
# - {name: loglike, datatype: float64}
# - {name: norm_scan, datatype: string, subtype: 'float64[20]'}
# - {name: dloglike_scan, datatype: string, subtype: 'float64[20]'}
# - {name: ShowUL, datatype: bool}
# - {name: tstart, datatype: float64}
# - {name: tend, datatype: float64}
# meta: !!omap
# - {UL_CONF: 0.95}
# - {EXTNAME: SED}
# - {CONFIG: '{"bin_index": 2.0, "use_local_index": true, "free_background": false, "free_radius": null, "free_pars": [], "ul_confidence":
#     0.95, "cov_scale": 3.0, "make_plots": false, "write_fits": true, "write_npy": true, "optimizer": {"optimizer": "MINUIT", "tol":
#     0.001, "max_iter": 100, "init_lambda": 0.0001, "retries": 3, "min_fit_quality": 2, "verbosity": 0}, "prefix": "", "outfile": null,
#     "loge_bins": []}'}
# - {SRCNAME: 4FGL J0428.6-3756}
# - {CREATOR: fermipy 1.2.0}
# - {STVER: 2.2.0}
# schema: astropy-2.0
e_min e_ref e_max ref_dnde_e_min ref_dnde_e_max ref_dnde ref_flux ref_eflux ref_npred dnde dnde_err dnde_errp dnde_errn dnde_ul e2dnde e2dnde_err e2dnde_errp e2dnde_errn e2dnde_ul norm norm_err norm_errp norm_errn norm_ul ts loglike norm_scan dloglike_scan ShowUL tstart tend
[from data line 2006]
1287.3303254983532 1483.6791717563765 1709.9759409858673 5.797862907996264e-14 3.1416868479623955e-14 4.267911625647948e-14 1.805882026042621e-11 2.6675384657638474e-08 0.030532207791971855 8.018317837946098e-12 3.8032629838748375e-12 4.207613494490941e-12 3.3989124732587342e-12 1.5754877474181892e-11 1.7650754205459616e-05 8.372137580953419e-06 9.262235930754566e-06 7.48203923115227e-06 3.468127298694722e-05 187.874504939609 89.1129741538974 98.58717479540472 79.63877351239007 369.1472283423866 19.355706310039153 -113.2326012977787 [0.0,41.65833039597327,59.93535221392774,78.2123740318822,96.4893958498366,114.76641766779109,133.04343948574547,151.32046130370003,169.59748312165453,187.874504939609,215.68690668771555,243.49930843582192,271.3117101839284,299.1241119320349,326.93651368014145,354.748915428248,382.56131717635446,410.3737189244608,438.1861206725674,465.99852242067385] [-9.677853155019577,-2.7040322768779106,-1.7876233802727768,-1.1671064630120185,-0.7336966279440986,-0.43066711036181005,-0.22437097700576203,-0.09307518352713373,-0.021859572383050363,0.0,-0.04400264879086535,-0.16375682592669705,-0.3448870892568152,-0.5768899053051086,-0.851835957309774,-1.1635787895543501,-1.5072486229090742,-1.8789156226720536,-2.275358415270418,-2.6939004559895636] False 57552.65603222185 57566.65603222185
1709.9759409858673 1970.7884119509856 2271.3810595726877 3.0427890316285226e-14 1.621121435606754e-14 2.2209751289021913e-14 1.2488892445524206e-11 2.4494674401853567e-08 0.021672651787016273 2.0581460403340563e-12 1.4768014131546595e-12 1.7214523806135431e-12 1.2321504456957756e-12 5.492725383144954e-12 7.99385355498663e-06 5.735906974142387e-06 6.686133035668461e-06 4.785680912616312e-06 2.1333783643211198e-05 92.6685766783611 66.49337914399021 77.50885447620668 55.47790381177374 247.31143143687342 12.430716185957749 -96.90747904126235 [0.0,8.54397624649258,19.059551300476137,29.57512635445971,40.09070140844328,50.606276462426834,61.1218515164104,71.63742657039398,82.15300162437754,92.6685766783611,117.44701273658056,142.2254487948,167.0038848530194,191.78232091123886,216.56075696945814,241.3391930276777,266.1176290858971,290.8960651441164,315.67450120233593,340.45293726055536] [-6.2153580929788745,-2.6733406708296172,-1.4740814982037307,-0.8744370518551534,-0.516278556634731,-0.2895457196531055,-0.1456277463065021,-0.05872070452248579,-0.013471552378518936,0.0,-0.05891947715096535,-0.20643184084977406,-0.4142263253553722,-0.665714600284403,-0.9503370790663155,-1.2609546773925615,-1.5925144064892436,-1.941308247900551,-2.3045344700080648,-2.6800243922298392] False 57552.65603222185 57566.65603222185
2271.3810595726877 2617.821317854317 3017.1020504598932 1.5437367784918742e-14 8.086595352127644e-15 1.1172991836505085e-14 8.349611995197113e-12 2.1744054594981218e-08 0.014760619156110932 8.982859742038987e-12 2.7004678317089474e-12 2.93949067742931e-12 2.461444985988585e-12 1.4239487066963445e-11 6.155943408003785e-05 1.8506274866272777e-05 2.0144295667809394e-05 1.686825406473616e-05 9.75830404353299e-05 803.9797999931967 241.6960355135867 263.0889488189927 220.30312220818067 1274.4560521774767 85.88094632550624 -89.62029543378013 [0.0,360.9925721215702,416.3659756055235,471.739379089477,527.1127825734302,582.4861860573836,637.8595895413371,693.2329930252904,748.6063965092435,803.9797999931967,874.4021894376968,944.8245788821972,1015.2469683266978,1085.6693577711974,1156.0917472156987,1226.5141366601988,1296.9365261046994,1367.3589155491995,1437.781304993699,1508.2036944382005] [-42.94047316275312,-2.694657077136256,-1.916173617340874,-1.3191171692016042,-0.8652550842018911,-0.5274127223693057,-0.2855635636723406,-0.12451183934332732,-0.03244647695608194,0.0,-0.03310451587940122,-0.13807510117639765,-0.3050613463933871,-0.5261317914442856,-0.7948029297402712,-1.105704842714644,-1.4543384139157922,-1.8368955228354622,-2.250123537878281,-2.691221597092337] False 57552.65603222185 57566.65603222185
3017.1020504598932 3477.2827010020824 4007.6519721450045 7.571329885464149e-15 3.8995400422170244e-15 5.4336639628524896e-15 5.396553363419834e-12 1.8660241753476723e-08 0.00963569879320536 2.865798817978201e-12 1.2788100381192484e-12 1.422065926342183e-12 1.1355541498963138e-12 5.5087876820028346e-12 3.4651792028977584e-05 1.546272515973037e-05 1.719490301341855e-05 1.3730547306042198e-05 6.660947861763259e-05 527.4155408892369 235.3494891958531 261.7139992579973 208.98497913370895 1013.8256100605286 51.42857546449045 -50.419464425900514 [0.0,149.5950652392682,196.82262469551424,244.05018415176033,291.2777436080064,338.5053030642527,385.7328625204987,432.9604219767445,480.187981432991,527.4155408892369,602.7185886316471,678.021636374057,753.3246841164674,828.6277318588776,903.9307796012881,979.233827343698,1054.5368750861085,1129.8399228285186,1205.1429705709286,1280.4460183133385] [-25.714287732245225,-2.6934037109361384,-1.7799127526930363,-1.1582678899007277,-0.7250755546199201,-0.42370899136119533,-0.21976480390954833,-0.09076808213338694,-0.021224789558445423,0.0,-0.04634043716322367,-0.17101199650032584,-0.3575282973608722,-0.5941191088986812,-0.8720870310941322,-1.18482292856757,-1.5271866181378897,-1.8951013799198222,-2.285279396051962,-2.6950304498482467] False 57552.65603222185 57566.65603222185
4007.6519721450045 4618.915317184078 5323.411028602609 3.589786300813692e-15 1.8178521813314037e-15 2.5545451370934457e-15 3.371898271879902e-12 1.5481102209923647e-08 0.006043496575955709 1.4965056919797426e-12 8.369063595894512e-13 9.459724642825983e-13 7.27840254896304e-13 3.2968198140988205e-12 3.1927019170352346e-05 1.7854877218043948e-05 2.0181734799699513e-05 1.552801963638839e-05 7.033560244377294e-05 585.8208063148426 327.61462987562663 370.30955160922434 284.919708142029 1290.5701943673357 29.465168275655685 -29.903053436206235 [0.0,106.89263443275536,166.7586559180162,226.62467740327722,286.4906988885381,346.35672037379896,406.22274185906,466.0887633443209,525.9547848295817,585.8208063148426,696.1142398580371,806.4076734012311,916.701106944425,1026.9945404876187,1137.287974030813,1247.581407574008,1357.8748411172012,1468.1682746603958,1578.4617082035893,1688.7551417467844] [-14.732584137827843,-2.6887876854336525,-1.6623060591210965,-1.041056266153685,-0.6355771030716681,-0.3649033318085877,-0.18679684144586872,-0.07637508232522094,-0.01771613133673,0.0,-0.05018836677214367,-0.18205282370681886,-0.37543605326337115,-0.6169451178459262,-0.897208045028588,-1.2093981260642153,-1.5483810175754016,-1.9101930574728136,-2.2917071752326663,-2.6904106508056955] False 57552.65603222185 57566.65603222185
9392.473966813408 10825.05221838098 12476.13311942254 3.1230101056167383e-16 1.5031773355293112e-16 2.166665181654068e-16 6.714534829717816e-13 7.216285348710218e-09 0.0012230782577409283 5.248277123361309e-13 3.055348216563084e-13 3.487077616963573e-13 2.6236188161625934e-13 1.201942768953346e-12 6.150023268269594e-05 3.580310677743792e-05 4.086218768275143e-05 3.0744025872124405e-05 0.00014084576371335364 2422.2834094535474 1410.1616818481295 1609.4215416806949 1210.9018220155638 5547.431966556841 42.1756848764346 -14.401152914408874 [0.0,437.1611616882556,685.301442658917,933.4417236295784,1181.5820046002402,1429.7222855709015,1677.8625665415625,1926.0028475122247,2174.143128482886,2422.2834094535474,2914.846102507376,3407.4087955612076,3899.9714886150373,4392.534181668868,4885.096874722696,5377.659567776529,5870.222260830359,6362.7849538841865,6855.347646938017,7347.910339991845] [-21.0878424382173,-2.7019346939466526,-1.659700996948752,-1.0375100578922627,-0.6346041126206377,-0.3667342261002222,-0.19046567076434506,-0.08044503511412948,-0.020576520333387194,0.0,-0.047349443047609796,-0.18154057254367828,-0.37904080144387997,-0.624751419995226,-0.9084041524617223,-1.2226978027050297,-1.5622548828595004,-1.9230000329148194,-2.3017708359934,-2.6960639795799874] False 57552.65603222185 57566.65603222185
12476.13311942254 14379.0435808939 16572.19366947696 1.2931861507108665e-16 6.119932454126654e-17 8.89618563934148e-17 3.66442861068102e-13 5.22914859844855e-09 0.0006660516863798982 1.3207359978292534e-13 1.3410722544298638e-13 1.681257082470112e-13 1.0008874263896155e-13 4.857202158897348e-13 2.730712731030337e-05 2.7727593435948914e-05 3.476114928934943e-05 2.0694037582548393e-05 0.00010042600333669231 1484.609304900947 1507.468828549686 1889.8628587909766 1125.074798308395 5459.870506093543 14.024362787261108 -3.4073539600166374 [0.0,164.95658943343844,329.9131788668769,494.8697683003153,659.8263577337538,824.7829471671926,989.7395366006306,1154.6961260340695,1319.6527154675075,1484.609304900947,2138.3027273921757,2791.9961498834055,3445.6895723746316,4099.38299486586,4753.07641735709,5406.76983984832,6060.46326233955,6714.1566848307775,7367.850107322006,8021.543529813235] [-7.012181393630554,-1.315590250808829,-0.733817845757132,-0.4387245764006913,-0.26116332522819974,-0.1480401428061131,-0.07568871609164063,-0.03147945381357964,-0.007871531377475982,0.0,-0.0706353085141016,-0.23933898883368654,-0.46439916309213736,-0.7261033763448008,-1.0135580762497574,-1.320104573983527,-1.6413737076276167,-1.9743433166159834,-2.316835779556846,-2.6672299819696708] False 57552.65603222185 57566.65603222185
132.83117061068992 153.091119887046 176.4411988580621 3.1535259597563383e-12 1.9409043086729665e-12 2.474003258446346e-12 1.0771181730871323e-10 1.6466529085330284e-08 0.04439043458914529 1.2575924937677902e-09 4.3886233681032575e-10 4.6551888055476774e-10 4.1220579306588376e-10 2.0529944799765284e-09 2.9474058184102186e-05 1.0285568746680991e-05 1.0910315256543524e-05 9.660822236818456e-06 4.8115807826729734e-05 508.32289305776743 177.3895548892396 188.16421480669746 166.61489497178175 829.8269102789267 11.904540977943043 -567.1400283682543 [0.0,140.06313865349924,186.0956079540328,232.12807725456625,278.16054655509987,324.1930158556332,370.2254851561669,416.2579544567004,462.2904237572339,508.32289305776743,555.1529021892661,601.9829113207653,648.8129204522635,695.6429295837625,742.4729387152614,789.3029478467602,836.1329569782588,882.9629661097578,929.792975241257,976.622984372755] [-5.9522704889715214,-2.706202755729123,-1.9899580570154285,-1.4074617736845312,-0.9426926979572272,-0.582674267162929,-0.3167040994196668,-0.13582108441062246,-0.032425324855921644,0.0,-0.03401896499724444,-0.1304713730335152,-0.28481021783227334,-0.4930172201646883,-0.7515195060228734,-1.0571226250189056,-1.4069561213271982,-1.7984288724331918,-2.229192117758089,-2.6971086056835247] False 57566.65603222185 57580.65603222185
176.4411988580621 203.35272664697808 234.36890988269914 2.1663982873137704e-12 1.3095857267321164e-12 1.6843646503898765e-12 9.743974464475701e-11 1.9778351490571734e-08 0.05170465387488567 8.502401198667848e-10 2.4497067348927785e-10 2.606493773855393e-10 2.292919695930165e-10 1.2975584917138782e-09 3.5159411235861865e-05 1.0130108481925142e-05 1.0778459441910815e-05 9.481757521939468e-06 5.3657068805340363e-05 504.78387780815865 145.43802818028448 154.74640679808098 136.129649562488 770.3548583814883 20.542806460261545 -544.3053223778338 [0.0,203.6604565959217,241.30088424745125,278.9413118989809,316.5817395505104,354.22216720204,391.86259485356976,429.5030225050991,467.14345015662894,504.78387780815865,543.4773933657453,582.1709089233321,620.8644244809188,659.5579400385061,698.2514555960927,736.9449711536793,775.6384867112663,814.3320022688529,853.0255178264399,891.7190333840271] [-10.271403230130772,-2.7006842876015753,-1.9845577502601373,-1.403122246557814,-0.9397978660554145,-0.5812247185082242,-0.3164321023505181,-0.13626820513297844,-0.032996125639328966,0.0,-0.03332794375376125,-0.12948752606098424,-0.2837570684540651,-0.49197649306199764,-0.7504570230782974,-1.0559089432857718,-1.405383152309014,-1.7962233899380635,-2.2260268283532696,-2.692611289245633] False 57566.65603222185 57580.65603222185
234.36890988269914 270.1158072739371 311.3149665447022 1.4356746373025625e-12 8.523924085597459e-13 1.1062360335834633e-12 8.50347495217825e-11 2.291741648055453e-08 0.05423799359062026 4.644709359768977e-10 1.242712137943845e-10 1.331554929030728e-10 1.153869346856962e-10 6.950657969924123e-10 3.3888983582862365e-05 9.067144567921356e-06 9.7153642207327e-06 8.41892491511001e-06 5.071377250708451e-05 419.8660338990432 112.33697874750027 120.36806690497892 104.30589059002162 628.3159975731987 29.38449167678209 -429.7694100789464 [0.0,191.41040361888412,219.96735740390406,248.52431118892395,277.08126497394375,305.6382187589638,334.19517254398346,362.75212632900354,391.3090801140233,419.8660338990432,450.42934693108424,480.99265996312516,511.555972995166,542.119286027207,572.6825990592478,603.2459120912886,633.8092251233296,664.3725381553704,694.9358511874116,725.499164219452] [-14.692245838391045,-2.7043883596061846,-1.974569230769191,-1.3877838650352032,-0.9244000508783756,-0.5687612430997433,-0.30815550732154406,-0.13210304569480513,-0.03184998041774634,0.0,-0.03455413313662348,-0.13360926546022256,-0.2914624373937613,-0.50317058182344,-0.7644181038799616,-1.0714125134924188,-1.4208012005081514,-1.809604363354822,-2.235160433191311,-2.695081273474898] False 57566.65603222185 57580.65603222185
311.3149665447022 358.7979888064861 413.52331434760555 9.178032349198355e-13 5.352060878465264e-13 7.008665199410873e-13 7.158866233945939e-11 2.561702939970749e-08 0.05283660468065768 3.5617677632651714e-10 8.437150222283567e-11 8.959574778848433e-11 7.914725665718703e-11 5.10582703295841e-10 4.5852772327282044e-05 1.086164943777227e-05 1.1534197898045553e-05 1.018910097749899e-05 6.573037324311763e-05 508.1948790426686 120.3816986862601 127.83567946149785 112.92771791102236 728.5020596200815 46.62866554632774 -412.5655815993598 [0.0,262.55918977074396,293.26365092973464,323.968112088725,354.67257324771595,385.3770344067064,416.0814955656972,446.7859567246877,477.4904178836781,508.1948790426686,540.6281224740715,573.061365905474,605.4946093368764,637.9278527682792,670.3610961996817,702.7943396310841,735.2275830624869,767.6608264938893,800.0940699252919,832.5273133566942] [-23.31433277316387,-2.703755195469057,-1.977998298573766,-1.3925832528915407,-0.9289644277505431,-0.5722571611304375,-0.31030614217769426,-0.1330372652307119,-0.03199431898286775,0.0,-0.03440121400285534,-0.13274520815735968,-0.2896310179449415,-0.5003520305119764,-0.7607784132952133,-1.0672638542220625,-1.416570750484425,-1.8058095820480276,-2.23238932250365,-2.693976532282875] False 57566.65603222185 57580.65603222185
