data/PKS0346-27_allsed_14d_min11.ecsv
# %ECSV 1.0
# ---
# datatype:
# - {name: e_min, unit: MeV, datatype: float64}
# - {name: e_ref, unit: MeV, datatype: float64}
# - {name: e_max, unit: MeV, datatype: float64}
# - {name: ref_dnde_e_min, unit: ph / (cm2 MeV s), datatype: float64}
# - {name: ref_dnde_e_max, unit: ph / (cm2 MeV s), datatype: float64}
# - {name: ref_dnde, unit: ph / (cm2 MeV s), datatype: float64}
# - {name: ref_flux, unit: ph / (cm2 s), datatype: float64}
# - {name: ref_eflux, unit: MeV / (cm2 s), datatype: float64}
# - {name: ref_npred, datatype: float64}
# - {name: dnde, unit: ph / (cm2 MeV s), datatype: float64}
# - {name: dnde_err, unit: ph / (cm2 MeV s), datatype: float64}
# - {name: dnde_errp, unit: ph / (cm2 MeV s), datatype: float64}
# - {name: dnde_errn, unit: ph / (cm2 MeV s), datatype: float64}
# - {name: dnde_ul, unit: ph / (cm2 MeV s), datatype: float64}
# - {name: e2dnde, unit: MeV / (cm2 s), datatype: float64}
# - {name: e2dnde_err, unit: MeV / (cm2 s), datatype: float64}
# - {name: e2dnde_errp, unit: MeV / (cm2 s), datatype: float64}
# - {name: e2dnde_errn, unit: MeV / (cm2 s), datatype: float64}
# - {name: e2dnde_ul, unit: MeV / (cm2 s), datatype: float64}
# - {name: norm, datatype: float64}
# - {name: norm_err, datatype: float64}
# - {name: norm_errp, datatype: float64}
# - {name: norm_errn, datatype: float64}
# - {name: norm_ul, datatype: float64}
# - {name: ts, datatype: float64}
# - {name: loglike, datatype: float64}
# - {name: norm_scan, datatype: string, subtype: 'float64[20]'}
# - {name: dloglike_scan, datatype: string, subtype: 'float64[20]'}
# - {name: ShowUL, datatype: bool}
# - {name: tstart, datatype: float64}
# - {name: tend, datatype: float64}
# meta: !!omap
# - {UL_CONF: 0.95}
# - {EXTNAME: SED}
# - {CONFIG: '{"bin_index": 2.0, "use_local_index": true, "free_background": false, "free_radius": null, "free_pars": [], "ul_confidence":
#     0.95, "cov_scale": 3.0, "make_plots": false, "write_fits": true, "write_npy": true, "optimizer": {"optimizer": "MINUIT", "tol":
#     0.001, "max_iter": 100, "init_lambda": 0.0001, "retries": 3, "min_fit_quality": 2, "verbosity": 0}, "prefix": "", "outfile": null,
#     "loge_bins": []}'}
# - {SRCNAME: 4FGL J0348.5-2749}
# - {CREATOR: fermipy 1.2.0}
# - {STVER: 2.2.0}
# schema: astropy-2.0
e_min e_ref e_max ref_dnde_e_min ref_dnde_e_max ref_dnde ref_flux ref_eflux ref_npred dnde dnde_err dnde_errp dnde_errn dnde_ul e2dnde e2dnde_err e2dnde_errp e2dnde_errn e2dnde_ul norm norm_err norm_errp norm_errn norm_ul ts loglike norm_scan dloglike_scan ShowUL tstart tend
[from data line 544]
100.0 115.25240587974294 132.83117061068992 9.747337658835909e-12 5.541870404142918e-12 7.34972666775373e-12 2.4128240265884734e-10 2.7717249660397647e-08 0.09425635914724799 5.998855548685664e-09 9.076040042932228e-10 9.445985711303178e-10 8.706094374561277e-10 7.585658408745525e-09 7.968350048563501e-05 1.2055810234121853e-05 1.2547213396042528e-05 1.1564407072201176e-05 0.00010076118862864925 816.2011758893166 123.48813028316472 128.5215918674445 118.45466869888493 1032.1007503621768 82.56272794051415 -808.9710975162941 [0.0,547.1124517680634,580.74854228322,614.3846327983767,648.0207233135333,681.6568138286897,715.2929043438465,748.928994859003,782.5650853741603,816.2011758893166,847.2426293537739,878.2840828182306,909.3255362826881,940.3669897471448,971.4084432116015,1002.4498966760588,1033.4913501405158,1064.532803604973,1095.5742570694297,1126.615710533886] [-41.281363970257075,-2.7117237367093594,-2.0334612080134775,-1.4641185303266866,-0.9969751698395157,-0.6259581525879412,-0.3455577513773278,-0.15075686683110234,-0.03697146274896568,0.0,-0.030691096294958697,-0.12070377094050855,-0.2674293436818971,-0.4684378573831509,-0.7214614660703091,-1.0243797621897102,-1.3752067722766697,-1.7720793939919304,-2.2132470832560784,-2.6970626296113096] False 58630.65603222185 58644.65603222185
132.83117061068992 153.091119887046 176.4411988580621 5.5418704037054815e-12 3.150842686401795e-12 4.1787033671345955e-12 1.822199838028038e-10 2.7804845648865864e-08 0.10283375882275543 4.2869443780528025e-09 5.207086417543429e-10 5.41674331710166e-10 4.997429517985197e-10 5.1955953690035795e-09 0.00010047264806120001 1.2203791673446615e-05 1.2695162263435108e-05 1.1712421083458123e-05 0.00012176860228249679 1025.903013784017 124.61009935515025 129.62737100949113 119.59282770080938 1243.351085857593 151.34180587109904 -960.6507226773676 [0.0,751.0809012456465,785.433665312942,819.786429380239,854.1391934475354,888.491957514832,922.8447215821279,957.1974856494245,991.5502497167205,1025.903013784017,1057.1826300373089,1088.4622462906002,1119.741862543891,1151.0214787971818,1182.301095050474,1213.5807113037652,1244.8603275570563,1276.139943810347,1307.4195600636383,1338.699176316931] [-75.67090293554952,-2.708479272546583,-2.03510837867384,-1.4680094805892168,-1.0012956385729694,-0.6295889932063119,-0.34796139262232373,-0.15188364340679072,-0.03718189987239384,0.0,-0.030553589419469063,-0.11990384228488438,-0.2657012248388355,-0.4657428522365308,-0.7179600731224127,-1.0204073729238416,-1.3712524284758274,-1.7687671711647681,-2.211319736269047,-2.6973671933486685] False 58630.65603222185 58644.65603222185
176.4411988580621 203.35272664697808 234.36890988269914 3.150842686508654e-12 1.7914185846163424e-12 2.3758110501077467e-12 1.3761518509036808e-10 2.7892718473841017e-08 0.10138801259944302 2.345769055412281e-09 2.761137766129558e-10 2.8803307251887737e-10 2.6419448070703423e-10 2.8301438984030496e-09 9.700301944881396e-05 1.1417948404202399e-05 1.1910839078973052e-05 1.0925057729431744e-05 0.00011703304849482833 987.3550572575614 116.21874416335997 121.23568181308637 111.20180651363357 1191.2327364058258 202.21444881541242 -830.6400201701026 [0.0,732.6592480432672,764.4962241950536,796.3332003468407,828.1701764986276,860.0071526504147,891.8441288022016,923.6811049539879,955.518081105775,987.3550572575614,1016.7259146841014,1046.096772110642,1075.4676295371812,1104.8384869637214,1134.2093443902606,1163.5802018168008,1192.9510592433405,1222.3219166698802,1251.6927740964197,1281.0636315229597] [-101.10722440770621,-2.7069422793919102,-2.030808960714694,-1.4628527984727953,-0.9965513610629841,-0.6259863196164588,-0.3457690224608996,-0.15097737106941622,-0.03710197812597471,0.0,-0.030553554812286166,-0.12042175971487268,-0.2670214845713872,-0.46794342249415877,-0.7209363977675594,-1.023893435133914,-1.374839355846234,-1.7719197018270734,-2.2133908190083957,-2.6976109556657093] False 58630.65603222185 58644.65603222185
234.36890988269914 270.1158072739371 311.3149665447022 1.7914185845147032e-12 1.018515002003594e-12 1.3507726319393183e-12 1.039289915988534e-10 2.7980869004547927e-08 0.09251821185015902 1.2131838534596194e-09 1.535152094524016e-10 1.6070061832775226e-10 1.4632980057705095e-10 1.4844836447587408e-09 8.851698676562981e-05 1.1200861043996263e-05 1.1725126793586725e-05 1.0676595294405801e-05 0.00010831171117402038 898.1406824313865 113.64992584429122 118.96940649221824 108.3304451963642 1098.9885415633955 195.5125497683814 -697.8545976635255 [0.0,651.832264468495,682.6208167138564,713.4093689592181,744.1979212045792,774.98647344994,805.7750256953024,836.5635779406637,867.3521301860253,898.1406824313865,927.0950510314954,956.0494196316054,985.0037882317141,1013.9581568318233,1042.9125254319329,1071.8668940320417,1100.8212626321504,1129.7756312322604,1158.7299998323695,1187.6843684324785] [-97.7562748841907,-2.706091605165966,-2.0255762564987663,-1.4561883035121355,-0.9903827526443365,-0.621392304384699,-0.3431216147203031,-0.15005917324651818,-0.037203359220143284,0.0,-0.030314524516711572,-0.12067727988869592,-0.2681554405451152,-0.4700354397753017,-0.7238011421306965,-1.0271147030514385,-1.3777997247436815,-1.7738263825347076,-2.2132982489523556,-2.6944405860963343] False 58630.65603222185 58644.65603222185
311.3149665447022 358.7979888064861 413.52331434760555 1.0185150020500728e-12 5.790789591608642e-13 7.679847702115455e-13 7.848868777651972e-11 2.8069298123955914e-08 0.08110059297060251 6.845361504934581e-10 9.026924446570887e-11 9.470994270588148e-11 8.582854622553624e-11 8.448962842031826e-10 8.812444365995517e-05 1.1620901164110403e-05 1.2192578878420823e-05 1.1049223449799981e-05 0.0001087685653155003 891.3407883139384 117.5404096110444 123.32268344304943 111.75813577903935 1100.1471864740904 213.15535195012785 -635.5965372162791 [0.0,640.1365804645792,671.537106445749,702.9376324269191,734.3381584080892,765.7386843892585,797.1392103704284,828.5397363515988,859.9402623327686,891.3407883139384,921.4527192640518,951.5646502141645,981.6765811642773,1011.7885121143901,1041.9004430645027,1072.0123740146164,1102.1243049647292,1132.2362359148422,1162.3481668649547,1192.4600978150684] [-106.57767597506393,-2.7041962149990013,-2.019878773370351,-1.449437722717903,-0.9843405625921378,-0.6170084731303405,-0.34067732497351244,-0.14928332144143042,-0.03736818633274197,0.0,-0.030039157753776635,-0.12092297508354477,-0.2693593947849422,-0.472325183667067,-0.7270370104045014,-1.0309263431993259,-1.38161757419698,-1.7769088827240012,-2.214755433706273,-2.6932545756250192] False 58630.65603222185 58644.65603222185
413.52331434760555 476.5900816815941 549.2752115212968 5.790789591708644e-13 3.292517021726706e-13 4.3664943948136e-13 5.927163570642699e-11 2.8155719405215216e-08 0.06963284335365433 4.3443344429652074e-10 5.6998348071031925e-11 5.937361283276799e-11 5.462308330929586e-11 5.348491398260103e-10 9.867638970200424e-05 1.2946496823547322e-05 1.3486009962675093e-05 1.240698368441955e-05 0.00012148462059295425 994.9250016501306 130.53571794053593 135.97547016959487 125.095965711477 1224.893682358299 238.0379071168686 -521.6872588243461 [0.0,716.1260247422746,750.9758968557564,785.8257689692385,820.6756410827209,855.5255131962028,890.375385309685,925.225257423167,960.075129536649,994.9250016501306,1028.2871352106213,1061.6492687711109,1095.0114023316007,1128.3735358920915,1161.7356694525818,1195.0978030130723,1228.4599365735621,1261.8220701340515,1295.184203694542,1328.5463372550319] [-119.0189535584343,-2.7038834182064875,-2.017158958770551,-1.445364827224921,-0.9797578247869296,-0.6125786180271007,-0.3369077328484309,-0.14654716248423938,-0.035922281041052884,0.0,-0.031382507869693654,-0.12339992897921093,-0.2727168051304716,-0.47627182453993555,-0.7312482402963951,-1.0350482018973253,-1.385270391659219,-1.7796904657129744,-2.216243885801987,-2.693010797876468] False 58630.65603222185 58644.65603222185
549.2752115212968 633.0528961793416 729.6086933380817 3.292517021572412e-13 1.8719678414806475e-13 2.4826369009404466e-13 4.4766966522635075e-11 2.8246988412487993e-08 0.058236160895272504 2.4167852984916393e-10 3.5181843256102206e-11 3.681302853579611e-11 3.3550657976408294e-11 3.0476111659505133e-10 9.685411350345569e-05 1.4099333698007838e-05 1.475304093597905e-05 1.3445626460036626e-05 0.00012213483670460649 973.4751374943868 141.71159400222797 148.28196794243647 135.14122006201947 1227.5702358230674 230.8388580131425 -468.1974075553054 [0.0,678.4199111613406,715.3018144529711,752.1837177446024,789.065621036233,825.9475243278634,862.8294276194948,899.7113309111251,936.5932342027559,973.4751374943868,1010.2678753853764,1047.0606132763658,1083.8533511673552,1120.6460890583448,1157.4388269493345,1194.2315648403244,1231.0243027313136,1267.8170406223028,1304.6097785132931,1341.4025164042826] [-115.41942900657125,-2.7002341989328897,-2.0142016019829043,-1.4449079586373728,-0.9823825780626407,-0.6179146205410575,-0.3438464728150734,-0.1534081662751987,-0.04058337615867913,0.0,-0.026697446529624358,-0.11618484604969126,-0.264567569407518,-0.46831213718144227,-0.7242022861800592,-1.0293015764212328,-1.3809213972637622,-1.7765934580859266,-2.214046025430548,-2.6911833070489593] False 58630.65603222185 58644.65603222185
729.6086933380817 840.8915725798939 969.1477682383326 1.871967841584494e-13 1.0643114603803946e-13 1.4115087060524753e-13 3.380866497433407e-11 2.8336258560160205e-08 0.04798073716612217 1.4224939049584672e-10 2.2016024234274197e-11 2.334750478155978e-11 2.0684543686988616e-11 1.8139134626548392e-10 0.00010058435011034902 1.5567500724601144e-05 1.6508988804560277e-05 1.4626012644642007e-05 0.00012826157367815008 1007.7825938011497 155.97512179606574 165.40815286116836 146.5420907309631 1285.0883985885978 254.63809111677824 -389.20906897525845 [0.0,684.7263552529023,725.1083850714333,765.4904148899642,805.8724447084948,846.2544745270261,886.6365043455571,927.0185341640879,967.4005639826187,1007.7825938011497,1048.1326829884265,1088.4827721757024,1128.832861362979,1169.182950550255,1209.5330397375312,1249.883128924808,1290.2332181120837,1330.5833072993603,1370.9333964866369,1411.2834856739137] [-127.31904555838912,-2.696162318046163,-1.997794671545023,-1.4226137737079512,-0.9588645334595753,-0.5964290497306592,-0.3265334973567633,-0.14151812804027486,-0.03465469615963457,0.0,-0.032226557251306076,-0.1265828585029567,-0.27886078667620495,-0.4852744116890335,-0.7424048377290546,-1.047153817417211,-1.396704506548815,-1.788488075364512,-2.2201551544963536,-2.6895512963645274] False 58630.65603222185 58644.65603222185
969.1477682383326 1116.9661194245136 1287.3303254983532 1.0643114603758295e-13 6.05116636927589e-14 8.025163995496361e-14 2.5532796078371695e-11 2.8425810830185556e-08 0.03885966774351368 1.1612983019160952e-10 1.6092037395145444e-11 1.6992955509736072e-11 1.5191119280554814e-11 1.4503031748511965e-10 0.00014488512206064583 2.007664007045605e-05 2.120063750318924e-05 1.8952642637722863e-05 0.0001809417547296471 1447.0711160143312 200.5197327328903 211.74589727103822 189.29356819474236 1807.1944394720053 318.63095228159114 -360.89147107484723 [0.0,1020.7827979279075,1074.068837688711,1127.3548774495134,1180.6409172103165,1233.926956971119,1287.2129967319224,1340.499036492726,1393.7850762535286,1447.0711160143312,1499.2805216511185,1551.4899272879065,1603.6993329246939,1655.9087385614814,1708.1181441982687,1760.3275498350552,1812.5369554718427,1864.746361108631,1916.9557667454178,1969.165172382205] [-159.31547614079557,-2.700372413312266,-2.0068920623167514,-1.432881949090472,-0.9680209955201349,-0.6032884371484215,-0.33075269280095654,-0.14340159648691042,-0.035004605712231296,0.0,-0.03207989831122404,-0.12560312183245514,-0.2767452197802527,-0.48203297368519316,-0.7383023713699686,-1.0426627102370958,-1.3924657844985973,-1.7852793136712535,-2.2188639285722047,-2.6911531565582436] False 58630.65603222185 58644.65603222185
1287.3303254983532 1483.6791717563765 1709.9759409858673 6.051166369335652e-14 3.440404035158432e-14 4.562724755502727e-14 1.9282739383544594e-11 2.851564611713339e-08 0.030761267881381005 4.226176914637711e-11 8.030223926510742e-12 8.60130432773725e-12 7.45914352528423e-12 5.715375286474395e-11 9.303099659637037e-05 1.767696312446859e-05 1.8934084630166646e-05 1.6419841618770535e-05 0.00012581277820655537 926.2397232138251 175.9962381431435 188.51245228772402 163.48002399856296 1252.6232882186355 205.8657968384469 -180.37969351989213 [0.0,568.3366288029093,613.0745156042742,657.8124024056382,702.5502892070026,747.2881760083673,792.0260628097313,836.763949611096,881.5018364124604,926.2397232138251,974.027338563827,1021.8149539138298,1069.6025692638318,1117.3901846138342,1165.1777999638368,1212.9654153138388,1260.7530306638412,1308.5406460138436,1356.3282613638464,1404.1158767138484] [-102.93289841922345,-2.703274603967202,-1.9801179811860266,-1.395513698302608,-0.9318937559900178,-0.5748575469906427,-0.3124506082872074,-0.13463810241819374,-0.03291306900084123,0.0,-0.03378279083395341,-0.1323257275304286,-0.2899045252898418,-0.501527358281777,-0.7628145169875893,-1.0699018661154298,-1.419362660173789,-1.8081436743628672,-2.2335126113763977,-2.6930144727422487] False 58630.65603222185 58644.65603222185
1709.9759409858673 1970.7884119509856 2271.3810595726877 3.440404034905816e-14 1.956049330222742e-14 2.594147260309855e-14 1.4562605558619813e-11 2.8605765311541116e-08 0.02387222108788145 1.8197620004344474e-11 4.572102539651489e-12 4.91416033555731e-12 4.2300447437456675e-12 2.6808821957203366e-11 7.067968283747925e-05 1.775807810723881e-05 1.9086632968860207e-05 1.6429523245617415e-05 0.00010412565119665168 701.4875478646065 176.24683878221236 189.43258968923544 163.0610878751893 1033.434854195641 122.23505856174961 -105.68848038756448 [0.0,360.7215963318938,403.31734027348296,445.91308421507205,488.508828156661,531.1045720982501,573.7003160398393,616.2960599814286,658.8918039230173,701.4875478646065,750.9762802906739,800.4650127167413,849.9537451428093,899.442477568877,948.9312099949448,998.4199424210124,1047.90867484708,1097.3974072731487,1146.8861396992158,1196.374872125283] [-61.117529280874805,-2.703091303560356,-1.9442519439431152,-1.34866366541209,-0.887991054097597,-0.5407715119216334,-0.2903452722781452,-0.12351307078726848,-0.02963391212649924,0.0,-0.03676150990027338,-0.14116523162951466,-0.3054652058951035,-0.5231881158910596,-0.7888673247741451,-1.0978431983363919,-1.4461107799980937,-1.8302019190958703,-2.2470928822837664,-2.6941310942290073] False 58630.65603222185 58644.65603222185
