data/PKS0346-27_allsed_1d_min11.ecsv
# %ECSV 1.0
# ---
# datatype:
# - {name: e_min, unit: MeV, datatype: float64}
# - {name: e_ref, unit: MeV, datatype: float64}
# - {name: e_max, unit: MeV, datatype: float64}
# - {name: ref_dnde_e_min, unit: ph / (MeV s cm2), datatype: float64}
# - {name: ref_dnde_e_max, unit: ph / (MeV s cm2), datatype: float64}
# - {name: ref_dnde, unit: ph / (MeV s cm2), datatype: float64}
# - {name: ref_flux, unit: ph / (s cm2), datatype: float64}
# - {name: ref_eflux, unit: MeV / (s cm2), datatype: float64}
# - {name: ref_npred, datatype: float64}
# - {name: dnde, unit: ph / (MeV s cm2), datatype: float64}
# - {name: dnde_err, unit: ph / (MeV s cm2), datatype: float64}
# - {name: dnde_errp, unit: ph / (MeV s cm2), datatype: float64}
# - {name: dnde_errn, unit: ph / (MeV s cm2), datatype: float64}
# - {name: dnde_ul, unit: ph / (MeV s cm2), datatype: float64}
# - {name: e2dnde, unit: MeV / (s cm2), datatype: float64}
# - {name: e2dnde_err, unit: MeV / (s cm2), datatype: float64}
# - {name: e2dnde_errp, unit: MeV / (s cm2), datatype: float64}
# - {name: e2dnde_errn, unit: MeV / (s cm2), datatype: float64}
# - {name: e2dnde_ul, unit: MeV / (s cm2), datatype: float64}
# - {name: norm, datatype: float64}
# - {name: norm_err, datatype: float64}
# - {name: norm_errp, datatype: float64}
# - {name: norm_errn, datatype: float64}
# - {name: norm_ul, datatype: float64}
# - {name: ts, datatype: float64}
# - {name: loglike, datatype: float64}
# - {name: norm_scan, datatype: string, subtype: 'float64[20]'}
# - {name: dloglike_scan, datatype: string, subtype: 'float64[20]'}
# - {name: ShowUL, datatype: bool}
# - {name: tstart, datatype: float64}
# - {name: tend, datatype: float64}
# meta: !!omap
# - {UL_CONF: 0.95}
# - {EXTNAME: SED}
# - {CONFIG: '{"bin_index": 2.0, "use_local_index": true, "free_background": false, "free_radius": null, "free_pars": [], "ul_confidence":
#     0.95, "cov_scale": 3.0, "make_plots": false, "write_fits": true, "write_npy": true, "optimizer": {"optimizer": "MINUIT", "tol":
#     0.001, "max_iter": 100, "init_lambda": 0.0001, "retries": 3, "min_fit_quality": 2, "verbosity": 0}, "prefix": "", "outfile": null,
#     "loge_bins": []}'}
# - {SRCNAME: 4FGL J0348.6-2749}
# - {CREATOR: fermipy 1.2.0}
# - {STVER: 2.2.0}
# schema: astropy-2.0
e_min e_ref e_max ref_dnde_e_min ref_dnde_e_max ref_dnde ref_flux ref_eflux ref_npred dnde dnde_err dnde_errp dnde_errn dnde_ul e2dnde e2dnde_err e2dnde_errp e2dnde_errn e2dnde_ul norm norm_err norm_errp norm_errn norm_ul ts loglike norm_scan dloglike_scan ShowUL tstart tend
[from data line 13]
234.36890988269914 270.1158072739371 311.3149665447022 1.6437971748380048e-12 9.504452993942142e-13 1.249935717540016e-12 9.613387386762105e-11 2.589248132945251e-08 0.008731042207349021 1.3067409465188595e-09 5.031772277342351e-10 5.479066969188681e-10 4.5844775854960234e-10 2.2862997952159238e-09 9.53431507840015e-05 3.671309330494654e-05 3.997666940724881e-05 3.344951720264427e-05 0.00016681426161276066 1045.4465203143736 402.5624843528213 438.3479000001671 366.77706870547553 1829.1339011541838 18.73189769497546 -113.88797578716401 [0.0,312.36102880321806,403.99671524211243,495.6324016810066,587.2680881199013,678.9037745587954,770.5394609976902,862.1751474365843,953.8108338754793,1045.4465203143736,1163.6022370261242,1281.7579537378747,1399.9136704496257,1518.069387161376,1636.2251038731258,1754.3808205848761,1872.5365372966264,1990.6922540083774,2108.8479707201263,2227.0036874318785] [-9.36594884748773,-2.7012825834227385,-1.8868909309200177,-1.2796545745488572,-0.827514651836168,-0.4965757034625824,-0.26337048931631557,-0.11089517737255505,-0.02638828564855089,0.0,-0.039353140588218594,-0.14944975427485474,-0.3201417304030656,-0.5433867766769822,-0.8126935585719508,-1.12274027229995,-1.4691049360936148,-1.8480700133517445,-2.2564778871577857,-2.6916219736362024] False 58613.699990555186 58614.699990555186
311.3149665447022 358.7979888064861 413.52331434760555 9.889283358049867e-13 5.663044032890701e-13 7.483545089753218e-13 7.646980365347069e-11 2.7351936237776033e-08 0.007861158062012007 9.07356646469126e-10 3.3198237621476406e-10 3.7089235860978656e-10 2.9307239381974155e-10 1.5516392497045937e-09 0.00011680946231052046 4.27380821126051e-05 4.774719748059292e-05 3.7728966744617277e-05 0.00019975182544062635 1212.4690044448541 443.61645748527417 495.6105083373224 391.62240663322586 2073.40135069028 30.56593729747516 -104.16731370047954 [0.0,422.8654331852394,521.5658795926912,620.2663260001427,718.9667724075947,817.6672188150468,916.3676652224985,1015.0681116299502,1113.768558037402,1212.4690044448541,1341.7903013210291,1471.1115981972032,1600.432895073377,1729.7541919495518,1859.0754888257268,1988.3967857019006,2117.7180825780756,2247.0393794542506,2376.360676330423,2505.6819732065983] [-15.28296864873758,-2.698084349240389,-1.882331636044583,-1.2756084843463356,-0.8248355894217099,-0.495415653436055,-0.263443404417373,-0.11165608080153788,-0.027148525779665533,0.0,-0.03841593470812654,-0.14836300781240652,-0.3193062202855401,-0.5429547563759627,-0.812656739279717,-1.1229868733850452,-1.469457252423851,-1.8483094417924377,-2.2563617322685303,-2.6908947812596153] False 58613.699990555186 58614.699990555186
413.52331434760555 476.5900816815941 549.2752115212968 5.835704914353129e-13 3.309823289501402e-13 4.39490068558822e-13 5.966070637609052e-11 2.8338875609563588e-08 0.006852206724052276 3.967768836162958e-10 1.741138806800546e-10 1.9867442246765292e-10 1.4955333889245627e-10 7.462110551564916e-10 9.012314983223301e-05 3.954789707853745e-05 4.512653202145688e-05 3.396926213561802e-05 0.00016949296571262034 902.8119450284926 396.1725033992456 452.05668268943384 340.2883241090574 1697.9019744484115 20.93347069927887 -62.04900824517463 [0.0,245.3567804008694,327.53867597932236,409.7205715577753,491.90246713622844,574.0843627146812,656.2662582931343,738.4481538715869,820.6300494500399,902.8119450284926,1023.7637678036119,1144.7155905787304,1265.6674133538488,1386.6192361289675,1507.5710589040862,1628.522881679205,1749.4747044543235,1870.4265272294424,1991.3783500045597,2112.330172779679] [-10.466735349639436,-2.693664821818288,-1.8240252471258813,-1.208787503750969,-0.7679956829072054,-0.45471993434797753,-0.23895171886920963,-0.10029080815947111,-0.024213642229980792,0.0,-0.0420134387603639,-0.15977609813605653,-0.33938780464144713,-0.5705031117851576,-0.845207089499894,-1.157304536365288,-1.5018522497699536,-1.8748407666402898,-2.272971563056487,-2.6934972160679536] False 58613.699990555186 58614.699990555186
549.2752115212968 633.0528961793416 729.6086933380817 3.377963268170132e-13 1.8973734566010103e-13 2.531651208677688e-13 4.5664026936450116e-11 2.8804749195997837e-08 0.0057240334442725666 2.614386321833144e-10 1.0899230966993223e-10 1.2048918676748916e-10 9.749543257237529e-11 4.830218955312361e-10 0.00010477309246905177 4.3679318714673685e-05 4.828676084052999e-05 3.907187658881737e-05 0.00019357390796623345 1032.6802969034077 430.5186642470399 475.93122762918875 385.106100864891 1907.932237567292 33.551458157657734 -40.917201861392684 [0.0,315.5748998438345,405.2130744762811,494.8512491087276,584.4894237411743,674.127598373621,763.7657730060681,853.4039476385142,943.042122270961,1032.6802969034077,1167.2636632346353,1301.8470295658633,1436.430395897091,1571.0137622283187,1705.597128559546,1840.1804948907745,1974.7638612220026,2109.347227553231,2243.9305938844577,2378.5139602156864] [-16.775729078828867,-2.6962550500495723,-1.8164650547429986,-1.197796348875947,-0.7571862268207781,-0.4458545053466594,-0.2326886540091877,-0.09661954823474872,-0.022713833394135463,0.0,-0.04436809986967205,-0.16513781311538622,-0.3475883178877126,-0.5808867227008676,-0.8568287217707677,-1.1690512282319645,-1.5125194215322892,-1.8831808731223418,-2.277725415843591,-2.693414185025439] False 58613.699990555186 58614.699990555186
729.6086933380817 840.8915725798939 969.1477682383326 1.9178273818563805e-13 1.0668752323371975e-13 1.430413413527946e-13 3.427960635014332e-11 2.8716177483086488e-08 0.004621553647713328 3.0901591918129086e-10 1.0073558735310824e-10 1.1005217126797601e-10 9.141900343824047e-11 5.069396277361104e-10 0.00021850473521367947 7.122999649824528e-05 7.781774028441542e-05 6.464225271207512e-05 0.0003584563197302958 2160.325932760513 704.2410704514843 769.3731772029829 639.1089636999858 3544.007787831097 59.16991991444661 -59.32860127597799 [0.0,896.0594278262372,1054.0927409430217,1212.1260540598066,1370.1593671765909,1528.1926802933756,1686.2259934101598,1844.2593065269432,2002.2926196437281,2160.325932760513,2368.4780604952443,2576.6301882299767,2784.782315964707,2992.934443699439,3201.08657143417,3409.238699168901,3617.390826903632,3825.5429546383607,4033.695082373093,4241.847210107824] [-29.584959957223305,-2.694158816761629,-1.9008640866070792,-1.300492155094119,-0.8487628367767499,-0.515234633925175,-0.27804394962585377,-0.12093822278586686,-0.031495254428008934,0.0,-0.0340782694840982,-0.14144101062296954,-0.311251461235571,-0.5349264935626081,-0.8055493899431099,-1.1174628211229205,-1.4659793395521206,-1.8471707968552877,-2.2577121403916536,-2.6947635270612835] False 58613.699990555186 58614.699990555186
1287.3303254983532 1483.6791717563765 1709.9759409858673 5.8338602329242e-14 3.1832634184182683e-14 4.3093751133584004e-14 1.8230830903844014e-11 2.6933893413140277e-08 0.0027038622102031618 6.272398850765531e-11 3.173080866704269e-11 3.5604668470486514e-11 2.7856948863598868e-11 1.299558764529409e-10 0.0001380745595660111 6.98491523835505e-05 7.837669501766885e-05 6.132160974943216e-05 0.00028607237567593124 1455.5239879958604 736.320413803896 826.2141849781773 646.4266426296149 3015.6547767238376 32.04730862515841 -17.916580185333622 [0.0,329.30003158288037,470.07802613450275,610.8560206861252,751.6340152377477,892.4120097893704,1033.1900043409926,1173.9679988926152,1314.7459934442375,1455.5239879958604,1698.995629047403,1942.4672700989474,2185.9389111504906,2429.4105522020354,2672.882193253579,2916.3538343051223,3159.825475356666,3403.2971164082105,3646.7687574597544,3890.240398511298] [-16.023654312579204,-2.6934437879281425,-1.726932681212979,-1.1025908877020676,-0.6811002166688347,-0.39408193546948667,-0.2028210412730722,-0.08324688483442699,-0.0193641808993803,0.0,-0.048886960849561234,-0.17848851843271518,-0.3698993563898938,-0.6101663872828951,-0.8900253862504215,-1.2026207710862593,-1.5427367366040272,-1.9063126558249195,-2.2901252577596765,-2.691573114990618] False 58613.699990555186 58614.699990555186
1709.9759409858673 1970.7884119509856 2271.3810595726877 3.125704608289173e-14 1.6891596999489097e-14 2.2977846414028124e-14 1.291562655438855e-11 2.5340146099417118e-08 0.0019680283988957603 2.1552251187630703e-11 1.6760768946643464e-11 1.968760700106296e-11 1.3833930892223974e-11 6.071336929105772e-11 8.370909371729664e-05 6.50989433221603e-05 7.646680271001691e-05 5.373108393430369e-05 0.00023581114917567447 937.9578398815007 729.4316727789993 856.8081902159267 602.055155342072 2642.256728376068 12.4647077745703 -34.302620173235184 [0.0,52.44779956671306,163.13655460606142,273.82530964540985,384.5140646847583,495.202819724107,605.8915747634552,716.5803298028037,827.2690848421522,937.9578398815007,1207.8294709918734,1477.701102102246,1747.57273321262,2017.4443643229927,2287.3159954333646,2557.187626543737,2827.0592576541094,3096.930888764482,3366.8025198748564,3636.6741509852295] [-6.23235388728515,-2.5863343392463847,-1.3490131849590554,-0.7970367466536743,-0.47162586048929,-0.2654616728713606,-0.13409441176267478,-0.05438577546161838,-0.012631260024576818,0.0,-0.05751573779603092,-0.2022799692393349,-0.40640041279849726,-0.6535794332454472,-0.9334495148787099,-1.23899998352924,-1.5652658064025644,-1.90860076441367,-2.2662475847202757,-2.6360702506260267] False 58613.699990555186 58614.699990555186
2271.3810595726877 2617.821317854317 3017.1020504598932 1.6426774155259472e-14 8.791870546380907e-15 1.2017573460049129e-14 8.975120598409358e-12 2.338486716268778e-08 0.0013958210463546061 8.507708180432522e-12 8.646150937259284e-12 1.084205512276015e-11 6.45024675175842e-12 3.129813660262416e-11 5.8303225915298005e-05 5.925197252912426e-05 7.430047855452682e-05 4.4203466503721723e-05 0.00021448576871355312 707.938936983851 719.4589628265886 902.1833865882461 536.7345390649313 2604.3640762147843 11.081802526450996 -4.198690197156255 [0.0,78.65988188709457,157.31976377418914,235.97964566128363,314.6395275483783,393.2994094354728,471.95929132256725,550.6191732096621,629.2790550967566,707.938936983851,1018.8909342863521,1329.8429315888527,1640.794928891354,1951.7469261938545,2262.698923496356,2573.6509207988547,2884.602918101357,3195.554915403858,3506.5069127063593,3817.4589100088615] [-5.540901263225498,-1.3072482932846468,-0.7304132483193007,-0.43692507024475713,-0.2601308098439503,-0.14743856678652456,-0.07534982771362042,-0.0313070260633701,-0.0078053859421913785,0.0,-0.07036697814601567,-0.23829159369576125,-0.46235238236960985,-0.7229422061649142,-1.0092149309068281,-1.3145363673651307,-1.6345512884201412,-1.9662460440605996,-2.307448504435218,-2.6565412572367686] False 58613.699990555186 58614.699990555186
12476.13311942254 14379.0435808939 16572.19366947696 2.307101662027226e-16 1.1652883147736259e-16 1.6396458787662465e-16 6.738109963459064e-13 9.630060645354093e-09 0.00010735797149102888 1.5267133276369158e-12 1.5344343935294734e-12 1.923079048017382e-12 1.1457897390415651e-12 5.556505475237465e-12 0.0003156585061105295 0.00031725488971516997 0.0003976098514638708 0.0002368999279664692 0.0011488458152279677 9311.238160679506 9358.327998750929 11728.624289681411 6988.031707820447 33888.44839727505 17.11134165619717 -2.87622767038234 [0.0,1034.5820178532779,2069.1640357065558,3103.7460535598334,4138.3280714131115,5172.910089266392,6207.492107119667,7242.074124972947,8276.656142826223,9311.238160679506,13366.269400472802,17421.300640266098,21476.331880059395,25531.36311985268,29586.394359645983,33641.42559943927,37696.45683923256,41751.48807902586,45806.51931881918,49861.55055861247] [-8.555670828098584,-1.3080931280765977,-0.7263351545224577,-0.4320468891595155,-0.25548855570024376,-0.14344749984675653,-0.07221781618346723,-0.02915293937672425,-0.006703555863192268,0.0,-0.07384916549981124,-0.24424127035292553,-0.470330492469496,-0.732719161170249,-1.020655646745591,-1.3275546551465256,-1.6490887974880453,-1.9822614386109647,-2.324911434255174,-2.675428781719848] False 58613.699990555186 58614.699990555186
16572.19366947696 19099.851911122612 22013.03884703687 1.0591533574202555e-16 5.298241215937401e-17 7.491094694557334e-17 4.0904787087687274e-13 7.763654420052031e-09 6.529646679503953e-05 1.1167574005869839e-12 1.1504835046723141e-12 1.4424617389411596e-12 8.585052704034691e-13 4.170642717904161e-12 0.0004073979498414673 0.00041970137908517013 0.0005262163070157454 0.0003131864511545949 0.0015214685767045938 14907.799809263735 15358.015771823037 19255.686888982756 11460.34465466332 55674.67623836537 18.421289098291133 -2.8077702622351417 [0.0,1656.4222010293029,3312.8444020586057,4969.26660308791,6625.6888041172115,8282.111005146515,9938.53320617582,11594.955407205118,13251.377608234423,14907.799809263735,21620.152836849553,28332.505864435363,35044.858892021184,41757.211919607005,48469.564947192834,55181.91797477862,61894.271002364454,68606.62402995028,75318.97705753609,82031.33008512192] [-9.210644549145567,-1.331654347883748,-0.7468355997933092,-0.4495856537567757,-0.27009042216812373,-0.1551223826560908,-0.080970672973395,-0.03498660323221525,-0.00961979752724762,0.0,-0.06656333381305135,-0.23447855891972003,-0.46015614093710333,-0.7232084066122924,-1.0124393133530436,-1.32103441036024,-1.644536157240358,-1.9798685165080538,-2.324819152336331,-2.677743574518219] False 58613.699990555186 58614.699990555186
100.0 115.25240587974294 132.83117061068992 6.146651907100242e-12 3.699129005539125e-12 4.768360132845133e-12 1.5635248417718474e-10 1.7985105306306274e-08 0.007072340841412086 6.837160393683098e-09 2.55407301908833e-09 2.7732420622577005e-09 2.3349039759189595e-09 1.1770860495339461e-08 9.081880187459722e-05 3.3926050895068216e-05 3.683729895164945e-05 3.101480283848698e-05 0.00015635371786910674 1433.8599021889681 535.6292200950841 581.5924101779185 489.6660300122496 2468.5342900717847 17.051139760149937 -126.50290305336058 [0.0,434.46769907779264,559.3917244666897,684.3157498555865,809.2397752444839,934.1638006333806,1059.087826022277,1184.0118514111743,1308.9358768000711,1433.8599021889681,1589.1837497893098,1744.5075973896508,1899.8314449899929,2055.1552925903334,2210.479140190675,2365.802987791016,2521.1268353913583,2676.4506829917,2831.7745305920416,2987.098378192382] [-8.525569880074968,-2.698094783384377,-1.9052297975481878,-1.3029892216698613,-0.8484205579486428,-0.5121660696878081,-0.27316288387801535,-0.11572551218650062,-0.027822397429062562,0.0,-0.03790552996294139,-0.1454384532423063,-0.3133797386135342,-0.5342884363769116,-0.8020636208495233,-1.1116349650340993,-1.4587387801819887,-1.8397524536977556,-2.2515697746745076,-2.6915055052811425] False 58611.699990555186 58612.699990555186
