data/PKS0426-380_allsed_14d_min11.ecsv
# %ECSV 1.0
# ---
# datatype:
# - {name: e_min, unit: MeV, datatype: float64}
# - {name: e_ref, unit: MeV, datatype: float64}
# - {name: e_max, unit: MeV, datatype: float64}
# - {name: ref_dnde_e_min, unit: ph / (cm2 MeV s), datatype: float64}
# - {name: ref_dnde_e_max, unit: ph / (cm2 MeV s), datatype: float64}
# - {name: ref_dnde, unit: ph / (cm2 MeV s), datatype: float64}
# - {name: ref_flux, unit: ph / (cm2 s), datatype: float64}
# - {name: ref_eflux, unit: MeV / (cm2 s), datatype: float64}
# - {name: ref_npred, datatype: float64}
# - {name: dnde, unit: ph / (cm2 MeV s), datatype: float64}
# - {name: dnde_err, unit: ph / (cm2 MeV s), datatype: float64}
# - {name: dnde_errp, unit: ph / (cm2 MeV s), datatype: float64}
# - {name: dnde_errn, unit: ph / (cm2 MeV s), datatype: float64}
# - {name: dnde_ul, unit: ph / (cm2 MeV s), datatype: float64}
# - {name: e2dnde, unit: MeV / (cm2 s), datatype: float64}
# - {name: e2dnde_err, unit: MeV / (cm2 s), datatype: float64}
# - {name: e2dnde_errp, unit: MeV / (cm2 s), datatype: float64}
# - {name: e2dnde_errn, unit: MeV / (cm2 s), datatype: float64}
# - {name: e2dnde_ul, unit: MeV / (cm2 s), datatype: float64}
# - {name: norm, datatype: float64}
# - {name: norm_err, datatype: float64}
# - {name: norm_errp, datatype: float64}
# - {name: norm_errn, datatype: float64}
# - {name: norm_ul, datatype: float64}
# - {name: ts, datatype: float64}
# - {name: loglike, datatype: float64}
# - {name: norm_scan, datatype: string, subtype: 'float64[20]'}
# - {name: dloglike_scan, datatype: string, subtype: 'float64[20]'}
# - {name: ShowUL, datatype: bool}
# - {name: tstart, datatype: float64}
# - {name: tend, datatype: float64}
# meta: !!omap
# - {UL_CONF: 0.95}
# - {EXTNAME: SED}
# - {CONFIG: '{"bin_index": 2.0, "use_local_index": true, "free_background": false, "free_radius": null, "free_pars": [], "ul_confidence":
#     0.95, "cov_scale": 3.0, "make_plots": false, "write_fits": true, "write_npy": true, "optimizer": {"optimizer": "MINUIT", "tol":
#     0.001, "max_iter": 100, "init_lambda": 0.0001, "retries": 3, "min_fit_quality": 2, "verbosity": 0}, "prefix": "", "outfile": null,
#     "loge_bins": []}'}
# - {SRCNAME: 4FGL J0428.6-3756}
# - {CREATOR: fermipy 1.2.0}
# - {STVER: 2.2.0}
# schema: astropy-2.0
e_min e_ref e_max ref_dnde_e_min ref_dnde_e_max ref_dnde ref_flux ref_eflux ref_npred dnde dnde_err dnde_errp dnde_errn dnde_ul e2dnde e2dnde_err e2dnde_errp e2dnde_errn e2dnde_ul norm norm_err norm_errp norm_errn norm_ul ts loglike norm_scan dloglike_scan ShowUL tstart tend
[from data line 1463]
2271.3810595726877 2617.821317854317 3017.1020504598932 1.1426847911228194e-14 5.393944056739572e-15 7.850845711006968e-15 5.888051690984065e-12 1.5296085921309e-08 0.009478376366699681 3.077527649843745e-12 1.824573859291559e-12 2.0545051184483987e-12 1.594642600134719e-12 6.963333933586566e-12 2.1090261445743896e-05 1.250378358793387e-05 1.4079499851738375e-05 1.0928067324129366e-05 4.771964703576827e-05 391.99950720328366 232.4047531253209 261.69220413642324 203.11730211421852 886.9533538054249 10.341879578231982 -68.87321373227506 [0.0,46.38555441123881,89.58729851024442,132.78904260925006,175.99078670825557,219.19253080726125,262.39427490626673,305.59601900527224,348.7977631042781,391.99950720328366,468.9795840568659,545.9596609104482,622.93973776403,699.9198146176118,776.8998914711945,853.8799683247764,930.8600451783581,1007.840122031941,1084.820198885523,1161.8002757391048] [-5.170939789115991,-2.6947108928426076,-1.6773040270314112,-1.0583675705924236,-0.6510070628196871,-0.3767703364590318,-0.194774709199109,-0.0808539881349617,-0.019468467041662052,0.0,-0.046679448289083325,-0.17403586141861638,-0.3633953793929834,-0.6020997280581213,-0.8811370973990478,-1.1938426452931026,-1.5351350129929955,-1.9010426428188651,-2.288396575039016,-2.6946237456198787] False 56810.65603222185 56824.65603222185
3017.1020504598932 3477.2827010020824 4007.6519721450045 4.760834724734639e-15 2.1763190799401136e-15 3.218865552936532e-15 3.210826671515083e-12 1.107127636035637e-08 0.005235386979445256 1.9156531880677424e-12 1.2188581988206918e-12 1.3824777807261304e-12 1.055238616915253e-12 4.548485694691258e-12 2.3163110912092026e-05 1.4737817795648938e-05 1.671622314932811e-05 1.2759412441969762e-05 5.499799195618901e-05 595.1330232852116 378.66079796614747 429.49224128510514 327.8293546471898 1413.07104005687 12.9626890220093 -64.24580454032892 [0.0,55.91184859002473,123.3144954269231,190.71714226382142,258.1197891007198,325.52243593761824,392.92508277451674,460.32772961141495,527.7303764483132,595.1330232852116,723.1441243002987,851.1552253153856,979.1663263304731,1107.1774273455594,1235.188528360647,1363.1996293757343,1491.2107303908206,1619.2218314059076,1747.2329324209943,1875.2440334360817] [-6.48134451100465,-2.698580157276311,-1.6016006126479425,-0.9927388157311299,-0.6042834435565823,-0.346856320225271,-0.17778727296867203,-0.07291133759574109,-0.01705515418886705,0.0,-0.050061500770297584,-0.18211725831153558,-0.3757437892767399,-0.6174490992810036,-0.8978212423572387,-1.21001655368336,-1.548893521559222,-1.910485867416952,-2.29166623582897,-2.689922941527243] False 56810.65603222185 56824.65603222185
4007.6519721450045 4618.915317184078 5323.411028602609 1.860196018715467e-15 8.2348870927655e-16 1.237679448990481e-15 1.6421691734348695e-12 7.515731007398417e-09 0.0026898453390322707 1.3930000599081952e-12 8.218984962473378e-13 9.34435719976321e-13 7.093612725183548e-13 3.1940528748428068e-12 2.9718790817397667e-05 1.7534693777915632e-05 1.99356055276199e-05 1.513378202821137e-05 6.814313364309324e-05 1125.4934070727293 664.0641055466527 754.990091124562 573.1381199687436 2580.67860579575 25.77235738349897 -21.31040496551411 [0.0,178.7452746882639,297.08879123632187,415.4323077843802,533.7758243324383,652.1193408804966,770.4628574285549,888.8063739766133,1007.1498905246712,1125.4934070727293,1355.2566907524833,1585.019974432237,1814.783258111991,2044.5465417917444,2274.309825471498,2504.073109151252,2733.836392831006,2963.5996765107593,3193.362960190514,3423.126243870267] [-12.886178691749485,-2.6995571999853247,-1.641462199311075,-1.0183443336096758,-0.6175881639025391,-0.3527436226038887,-0.17980820378868856,-0.07325862512821857,-0.016947051148953562,0.0,-0.05252843264359086,-0.18900818113723616,-0.38713412004924663,-0.6324893896383088,-0.9152117698448023,-1.2282546480485408,-1.5664064447509887,-1.9257031075674753,-2.3030585087903575,-2.6960224031216597] False 56810.65603222185 56824.65603222185
132.83117061068992 153.091119887046 176.4411988580621 3.0352930391652695e-12 1.878202386440994e-12 2.3876546294864246e-12 1.0394316789867398e-10 1.589241386364352e-08 0.040731473917465864 1.5079221366072614e-09 4.677429686932382e-10 4.92040318589535e-10 4.4344561879694137e-10 2.3489258561797472e-09 3.534100673446341e-05 1.0962440967793162e-05 1.1531895308616522e-05 1.0392986626969802e-05 5.5051519230813264e-05 631.5495205986343 195.90059756416613 206.07683896702056 185.72435616131168 983.7795748060063 16.50480713587831 -574.5450237475499 [0.0,227.71807916899425,278.1970093476991,328.67593952640414,379.1548697051094,429.6337998838143,480.1127300625194,530.5916602412244,581.0705904199291,631.5495205986343,683.0570257305576,734.5645308624805,786.0720359944036,837.5795411263272,889.0870462582502,940.594551390173,992.102056522096,1043.6095616540192,1095.1170667859428,1146.6245719178658] [-8.252403567939155,-2.711087452867332,-1.996617896777252,-1.4144683225086965,-0.9492068698103822,-0.5882091722673977,-0.32098774449514167,-0.1387146646028441,-0.03387348687829217,0.0,-0.03277117054778955,-0.12839020247110966,-0.28228508911308836,-0.49041289654905995,-0.7491772785864441,-1.0553618926363697,-1.406076114923053,-1.798710380601392,-2.230899136426615,-2.7004898733813434] False 56824.65603222185 56838.65603222185
176.4411988580621 203.35272664697808 234.36890988269914 2.0881657477393287e-12 1.2699153205008627e-12 1.6284328892525193e-12 9.419389615069675e-11 1.9122230019783346e-08 0.04756615634059118 7.636892789335157e-10 2.332537561638071e-10 2.493016301880095e-10 2.1720588213960473e-10 1.1940708769536437e-09 3.158033217563208e-05 9.645586633288586e-06 1.0309203638760687e-05 8.981969627816484e-06 4.9377614660382323e-05 468.9719078838201 143.23817561242876 153.0929716744075 133.38337955045003 733.2637929597113 18.461396048630718 -468.30178204480427 [0.0,175.16621815776358,211.89192937352072,248.6176405892777,285.3433518050347,322.0690630207917,358.7947742365488,395.52048545230605,432.2461966680632,468.9719078838201,507.6565506678201,546.3411934518201,585.0258362358203,623.71047901982,662.3951218038202,701.0797645878199,739.76440737182,778.4490501558201,817.1336929398201,855.81833572382] [-9.230698024315359,-2.7088553509589133,-1.9813202251519328,-1.3951199500473308,-0.9310796934863106,-0.5740173046643235,-0.31166411508172587,-0.13393443492702772,-0.0324152422420525,0.0,-0.033919833877291694,-0.13169223219489368,-0.2880545851303964,-0.4984247915151059,-0.7587835532075928,-1.0655817129165257,-1.4156664026798467,-1.8062215261238066,-2.2347193061998496,-2.6988804770003867] False 56824.65603222185 56838.65603222185
234.36890988269914 270.1158072739371 311.3149665447022 1.3876034633106486e-12 8.293602240390966e-13 1.072764242137455e-12 8.24511090846945e-11 2.2224610599511477e-08 0.050139826044793556 5.256148841202503e-10 1.448718880597964e-10 1.5454166897082686e-10 1.3520210714876592e-10 7.913888991672379e-10 3.8350201916068315e-05 1.0570222280433304e-05 1.1275754147254107e-05 9.864690413612498e-06 5.774175160202492e-05 489.9630911196072 135.04541106920465 144.05930296754352 126.03151917086575 737.7099907715194 24.854864027863186 -435.90941042609205 [0.0,211.09827864299007,245.95638020256717,280.81448176214434,315.6725833217215,350.5306848812986,385.3887864408758,420.2468880004528,455.1049895600299,489.9630911196072,526.2208829806526,562.4786748416985,598.7364667027443,634.9942585637896,671.2520504248354,707.5098422858817,743.7676341469271,780.0254260079735,816.283217869019,852.5410097300647] [-12.427432013931593,-2.704801354113897,-1.9794507956808047,-1.3938819221817766,-0.9297002810384356,-0.5722563095458213,-0.309643930281311,-0.1320223980908395,-0.031141543059732157,0.0,-0.03515674736360097,-0.13344135184070183,-0.28978923852395155,-0.49976951443971984,-0.7594787360915802,-1.0654566806552452,-1.4146187627081872,-1.80420122232033,-2.2317162376795636,-2.6949148395812585] False 56824.65603222185 56838.65603222185
311.3149665447022 358.7979888064861 413.52331434760555 8.906392866031621e-13 5.231758742717031e-13 6.82613351341251e-13 6.971354495177335e-11 2.495035531125165e-08 0.049097588631968975 2.567389372420729e-10 7.713422229057538e-11 8.265931588058e-11 7.160912870057076e-11 4.0090179951895253e-10 3.3051542995934206e-05 9.929950991777793e-06 1.0641229422343303e-05 9.218672561212284e-06 5.1610492768592216e-05 376.1118014138056 112.99840845335964 121.09243939949994 104.90437750721935 587.304363050078 26.106863824059815 -367.46868829856095 [0.0,153.31545575633865,181.1649989635221,209.01454217070545,236.86408537788878,264.71362858507234,292.5631717922555,320.4127149994389,348.26225820662233,376.1118014138056,407.446158753688,438.78051609357004,470.1148734334522,501.44923077333436,532.7835881132164,564.1179454530987,595.4523027929812,626.7866601328631,658.1210174727453,689.4553748126276] [-13.053431912029907,-2.7015355981424136,-1.9492705491398397,-1.3565579124885971,-0.8960921503524446,-0.5474199887816553,-0.29477178243593016,-0.12569833231111716,-0.03017632394625025,0.0,-0.035727293564946194,-0.1374942774547776,-0.29855786043589205,-0.5132277128096803,-0.7766515123630597,-1.084653133825043,-1.433608710558076,-1.8203503066123403,-2.242090061464637,-2.696359747364852] False 56824.65603222185 56838.65603222185
413.52331434760555 476.5900816815941 549.2752115212968 5.52170800536175e-13 3.187916853409166e-13 4.1955626571292035e-13 5.69315742577999e-11 2.7053902146334124e-08 0.04534279290796267 1.4388527459469507e-10 4.5965988513577386e-11 4.944472802898613e-11 4.248724899816864e-11 2.3059372042975205e-10 3.2681828746580524e-05 1.0440627569427528e-05 1.1230781874076176e-05 9.650473264778879e-06 5.237662090405378e-05 342.9463134109119 109.55857955182923 117.85005270978 101.26710639387844 549.6133397934638 26.66635302075781 -304.6411061508777 [0.0,132.09129320938052,158.44817073457196,184.80504825976342,211.16192578495486,237.51880331014618,263.8756808353376,290.2325583605291,316.5894358857206,342.9463134109119,373.6975668795336,404.44882034815555,435.20007381677726,465.95132728539875,496.70258075402097,527.4538342226425,558.2050876912642,588.9563411598863,619.7075946285078,650.4588480971295] [-13.333176510378905,-2.6977112200046918,-1.9287299731187204,-1.3325121158641196,-0.8750016822231146,-0.5319261340624735,-0.28527846977669924,-0.12127112354619385,-0.029074213557237272,0.0,-0.036470533722990695,-0.14004291033643312,-0.30318524705592154,-0.5196505567893155,-0.784190730676869,-1.0923473886210786,-1.4402957828929743,-1.82472619202872,-2.2427523629430652,-2.691839829915807] False 56824.65603222185 56838.65603222185
549.2752115212968 633.0528961793416 729.6086933380817 3.306752289550705e-13 1.8762218958612077e-13 2.490823367853329e-13 4.491673872997223e-11 2.8340122234029992e-08 0.039432078483762734 8.702854752840368e-11 2.7622529013810162e-11 2.978163016831432e-11 2.5463427859306003e-11 1.3944857269416653e-10 3.4877209926829824e-05 1.1069893391133284e-05 1.1935166067255164e-05 1.02046207150114e-05 5.588484792606587e-05 349.3967041244183 110.89718111010072 119.56540376438286 102.22895845581856 559.8493032219613 31.1994566763384 -205.02455311494657 [0.0,139.19341455005068,165.4688257468466,191.74423694364262,218.01964814043862,244.29505933723442,270.5704705340305,296.84588173082625,323.1212929276222,349.3967041244183,380.81379681954024,412.2308895146621,443.64798220978446,475.0650749049063,506.4821676000285,537.8992602951507,569.3163529902725,600.7334456853945,632.1505383805169,663.5676310756392] [-15.5997283381692,-2.6971627500383306,-1.9215620127970396,-1.3233270357208085,-0.8664675044459784,-0.5253867432295465,-0.28115416194378895,-0.11932956297039254,-0.028618171411181947,0.0,-0.037130802409137686,-0.14244163930806053,-0.30770182361990805,-0.526150185849275,-0.7921574921107322,-1.1009817196209042,-1.4485868975079939,-1.8315065210677517,-2.246738890041456,-2.691665743746512] False 56824.65603222185 56838.65603222185
729.6086933380817 840.8915725798939 969.1477682383326 1.9127030686028708e-13 1.0665915150222594e-13 1.4283111928879033e-13 3.42271586011951e-11 2.8673874067214776e-08 0.03264059998861679 4.6470124557390114e-11 1.6850553724534085e-11 1.8308943826269473e-11 1.5392163622798697e-11 7.909573329511391e-11 3.2858961728124434e-05 1.1915003568547933e-05 1.2946229221459977e-05 1.088377791563589e-05 5.592848519250994e-05 325.35013930285123 117.97536705193733 128.18595777612447 107.7647763277502 553.7710107500467 25.831479056443584 -182.49912421054407 [0.0,111.69368725904133,138.40074376451759,165.10780026999382,191.81485677547008,218.52191328094634,245.22896978642254,271.9360262918988,298.64308279737514,325.35013930285123,359.7080594002865,394.0659794977219,428.42389959515725,462.78181969259225,497.1397397900278,531.4976598874631,565.8555799848986,600.2135000823337,634.571420179769,668.929340277204] [-12.915739528221792,-2.6992769084771737,-1.889317580067484,-1.2832135028316145,-0.8309468831756988,-0.4994034767666733,-0.2654400139113591,-0.11219788069394099,-0.026987509219424055,0.0,-0.03860495362195593,-0.1479191601111154,-0.3178935321803067,-0.5405645938350006,-0.809505597530773,-1.1194485086440125,-1.466016462015972,-1.8455298952369787,-2.254863156841026,-2.691336515874468] False 56824.65603222185 56838.65603222185
969.1477682383326 1116.9661194245136 1287.3303254983532 1.0686352898225589e-13 5.856634406692182e-14 7.911135320913334e-14 2.5193028801399915e-11 2.8023216445543107e-08 0.02565177487138215 2.7096314750307487e-11 9.862823722801176e-12 1.1073174506656798e-11 8.652472938945553e-12 4.644958578800772e-11 3.3805722987060945e-05 1.2304990169906633e-05 1.3815039919964653e-05 1.0794940419848614e-05 5.795112156332229e-05 342.5085484086908 124.67014306693115 139.9694741333082 109.37081200055408 587.141843790951 35.53683760864294 -141.7297007831869 [0.0,124.15097926042081,151.44567540395454,178.74037154748822,206.03506769102208,233.3297638345558,260.62445997808953,287.9191561216233,315.21385226515696,342.5085484086908,379.4947165228797,416.4808846370687,453.4670527512577,490.4532208654469,527.4393889796354,564.4255570938246,601.4117252080139,638.3978933222024,675.3840614363917,712.3702295505811] [-17.76841880432147,-2.6986847326901966,-1.87012199247701,-1.2593525526305598,-0.8093892087632355,-0.4831604886380205,-0.2551808409035914,-0.1071682599921644,-0.025557074417093872,0.0,-0.04067111885049712,-0.15416979322714042,-0.3288114819991108,-0.5555556550408767,-0.8272604703368529,-1.1381832389561168,-1.4836353497325092,-1.8597376274317412,-2.263242941786899,-2.6914050148253637] False 56824.65603222185 56838.65603222185
