data/PKS0208-512_allsed_14d_min11.ecsv
# %ECSV 1.0
# ---
# datatype:
# - {name: e_min, unit: MeV, datatype: float64}
# - {name: e_ref, unit: MeV, datatype: float64}
# - {name: e_max, unit: MeV, datatype: float64}
# - {name: ref_dnde_e_min, unit: ph / (MeV s cm2), datatype: float64}
# - {name: ref_dnde_e_max, unit: ph / (MeV s cm2), datatype: float64}
# - {name: ref_dnde, unit: ph / (MeV s cm2), datatype: float64}
# - {name: ref_flux, unit: ph / (s cm2), datatype: float64}
# - {name: ref_eflux, unit: MeV / (s cm2), datatype: float64}
# - {name: ref_npred, datatype: float64}
# - {name: dnde, unit: ph / (MeV s cm2), datatype: float64}
# - {name: dnde_err, unit: ph / (MeV s cm2), datatype: float64}
# - {name: dnde_errp, unit: ph / (MeV s cm2), datatype: float64}
# - {name: dnde_errn, unit: ph / (MeV s cm2), datatype: float64}
# - {name: dnde_ul, unit: ph / (MeV s cm2), datatype: float64}
# - {name: e2dnde, unit: MeV / (s cm2), datatype: float64}
# - {name: e2dnde_err, unit: MeV / (s cm2), datatype: float64}
# - {name: e2dnde_errp, unit: MeV / (s cm2), datatype: float64}
# - {name: e2dnde_errn, unit: MeV / (s cm2), datatype: float64}
# - {name: e2dnde_ul, unit: MeV / (s cm2), datatype: float64}
# - {name: norm, datatype: float64}
# - {name: norm_err, datatype: float64}
# - {name: norm_errp, datatype: float64}
# - {name: norm_errn, datatype: float64}
# - {name: norm_ul, datatype: float64}
# - {name: ts, datatype: float64}
# - {name: loglike, datatype: float64}
# - {name: norm_scan, datatype: string, subtype: 'float64[20]'}
# - {name: dloglike_scan, datatype: string, subtype: 'float64[20]'}
# - {name: ShowUL, datatype: bool}
# - {name: tstart, datatype: float64}
# - {name: tend, datatype: float64}
# meta: !!omap
# - {UL_CONF: 0.95}
# - {EXTNAME: SED}
# - {CONFIG: '{"bin_index": 2.0, "use_local_index": true, "free_background": false, "free_radius": null, "free_pars": [], "ul_confidence":
#     0.95, "cov_scale": 3.0, "make_plots": false, "write_fits": true, "write_npy": true, "optimizer": {"optimizer": "MINUIT", "tol":
#     0.001, "max_iter": 100, "init_lambda": 0.0001, "retries": 3, "min_fit_quality": 2, "verbosity": 0}, "prefix": "", "outfile": null,
#     "loge_bins": []}'}
# - {SRCNAME: 4FGL J0210.7-5101}
# - {CREATOR: fermipy 1.2.0}
# - {STVER: 2.2.0}
# schema: astropy-2.0
e_min e_ref e_max ref_dnde_e_min ref_dnde_e_max ref_dnde ref_flux ref_eflux ref_npred dnde dnde_err dnde_errp dnde_errn dnde_ul e2dnde e2dnde_err e2dnde_errp e2dnde_errn e2dnde_ul norm norm_err norm_errp norm_errn norm_ul ts loglike norm_scan dloglike_scan ShowUL tstart tend
[from data line 991]
132.83117061068992 153.091119887046 176.4411988580621 3.6487058086244614e-12 2.200077681709187e-12 2.8332730572038698e-12 1.2339813753643194e-10 1.885543814517144e-08 0.1014933702230464 3.235037857018144e-09 3.816173118580049e-10 3.959074130807295e-10 3.6732721063528023e-10 3.893436544136772e-09 7.581922959786049e-05 8.943923337252655e-06 9.278838881820996e-06 8.609007792684316e-06 9.125004785467978e-05 1141.8023578040772 134.69132842233688 139.7350008584936 129.64765598618015 1374.1833086780443 157.685424132585 -1162.9524486615403 [0.0,841.7595899938176,879.2649359701002,916.7702819463826,954.2756279226646,991.7809738989474,1029.2863198752295,1066.7916658515119,1104.2970118277944,1141.8023578040772,1175.3187212752134,1208.83508474635,1242.3514482174862,1275.8678116886224,1309.3841751597602,1342.900538630896,1376.4169021020327,1409.9332655731685,1443.449629044306,1476.9659925154417] [-78.8427120662925,-2.7107384750731853,-2.033498514888379,-1.4633562135941247,-0.9945511531416287,-0.6218070996374081,-0.34027720330414013,-0.1454969181411343,-0.033343351330813675,0.0,-0.03399055190402578,-0.1257296639064407,-0.27300442042337636,-0.4737348783730795,-0.7259632412190058,-1.0278441377397485,-1.3776358708455518,-1.7736925207386776,-2.214456802700397,-2.6984535932501785] False 58924.65603222185 58938.65603222185
176.4411988580621 203.35272664697808 234.36890988269914 2.4822796535833282e-12 1.467479740229729e-12 1.9085845805774492e-12 1.1045800531468921e-10 2.240899538387964e-08 0.10919207142576237 1.813114487717311e-09 2.1642700386096161e-10 2.2564128228192446e-10 2.0721272543999876e-10 2.1924197834263823e-09 7.497651122525242e-05 8.949761195090697e-06 9.330793090286515e-06 8.568729299894879e-06 9.066166952837381e-05 949.9785894575058 113.39660084410869 118.22440806561262 108.56879362260477 1148.7150245985208 178.67120406440245 -1022.3052911077675 [0.0,700.8664055379836,732.0054285279236,763.1444515178638,794.2834745078043,825.4224974977444,856.5615204876851,887.7005434776253,918.8395664675654,949.9785894575058,978.5986971146376,1007.2188047717696,1035.838912428902,1064.4590200860343,1093.0791277431658,1121.6992354002978,1150.3193430574302,1178.9394507145623,1207.559558371694,1236.1796660288257] [-89.33560203220122,-2.7081590236869033,-2.03282670218573,-1.4650626982285075,-0.9985481309645365,-0.6275360525648921,-0.3467824205316674,-0.15148736880541946,-0.0372449641994308,0.0,-0.030458422643278027,-0.12010206911986643,-0.2664177411596711,-0.4670575984765719,-0.7198245493696049,-1.0226592486128538,-1.3736284924043503,-1.7709148318372172,-2.2128072526470532,-2.697692790938845] False 58924.65603222185 58938.65603222185
234.36890988269914 270.1158072739371 311.3149665447022 1.6233308626031048e-12 9.409156485068072e-13 1.235887297178557e-12 9.504829838675248e-11 2.5601578554626206e-08 0.10812309420656224 1.3058095206721006e-09 1.4190973645083647e-10 1.4791381601722453e-10 1.3590565688444842e-10 1.555258140281574e-09 9.52751915797015e-05 1.0354096147514225e-05 1.07921690991136e-05 9.916023195914849e-06 0.0001134755987955657 1056.5765370783984 114.82417270151278 119.68228523337143 109.96606016965414 1258.414212875331 267.83022579288854 -971.6798984646855 [0.0,805.5498895328585,836.9282204760505,868.3065514192434,899.6848823624358,931.0632133056282,962.4415442488212,993.819875192013,1025.1982061352062,1056.5765370783984,1085.5598341790821,1114.543131279766,1143.5264283804495,1172.5097254811333,1201.4930225818177,1230.4763196825018,1259.4596167831855,1288.4429138838693,1317.4262109845533,1346.4095080852373] [-133.91511289644427,-2.7076116893399558,-2.036110393314061,-1.4706384713140324,-1.0051597667124952,-0.6341634037198673,-0.3526030797951307,-0.1558450114682728,-0.03962307967799461,0.0,-0.028295349042082307,-0.11616423448765545,-0.261114322470803,-0.4608136166766599,-0.7130766639829744,-1.0158522341337175,-1.3672122865102665,-1.7653420643412119,-2.208531179503325,-2.695165570196309] False 58924.65603222185 58938.65603222185
311.3149665447022 358.7979888064861 413.52331434760555 1.0204879057072835e-12 5.79927558581664e-13 7.692912710533892e-13 7.862307905934965e-11 2.8117046580387383e-08 0.10110774750077478 6.043165730404804e-10 7.743117619054438e-11 8.11024970172917e-11 7.375985536379708e-11 7.41297849404186e-10 7.779729639595116e-05 9.968179648085513e-06 1.0440810794185087e-05 9.49554850198594e-06 9.5431717547676e-05 785.5497596027459 100.65261248124915 105.42495420003686 95.88027076246145 963.6114139045516 211.26038372543712 -752.3202743227116 [0.0,568.5170907545895,595.6461743606094,622.7752579666284,649.9043415726484,677.0334251786676,704.1625087846872,731.2915923907067,758.420675996726,785.5497596027459,811.2259227904622,836.9020859781787,862.5782491658948,888.2544123536119,913.9305755413279,939.6067387290441,965.282901916761,990.9590651044775,1016.6352282921943,1042.3113914799105] [-105.63019186271856,-2.7054211249503624,-2.023147103146812,-1.4531382261311592,-0.9874739358410807,-0.6190759166410089,-0.34159040585700495,-0.14929061697955603,-0.03699525281319893,0.0,-0.030463720350667245,-0.12120959828348532,-0.2691750868324334,-0.47153421874554624,-0.7256733745260817,-1.0291701124479005,-1.3797746039230105,-1.775393295586241,-2.2140744825265983,-2.693995528372625] False 58924.65603222185 58938.65603222185
413.52331434760555 476.5900816815941 549.2752115212968 6.166689407650213e-13 3.4360632423545947e-13 4.603165736821167e-13 6.251484916030512e-11 2.9682154651322696e-08 0.08975102459774709 3.651437005361755e-10 4.7951338346159806e-11 4.973201806051771e-11 4.6170658631801895e-11 4.4860971116102555e-10 8.293804854201497e-05 1.089157617006288e-05 1.1296036387698664e-05 1.0487115952427095e-05 0.00010189636010715265 793.2447394091326 104.17034946752496 108.03873009113379 100.30196884391613 974.5678013992699 270.3471713470385 -642.551941214268 [0.0,570.9449406900203,598.7324155299094,626.5198903697985,654.3073652096871,682.0948400495762,709.8823148894659,737.6697897293546,765.4572645692436,793.2447394091326,819.5831006882677,845.921461967403,872.2598232465386,898.5981845256732,924.936545804809,951.2749070839444,977.6132683630796,1003.9516296422146,1030.2899909213495,1056.628352200485] [-135.17358567351926,-2.703569934061534,-2.0128800103884714,-1.438655391701559,-0.9719064200528464,-0.6046754618465684,-0.32988265832398156,-0.14119967346402973,-0.032945525373293094,0.0,-0.03408586364878374,-0.1280769668915127,-0.2786894710469596,-0.48291047215184335,-0.7379685717905886,-1.0413083702668473,-1.390568267853041,-1.7835610696251933,-2.218256977248984,-2.6927686218265308] False 58924.65603222185 58938.65603222185
549.2752115212968 633.0528961793416 729.6086933380817 3.582306650909637e-13 1.9569233658233564e-13 2.647697034917225e-13 4.779112266471293e-11 3.0126701614377934e-08 0.0747492917966297 1.7321101311402088e-10 2.6556951095852226e-11 2.7852888180069196e-11 2.5261014011635257e-11 2.2061850789959503e-10 6.941534746451937e-05 1.064285667969232e-05 1.1162211202108625e-05 1.0123502157276011e-05 8.841418399229118e-05 654.19498843619 100.30207665614762 105.1966588803464 95.40749443194883 833.2467989733283 224.05486216630402 -424.94104663058806 [0.0,444.3902701512921,470.6158599369041,496.8414497225164,523.0670395081287,549.2926292937407,575.5182190793532,601.7438088649657,627.9693986505774,654.19498843619,680.3029560526137,706.4109236690376,732.518891285461,758.6268589018847,784.7348265183086,810.8427941347323,836.9507617511564,863.0587293675799,889.1666969840037,915.2746646004277] [-112.02743108315201,-2.696592154472853,-1.9981875902067259,-1.4227803146669658,-0.9587400491379299,-0.5960419808512825,-0.32598187846383553,-0.14095201279855019,-0.03426289569426899,0.0,-0.032617122071201265,-0.12717259921691948,-0.2795127091946483,-0.48589663304397845,-0.7429430065642464,-1.0475848901000973,-1.3970316092131156,-1.7887362415507368,-2.2203677731187668,-2.6897871392282013] False 58924.65603222185 58938.65603222185
729.6086933380817 840.8915725798939 969.1477682383326 2.0003150518871187e-13 1.0713508082369656e-13 1.4639122745464763e-13 3.511801271626498e-11 2.9392175384871736e-08 0.058843153536133785 1.2803539273354393e-10 1.8384373573618296e-11 1.945668886612637e-11 1.7312058281110215e-11 1.612133794062123e-10 9.053365166863637e-05 1.2999565492987205e-05 1.375779817457794e-05 1.2241332811396465e-05 0.0001139937608178394 874.6111017698082 125.58384742906688 132.9088443646946 118.25885049343913 1101.2502744138585 318.8666296842922 -384.45798317304246 [0.0,609.5906853154762,642.7182373722683,675.8457894290593,708.973341485851,742.1008935426421,775.2284455994337,808.3559976562254,841.4835497130168,874.6111017698082,907.5004558781181,940.389809986428,973.2791640947368,1006.1685182030467,1039.0578723113567,1071.9472264196659,1104.8365805279755,1137.7259346362855,1170.615288744595,1203.5046428529047] [-159.4333148421461,-2.6980503907831803,-2.0015193673916087,-1.426721762757495,-0.9624892640606504,-0.5991377521104937,-0.3282144272602636,-0.14229670787597115,-0.034830664140770295,0.0,-0.03215491174375984,-0.12624639017928985,-0.2781844479456481,-0.4842757280715091,-0.7411735949233957,-1.0458358547842863,-1.3954887458907592,-1.787596112780136,-2.219832893004366,-2.6900622108734638] False 58924.65603222185 58938.65603222185
969.1477682383326 1116.9661194245136 1287.3303254983532 1.0736890524246876e-13 5.638116727064162e-14 7.780478266881338e-14 2.4806823063110104e-11 2.7565791832159644e-08 0.04383994685320736 4.4784488501736674e-11 9.371893518347669e-12 1.0105018265953153e-11 8.638768770742186e-12 6.188332759588006e-11 5.587372402329161e-05 1.1692499111595906e-05 1.2607155306022813e-05 1.0777842917168997e-05 7.720646329590357e-05 575.6007145777651 120.45395150373218 129.8765695287208 111.03133347874356 795.3666275156226 139.98219315474205 -270.77343096577135 [0.0,336.2768906037312,366.1923686004855,396.10784659723953,426.02332459399395,455.93880259074774,485.8542805875024,515.7697585842565,545.6852365810107,575.6007145777651,607.9977983338555,640.3948820899465,672.7919658460373,705.1890496021276,737.5861333582187,769.9832171143092,802.3803008704006,834.7773846264909,867.1744683825816,899.5715521386728] [-69.99109657737102,-2.70377029825778,-1.971388181885743,-1.3832494664997625,-0.9195958939503726,-0.5645052088116245,-0.30495391727964716,-0.1301506807054693,-0.03105147690564536,0.0,-0.03556419744370487,-0.1361655774881001,-0.29570288968238856,-0.508903100291036,-0.7711773264579165,-1.078506872854632,-1.4273521118046233,-1.8145789139997532,-2.23739871644608,-2.6933192971862354] False 58924.65603222185 58938.65603222185
1287.3303254983532 1483.6791717563765 1709.9759409858673 5.5399153094816036e-14 2.8522060896737984e-14 3.9750446767276184e-14 1.6844994551109662e-11 2.4852369930030928e-08 0.031024891791822107 2.7012757497415088e-11 6.1040695628397014e-12 6.543053121610923e-12 5.665086004068481e-12 3.8451252826692905e-11 5.946328801561849e-05 1.3436912041180573e-05 1.4403248254424712e-05 1.2470575827936436e-05 8.464289221912273e-05 679.5585885000127 153.55977251216112 164.60325993109012 142.51628509323214 967.3162430553406 141.27520433207303 -188.03269486091165 [0.0,377.70161494035136,415.433736635309,453.16585833026664,490.8979800252243,528.6301017201819,566.3622234151394,604.0943451100972,641.8264668050549,679.5585885000127,722.1889127897301,764.8192370794486,807.4495613691666,850.0798856588849,892.7102099486027,935.3405342383211,977.9708585280391,1020.6011828177574,1063.2315071074752,1105.8618313971936] [-70.63760216603652,-2.703935816724538,-1.9629714380724295,-1.3733547952642198,-0.9118667667491991,-0.5603077111061054,-0.3041419645680321,-0.13157190534491292,-0.032887755831325194,0.0,-0.03349759748499537,-0.13403862016383528,-0.29465693382613267,-0.5094335621451194,-0.7732955951307474,-1.0818612965794898,-1.4313192130640005,-1.8183326894672405,-2.239963630968674,-2.693611028077413] False 58924.65603222185 58938.65603222185
1709.9759409858673 1970.7884119509856 2271.3810595726877 2.74771829059434e-14 1.3869864591450199e-14 1.9521905805016685e-14 1.0995857397320853e-11 2.153891091151013e-08 0.020796377834252144 1.793762878649951e-11 4.2175801251589624e-12 4.519283275014134e-12 3.91587697530379e-12 2.582430558077619e-11 6.96698751366137e-05 1.6381110580214566e-05 1.7552927715518034e-05 1.5209293444911097e-05 0.00010030178273376672 918.8461908206706 216.04346252275946 231.49805762574582 200.5888674197731 1322.8373212486217 149.04580812627512 -136.96493284046772 [0.0,496.177635452377,549.0112048734137,601.8447742944504,654.6783437154868,707.5119131365237,760.3454825575601,813.179051978597,866.0126213996335,918.8461908206706,978.8912492121952,1038.9363076037196,1098.9813659952447,1159.0264243867693,1219.0714827782947,1279.1165411698187,1339.1615995613442,1399.2066579528685,1459.2517163443936,1519.296774735918] [-74.52290406313756,-2.7039235668528363,-1.954685544084839,-1.3617270306922364,-0.8999410499741032,-0.5498770937099096,-0.2961521966611258,-0.12638514625237462,-0.030459424842206317,0.0,-0.036009225369184605,-0.13892639529308326,-0.3015378538434561,-0.517747661288098,-0.7823569837337914,-1.090895503650131,-1.4394907652803113,-1.8247656332586644,-2.2437568911081485,-2.693849947054929] False 58924.65603222185 58938.65603222185
2271.3810595726877 2617.821317854317 3017.1020504598932 1.3100436380234088e-14 6.48347765129311e-15 9.216093884799307e-15 6.899947887680735e-12 1.794478505524416e-08 0.013299051942889717 1.0072394416445024e-11 2.675860552596543e-12 2.8844379976863143e-12 2.4672831075067716e-12 1.5149163448221033e-11 6.902600262202754e-05 1.8337641466675104e-05 1.9767020289267295e-05 1.690826264408291e-05 0.00010381704217133864 1092.9136076899206 290.3464945175972 312.9783652099945 267.7146238251999 1643.7726912925136 124.15666451386966 -124.18240065295672 [0.0,540.9606043614116,609.954729777475,678.9488551935387,747.9429806096023,816.9371060256658,885.9312314417297,954.9253568577934,1023.9194822738569,1092.9136076899206,1175.339910934306,1257.7662141786907,1340.1925174230764,1422.6188206674626,1505.0451239118468,1587.4714271562327,1669.8977304006187,1752.324033645003,1834.750336889389,1917.1766401337734] [-62.07833225693483,-2.701511430539611,-1.9326024608659509,-1.3343626985701604,-0.8750217668779499,-0.530969439703199,-0.2841716738775659,-0.12053704716691982,-0.028842039590557533,0.0,-0.037614082565198714,-0.1439327616187569,-0.31047478238653525,-0.5302425382801346,-0.7973943823227074,-1.10700282107058,-1.4548728902067438,-1.8374035675086162,-2.2514805245840535,-2.6943920716591663] False 58924.65603222185 58938.65603222185
3017.1020504598932 3477.2827010020824 4007.6519721450045 6.0040430645608205e-15 2.913320693150931e-15 4.18230832227304e-15 4.162181348548298e-12 1.4371806723168036e-08 0.00811550748406109 4.522421040719473e-12 1.5770145100145983e-12 1.7233651717500896e-12 1.4306638482791068e-12 7.624596643106843e-12 5.468283132346368e-05 1.906846303546822e-05 2.0838061327556033e-05 1.729886474338041e-05 9.219277205514875e-05 1081.321770715743 377.06797024412293 412.0607661975191 342.0751742907267 1823.0594340694033 79.25063991707833 -80.79940940706086 [0.0,416.7090779246284,499.78566452351777,582.8622511224073,665.9388377212966,749.015424320186,832.0920109190752,915.1685975179646,998.2451841168541,1081.321770715743,1193.9062912464333,1306.4908117771233,1419.0753323078131,1531.6598528385027,1644.2443733691932,1756.828893899883,1869.4134144305733,1981.997934961263,2094.582455491953,2207.1669760226437] [-39.625319958539166,-2.6971853341857326,-1.8695429790479778,-1.259094695231795,-0.8091893723647559,-0.48293195817515766,-0.2549273323798218,-0.10693631594035935,-0.02540929941805814,0.0,-0.04096620443422694,-0.15484499810403918,-0.32991415553458125,-0.5570960724942466,-0.8292145449057813,-1.1404960756759266,-1.4862249965593008,-1.8624987020123882,-2.2660499844000697,-2.6941155096610885] False 58924.65603222185 58938.65603222185
