data/PKS0346-27_allsed_14d_min11.ecsv
# %ECSV 1.0
# ---
# datatype:
# - {name: e_min, unit: MeV, datatype: float64}
# - {name: e_ref, unit: MeV, datatype: float64}
# - {name: e_max, unit: MeV, datatype: float64}
# - {name: ref_dnde_e_min, unit: ph / (cm2 MeV s), datatype: float64}
# - {name: ref_dnde_e_max, unit: ph / (cm2 MeV s), datatype: float64}
# - {name: ref_dnde, unit: ph / (cm2 MeV s), datatype: float64}
# - {name: ref_flux, unit: ph / (cm2 s), datatype: float64}
# - {name: ref_eflux, unit: MeV / (cm2 s), datatype: float64}
# - {name: ref_npred, datatype: float64}
# - {name: dnde, unit: ph / (cm2 MeV s), datatype: float64}
# - {name: dnde_err, unit: ph / (cm2 MeV s), datatype: float64}
# - {name: dnde_errp, unit: ph / (cm2 MeV s), datatype: float64}
# - {name: dnde_errn, unit: ph / (cm2 MeV s), datatype: float64}
# - {name: dnde_ul, unit: ph / (cm2 MeV s), datatype: float64}
# - {name: e2dnde, unit: MeV / (cm2 s), datatype: float64}
# - {name: e2dnde_err, unit: MeV / (cm2 s), datatype: float64}
# - {name: e2dnde_errp, unit: MeV / (cm2 s), datatype: float64}
# - {name: e2dnde_errn, unit: MeV / (cm2 s), datatype: float64}
# - {name: e2dnde_ul, unit: MeV / (cm2 s), datatype: float64}
# - {name: norm, datatype: float64}
# - {name: norm_err, datatype: float64}
# - {name: norm_errp, datatype: float64}
# - {name: norm_errn, datatype: float64}
# - {name: norm_ul, datatype: float64}
# - {name: ts, datatype: float64}
# - {name: loglike, datatype: float64}
# - {name: norm_scan, datatype: string, subtype: 'float64[20]'}
# - {name: dloglike_scan, datatype: string, subtype: 'float64[20]'}
# - {name: ShowUL, datatype: bool}
# - {name: tstart, datatype: float64}
# - {name: tend, datatype: float64}
# meta: !!omap
# - {UL_CONF: 0.95}
# - {EXTNAME: SED}
# - {CONFIG: '{"bin_index": 2.0, "use_local_index": true, "free_background": false, "free_radius": null, "free_pars": [], "ul_confidence":
#     0.95, "cov_scale": 3.0, "make_plots": false, "write_fits": true, "write_npy": true, "optimizer": {"optimizer": "MINUIT", "tol":
#     0.001, "max_iter": 100, "init_lambda": 0.0001, "retries": 3, "min_fit_quality": 2, "verbosity": 0}, "prefix": "", "outfile": null,
#     "loge_bins": []}'}
# - {SRCNAME: 4FGL J0348.5-2749}
# - {CREATOR: fermipy 1.2.0}
# - {STVER: 2.2.0}
# schema: astropy-2.0
e_min e_ref e_max ref_dnde_e_min ref_dnde_e_max ref_dnde ref_flux ref_eflux ref_npred dnde dnde_err dnde_errp dnde_errn dnde_ul e2dnde e2dnde_err e2dnde_errp e2dnde_errn e2dnde_ul norm norm_err norm_errp norm_errn norm_ul ts loglike norm_scan dloglike_scan ShowUL tstart tend
[from data line 242]
1287.3303254983532 1483.6791717563765 1709.9759409858673 5.881272375692267e-14 3.238465603473072e-14 4.364206490684854e-14 1.8458360381523102e-11 2.7275902338857622e-08 0.03915104145677262 1.09888370573764e-11 3.660287352030493e-12 4.003578658012601e-12 3.3169960460483844e-12 1.8200930432930092e-11 2.418976970277851e-05 8.057404767156498e-06 8.813093252599914e-06 7.301716281713081e-06 4.006577886723058e-05 251.794617895176 83.87062710811608 91.73669180314927 76.0045624130829 417.0501664341256 48.456069586863464 -170.2386540678596 [0.0,100.40067956130645,119.32492185304024,138.24916414477386,157.17340643650755,176.09764872824127,195.021891019975,213.94613331170862,232.8703756034424,251.794617895176,276.7239649912084,301.65331208724103,326.58265918327305,351.51200627930547,376.44135337533794,401.37070047137024,426.3000475674027,451.2293946634353,476.15874175946743,501.08808885549985] [-24.228034793431732,-2.6953561514996522,-1.893919206533326,-1.2908861934333515,-0.8392409294170022,-0.5071316628942668,-0.2719359930148926,-0.11698297787455658,-0.02961825932919737,0.0,-0.03614793590821819,-0.14507790784307417,-0.31594342307843704,-0.5401800039205398,-0.8109028006885239,-1.1224915457187876,-1.4702968096858626,-1.8504272346123116,-2.2595922726536912,-2.694983862652606] False 58350.65603222185 58364.65603222185
1709.9759409858673 1970.7884119509856 2271.3810595726877 3.238465603235285e-14 1.7832296812245748e-14 2.4031079845304488e-14 1.3500850135544823e-11 2.650007617569403e-08 0.029398636509223364 5.653205885162267e-12 2.1872377527330752e-12 2.4114793235641196e-12 1.9629961819020304e-12 1.0063970207389713e-11 2.1957091030741833e-05 8.495246665026923e-06 9.366202487905549e-06 7.624290842148298e-06 3.9088530377836555e-05 235.24560367464568 91.01703988389214 100.34835467600956 81.68572509177471 418.7897619322398 41.6185180655595 -139.38423353844217 [0.0,79.7415161132182,99.1795270583966,118.61753800357506,138.05554894875348,157.49355989393194,176.93157083911044,196.3695817842888,215.80759272946727,235.24560367464568,263.29035001675936,291.3350963588726,319.3798427009863,347.42458904309956,375.4693353852132,403.51408172732664,431.55882806944027,459.6035744115537,487.64832075366735,515.6930670957809] [-20.80925903277975,-2.699373989703929,-1.8459811922977565,-1.2312562328204137,-0.7858681526508349,-0.4669558688511586,-0.24614447512061588,-0.10366564181018134,-0.02519077468116393,0.0,-0.04131741212734141,-0.15814509894704543,-0.33690779520719616,-0.5673942641716962,-0.8417296350966126,-1.1537126057926912,-1.4983722669659016,-1.8716625990751652,-2.27024629618154,-2.6913382916992816] False 58350.65603222185 58364.65603222185
3017.1020504598932 3477.2827010020824 4007.6519721450045 9.819181321428402e-15 5.406836978721906e-15 7.286337397449723e-15 7.22265894058603e-12 2.5013998156748795e-08 0.016117111627701686 2.109715926416231e-12 1.0043818994002208e-12 1.119232212824512e-12 8.895315859759297e-13 4.195880011126616e-12 2.5509619539159536e-05 1.2144478697300755e-05 1.3533190685830753e-05 1.0755766708770753e-05 5.0734462102499765e-05 289.5440893465416 137.8445499589084 153.60697038490866 122.08212953290811 575.8558494141663 38.054491448950444 -70.5767118165967 [0.0,71.44362084877574,98.70617941099648,125.96873797321715,153.23129653543796,180.49385509765864,207.75641365987946,235.01897222210005,262.28153078432086,289.5440893465416,333.92020500131076,378.2963206560797,422.6724363108488,467.0485519656178,511.4246676203868,555.8007832751558,600.1768989299248,644.5530145846939,688.9291302394627,733.3052458942321] [-19.027245724475222,-2.703419968569861,-1.7637780039896285,-1.1394957972388084,-0.7101182974447937,-0.41373028696244774,-0.21414585413980092,-0.08831790379164772,-0.020631202849813235,0.0,-0.046760968784369084,-0.17221842884059413,-0.3594767338633744,-0.5965898019702536,-0.8747912905480888,-1.1874533642711498,-1.5294406959712603,-1.896691974910837,-2.285938891620461,-2.6945116315217916] False 58350.65603222185 58364.65603222185
4007.6519721450045 4618.915317184078 5323.411028602609 5.406836979162148e-15 2.977222352900707e-15 4.01215103315562e-15 5.282811362247193e-12 2.43025088035578e-08 0.011808563506389147 6.983865927133184e-13 5.031942584852262e-13 5.875117612360574e-13 4.188767557343951e-13 1.8699209484204945e-12 1.4899644053059173e-05 1.0735336873871724e-05 1.2534198409213257e-05 8.936475338530192e-06 3.98936016663495e-05 174.06787205715588 125.41757633920776 146.433111909541 104.40204076887453 466.06444597121066 13.756611240627947 -60.98473319622095 [0.0,16.945517888102035,36.58581215923378,56.226106430365505,75.86640070149723,95.50669497262894,115.14698924376064,134.78728351489235,154.4275777860241,174.06787205715588,220.55992821679962,267.0519843764436,313.5440405360874,360.03609669573115,406.52815285537514,453.02020901501874,499.5122651746624,546.0043213343066,592.49637749395,638.9884336535941] [-6.878305620313974,-2.6114851528688305,-1.4561365397381039,-0.8699151747287672,-0.5170048041672572,-0.2922192380504782,-0.14862994422770726,-0.06116713659177009,-0.014848368113902666,0.0,-0.0555704658284597,-0.20014531273295688,-0.4054708932174478,-0.6549740213882274,-0.9380925940383875,-1.2476770094162788,-1.5786600787608407,-1.9273179971480872,-2.2908327363955436,-2.667019381322106] False 58350.65603222185 58364.65603222185
7071.149185711414 8149.575733880153 9392.473966813408 1.63937861860728e-15 9.02751624309093e-16 1.2165326591609951e-15 2.8259930656589764e-12 2.293783276139368e-08 0.006406485929250305 2.795322244762818e-13 2.5748322367670825e-13 3.115879310575575e-13 2.0337851629585894e-13 9.088862685731282e-13 1.8565296114940425e-05 1.710089883605935e-05 2.0694294608656215e-05 1.3507503063462482e-05 6.036421290059576e-05 229.7778217224899 211.65335902637125 256.1278800952619 167.17883795748057 747.1120990701219 12.498482053870042 -30.077526427152474 [0.0,2.8573526018521425,31.222411241931862,59.58746988201158,87.95252852209128,116.317587162171,144.68264580225076,173.04770444233048,201.41276308241007,229.7778217224899,309.9859482280708,390.19407473365175,470.4022012392327,550.610327744814,630.8184542503947,711.0265807559754,791.2347072615563,871.4428337671376,951.6509602727177,1031.8590867782993] [-6.249241026935021,-3.4525978035122655,-1.2107220338587616,-0.666005224613901,-0.3815783625610898,-0.2109726775533396,-0.10542299966359536,-0.04247015948199717,-0.009827698752815195,0.0,-0.058314900029120764,-0.20171098752802763,-0.4008778410581968,-0.6398466754792338,-0.9088493361372407,-1.201427456155809,-1.5130653608272837,-1.8404695331886174,-2.181157124165832,-2.53320594873124] False 58350.65603222185 58364.65603222185
12476.13311942254 14379.0435808939 16572.19366947696 4.970914280820451e-16 2.737185746182323e-16 3.688673977861949e-16 1.5119871561881942e-12 2.1653300743835054e-08 0.003421434463063866 1.0637260512961879e-13 1.0828994681869517e-13 1.358320870023247e-13 8.074780663506566e-14 3.9167555283501363e-13 2.199326947533278e-05 2.2389693088280516e-05 2.808422045505731e-05 1.6695165721503725e-05 8.098162087789104e-05 288.3762722540069 293.5741880920114 368.24096631347317 218.90740987054969 1061.83293830169 9.326511510104702 -5.740101040485431 [0.0,32.041808028222995,64.08361605644599,96.12542408466891,128.16723211289198,160.20904014111497,192.25084816933781,224.29265619756097,256.33446422578396,288.3762722540069,414.82097188622595,541.2656715184444,667.7103711506637,794.1550707828821,920.5997704151016,1047.04447004732,1173.4891696795391,1299.9338693117581,1426.3785689439767,1552.8232685761957] [-4.663255755052351,-1.2924392405623868,-0.7244376138684387,-0.4338276230935172,-0.2583978605698949,-0.14646058345687152,-0.07482090877908565,-0.031051951607197203,-0.007714459648013872,0.0,-0.07011421300322063,-0.23724534017950738,-0.46027889345190687,-0.7197193200875214,-1.0047707972137214,-1.3088251546937606,-1.6275419746329618,-1.9579166563399397,-2.2977829115427184,-2.6455272673932573] False 58350.65603222185 58364.65603222185
16572.19366947696 19099.851911122612 22013.03884703687 2.737185746182323e-16 1.5072047888677576e-16 2.0311325571381552e-16 1.1059006099350178e-12 2.1037401882738672e-08 0.0025051510089346696 8.025604051312072e-14 8.144820585474684e-14 1.021495211666025e-13 6.074689054289116e-14 2.9464876327902254e-13 2.927775213332238e-05 2.9712659227553638e-05 3.726458895968607e-05 2.2160729495421198e-05 0.00010748914851166709 395.12950659508266 400.99896763757516 502.919028143245 299.0789071319053 1450.6624013460726 9.844560331916052 -5.59622621854474 [0.0,43.9032785105647,87.8065570211294,131.7098355316942,175.6131140422588,219.51639255282365,263.4196710633884,307.32294957395317,351.2262280845176,395.12950659508266,567.8857573012157,740.642008007349,913.3982587134822,1086.1545094196147,1258.9107601257485,1431.667010831882,1604.4232615380154,1777.1795122441476,1949.935762950281,2122.6920136564154] [-4.922280165958026,-1.2959297658378226,-0.7247592124892961,-0.43330804829065084,-0.25763122455802545,-0.14568652271739335,-0.07415979995904287,-0.030572787590377182,-0.007460451529212264,0.0,-0.07089745375309509,-0.23852051909911243,-0.46191987492094544,-0.7216601184495817,-1.0069725774651088,-1.3112631337184473,-1.6301993715628305,-1.9607815821853078,-2.300846636182526,-2.648783191553364] False 58350.65603222185 58364.65603222185
22013.03884703687 25370.556878452422 29240.177187505025 1.5072047882299848e-16 8.299277013643527e-17 1.1184234463659358e-16 8.088799918101884e-13 2.0439021422913368e-08 0.0018358775446796205 5.933697466105155e-14 6.110160657706456e-14 7.662036945887635e-14 4.558284369525277e-14 2.2145170014988496e-13 3.819314307092715e-05 3.932897514899985e-05 4.931786208525753e-05 2.9340088212742158e-05 0.00014254074319492322 530.541226168439 546.3190777661218 685.0747783215464 407.56337721069707 1980.034492923429 15.145068211236683 -3.1351576519092625 [0.0,58.94902512982658,117.89805025965316,176.84707538947967,235.79610051930632,294.74512564913306,353.69415077895934,412.64317590878596,471.59220103861264,530.541226168439,768.7398025952426,1006.9383790220462,1245.13695544885,1483.3355318756526,1721.5341083024564,1959.7326847292604,2197.9312611560636,2436.129837582866,2674.3284140096703,2912.526990436475] [-7.572534105618342,-1.3298865279744407,-0.7458355332721669,-0.4488847842362742,-0.26957151887705466,-0.15473853860397746,-0.0806984305850329,-0.034812556679810314,-0.009535567512469534,0.0,-0.06650871105979972,-0.23392669433476643,-0.4589185808601486,-0.7211875274257111,-1.0095780306552924,-1.3172964623671741,-1.6398970754048565,-1.9743110117508578,-2.318330556520739,-2.6703143284091158] False 58350.65603222185 58364.65603222185
100.0 115.25240587974294 132.83117061068992 1.3765371529942172e-11 7.500243873313076e-12 1.0160887927800741e-11 3.3392636579973057e-10 3.832114943836693e-08 0.08552368204680572 4.16135069326701e-09 1.0081824133225673e-09 1.0603453892468743e-09 9.560194373982603e-10 5.95122337637077e-09 5.527570839082635e-05 1.3391805015074716e-05 1.408469193053101e-05 1.269891809961842e-05 7.905079676490325e-05 409.5459690960009 99.22188104881322 104.35558356526222 94.0881785323642 585.6991454543947 28.2029554067592 -521.6030710274706 [0.0,198.78790220763548,225.13266056868122,251.4774189297269,277.8221772907726,304.1669356518182,330.51169401286387,356.8564523739096,383.2012107349552,409.5459690960009,435.123993698826,460.7020183016512,486.2800429044762,511.85806750730177,537.4360921101269,563.0141167129518,588.5921413157772,614.1701659186022,639.7481905214274,665.3262151242526] [-14.1014777033796,-2.7066202550388425,-2.003544556147858,-1.424330963102534,-0.9573265776283506,-0.5925747578069149,-0.3214878127314478,-0.13659695993453624,-0.03135827785354195,0.0,-0.03538447983760307,-0.13139381787095772,-0.28426202564173764,-0.4905878392212344,-0.7472872667649426,-1.0515537936818191,-1.4008247851794522,-1.7927529445757955,-2.2251819266269877,-2.696125389092117] False 58364.65603222185 58378.65603222185
132.83117061068992 153.091119887046 176.4411988580621 7.500243872721062e-12 4.086606600700365e-12 5.536293536033327e-12 2.4167857871269264e-10 3.6840538907450865e-08 0.09283883052052513 2.1354398198142767e-09 5.101237318109546e-10 5.376273610839283e-10 4.826201025379811e-10 3.0476373310782464e-09 5.004807026899791e-05 1.1955714292982772e-05 1.2600313854035246e-05 1.1311114731930302e-05 7.142714390026267e-05 385.71650977601314 92.14174221268817 97.10961992617365 87.17386449920271 550.4833353294041 29.871115292987724 -543.9021012210255 [0.0,190.84383516712313,215.2029194932344,239.5620038193457,263.92108814545685,288.2801724715681,312.6392567976793,336.9983411237905,361.3574254499016,385.71650977601314,409.6053042144664,433.49409865292,457.3828930913735,481.2716875298268,505.1604819682801,529.0492764067337,552.9380708451872,576.8268652836406,600.7156597220941,624.6044541605477] [-14.935557646493862,-2.706908997287428,-2.0061542275471993,-1.4286650113556334,-0.9626995472682438,-0.5982670514025585,-0.3267787689179613,-0.14078451330431108,-0.033770227356171745,0.0,-0.03311093285458355,-0.12749828716994216,-0.27932316783017086,-0.48512399223682223,-0.7417664176049357,-1.0464015466794763,-1.3964307889543761,-1.78947611944227,-2.2233547500559325,-2.696057435241187] False 58364.65603222185 58378.65603222185
176.4411988580621 203.35272664697808 234.36890988269914 4.086606600838968e-12 2.226641398968628e-12 3.0165224081260336e-12 1.749144164626896e-10 3.5417134585987956e-08 0.09062312515660637 1.278343403572263e-09 2.7017426050650364e-10 2.853813008596325e-10 2.5496722015337477e-10 1.7621648685941654e-09 5.286248011196015e-05 1.1172335565606292e-05 1.1801182138430654e-05 1.0543488992781927e-05 7.286962568879729e-05 423.7805096784989 89.5648113797189 94.60606030668312 84.52356245275469 584.170985717584 43.75403538431124 -524.1792256718287 [0.0,232.96325095602913,256.8154082963378,280.6675656366465,304.5197229769553,328.37188031726384,352.2240376575727,376.07619499788126,399.92835233819005,423.7805096784989,447.1192123084902,470.4579149384818,493.79661756847327,517.1353201984645,540.4740228284563,563.8127254584477,587.1514280884394,610.4901307184309,633.8288333484222,657.1675359784134] [-21.87701769215562,-2.701407610423189,-1.9973319778368932,-1.4184102901716642,-0.9524463476957408,-0.5890712312856294,-0.31938058864705,-0.135660081429819,-0.031173992242543136,0.0,-0.03542041546927521,-0.131639517798817,-0.28473780232093304,-0.49118600204803897,-0.747793112015529,-1.0516629937204698,-1.4001578850774195,-1.7908675155521223,-2.2215828067766097,-2.690273351755195] False 58364.65603222185 58378.65603222185
