data/PKS0208-512_allsed_14d_min11.ecsv
# %ECSV 1.0
# ---
# datatype:
# - {name: e_min, unit: MeV, datatype: float64}
# - {name: e_ref, unit: MeV, datatype: float64}
# - {name: e_max, unit: MeV, datatype: float64}
# - {name: ref_dnde_e_min, unit: ph / (cm2 MeV s), datatype: float64}
# - {name: ref_dnde_e_max, unit: ph / (cm2 MeV s), datatype: float64}
# - {name: ref_dnde, unit: ph / (cm2 MeV s), datatype: float64}
# - {name: ref_flux, unit: ph / (cm2 s), datatype: float64}
# - {name: ref_eflux, unit: MeV / (cm2 s), datatype: float64}
# - {name: ref_npred, datatype: float64}
# - {name: dnde, unit: ph / (cm2 MeV s), datatype: float64}
# - {name: dnde_err, unit: ph / (cm2 MeV s), datatype: float64}
# - {name: dnde_errp, unit: ph / (cm2 MeV s), datatype: float64}
# - {name: dnde_errn, unit: ph / (cm2 MeV s), datatype: float64}
# - {name: dnde_ul, unit: ph / (cm2 MeV s), datatype: float64}
# - {name: e2dnde, unit: MeV / (cm2 s), datatype: float64}
# - {name: e2dnde_err, unit: MeV / (cm2 s), datatype: float64}
# - {name: e2dnde_errp, unit: MeV / (cm2 s), datatype: float64}
# - {name: e2dnde_errn, unit: MeV / (cm2 s), datatype: float64}
# - {name: e2dnde_ul, unit: MeV / (cm2 s), datatype: float64}
# - {name: norm, datatype: float64}
# - {name: norm_err, datatype: float64}
# - {name: norm_errp, datatype: float64}
# - {name: norm_errn, datatype: float64}
# - {name: norm_ul, datatype: float64}
# - {name: ts, datatype: float64}
# - {name: loglike, datatype: float64}
# - {name: norm_scan, datatype: string, subtype: 'float64[20]'}
# - {name: dloglike_scan, datatype: string, subtype: 'float64[20]'}
# - {name: ShowUL, datatype: bool}
# - {name: tstart, datatype: float64}
# - {name: tend, datatype: float64}
# meta: !!omap
# - {UL_CONF: 0.95}
# - {EXTNAME: SED}
# - {CONFIG: '{"bin_index": 2.0, "use_local_index": true, "free_background": false, "free_radius": null, "free_pars": [], "ul_confidence":
#     0.95, "cov_scale": 3.0, "make_plots": false, "write_fits": true, "write_npy": true, "optimizer": {"optimizer": "MINUIT", "tol":
#     0.001, "max_iter": 100, "init_lambda": 0.0001, "retries": 3, "min_fit_quality": 2, "verbosity": 0}, "prefix": "", "outfile": null,
#     "loge_bins": []}'}
# - {SRCNAME: 4FGL J0210.7-5101}
# - {CREATOR: fermipy 1.2.0}
# - {STVER: 2.2.0}
# schema: astropy-2.0
e_min e_ref e_max ref_dnde_e_min ref_dnde_e_max ref_dnde ref_flux ref_eflux ref_npred dnde dnde_err dnde_errp dnde_errn dnde_ul e2dnde e2dnde_err e2dnde_errp e2dnde_errn e2dnde_ul norm norm_err norm_errp norm_errn norm_ul ts loglike norm_scan dloglike_scan ShowUL tstart tend
[from data line 1113]
7071.149185711414 8149.575733880153 9392.473966813408 3.822115725301778e-16 1.703780251422738e-16 2.551870939413175e-16 5.971684602546531e-13 4.822984409295538e-09 0.0010007347069116435 2.5244750872573913e-13 2.5700577112628226e-13 3.222997322233936e-13 1.9171181002917093e-13 9.305384146880814e-13 1.6766448883499027e-05 1.7069188545783877e-05 2.1405725145656737e-05 1.2732651945911015e-05 6.180225284357976e-05 989.2644052907779 1007.1268384183371 1262.9938577438766 751.2598190927976 3646.494814122798 11.904605948282974 -13.40262058148779 [0.0,109.91826725453083,219.83653450906166,329.75480176359247,439.67306901812333,549.5913362726543,659.5096035271849,769.4278707817155,879.3461380362467,989.2644052907779,1424.806242765087,1860.348080239397,2295.8899177137077,2731.431755188016,3166.9735926623252,3602.515430136638,4038.0572676109455,4473.599105085258,4909.140942559567,5344.682780033879] [-5.952302974141487,-1.3128380860733824,-0.7336120455808892,-0.4391795289399578,-0.261805685149902,-0.14868034284651266,-0.0762319665621245,-0.031871629307845595,-0.008078853476151338,0.0,-0.06968197677596244,-0.23732957893710527,-0.461290919668242,-0.7218752741727847,-1.0081988638229902,-1.313608043534213,-1.633736515656521,-1.9655638652487912,-2.306913594092533,-2.6561653420376334] False 59008.65603222185 59022.65603222185
9392.473966813408 10825.05221838098 12476.13311942254 1.5229561665098698e-16 6.692565667197346e-17 1.0095783353772197e-16 3.140374106718995e-13 3.3678268005605796e-09 0.0005269069133846394 1.890522471577262e-13 1.9236591188212408e-13 2.4119232924597204e-13 1.435394945182761e-13 6.966769179376538e-13 2.215347420896143e-05 2.254177525860644e-05 2.8263340561575577e-05 1.68202099556373e-05 8.16378242816343e-05 1872.5862128082272 1905.408477394162 2389.040263585418 1421.7766912029058 6900.672226463208 12.921296186316528 -8.330948323045162 [0.0,208.06513475646966,416.1302695129393,624.195404269409,832.2605390258786,1040.3256737823483,1248.390808538818,1456.4559432952883,1664.5210780517573,1872.5862128082272,2698.38409381545,3524.1819748226726,4349.979855829895,5175.777736837119,6001.575617844343,6827.373498851568,7653.171379858789,8478.969260866015,9304.767141873237,10130.56502288046] [-6.460648093158264,-1.3155255674031565,-0.7346238520141348,-0.4396625753659382,-0.26204807084728365,-0.1487974448571947,-0.07628145392783381,-0.031886406248560206,-0.008079431060329156,0.0,-0.06996351767010545,-0.23818082378092775,-0.46283449821341627,-0.7241738710553829,-1.011288199956761,-1.317509920076711,-1.6384648233106205,-1.9711276682381023,-2.3133188460450924,-2.6634159027040436] False 59008.65603222185 59022.65603222185
100.0 115.25240587974294 132.83117061068992 1.0098301215933535e-11 5.7164249079636684e-12 7.597774713617281e-12 2.494511340528103e-10 2.8652676964489766e-08 0.12250813742225043 4.881285743912313e-09 7.504219736247912e-10 7.791473029869597e-10 7.216966442626228e-10 6.1787490558005615e-09 6.483868994491455e-05 9.967942920856537e-06 1.0349504833391985e-05 9.586381008321092e-06 8.207304699916843e-05 642.4625535637061 98.76865291620594 102.5494085249087 94.98789730750319 813.2314116561736 78.15764332941967 -903.5328967467065 [0.0,425.839284097281,452.91719278058406,479.995101463887,507.0730101471906,534.1509188304933,561.2288275137964,588.3067361970994,615.3846448804027,642.4625535637061,667.0534826009895,691.6444116382725,716.2353406755561,740.8262697128397,765.4171987501231,790.0081277874067,814.5990568246899,839.1899858619738,863.7809148992571,888.3718439365409] [-39.078821664709835,-2.703892771066876,-2.022716753801433,-1.4517656820959246,-0.9841982677919532,-0.6138435276883456,-0.3351118179934929,-0.1429205900174111,-0.03263198071840634,0.0,-0.03436965569358108,-0.1268678576828961,-0.2749847691059131,-0.47638156275502297,-0.728874533380349,-1.0304210669302165,-1.3791072070425798,-1.7731366011066712,-2.2108206425521075,-2.690569654235219] False 59022.65603222185 59036.65603222185
132.83117061068992 153.091119887046 176.4411988580621 6.574858498227827e-12 3.6493622449062285e-12 4.898371195513212e-12 2.1372757026678834e-10 3.259405177469552e-08 0.14060315454059438 4.0385541478587974e-09 4.665128459075412e-10 4.849207166374154e-10 4.481049751776671e-10 4.852028232834059e-09 9.465115331359186e-05 1.0933610714162596e-05 1.136503397378482e-05 1.050218745454037e-05 0.00011371645676493967 824.4687849622367 95.23836134241023 98.99631883381784 91.4804038510026 990.5391076279393 172.50552444827554 -1036.5099914867444 [0.0,614.0170907419083,640.3235525194493,666.6300142969901,692.9364760745316,719.2429378520727,745.5493996296137,771.8558614071545,798.1623231846955,824.4687849622367,848.345430647906,872.2220763335745,896.0987220192438,919.9753677049132,943.8520133905818,967.7286590762507,991.6053047619199,1015.4819504475889,1039.3585961332578,1063.2352418189273] [-86.25276222413777,-2.710427508308385,-2.038488787277174,-1.4718876341880787,-1.0050100827661481,-0.632710216973237,-0.3502575301347406,-0.15329165539264977,-0.03778324387508292,0.0,-0.030082626703233473,-0.11892027877684086,-0.2642449912016218,-0.4639259450316331,-0.7159582091228458,-1.0184526414275297,-1.3696268071623763,-1.7677967914530655,-2.211369801106457,-2.6988374645125077] False 59022.65603222185 59036.65603222185
176.4411988580621 203.35272664697808 234.36890988269914 4.115601003611325e-12 2.2398462636857713e-12 3.036167572905062e-12 1.760590399686104e-10 3.564792685919948e-08 0.14283391368764775 1.7835009966547244e-09 2.422056879182969e-10 2.5330604727340933e-10 2.311053285631845e-10 2.2104178040123794e-09 7.375192432789202e-05 1.0015769882181604e-05 1.0474795621279158e-05 9.556744143084051e-06 9.14059296408156e-05 587.418498429004 79.7734914501277 83.42953450064067 76.11744839961472 728.0289216373556 134.6921076487438 -878.6325890687745 [0.0,413.41646260322017,435.16671708144304,456.91697155966614,478.667226037889,500.4174805161119,522.1677349943352,543.9179894725581,565.6682439507808,587.418498429004,607.6972758562233,627.9760532834428,648.2548307106623,668.5336081378819,688.8123855651013,709.091162992321,729.3699404195405,749.6487178467601,769.9274952739796,790.2062727011995] [-67.3460538243719,-2.708251822545094,-2.027734683567246,-1.4579265865264688,-0.9914721078489492,-0.6217783871109077,-0.34290937555510936,-0.14949818486786626,-0.03667389312272462,0.0,-0.030829318576479636,-0.12130652890641613,-0.26864004421622667,-0.4702433884037873,-0.7237148309898203,-1.0268195443943569,-1.3774739123962263,-1.7737316814300357,-2.213771697244624,-2.6958870108691144] False 59022.65603222185 59036.65603222185
234.36890988269914 270.1158072739371 311.3149665447022 2.47678827188227e-12 1.321685759948724e-12 1.8092915158577441e-12 1.394372523722151e-10 3.748460887126902e-08 0.13197470561572267 7.491700201953511e-10 1.2307782974113574e-10 1.2977322902132477e-10 1.1638243046094673e-10 9.697789462388271e-10 5.4661354561990774e-05 8.98007222505552e-06 9.468585625382294e-06 8.491558824728744e-06 7.075754421311702e-05 414.0681662568826 68.02542799897414 71.72599212670393 64.32486387124435 535.9992780262814 95.11545471542149 -645.4381619630976 [0.0,268.81673944981867,286.9731678007015,305.1295961515844,323.28602450246757,341.44245285335074,359.5988812042336,377.7553095551165,395.9117379059995,414.0681662568826,431.71665847965824,449.36515070243416,467.0136429252099,484.66213514798574,502.3106273707618,519.9591195935373,537.6076118163132,555.2561040390889,572.9045962618648,590.553088484641] [-47.557727357710746,-2.705087421254575,-2.013594802535522,-1.4401813718642416,-0.9748833349406141,-0.6090164512263527,-0.33495938980877327,-0.14598193599897513,-0.03610720670599221,0.0,-0.031057361752914403,-0.12332625142403231,-0.27321272992207923,-0.47744651036930463,-0.7330421465262589,-1.0372659736897276,-1.3876077956051631,-1.7817565124364592,-2.217579041195222,-2.6931020023781684] False 59022.65603222185 59036.65603222185
311.3149665447022 358.7979888064861 413.52331434760555 1.4330233430813646e-12 7.49802657382352e-13 1.0365735433307888e-12 1.0617493419702215e-10 3.789609551399792e-08 0.11437336346012694 4.1419300140275363e-10 7.204886210902429e-11 7.628453551323155e-11 6.781318870481704e-11 5.446094163915157e-10 5.3321548891395646e-05 9.275282079863314e-06 9.820565717552806e-06 8.729998442173825e-06 7.011083607034987e-05 399.5789821837824 69.5067538358272 73.59297948904704 65.42052818260736 525.3938998303387 103.69577807056044 -533.2726804298578 [0.0,254.31382067216524,272.4719658611175,290.6301110500696,308.7882562390216,326.9464014279738,345.104546616926,363.2626918058781,381.4208369948301,399.5789821837824,417.7775706106614,435.9761590375401,454.17474746441917,472.37333589129787,490.57192431817714,508.77051274505584,526.9691011719348,545.1676895988138,563.3662780256927,581.5648664525717] [-51.84788903528022,-2.6937804254023376,-1.9983894282496522,-1.4253464316384452,-0.9628733144398893,-0.6008957836005493,-0.3307220226483878,-0.14479475911105055,-0.03649731606947171,0.0,-0.030275038611421223,-0.12285020371825794,-0.2735811354049247,-0.478743068966196,-0.734974688796683,-1.0392312046333245,-1.388744872755865,-1.7809915746761362,-2.2136623604828856,-2.6846390888878204] False 59022.65603222185 59036.65603222185
413.52331434760555 476.5900816815941 549.2752115212968 7.971229874527579e-13 4.089754890405847e-13 5.7096739278087e-13 7.772452124940065e-11 3.683191651755048e-08 0.09399726281557164 2.9154517975724066e-10 4.740758616390964e-11 4.973921256301872e-11 4.507595976480057e-11 3.765344618367121e-10 6.622101993103103e-05 1.0768069329276446e-05 1.1297670533370048e-05 1.0238468125182845e-05 8.552532448923021e-05 510.61616380102464 83.03028642846522 87.1139283817351 78.94664447519536 659.4675398236292 159.07237352393736 -507.9304723052029 [0.0,338.2279715264107,359.77649556073726,381.3250195950642,402.87354362939084,424.42206766371766,445.9705916980444,467.5191157323709,489.06763976669794,510.61616380102464,532.2750616623881,553.9339595237515,575.5928573851145,597.2517552464782,618.910653107841,640.5695509692044,662.2284488305676,683.8873466919313,705.5462445532945,727.2051424146576] [-79.53618676196868,-2.696384106229061,-2.0004098060304045,-1.4268116281510288,-0.9638772706572354,-0.601551506444423,-0.33113321286418795,-0.14503919359896145,-0.03661777070607286,0.0,-0.030296487858947785,-0.12316343345446512,-0.27438398317906376,-0.4801679865894357,-0.7370954399330003,-1.042069079087696,-1.392274391528474,-1.785145688586681,-2.2183371621347305,-2.6896980671387496] False 59022.65603222185 59036.65603222185
549.2752115212968 633.0528961793416 729.6086933380817 4.263154383973614e-13 2.1445403795383871e-13 3.0236578378906385e-13 5.471286821975471e-11 3.4423009191093144e-08 0.07243594894826266 1.1921319756664981e-10 2.5347540557460325e-11 2.6855173249329207e-11 2.3839907865591445e-11 1.6548950991586883e-10 4.7775400551453384e-05 1.01581781870236e-05 1.0762370987893927e-05 9.553985386153274e-06 6.632090896541948e-05 394.26814791258005 83.83071735108511 88.8168393685176 78.84459533365263 547.3155984849049 92.38928973651002 -374.1009003186505 [0.0,225.63161728058327,246.71118360958286,267.79074993858245,288.8703162675819,309.9498825965817,331.02944892558116,352.10901525458075,373.1885815835804,394.26814791258005,416.7717621233257,439.2753763340715,461.77899054481736,484.282604755563,506.78621896630864,529.2898331770546,551.7934473878004,574.2970615985465,596.8006758092921,619.3042900200378] [-46.19464486825501,-2.7045025197226096,-1.97987897428726,-1.395009867279441,-0.9316239161945532,-0.5749300534895383,-0.3127734403699378,-0.13503478399178448,-0.03319293967734893,0.0,-0.033323839552167556,-0.1312879197600978,-0.2882616817119015,-0.49934608680791825,-0.7602500703075066,-1.0671922594680723,-1.416821964524047,-1.8061550520193919,-2.2325214388148424,-2.6935217530264595] False 59022.65603222185 59036.65603222185
729.6086933380817 840.8915725798939 969.1477682383326 2.1919120355760558e-13 1.0811368519929916e-13 1.5394014674503382e-13 3.702559811103371e-11 3.092858264940888e-08 0.05281347383157753 8.4252256498555e-11 1.6946557576838807e-11 1.797651053834027e-11 1.5916604615337343e-11 1.1523292401901681e-10 5.957465572047576e-05 1.1982887761643596e-05 1.2711166096726368e-05 1.1254609426560825e-05 8.148104349246015e-05 547.3052889711697 110.08536717135168 116.77597376930007 103.3947605734033 748.5566725480224 120.3948727388439 -289.252461143328 [0.0,324.19284392647654,352.08189955706314,379.97095518764974,407.86001081823645,435.74906644882304,463.63812207941,491.5271777099965,519.4162333405828,547.3052889711697,576.8563229375552,606.4073569039411,635.9583908703274,665.5094248367129,695.0604588030989,724.6114927694846,754.1625267358704,783.713560702256,813.2645946686418,842.8156286350277] [-60.19743636942195,-2.687571722743371,-1.9700719243342633,-1.3893648738794582,-0.9283014158545484,-0.5728440687152556,-0.3113470702413679,-0.13403509069621578,-0.032617855430885356,0.0,-0.03371022203930352,-0.1314914522130266,-0.287866033973728,-0.49804516802907983,-0.7578166847841317,-1.0634549520488576,-1.411647849282815,-1.799437049593962,-2.2241687862625668,-2.683452958269811] False 59022.65603222185 59036.65603222185
969.1477682383326 1116.9661194245136 1287.3303254983532 1.0834876028393257e-13 5.240055398453759e-14 7.534941978818358e-14 2.4090029870125524e-11 2.6717386296962536e-08 0.03643522880797101 3.094768530335785e-11 8.59220801166255e-12 9.434948221362379e-12 7.74946780196272e-12 4.715292105293388e-11 3.861074415826899e-05 1.0719753094327107e-05 1.1771166998457624e-05 9.668339190196592e-06 5.882861200260261e-05 410.7222774953754 114.03150861435026 125.21593726780074 102.84707996089978 625.7901014432028 73.12533373463128 -215.0957531392232 [0.0,196.5675182793132,223.33686318132087,250.10620808332874,276.8755529853364,303.6448978873442,330.4142427893518,357.18358769135955,383.9529325933675,410.7222774953754,442.7788820086886,474.83548652200153,506.8920910353151,538.9486955486283,571.0053000619416,603.0619045752551,635.1185090885681,667.1751136018819,699.2317181151953,731.288322628508] [-36.56266686731564,-2.6994347087250503,-1.928283666062697,-1.3300100976902058,-0.8715683703853472,-0.5286678877514817,-0.2829186509126487,-0.12005488227359251,-0.028781788419934173,0.0,-0.037413846703429954,-0.14341273229004514,-0.3095415881142287,-0.5288449240084958,-0.7955297422649323,-1.1047184179402905,-1.4522641420001037,-1.8346108021343355,-2.2486850271085075,-2.69181190642135] False 59022.65603222185 59036.65603222185
