data/PKS0426-380_allsed_14d_min11.ecsv
# %ECSV 1.0
# ---
# datatype:
# - {name: e_min, unit: MeV, datatype: float64}
# - {name: e_ref, unit: MeV, datatype: float64}
# - {name: e_max, unit: MeV, datatype: float64}
# - {name: ref_dnde_e_min, unit: ph / (cm2 MeV s), datatype: float64}
# - {name: ref_dnde_e_max, unit: ph / (cm2 MeV s), datatype: float64}
# - {name: ref_dnde, unit: ph / (cm2 MeV s), datatype: float64}
# - {name: ref_flux, unit: ph / (cm2 s), datatype: float64}
# - {name: ref_eflux, unit: MeV / (cm2 s), datatype: float64}
# - {name: ref_npred, datatype: float64}
# - {name: dnde, unit: ph / (cm2 MeV s), datatype: float64}
# - {name: dnde_err, unit: ph / (cm2 MeV s), datatype: float64}
# - {name: dnde_errp, unit: ph / (cm2 MeV s), datatype: float64}
# - {name: dnde_errn, unit: ph / (cm2 MeV s), datatype: float64}
# - {name: dnde_ul, unit: ph / (cm2 MeV s), datatype: float64}
# - {name: e2dnde, unit: MeV / (cm2 s), datatype: float64}
# - {name: e2dnde_err, unit: MeV / (cm2 s), datatype: float64}
# - {name: e2dnde_errp, unit: MeV / (cm2 s), datatype: float64}
# - {name: e2dnde_errn, unit: MeV / (cm2 s), datatype: float64}
# - {name: e2dnde_ul, unit: MeV / (cm2 s), datatype: float64}
# - {name: norm, datatype: float64}
# - {name: norm_err, datatype: float64}
# - {name: norm_errp, datatype: float64}
# - {name: norm_errn, datatype: float64}
# - {name: norm_ul, datatype: float64}
# - {name: ts, datatype: float64}
# - {name: loglike, datatype: float64}
# - {name: norm_scan, datatype: string, subtype: 'float64[20]'}
# - {name: dloglike_scan, datatype: string, subtype: 'float64[20]'}
# - {name: ShowUL, datatype: bool}
# - {name: tstart, datatype: float64}
# - {name: tend, datatype: float64}
# meta: !!omap
# - {UL_CONF: 0.95}
# - {EXTNAME: SED}
# - {CONFIG: '{"bin_index": 2.0, "use_local_index": true, "free_background": false, "free_radius": null, "free_pars": [], "ul_confidence":
#     0.95, "cov_scale": 3.0, "make_plots": false, "write_fits": true, "write_npy": true, "optimizer": {"optimizer": "MINUIT", "tol":
#     0.001, "max_iter": 100, "init_lambda": 0.0001, "retries": 3, "min_fit_quality": 2, "verbosity": 0}, "prefix": "", "outfile": null,
#     "loge_bins": []}'}
# - {SRCNAME: 4FGL J0428.6-3756}
# - {CREATOR: fermipy 1.2.0}
# - {STVER: 2.2.0}
# schema: astropy-2.0
e_min e_ref e_max ref_dnde_e_min ref_dnde_e_max ref_dnde ref_flux ref_eflux ref_npred dnde dnde_err dnde_errp dnde_errn dnde_ul e2dnde e2dnde_err e2dnde_errp e2dnde_errn e2dnde_ul norm norm_err norm_errp norm_errn norm_ul ts loglike norm_scan dloglike_scan ShowUL tstart tend
[from data line 25]
9392.473966813408 10825.05221838098 12476.13311942254 1.715763598170934e-16 7.654636068959466e-17 1.1460168377631645e-16 3.562406035283892e-13 3.821781386474915e-09 0.0005584485067924305 2.033924411768657e-13 2.060931654874807e-13 2.583832308498249e-13 1.5380310012513655e-13 7.462630206121865e-13 2.383388331877468e-05 2.415035893469692e-05 3.0277800590670152e-05 1.802291727872369e-05 8.744841084296035e-05 1774.7770754734652 1798.3432589850995 2254.6198479434756 1342.0666700267232 6511.7980471279 12.935611118021228 -3.8538768480374923 [0.0,197.1974528303851,394.3949056607702,591.5923584911554,788.7898113215404,985.9872641519245,1183.1847169823109,1380.3821698126958,1577.5796226430807,1774.7770754734652,2553.148436688041,3331.519797902617,4109.891159117191,4888.262520331767,5666.63388154634,6445.005242760919,7223.376603975489,8001.747965190068,8780.11932640464,9558.490687619218] [-6.467805559010614,-1.3116279944263018,-0.7311901072718818,-0.4367126657114131,-0.2595870175489985,-0.14682725956441978,-0.07480314333944627,-0.03090054594251379,-0.007586380913568114,0.0,-0.07120357206005412,-0.23987619282974038,-0.4646467256398399,-0.7259263079763691,-1.0128770406706424,-1.3188689915813017,-1.6395493558680387,-1.9719059633439526,-2.3137676392552597,-2.663517615303828] False 54710.65603222185 54724.65603222185
16572.19366947696 19099.851911122612 22013.03884703687 1.9779761176631912e-17 8.350378685813846e-18 1.2851789608448947e-17 7.066616933483564e-14 1.3358920569421466e-09 0.00011092284941138786 1.1581164102676658e-13 1.1641543360871737e-13 1.4591725561890399e-13 8.691361159853076e-14 4.214965744597824e-13 4.224858961962681e-05 4.2468855775809836e-05 5.323124857232997e-05 3.170646297928971e-05 0.00015376378093385357 9011.324068877564 9058.30527541349 11353.847212296094 6762.763338530887 32796.72226992299 14.83960315969191 -3.214478423347807 [0.0,1001.2582298752851,2002.5164597505702,3003.7746896258554,4005.0329195011404,5006.291149376427,6007.549379251711,7008.807609126997,8010.065839002281,9011.324068877564,12929.701642957141,16848.079217036706,20766.456791116292,24684.834365195853,28603.21193927543,32521.589513355008,36439.967087434554,40358.344661514144,44276.72223559373,48195.09980967329] [-7.419801579845955,-1.3069623650540647,-0.7258688409842318,-0.4317967807421139,-0.25534248115357716,-0.14336057302520588,-0.07216758911034127,-0.02912658283485481,-0.006693050803371126,0.0,-0.07365934613581748,-0.24362316497692804,-0.4691806582957425,-0.7309834270005702,-1.0183021086337742,-1.3245629430235475,-1.645445113459914,-1.9779560042421087,-2.319937067540141,-2.669780052600644] False 54710.65603222185 54724.65603222185
132.83117061068992 153.091119887046 176.4411988580621 2.7072635012585762e-12 1.7023856293250244e-12 2.1468130983713407e-12 9.343492779448895e-11 1.4291190433912435e-08 0.06307824056632899 8.009187429302393e-10 3.0262549270514146e-10 3.1989090593998196e-10 2.85360079470301e-10 1.344252281629302e-09 1.8771045268518176e-05 7.092600682801866e-06 7.497248290654255e-06 6.687953074949479e-06 3.150509418527903e-05 373.07334464180815 140.96499268367862 149.00733845096443 132.92264691639284 626.1617663172943 9.532694432655944 -763.2273115402077 [0.0,78.31149664924766,115.15672764831776,152.00195864738785,188.84718964645785,225.69242064552796,262.5376516445981,299.3828826436681,336.22811364273815,373.07334464180815,409.9366022608923,446.79985987997634,483.66311749906083,520.5263751181445,557.3896327372289,594.2528903563131,631.1161479753969,667.9794055944814,704.8426632135652,741.7059208326498] [-4.766347216327972,-2.70639798361492,-1.9904047785150851,-1.4073706512343733,-0.9417521567896756,-0.5809235429202317,-0.31445068053710656,-0.13358375304437686,-0.030892859802861494,0.0,-0.03541057123993596,-0.1323193882188889,-0.2864675842668021,-0.494080527400115,-0.7517926234680772,-1.0565866597099784,-1.4057443715838644,-1.7968057780226445,-2.2275354432096037,-2.6958942653797067] False 54724.65603222185 54738.65603222185
176.4411988580621 203.35272664697808 234.36890988269914 1.8947649184844214e-12 1.1707740226020696e-12 1.4894097977048776e-12 8.612889546106169e-11 1.7491539520710067e-08 0.0719330866903796 5.205860988717996e-10 1.6175436739271468e-10 1.6992325923206802e-10 1.535854755533613e-10 8.091183997937672e-10 2.152744890087571e-05 6.68892021144357e-06 7.026722934239221e-06 6.351117488647918e-06 3.3458932238234996e-05 349.5250935464522 108.6029967319752 114.087646995416 103.1183464685344 543.2476683318366 16.227347576561897 -628.3968718398762 [0.0,124.0885226484309,152.26809401068357,180.44766537293611,208.62723673518875,236.80680809744152,264.9863794596942,293.1659508219468,321.34552218419947,349.5250935464522,377.95014563450724,406.37519772256263,434.8002498106176,463.2253018986727,491.6503539867279,520.0754060747829,548.5004581628384,576.9255102508931,605.3505623389487,633.7756144270037] [-8.113673788280948,-2.710782245607902,-1.991310224452036,-1.406005489486006,-0.9392107308408413,-0.5780965197336627,-0.31198549627674765,-0.13187381029911194,-0.03008286797216897,0.0,-0.036468643501962106,-0.13490022174482874,-0.29075565193443254,-0.500014786825318,-0.7590971536264988,-1.0647976532441135,-1.4142338904405278,-1.8048026520145868,-2.2341436562586523,-2.700109137659865] False 54724.65603222185 54738.65603222185
311.3149665447022 358.7979888064861 413.52331434760555 8.355008692010907e-13 4.984772023731962e-13 6.453511725097684e-13 6.588754918424464e-11 2.358970886785555e-08 0.07312671858152553 1.498936730789079e-10 5.314425538889479e-11 5.720222330807211e-11 4.908628746971747e-11 2.4963842542156665e-10 1.9296711413566453e-05 6.841578690172747e-06 7.3639852351151305e-06 6.319172145230362e-06 3.213745152913295e-05 232.2668331041718 82.34935900436497 88.63735861145625 76.06135939727369 386.82570987005994 14.33953517881912 -491.4540712009999 [0.0,68.77205306631818,89.20890057104985,109.6457480757816,130.08259558051333,150.51944308524497,170.95629058997676,191.39313809470835,211.8299855994401,232.2668331041718,254.98193211403637,277.6970311239009,300.41213013376546,323.12722914362996,345.8423281534947,368.5574271633591,391.27252617322364,413.98762518308826,436.7027241929528,459.41782320281743] [-7.16976758940956,-2.698901143568719,-1.9478034022897077,-1.3566644388400846,-0.8972296022002979,-0.5488955536226285,-0.29604638588727994,-0.1264858390865129,-0.03045709775369687,0.0,-0.035093996690989115,-0.1355026129149337,-0.29489844198201354,-0.5079197378413483,-0.7699735422846743,-1.0770880355372583,-1.4257997662610933,-1.8130661302323006,-2.236196473367272,-2.692797164351191] False 54724.65603222185 54738.65603222185
413.52331434760555 476.5900816815941 549.2752115212968 5.263961572224216e-13 3.086174996788474e-13 4.0305714964820744e-13 5.467469667321296e-11 2.5990873304551064e-08 0.0681587286736886 6.773422080637322e-11 2.6483255710434894e-11 2.8648255864850644e-11 2.431825555601915e-11 1.1836877322669372e-10 1.5385022622451024e-05 6.015356541650198e-06 6.507110576121385e-06 5.523602507179013e-06 2.688605895519665e-05 168.05115816824576 65.70595691839175 71.07740401046141 60.334509826322105 293.6773937145322 14.320647250951424 -370.4345573955685 [0.0,44.5010953535414,59.944853205379445,75.3886110572175,90.8323689090556,106.27612676089358,121.71988461273162,137.16364246456968,152.60740031640776,168.05115816824576,186.88187491851482,205.7125916687837,224.54330841905275,243.3740251693217,262.2047419195908,281.0354586698598,299.86617542012874,318.69689217039786,337.5276089206667,356.3583256709356] [-7.160323625475712,-2.695263129991133,-1.8986011832737404,-1.2961206948978656,-0.8423012176008342,-0.5069943796422649,-0.26897910715536,-0.11263803461815769,-0.02607928206998622,0.0,-0.03934445382355989,-0.14684514491278833,-0.3139222672063511,-0.5336190132632055,-0.8002043001540642,-1.1088922315691434,-1.4556389136184862,-1.836992055813539,-2.2499775157432964,-2.6920122772417585] False 54724.65603222185 54738.65603222185
729.6086933380817 840.8915725798939 969.1477682383326 1.8810853997774605e-13 1.0648256475650713e-13 1.4152837097003697e-13 3.3902578137675995e-11 2.841203232471614e-08 0.04993164559924057 5.478502508841554e-11 1.4183135050841858e-11 1.514926139518155e-11 1.3217008706502164e-11 8.111811049907049e-11 3.873841655903851e-05 1.002887546050957e-05 1.0712022081603405e-05 9.345728839415733e-06 5.7358505356595616e-05 387.09570888803665 100.21407689236086 107.04045620922753 93.38769757549419 573.157946658229 58.44340930709075 -310.4474897538487 [0.0,191.13928653406916,215.63383932831505,240.1283921225611,264.62294491680683,289.11749771105315,313.6120505052989,338.106603299545,362.6011560937911,387.09570888803665,414.6739253725121,442.2521418569874,469.83035834146256,497.408574825938,524.9867913104132,552.5650077948885,580.143224279364,607.7214407638388,635.2996572483141,662.8778737327897] [-29.221704653545373,-2.699454069510182,-1.9520185802302308,-1.3605560001599883,-0.8997209404258228,-0.5500925660360281,-0.2964290690406983,-0.1265278491035815,-0.03045369642126161,0.0,-0.03572836060794771,-0.13775859122938527,-0.2992117372222083,-0.5142617591147882,-0.7779274807994057,-1.085914031972493,-1.4344901990961603,-1.8203922815100668,-2.2407478165314387,-2.6930144078966123] False 54724.65603222185 54738.65603222185
969.1477682383326 1116.9661194245136 1287.3303254983532 1.0668871095563683e-13 5.934426899199396e-14 7.956986591267066e-14 2.5329346280500586e-11 2.8184721596989706e-08 0.03953844084149605 1.4323151832778092e-11 5.85137483370553e-12 6.4535020496379815e-12 5.249247617773078e-12 2.6126874526714366e-11 1.786975489554408e-05 7.300253135694928e-06 8.051475065774984e-06 6.549031205614872e-06 3.259623645897389e-05 180.0072385254238 73.53757313261679 81.10485012907795 65.97029613615562 328.35137054760247 33.21410696204987 -170.4463102271705 [0.0,56.26483976793704,71.73263961262286,87.2004394573087,102.66823930199459,118.13603914668042,133.60383899136625,149.07163883605202,164.53943868073802,180.0072385254238,202.6837850239168,225.3603315224096,248.03687802090292,270.7134245193957,293.3899710178889,316.06651751638185,338.7430640148748,361.4196105133676,384.0961570118609,406.77270351035344] [-16.607053481024934,-2.6908816896164183,-1.825096236940169,-1.2106095946382993,-0.7696452092145591,-0.4559478008658573,-0.23973961951779188,-0.1007062394589866,-0.024360147525612774,0.0,-0.0417272088768641,-0.15900278286895286,-0.3380975159024331,-0.5687898740747812,-0.843257932815277,-1.1553777797548435,-1.5002615032714175,-1.8739427514499596,-2.2731566224425137,-2.6951818004465338] False 54724.65603222185 54738.65603222185
1287.3303254983532 1483.6791717563765 1709.9759409858673 5.842639298540117e-14 3.193447040735843e-14 4.3195091362341063e-14 1.827287790136521e-11 2.699709061561874e-08 0.029723559135921285 1.2181580428185518e-11 4.3792089891677356e-12 4.790459930354812e-12 3.96795804798066e-12 2.0819720160724203e-11 2.681536031839519e-05 9.639969759784245e-06 1.0545258054207402e-05 8.734681465361088e-06 4.583053086824587e-05 282.0130724114137 101.38209808222973 110.90287760176602 91.86131856269344 481.9927335279475 44.62909175794317 -114.45036288240911 [0.0,103.41675497277761,125.74129465260715,148.06583433243668,170.39037401226614,192.71491369209556,215.03945337192516,237.36399305175456,259.6885327315842,282.0130724114137,312.38331171346937,342.75355101552475,373.12379031758053,403.4940296196358,433.86426892169135,464.2345082237468,494.60474752580245,524.9749868278576,555.3452261299135,585.7154654319692] [-22.314545878971586,-2.696547706225715,-1.8660010354106191,-1.2550538321209501,-0.80567186131303,-0.4803045288880412,-0.25322783635860446,-0.10603365963126521,-0.02508666598147613,0.0,-0.04127312325181265,-0.15546749377381275,-0.33076484281495766,-0.5580351589285044,-0.8300752669780991,-1.1410997293793486,-1.486389846167782,-1.862045208678154,-2.264803788212788,-2.6919090275895883] False 54724.65603222185 54738.65603222185
1709.9759409858673 1970.7884119509856 2271.3810595726877 3.0894440565411223e-14 1.659286212087783e-14 2.2641271885729437e-14 1.2728629119619355e-11 2.4969620646184246e-08 0.02126422468562761 3.2589120319230286e-12 1.963049941700149e-12 2.2306515390488586e-12 1.69544834435144e-12 7.557441794699558e-12 1.2657637029269429e-05 7.624499645578611e-06 8.663866113440567e-06 6.5851331777166545e-06 2.9353156565778976e-05 143.93679155352947 86.70228208060341 98.52147663377583 74.88308752743099 333.790514633718 13.516697444682464 -51.91759642575972 [0.0,19.987309955510245,35.480995155262654,50.97468035501506,66.4683655547675,81.96205075451994,97.4557359542723,112.94942115402479,128.44310635377713,143.93679155352947,173.89329091783077,203.84979028213203,233.80628964643338,263.76278901073454,293.71928837503583,323.67578773933707,353.63228710363813,383.5887864679395,413.54528583224084,443.5017851965419] [-6.758348722341232,-2.7014613452669565,-1.6442672206014919,-1.0205466119153002,-0.6190998679171784,-0.35368054149430606,-0.18031381833483096,-0.07347123298506375,-0.016994434240508838,0.0,-0.05233218148392638,-0.1883942075457199,-0.3860678865589833,-0.6310354458120813,-0.9134905809418044,-1.226419428972143,-1.564629876897122,-1.924169322875521,-2.3019580557647927,-2.6955489860636064] False 54724.65603222185 54738.65603222185
2271.3810595726877 2617.821317854317 3017.1020504598932 1.5773651731919746e-14 8.324603224822785e-15 1.1459031026870073e-14 8.561463617453817e-12 2.2299682968922112e-08 0.01455828675606674 3.5239055298654424e-12 1.711169394910151e-12 1.911261159221711e-12 1.511077630598591e-12 7.09942293185171e-12 2.414928390285569e-05 1.1726624103098739e-05 1.3097850653308686e-05 1.0355397552888789e-05 4.865226336935247e-05 307.5221213383836 149.3293273137721 166.79081806655637 131.8678365609878 619.5482772674585 38.79604950823307 -52.02280690212861 [0.0,74.34454957314726,103.49174604380178,132.63894251445646,161.78613898511082,190.93333545576544,220.08053192642,249.2277283970746,278.37492486772913,307.5221213383836,355.96387219556647,404.4056230527493,452.8473739099321,501.2891247671151,549.7308756242982,598.1726264814807,646.614377338664,695.0561281958466,743.4978790530294,791.9396299102124] [-19.398024754116534,-2.702686815977245,-1.749176678154484,-1.1241632479639918,-0.6979763630337033,-0.40553840371369887,-0.20946098172316852,-0.08624103333731625,-0.02011890232039093,0.0,-0.047328823338702364,-0.17386211121034023,-0.3621588845198076,-0.6000243818194235,-0.8785864695353922,-1.1911823700412114,-1.532677149732379,-1.8990270818088817,-2.286989148113186,-2.6939215327568533] False 54724.65603222185 54738.65603222185
