data/PKS0346-27_allsed_14d_min11.ecsv
# %ECSV 1.0
# ---
# datatype:
# - {name: e_min, unit: MeV, datatype: float64}
# - {name: e_ref, unit: MeV, datatype: float64}
# - {name: e_max, unit: MeV, datatype: float64}
# - {name: ref_dnde_e_min, unit: ph / (MeV s cm2), datatype: float64}
# - {name: ref_dnde_e_max, unit: ph / (MeV s cm2), datatype: float64}
# - {name: ref_dnde, unit: ph / (MeV s cm2), datatype: float64}
# - {name: ref_flux, unit: ph / (s cm2), datatype: float64}
# - {name: ref_eflux, unit: MeV / (s cm2), datatype: float64}
# - {name: ref_npred, datatype: float64}
# - {name: dnde, unit: ph / (MeV s cm2), datatype: float64}
# - {name: dnde_err, unit: ph / (MeV s cm2), datatype: float64}
# - {name: dnde_errp, unit: ph / (MeV s cm2), datatype: float64}
# - {name: dnde_errn, unit: ph / (MeV s cm2), datatype: float64}
# - {name: dnde_ul, unit: ph / (MeV s cm2), datatype: float64}
# - {name: e2dnde, unit: MeV / (s cm2), datatype: float64}
# - {name: e2dnde_err, unit: MeV / (s cm2), datatype: float64}
# - {name: e2dnde_errp, unit: MeV / (s cm2), datatype: float64}
# - {name: e2dnde_errn, unit: MeV / (s cm2), datatype: float64}
# - {name: e2dnde_ul, unit: MeV / (s cm2), datatype: float64}
# - {name: norm, datatype: float64}
# - {name: norm_err, datatype: float64}
# - {name: norm_errp, datatype: float64}
# - {name: norm_errn, datatype: float64}
# - {name: norm_ul, datatype: float64}
# - {name: ts, datatype: float64}
# - {name: loglike, datatype: float64}
# - {name: norm_scan, datatype: string, subtype: 'float64[20]'}
# - {name: dloglike_scan, datatype: string, subtype: 'float64[20]'}
# - {name: ShowUL, datatype: bool}
# - {name: tstart, datatype: float64}
# - {name: tend, datatype: float64}
# meta: !!omap
# - {UL_CONF: 0.95}
# - {EXTNAME: SED}
# - {CONFIG: '{"bin_index": 2.0, "use_local_index": true, "free_background": false, "free_radius": null, "free_pars": [], "ul_confidence":
#     0.95, "cov_scale": 3.0, "make_plots": false, "write_fits": true, "write_npy": true, "optimizer": {"optimizer": "MINUIT", "tol":
#     0.001, "max_iter": 100, "init_lambda": 0.0001, "retries": 3, "min_fit_quality": 2, "verbosity": 0}, "prefix": "", "outfile": null,
#     "loge_bins": []}'}
# - {SRCNAME: 4FGL J0348.6-2749}
# - {CREATOR: fermipy 1.2.0}
# - {STVER: 2.2.0}
# schema: astropy-2.0
e_min e_ref e_max ref_dnde_e_min ref_dnde_e_max ref_dnde ref_flux ref_eflux ref_npred dnde dnde_err dnde_errp dnde_errn dnde_ul e2dnde e2dnde_err e2dnde_errp e2dnde_errn e2dnde_ul norm norm_err norm_errp norm_errn norm_ul ts loglike norm_scan dloglike_scan ShowUL tstart tend
[from data line 1341]
5323.411028602609 6135.359285332078 7071.149185711414 1.480546863536782e-15 7.240651305553111e-16 1.0353802963356092e-15 1.8175295396437734e-12 1.107521566152994e-08 0.00222421311405796 9.29913568428202e-13 6.605176896882561e-13 7.708177728283726e-13 5.502176065481395e-13 2.471125732811598e-12 3.500439569891759e-05 2.486362535290583e-05 2.9015610964198964e-05 2.0711639741612697e-05 9.301968044118662e-05 898.1372078639389 637.9469379762614 744.4779232871541 531.4159526653688 2386.6841406557005 22.154309401347618 -16.492160567613887 [0.0,95.50399153516003,195.83314357625744,296.1622956173548,396.4914476584523,496.82059969954963,597.1497517406467,697.4789037817437,797.8080558228418,898.1372078639389,1136.3179513629545,1374.4986948619696,1612.6794383609858,1850.8601818600016,2089.0409253590183,2327.221668858033,2565.402412357047,2803.5831558560635,3041.7638993550786,3279.944642854095] [-11.077154700673809,-2.678122304860267,-1.4807237149355537,-0.8807537196934234,-0.5217939593704983,-0.29407850714610717,-0.14908842087299945,-0.06105763836124822,-0.01465157223497826,0.0,-0.056877308756206446,-0.2033643242153893,-0.4106925330359914,-0.6620508559214002,-0.9467583419485379,-1.2576041677280116,-1.589490242524647,-1.9386787897135918,-2.302347666197967,-2.6783137380776623] False 59218.65603222185 59232.65603222185
7071.149185711414 8149.575733880153 9392.473966813408 6.523661319764756e-16 3.142675194120883e-16 4.527885666011305e-16 1.0562724259812734e-12 8.546481394666206e-09 0.0013080150161282056 3.505220591274186e-13 3.5466585287642074e-13 4.452971618160006e-13 2.6403454393684077e-13 1.2811671363956222e-12 2.3280127486952212e-05 2.355533997142908e-05 2.95746713415435e-05 1.753600860131466e-05 8.508946438815025e-05 774.1407027094824 783.2924217559852 983.4549603551955 583.1298831567748 2829.5041679447377 9.235261159819245 -42.989997521733756 [0.0,86.01563363438694,172.0312672687739,258.0469009031609,344.0625345375478,430.07816817193475,516.0938018063218,602.1094354407084,688.1250690750956,774.1407027094824,1106.4858278655242,1438.8309530215652,1771.1760781776068,2103.521203333647,2435.8663284896893,2768.21145364573,3100.5565788017707,3432.901703957813,3765.2468291138534,4097.591954269895] [-4.617630579909623,-1.2853576185438413,-0.7186961866675432,-0.42903234121207134,-0.2544504221204207,-0.14332334951966885,-0.07247667035408512,-0.029492302086580935,-0.006935405218683854,0.0,-0.07046470663899385,-0.2350211202095096,-0.45423408083321704,-0.7092229037117903,-0.9894699694172502,-1.2885111459581822,-1.6020879255288776,-1.9272456162978528,-2.2618499862688637,-2.6043090203592385] False 59218.65603222185 59232.65603222185
22013.03884703687 25370.556878452422 29240.177187505025 1.8168761976483565e-17 8.23786094963215e-18 1.223404000276423e-17 8.906808937548286e-14 2.2403172509758497e-09 0.0001119813559313787 1.0920595452822062e-13 1.0977002427672139e-13 1.3758446665061488e-13 8.195558190282789e-14 3.974522219279992e-13 7.029206779278657e-05 7.065513983563228e-05 8.855832723425564e-05 5.2751952437008896e-05 0.0002558261465581257 8926.40162232149 8972.508202680334 11246.03700981264 6698.979395548025 32487.405782406837 15.300175560890683 -3.0950506693015 [0.0,991.8224024801652,1983.6448049603305,2975.4672074404957,3967.289609920661,4959.1120124008285,5950.934414880991,6942.756817361153,7934.579219841322,8926.40162232149,12809.188532062992,16691.975441804498,20574.76235154601,24457.54926128753,28340.336171029034,32223.123080770536,36105.90999051206,39988.69690025356,43871.48380999507,47754.270719736596] [-7.650087780445341,-1.307299153178735,-0.7260051211997638,-0.4318682788174981,-0.2553831738386303,-0.14338405827943657,-0.07218066793125688,-0.029133142248213062,-0.006695520524734988,0.0,-0.07370343917605071,-0.24376625771134108,-0.46944657707487236,-0.7313846519665996,-1.0188459909757164,-1.3252541768159967,-1.646286878530283,-1.978950554238156,-2.3210860577864416,-2.6710847346781152] False 59218.65603222185 59232.65603222185
100.0 115.25240587974294 132.83117061068992 2.3135683199604132e-11 1.1824051636613974e-11 1.6539574142052785e-11 5.445842343280394e-10 6.240173528646091e-08 0.2649991194766237 2.5670003742220263e-09 6.247809028860529e-10 6.545035723461023e-10 5.950582334260034e-10 3.668872964708192e-09 3.4097766466599115e-05 8.299037870555826e-06 8.693847568361123e-06 7.904228172750528e-06 4.8734069072410204e-05 155.20353499884166 37.774908683864645 39.57197245375204 35.97784491397725 221.8239075079859 26.91572616047165 -761.753991911558 [0.0,74.6217076448976,84.69443606414059,94.76716448338362,104.83989290262664,114.91262132186968,124.9853497411127,135.05807816035573,145.13080657959864,155.20353499884166,164.84753952995646,174.49154406107124,184.1355485921862,193.7795531233009,203.42355765441565,213.06756218553042,222.71156671664528,232.3555712477601,241.99957577887486,251.6435803099896] [-13.457863080235825,-2.7120931817851215,-2.013221580007098,-1.4353014372447888,-0.9676140529047643,-0.6009719359166183,-0.32742408854801397,-0.14003106313532498,-0.032690517186551915,0.0,-0.03420241752496622,-0.1286310915248805,-0.27985999455029287,-0.4847793314570481,-0.7405554921818975,-1.044597366403309,-1.3945278187450185,-1.7881593834982823,-2.2234734350045073,-2.698602240691571] False 59232.65603222185 59246.65603222185
132.83117061068992 153.091119887046 176.4411988580621 1.1612327113683768e-11 5.949861662187273e-12 8.31214412185478e-12 3.635116895844462e-10 5.5331954773531896e-08 0.23803965837245977 1.4523137505245277e-09 3.18458121485663e-10 3.362437506901945e-10 3.006724922811314e-10 2.024324491083607e-09 3.4037719051808756e-05 7.463668277588695e-06 7.88050813041309e-06 7.046828424764299e-06 4.744387242241142e-05 174.7219164193772 38.31239170268404 40.45210787504545 36.17267553032262 243.53818478208686 38.645554459226105 -706.5807282747727 [0.0,93.34215594667904,103.51462600576633,113.68709606485365,123.85956612394087,134.0320361830281,144.20450624211531,154.3769763012026,164.54944636028986,174.7219164193772,184.70947706355093,194.69703770772483,204.6845983518987,214.67215899607257,224.65971964024632,234.6472802844202,244.6348409285941,254.6224015727679,264.6099622169418,274.5975228611155] [-19.322777229613052,-2.7128855262345724,-2.011512597571482,-1.4334116367024308,-0.9667913237019548,-0.6016401684893253,-0.3293680554883167,-0.14253627124219292,-0.03465055841274989,0.0,-0.03233923019899976,-0.1261378078161215,-0.27757259434588377,-0.48319914481669457,-0.7399009209340193,-1.0448469860508567,-1.3954565044999754,-1.7893687477775302,-2.2244175937593127,-2.6986097193761225] False 59232.65603222185 59246.65603222185
176.4411988580621 203.35272664697808 234.36890988269914 5.858189687972299e-12 3.0092249587245833e-12 4.198643902736831e-12 2.4388167348549615e-10 4.9313159619950476e-08 0.19746618831754942 1.1163276650116091e-09 1.8832551859516345e-10 1.9864565238983063e-10 1.7800538480049627e-10 1.4538424889901857e-09 4.6162751593352465e-05 7.78769926257037e-06 8.214460855698519e-06 7.360937669442218e-06 6.0119776458659445e-05 265.8781480096336 44.85389162734328 47.311859969916966 42.39592328476959 346.26477564399244 85.62390059463087 -634.9900445361209 [0.0,170.03364020493893,182.0142036805258,193.9947671561126,205.97533063169934,217.95589410728635,229.93645758287312,241.91702105846005,253.8975845340468,265.8781480096336,277.5289452252929,289.17974244095205,300.83053965661145,312.48133687227045,324.13213408792967,335.78293130358884,347.433728519248,359.0845257349074,370.73532295056646,382.38612016622557] [-42.811950297315434,-2.707020782857967,-2.0129363755127088,-1.4380605283866998,-0.9721413425349965,-0.606261957378365,-0.3326124824393446,-0.1443094007089485,-0.035250931887048864,0.0,-0.03187823230950926,-0.12491972507973514,-0.275474658914618,-0.48022684601426135,-0.7361532544014153,-1.0404895819498279,-1.390700815460832,-1.7844559240896842,-2.2196060023775317,-2.6941653078941954] False 59232.65603222185 59246.65603222185
234.36890988269914 270.1158072739371 311.3149665447022 2.9703993086758474e-12 1.52971201750407e-12 2.131632125688492e-12 1.6445512798314167e-10 4.4173022473116084e-08 0.15571174005328625 3.124982026262097e-10 8.547923800682844e-11 9.154425409882061e-11 7.941422191483626e-11 4.707879505713762e-10 2.2800665527541997e-05 6.236783120554776e-06 6.679302156410104e-06 5.794264084699447e-06 3.434988907188877e-05 146.6004376929141 40.10037049860076 42.94561570714407 37.25512529005745 220.85797305166682 30.406048490705757 -453.40088343010854 [0.0,65.60231662837137,75.72708176143914,85.85184689450699,95.97661202757486,106.10137716064273,116.22614229371045,126.3509074267784,136.47567255984623,146.6004376929141,157.49958532115076,168.39873294938764,179.29788057762437,190.19702820586127,201.096175834098,211.99532346233474,222.89447109057153,233.79361871880832,244.69276634704514,255.5919139752819] [-15.203024245352879,-2.7010208187868443,-1.963682478807641,-1.3747341705994813,-0.9121500040308206,-0.5587972346411902,-0.30103981941311986,-0.12781643724059677,-0.030009483458115938,0.0,-0.03610662698559963,-0.13649646807238014,-0.2953433606950284,-0.5076315395531878,-0.7690072697711798,-1.0756635938924433,-1.4242495878959858,-1.8117980462553192,-2.235667222349548,-2.6934934267963513] False 59232.65603222185 59246.65603222185
311.3149665447022 358.7979888064861 413.52331434760555 1.5138173439226887e-12 7.815773016771608e-13 1.0877340092574006e-12 1.1146105313379483e-10 3.9770300522354466e-08 0.120134330252879 2.276934463483055e-10 5.4826783598699676e-11 5.835614937848246e-11 5.12974178189169e-11 3.2861982694412497e-10 2.9312342774005228e-05 7.05818063635828e-06 7.5125370579901185e-06 6.603824214726442e-06 4.230520098055583e-05 209.32824055372922 50.404587088464844 53.6492827123447 47.15989146458499 302.11414201204826 51.43286225712325 -391.9798558430156 [0.0,107.78621586486854,120.47896895097611,133.17172203708373,145.86447512319137,158.55722820929893,171.2499812954065,183.94273438151404,196.6354874676216,209.32824055372922,223.01152706665647,236.69481357958378,250.37810009251118,264.0613866054385,277.74467311836594,291.4279596312932,305.1112461442206,318.7945326571479,332.4778191700754,346.1611056830027] [-25.716431128561624,-2.7029572868156606,-1.9710716930901526,-1.384004397886713,-0.9212643922291477,-0.5666383487687199,-0.3070505756211901,-0.1317838594634395,-0.03193116124475637,0.0,-0.03435692774405652,-0.13344904629968823,-0.2914441321365189,-0.5033062570669244,-0.7646535435694659,-1.0716467681071435,-1.42090104677294,-1.8094150405584628,-2.234513630893389,-2.6938010743893983] False 59232.65603222185 59246.65603222185
413.52331434760555 476.5900816815941 549.2752115212968 7.75424455476028e-13 4.013883137483985e-13 5.578945371867282e-13 7.59237085692983e-11 3.598608205124163e-08 0.09180977830641279 1.0305128680587182e-10 2.9078338775799298e-11 3.121816654398024e-11 2.693851100761836e-11 1.5766138298249436e-10 2.3406874101544983e-05 6.604798793918851e-06 7.0908352202582385e-06 6.118762367579464e-06 3.58109079132473e-05 184.71463679412292 52.12156928876099 55.957111000589464 48.28602757693251 282.60069327354756 39.862444860085134 -285.3305908169852 [0.0,83.52642737256629,96.17495355026085,108.82347972795544,121.47200590564998,134.12053208334459,146.76905826103922,159.41758443873388,172.06611061642843,184.71463679412292,199.27225478919752,213.82987278427194,228.3874907793465,242.94510877442087,257.50272676949555,272.06034476457,286.6179627596446,301.17558075471885,315.7331987497934,330.2908167448681] [-19.931222430042567,-2.700141089566273,-1.9430434879992617,-1.3487942072840156,-0.888859564506788,-0.5418422974233863,-0.2912457040528693,-0.12405912043436729,-0.029824693534010294,0.0,-0.036259653525121394,-0.13956723593531706,-0.3025241512753496,-0.5189333570188523,-0.7835485998103309,-1.09188641019432,-1.4400827917605739,-1.8247823562489884,-2.243051418693142,-2.6923090592376866] False 59232.65603222185 59246.65603222185
549.2752115212968 633.0528961793416 729.6086933380817 3.9924157796068694e-13 2.0717691977176546e-13 2.8759979201437907e-13 5.198885400828968e-11 3.273316851248919e-08 0.06884979962756232 5.814106014406096e-11 1.753901250062825e-11 1.934385975706435e-11 1.5734165244192147e-11 9.138959571034356e-11 2.330037691771239e-05 7.028863956324888e-06 7.752167268126573e-06 6.305560644523202e-06 3.66249260184134e-05 202.15960427799644 60.9840931308857 67.25964445793903 54.708541803832354 317.7665570278798 47.916961021668726 -245.23830139095844 [0.0,88.39738928536912,102.61766615944752,116.83794303352597,131.05821990760435,145.27849678168272,159.49877365576125,173.71905052983965,187.93932740391804,202.15960427799644,219.4071667257065,236.65472917341623,253.9022916211262,271.14985406883613,288.397416516546,305.6449789642561,322.89254141196596,340.14010385967583,357.38766630738576,374.63522875509574] [-23.958480510834363,-2.6952462478195116,-1.9175490400820934,-1.3185706324596254,-0.8620194179559633,-0.5218877617431872,-0.2788621362351762,-0.11818288999273818,-0.02830115875036654,0.0,-0.037668144418489646,-0.1441944162420441,-0.31088982162324896,-0.5306555522088274,-0.7976126938422112,-1.1068345235545678,-1.4541489293459904,-1.8359899093910315,-2.2492841466015534,-2.6913631193900756] False 59232.65603222185 59246.65603222185
729.6086933380817 840.8915725798939 969.1477682383326 2.0659315831524526e-13 1.074793822489416e-13 1.4901176139010108e-13 3.5777351919809436e-11 2.992347549854239e-08 0.05110604298843646 1.8154733920477207e-11 8.82236798350194e-12 9.737770680974304e-12 7.906965286029575e-12 3.59617881573772e-11 1.2837187607287675e-05 6.2382843747987965e-06 6.8855643743374e-06 5.591004375260193e-06 2.5428531384262372e-05 121.83423476855326 59.205849935601215 65.3490072872945 53.06269258390793 241.3352330171581 15.00588433104167 -156.9552725911838 [0.0,23.473251369898165,35.768374294730044,48.06349721956192,60.358620144393804,72.65374306922571,84.94886599405761,97.24398891888946,109.5391118437213,121.83423476855326,140.0156236171029,158.19701246565256,176.37840131420214,194.55979016275194,212.74117901130143,230.9225678598511,249.1039567084008,267.2853455569504,285.4667344055001,303.6481232540498] [-7.502942165520835,-2.705372063798791,-1.7986726211148039,-1.1840046627970366,-0.7514089243543935,-0.44599918766357405,-0.23576997141390166,-0.10014233302854336,-0.02496179519926045,0.0,-0.03927076800553664,-0.15361765924146198,-0.32990879087631697,-0.5583567703031349,-0.8314389174525445,-1.1432283470812195,-1.4889594893707283,-1.864734757036274,-2.267320025820254,-2.693998102724265] False 59232.65603222185 59246.65603222185
