data/PKS0346-27_allsed_14d_min11.ecsv
# %ECSV 1.0
# ---
# datatype:
# - {name: e_min, unit: MeV, datatype: float64}
# - {name: e_ref, unit: MeV, datatype: float64}
# - {name: e_max, unit: MeV, datatype: float64}
# - {name: ref_dnde_e_min, unit: ph / (MeV s cm2), datatype: float64}
# - {name: ref_dnde_e_max, unit: ph / (MeV s cm2), datatype: float64}
# - {name: ref_dnde, unit: ph / (MeV s cm2), datatype: float64}
# - {name: ref_flux, unit: ph / (s cm2), datatype: float64}
# - {name: ref_eflux, unit: MeV / (s cm2), datatype: float64}
# - {name: ref_npred, datatype: float64}
# - {name: dnde, unit: ph / (MeV s cm2), datatype: float64}
# - {name: dnde_err, unit: ph / (MeV s cm2), datatype: float64}
# - {name: dnde_errp, unit: ph / (MeV s cm2), datatype: float64}
# - {name: dnde_errn, unit: ph / (MeV s cm2), datatype: float64}
# - {name: dnde_ul, unit: ph / (MeV s cm2), datatype: float64}
# - {name: e2dnde, unit: MeV / (s cm2), datatype: float64}
# - {name: e2dnde_err, unit: MeV / (s cm2), datatype: float64}
# - {name: e2dnde_errp, unit: MeV / (s cm2), datatype: float64}
# - {name: e2dnde_errn, unit: MeV / (s cm2), datatype: float64}
# - {name: e2dnde_ul, unit: MeV / (s cm2), datatype: float64}
# - {name: norm, datatype: float64}
# - {name: norm_err, datatype: float64}
# - {name: norm_errp, datatype: float64}
# - {name: norm_errn, datatype: float64}
# - {name: norm_ul, datatype: float64}
# - {name: ts, datatype: float64}
# - {name: loglike, datatype: float64}
# - {name: norm_scan, datatype: string, subtype: 'float64[20]'}
# - {name: dloglike_scan, datatype: string, subtype: 'float64[20]'}
# - {name: ShowUL, datatype: bool}
# - {name: tstart, datatype: float64}
# - {name: tend, datatype: float64}
# meta: !!omap
# - {UL_CONF: 0.95}
# - {EXTNAME: SED}
# - {CONFIG: '{"bin_index": 2.0, "use_local_index": true, "free_background": false, "free_radius": null, "free_pars": [], "ul_confidence":
#     0.95, "cov_scale": 3.0, "make_plots": false, "write_fits": true, "write_npy": true, "optimizer": {"optimizer": "MINUIT", "tol":
#     0.001, "max_iter": 100, "init_lambda": 0.0001, "retries": 3, "min_fit_quality": 2, "verbosity": 0}, "prefix": "", "outfile": null,
#     "loge_bins": []}'}
# - {SRCNAME: 4FGL J0348.6-2749}
# - {CREATOR: fermipy 1.2.0}
# - {STVER: 2.2.0}
# schema: astropy-2.0
e_min e_ref e_max ref_dnde_e_min ref_dnde_e_max ref_dnde ref_flux ref_eflux ref_npred dnde dnde_err dnde_errp dnde_errn dnde_ul e2dnde e2dnde_err e2dnde_errp e2dnde_errn e2dnde_ul norm norm_err norm_errp norm_errn norm_ul ts loglike norm_scan dloglike_scan ShowUL tstart tend
[from data line 1775]
9392.473966813408 10825.05221838098 12476.13311942254 2.130976012718347e-16 9.771821450608694e-17 1.443035589021061e-16 4.480484992265521e-13 4.809808308484317e-09 0.0010399336259911962 1.3662078364920415e-13 1.393659044186486e-13 1.748254405024159e-13 1.0390636833488129e-13 5.040343747451702e-13 1.6009463269990287e-05 1.6331141340897506e-05 2.0486352029496675e-05 1.2175930652298333e-05 5.906363288044519e-05 946.7596273345283 965.7828641162818 1211.5116344498163 720.0540937827471 3492.875564400331 9.102927757984329 -6.0129129562196155 [0.0,105.1955141482809,210.3910282965618,315.58654244484273,420.7820565931236,525.9775707414044,631.1730848896855,736.3685990379662,841.5641131862473,946.7596273345283,1362.755958956332,1778.7522905781357,2194.748622199939,2610.7449538217434,3026.7412854435474,3442.7376170653515,3858.7339486871524,4274.730280308955,4690.7266119307615,5106.722943552567] [-4.551463878992164,-1.2910037028662495,-0.7245997514239839,-0.4343808084508316,-0.2590328776629933,-0.14705250396933067,-0.07530691972623149,-0.03139603089524989,-0.00789403681160561,0.0,-0.06959354751607094,-0.2364405429843215,-0.45929227689008556,-0.7186043740134611,-1.0035589895183854,-1.3075365612093348,-1.626190185909448,-1.9565112994340126,-2.2963310546654636,-2.6440342529493055] False 59778.65603222185 59792.65603222185
12476.13311942254 14379.0435808939 16572.19366947696 8.389337081815739e-17 3.781571046508898e-17 5.632483840012135e-17 2.324662385358695e-13 3.3135039113075054e-09 0.0005389096667869353 1.0337767304267488e-13 1.0499308164787294e-13 1.3168536579790722e-13 7.830079749783866e-14 3.7977853682565563e-13 2.1374046618393105e-05 2.1708043484631365e-05 2.722685725729883e-05 1.61892297119639e-05 7.852183079634397e-05 1835.3833935270052 1864.0636108357965 2337.9626029716846 1390.1646186999085 6742.647606510263 9.586372831516826 -5.746134608029303 [0.0,203.93148816966718,407.86297633933435,611.7944645090017,815.7259526786687,1019.6574408483365,1223.5889290180035,1427.5204171876708,1631.4519053573374,1835.3833935270052,2638.1554708747462,3440.9275482224875,4243.699625570229,5046.471702917967,5849.243780265708,6652.015857613452,7454.787934961189,8257.560012308933,9060.332089656673,9863.104167004416] [-4.793186415758413,-1.2936652126770918,-0.7240448440198959,-0.4330640153154679,-0.25758231050603264,-0.1457217827766275,-0.07422352126970999,-0.030633045464164788,-0.007497254073163262,0.0,-0.07073320074900202,-0.23819452390472584,-0.46143322536125453,-0.7210133837939905,-1.0061660928248148,-1.310297112983652,-1.6290739595778518,-1.9594968815797245,-2.2994027223231956,-2.6471801214151096] False 59778.65603222185 59792.65603222185
100.0 115.25240587974294 132.83117061068992 4.353045191176338e-12 2.7335686004817402e-12 3.4495431075836194e-12 1.1302785454903919e-10 1.3014595231230043e-08 0.06898890571735597 1.609368815827406e-09 5.081311032876328e-10 5.313147589705941e-10 4.849474476046717e-10 2.4926631872479903e-09 2.1377434375069438e-05 6.749564927339771e-06 7.057516139680063e-06 6.441613714999481e-06 3.311033691003242e-05 466.54550055898795 147.30388559880183 154.02467584838396 140.58309534921972 722.6067654490288 13.744162892266104 -881.8745724284165 [0.0,149.59647645011503,189.21510446372412,228.83373247733326,268.45236049094234,308.07098850455134,347.68961651816056,387.3082445317697,426.9268725453786,466.54550055898795,503.8907531099072,541.2360056608263,578.5812582117455,615.9265107626649,653.2717633135841,690.6170158645035,727.9622684154228,765.3075209663422,802.6527735172608,839.9980260681804] [-6.872081446133052,-2.7093137046279026,-1.99626846645333,-1.411120583562024,-0.9412256920542177,-0.5760026123834905,-0.3064759974457729,-0.12494397188629591,-0.024730937653203,0.0,-0.04117110815400338,-0.14100251562740596,-0.2960511971816686,-0.5032093777281261,-0.7596593010110837,-1.062835698445042,-1.4103943938882821,-1.8001858456707396,-2.2302326969498836,-2.6987106070646405] False 60086.65603222185 60100.65603222185
132.83117061068992 153.091119887046 176.4411988580621 3.1173141545156033e-12 1.9217359651412062e-12 2.4475814032175508e-12 1.0655858408610292e-10 1.6290853499429578e-08 0.08479461053915607 7.378007961479846e-10 2.3799815450545695e-10 2.5024753753592195e-10 2.25748771474992e-10 1.165052985236527e-09 1.7291756830379052e-05 5.57793680255381e-06 5.8650242573123815e-06 5.290849347795239e-06 2.7305219810546894e-05 301.44075910124303 97.23809561250484 102.2427843286236 92.23340689638609 476.00173122126483 14.948064201938905 -668.2822650870837 [0.0,101.31414192670894,126.3299690735258,151.34579622034252,176.36162336715927,201.3774505139761,226.39327766079293,251.40910480760962,276.4249319544265,301.44075910124303,326.9568342469849,352.47290939272654,377.98898453846795,403.50505968420987,429.02113482995117,454.53720997569303,480.05328512143456,505.5693602671761,531.0854354129177,556.6015105586592] [-7.474032100969453,-2.70896149839416,-1.9939348285729466,-1.4118034274704314,-0.946869118217819,-0.5863443520609053,-0.3196416802073827,-0.13787288540493137,-0.0334865740225041,0.0,-0.03306360084491189,-0.12885052946342057,-0.282797665913904,-0.49087337018261223,-0.7494939381931545,-1.0554563158386827,-1.4058833491386622,-1.7981788180225067,-2.229990190007129,-2.699177526919243] False 60086.65603222185 60100.65603222185
176.4411988580621 203.35272664697808 234.36890988269914 2.1513974889693378e-12 1.3019974958829428e-12 1.6736529339402847e-12 9.681806963056711e-11 1.9652692197034556e-08 0.0933203254658031 7.782061981056301e-10 1.5471166519833054e-10 1.6335587592913114e-10 1.4606745446753e-10 1.0546493298338343e-09 3.2180640628648986e-05 6.397688056105082e-06 6.755146323237062e-06 6.040229788973103e-06 4.361220863473686e-05 464.97465652780073 92.43951482467308 97.60439133849695 87.27463831084923 630.1481677870161 54.78576321467676 -703.0783002419446 [0.0,267.756071127661,292.4083943026784,317.06071747769585,341.71304065271346,366.36536382773085,391.0176870027484,415.670010177766,440.3223333527835,464.97465652780073,489.02956402962633,513.0844715314523,537.1393790332779,561.194286535103,585.2491940369288,609.3041015387544,633.3590090405797,657.4139165424053,681.468824044231,705.5237315460568] [-27.39288160733838,-2.6999482968814164,-1.993869004891394,-1.4139986898561574,-0.9478581394484991,-0.5848587807070089,-0.31592755564236086,-0.13322200756249458,-0.029910455824165183,0.0,-0.03650687721983559,-0.13349160579355157,-0.2870440825406604,-0.4936492415454268,-0.7501338109619837,-1.0536219108387286,-1.4014977667927724,-1.7913741978351254,-2.2210658251328823,-2.688566167792942] False 60086.65603222185 60100.65603222185
234.36890988269914 270.1158072739371 311.3149665447022 1.4309136723741211e-12 8.501181139125549e-13 1.1029259414531776e-12 8.477921950362581e-11 2.2848900655274855e-08 0.09438897225013909 4.369644528539418e-10 8.832637483422472e-11 9.373720254386226e-11 8.291554712458718e-11 5.971711069411629e-10 3.188204045085443e-05 6.444517481799276e-06 6.839305265529889e-06 6.049729698068661e-06 4.357112635416957e-05 396.1865764787547 80.0836860522556 84.98957094105278 75.17780116345843 541.442615951485 59.31033238986561 -536.4976898373922 [0.0,228.4009523474463,249.37415536385993,270.34735838027336,291.32056139668714,312.2937644131005,333.2669674295142,354.2401704459277,375.2133734623413,396.1865764787547,417.31098495733613,438.4353934359173,459.55980191449873,480.68421039308015,501.80861887166145,522.9330273502427,544.0574358288244,565.1818443074055,586.3062527859868,607.4306612645682] [-29.655166194932804,-2.6955115123943187,-1.9897667041329896,-1.4118593483002542,-0.9482537468280725,-0.5875748566787706,-0.3201590385677946,-0.13771770601920252,-0.033081088077096865,0.0,-0.033455992610129215,-0.12899444917877645,-0.28222725499756507,-0.4892409403058764,-0.7465287322902441,-1.0509345455016046,-1.3996064515763464,-1.7899577450908737,-2.2196341482533626,-2.6864860157465955] False 60086.65603222185 60100.65603222185
311.3149665447022 358.7979888064861 413.52331434760555 9.1718913099661e-13 5.349350827541158e-13 7.004545978797243e-13 7.154633966277907e-11 2.5601983364837695e-08 0.09004517872516693 1.755388134363078e-10 4.515329126757549e-11 4.820657660601575e-11 4.210000592913524e-11 2.5926889724154186e-10 2.2598164119823386e-05 5.81285395884878e-06 6.2059216903209356e-06 5.419786227376626e-06 3.337723991825807e-05 250.60698290462182 64.46283799728702 68.82184334564586 60.1038326489282 370.14375810559125 40.836364634039455 -452.21105651157075 [0.0,121.5957438082802,137.7221486953229,153.84855358236558,169.97495846940822,186.10136335645095,202.22776824349364,218.35417313053642,234.48057801757915,250.60698290462182,268.2682793214206,285.9295757382192,303.59087215501813,321.2521685718168,338.9134649886156,356.5747614054144,374.2360578222132,391.8973542390119,409.55865065581077,427.21994707260956] [-20.418182317019728,-2.704458061373998,-1.9680865485922254,-1.3796902941305689,-0.9173573426049302,-0.5639350376737866,-0.30571285568044004,-0.13153783954692244,-0.03220101906765649,0.0,-0.034074785232121485,-0.1336145068503356,-0.29244314723769094,-0.5052604559469387,-0.767480099749605,-1.0751040557145188,-1.4246238376528026,-1.8129418967866968,-2.237308401454527,-2.6952698883339394] False 60086.65603222185 60100.65603222185
413.52331434760555 476.5900816815941 549.2752115212968 5.665732210452434e-13 3.2441022755968855e-13 4.2872152683124443e-13 5.818606020355468e-11 2.7644625149220484e-08 0.08167743726619459 7.864006369414778e-11 2.5860292180957277e-11 2.7891067799587508e-11 2.382951656232705e-11 1.2779082330320093e-10 1.7862155119847685e-05 5.873857785484197e-06 6.3351243131240684e-06 5.412591257844327e-06 2.9026165563809037e-05 183.42923966377478 60.31955608129876 65.05637355263043 55.58273860996709 298.07419339944323 26.792472589494764 -348.3376173419074 [0.0,68.98268967405397,83.28850842276907,97.5943271714842,111.90014592019931,126.20596466891439,140.51178341762952,154.8176021663446,169.12342091505963,183.42923966377478,200.4869801194551,217.54472057513547,234.60246103081593,251.66020148649625,268.71794194217654,285.77568239785694,302.83342285353723,319.89116330921763,336.94890376489786,354.00664422057844] [-13.396236294747382,-2.6976518942624352,-1.925114883162621,-1.3289436534747665,-0.8729256129309988,-0.5316256671007409,-0.2863795772192361,-0.12301960236845844,-0.03049640658480257,0.0,-0.03484446924107942,-0.13790924397261506,-0.3012149099832868,-0.5181960676903259,-0.7833760914975301,-1.0921318545545091,-1.440519803672089,-1.825144933093327,-2.243060419930316,-2.6916896026746144] False 60086.65603222185 60100.65603222185
549.2752115212968 633.0528961793416 729.6086933380817 3.3730813961032665e-13 1.8959301976326558e-13 2.5288588094128714e-13 4.5612898588450766e-11 2.877296349059938e-08 0.06983974275717364 9.614749999860707e-11 2.099725949541737e-11 2.2291923902427365e-11 1.970259508840738e-11 1.3461924684575644e-10 3.853168456358355e-05 8.414777083011548e-06 8.93362157244009e-06 7.895932593583008e-06 5.39494667643259e-05 380.2011391095803 83.03057259370021 88.15013246074783 77.91101272665261 532.3320002867664 92.76273022437067 -358.6456315552793 [0.0,213.56669680917062,234.39600209672196,255.22530738427315,276.0546126718243,296.88391795937537,317.7132232469266,338.54252853447787,359.3718338220291,380.2011391095803,402.6158873131346,425.03063551668896,447.4453837202432,469.8601319237973,492.27488012735154,514.689628330906,537.1043765344601,559.5191247380143,581.9338729415686,604.3486211451226] [-46.381365112185335,-2.7044734554670526,-1.9747935623800572,-1.388105582437447,-0.9248364310974466,-0.5693147975739521,-0.3087819824643816,-0.13270022909682666,-0.03225671778511696,0.0,-0.03419064423871987,-0.1331964271765287,-0.2911820061390813,-0.5030946790982398,-0.764527853157972,-1.071613356869932,-1.420935532063254,-1.8094619890850367,-2.2344872649244962,-2.6935865824740404] False 60086.65603222185 60100.65603222185
729.6086933380817 840.8915725798939 969.1477682383326 1.9352258627220285e-13 1.0678334646597649e-13 1.437532238904454e-13 3.4457358111890766e-11 2.885953528943399e-08 0.05672179041036429 4.185569895056515e-11 1.1477813102973751e-11 1.2620187262340086e-11 1.0335438943607416e-11 6.338667480516621e-11 2.9596107671757892e-05 8.115945998969825e-06 8.923717209814302e-06 7.308174788125346e-06 4.482063134829271e-05 291.1635497125507 79.84386570502944 87.7906381561081 71.89709325395077 440.9408922437338 61.818095073807285 -272.6636216800282 [0.0,138.91300075472137,157.94431937445017,176.97563799417878,196.00695661390742,215.0382752336361,234.06959385336478,253.1009124730935,272.1322310928221,291.1635497125507,313.4059188674559,335.64828802236065,357.8906571772656,380.1330263321707,402.3753954870755,424.6177646419805,446.8601337968857,469.10250295179037,491.34487210669533,513.5872412616003] [-30.909047536903643,-2.6990378247616604,-1.9377111814035857,-1.3424355850077632,-0.8832209586032036,-0.5377203768163099,-0.28880626773462836,-0.12304357382197395,-0.02968710962602472,0.0,-0.03641775391901092,-0.14052706489297861,-0.3045358114195551,-0.5219583298997463,-0.787335400659515,-1.096025950083515,-1.4440494013545049,-1.8279645133201257,-2.244774975384871,-2.691854935729566] False 60086.65603222185 60100.65603222185
969.1477682383326 1116.9661194245136 1287.3303254983532 1.0700133287236873e-13 5.796120426526528e-14 7.87523086091512e-14 2.5086568966890165e-11 2.7897103768171633e-08 0.04367646463350261 1.367898733281302e-11 5.251644754063575e-12 5.769248123114322e-12 4.734041385012828e-12 2.4165969761719563e-11 1.706608669030703e-05 6.552021904761435e-06 7.197790758295308e-06 5.906253051227562e-06 3.0149785570715377e-05 173.69633442369317 66.68559749946583 73.25814601508611 60.113048983845545 306.860461471112 32.93455716846779 -180.61408968607157 [0.0,57.341603831977594,71.88594515594204,86.43028647990648,100.974627803871,115.51896912783538,130.06331045179988,144.6076517757643,159.1519930997287,173.69633442369317,194.0082582782847,214.32018213287617,234.6321059874676,254.9440298420592,275.2559536966505,295.56787755124196,315.87980140583346,336.1917252604249,356.5036491150166,376.81557296960796] [-16.467278584233895,-2.697707842456424,-1.8522640377256607,-1.238877323561951,-0.791941243617174,-0.47055801125668495,-0.2474282187595236,-0.1033821149476637,-0.024421313686048052,0.0,-0.042056906089271706,-0.1579639638601975,-0.3351858555872127,-0.5641557856861823,-0.8374023163370339,-1.1489763594393594,-1.4940621481279095,-1.8687054001463252,-2.2696186138116445,-2.694038582598182] False 60086.65603222185 60100.65603222185
