data/PKS0426-380_allsed_14d_min11.ecsv
# %ECSV 1.0
# ---
# datatype:
# - {name: e_min, unit: MeV, datatype: float64}
# - {name: e_ref, unit: MeV, datatype: float64}
# - {name: e_max, unit: MeV, datatype: float64}
# - {name: ref_dnde_e_min, unit: ph / (cm2 MeV s), datatype: float64}
# - {name: ref_dnde_e_max, unit: ph / (cm2 MeV s), datatype: float64}
# - {name: ref_dnde, unit: ph / (cm2 MeV s), datatype: float64}
# - {name: ref_flux, unit: ph / (cm2 s), datatype: float64}
# - {name: ref_eflux, unit: MeV / (cm2 s), datatype: float64}
# - {name: ref_npred, datatype: float64}
# - {name: dnde, unit: ph / (cm2 MeV s), datatype: float64}
# - {name: dnde_err, unit: ph / (cm2 MeV s), datatype: float64}
# - {name: dnde_errp, unit: ph / (cm2 MeV s), datatype: float64}
# - {name: dnde_errn, unit: ph / (cm2 MeV s), datatype: float64}
# - {name: dnde_ul, unit: ph / (cm2 MeV s), datatype: float64}
# - {name: e2dnde, unit: MeV / (cm2 s), datatype: float64}
# - {name: e2dnde_err, unit: MeV / (cm2 s), datatype: float64}
# - {name: e2dnde_errp, unit: MeV / (cm2 s), datatype: float64}
# - {name: e2dnde_errn, unit: MeV / (cm2 s), datatype: float64}
# - {name: e2dnde_ul, unit: MeV / (cm2 s), datatype: float64}
# - {name: norm, datatype: float64}
# - {name: norm_err, datatype: float64}
# - {name: norm_errp, datatype: float64}
# - {name: norm_errn, datatype: float64}
# - {name: norm_ul, datatype: float64}
# - {name: ts, datatype: float64}
# - {name: loglike, datatype: float64}
# - {name: norm_scan, datatype: string, subtype: 'float64[20]'}
# - {name: dloglike_scan, datatype: string, subtype: 'float64[20]'}
# - {name: ShowUL, datatype: bool}
# - {name: tstart, datatype: float64}
# - {name: tend, datatype: float64}
# meta: !!omap
# - {UL_CONF: 0.95}
# - {EXTNAME: SED}
# - {CONFIG: '{"bin_index": 2.0, "use_local_index": true, "free_background": false, "free_radius": null, "free_pars": [], "ul_confidence":
#     0.95, "cov_scale": 3.0, "make_plots": false, "write_fits": true, "write_npy": true, "optimizer": {"optimizer": "MINUIT", "tol":
#     0.001, "max_iter": 100, "init_lambda": 0.0001, "retries": 3, "min_fit_quality": 2, "verbosity": 0}, "prefix": "", "outfile": null,
#     "loge_bins": []}'}
# - {SRCNAME: 4FGL J0428.6-3756}
# - {CREATOR: fermipy 1.2.0}
# - {STVER: 2.2.0}
# schema: astropy-2.0
e_min e_ref e_max ref_dnde_e_min ref_dnde_e_max ref_dnde ref_flux ref_eflux ref_npred dnde dnde_err dnde_errp dnde_errn dnde_ul e2dnde e2dnde_err e2dnde_errp e2dnde_errn e2dnde_ul norm norm_err norm_errp norm_errn norm_ul ts loglike norm_scan dloglike_scan ShowUL tstart tend
[from data line 991]
549.2752115212968 633.0528961793416 729.6086933380817 3.113529928452142e-13 1.817716097801728e-13 2.378973196976988e-13 4.2872404346054293e-11 2.7068501635179047e-08 0.0419870394828577 3.72162294716536e-11 1.9183136994870698e-11 2.106716788205673e-11 1.7299106107684675e-11 7.540130395434159e-11 1.49146261178759e-05 7.68775666176527e-06 8.44279328626567e-06 6.932720037264871e-06 3.0217522657309507e-05 156.43820417541923 80.63620480990336 88.55571768873742 72.71669193106932 316.9489427209841 9.718301615073074 -240.10030584751058 [0.0,21.21276739760276,38.115946994829805,55.019126592056885,71.92230618928393,88.82548578651101,105.72866538373805,122.63184498096516,139.53502457819224,156.43820417541923,180.8739890033863,205.30977383135323,229.74555865932027,254.1813434872873,278.6171283152543,303.0529131432214,327.4886979711883,351.92448279915544,376.3602676271222,400.79605245508947] [-4.859150807536537,-2.697160978454974,-1.782723616236126,-1.1674499516255707,-0.7363232709461158,-0.43320472483190997,-0.22570968538758507,-0.09313968113957571,-0.02131093348128843,0.0,-0.04335669752251192,-0.15950673436901752,-0.3361272981601928,-0.5639943698226659,-0.835991780556526,-1.1464938143191148,-1.4909624307700824,-1.8656744142006403,-2.267530632349292,-2.693919091177065] False 56362.65603222185 56376.65603222185
729.6086933380817 840.8915725798939 969.1477682383326 1.842018676053323e-13 1.0626064485099274e-13 1.3990500074872182e-13 3.349917271440132e-11 2.8086502465627794e-08 0.03558110292729144 2.318150759673936e-11 1.1521581671901122e-11 1.2793916288231807e-11 1.024924705557044e-11 4.6815216541558014e-11 1.6391612421455165e-05 8.146894694394625e-06 9.046560767201164e-06 7.247228621588088e-06 3.3102975799712553e-05 165.6946318764888 82.35289382253467 91.44716929175738 73.25861835331199 334.6214666453638 16.247925165396396 -191.52076143872122 [0.0,32.952104536210555,49.54492045374534,66.13773637128014,82.73055228881493,99.32336820634971,115.91618412388449,132.50900004141926,149.101815958954,165.6946318764888,191.52217087285973,217.34970986923065,243.17724886560163,269.0047878619724,294.83232685834315,320.6598658547142,346.48740485108493,372.31494384745594,398.1424828438269,423.9700218401979] [-8.123962582698198,-2.704385653755537,-1.7770993940526694,-1.1598117464223492,-0.7314737996904626,-0.4323255379249247,-0.22807153977385042,-0.09702034847984464,-0.02448374100177375,0.0,-0.03984393031447553,-0.15673874701306545,-0.3360281885135237,-0.5670738111080027,-0.8418776034162363,-1.1542552757474311,-1.4993136747289384,-1.8731062261111049,-2.2723976753152897,-2.694498649380506] False 56362.65603222185 56376.65603222185
969.1477682383326 1116.9661194245136 1287.3303254983532 1.0640103002341639e-13 6.064984000185468e-14 8.033184578330517e-14 2.5556789914028856e-11 2.8454247395723067e-08 0.028957512896233828 1.4105498278195273e-11 6.977651100895007e-12 8.008033741232744e-12 5.947268460557269e-12 2.8441469054262617e-11 1.7598207423455006e-05 8.705410399565154e-06 9.990929498044726e-06 7.419891301085581e-06 3.548395540329179e-05 175.59036694170837 86.86033580900398 99.68691324278025 74.0337583752277 354.04973926509007 14.165361815954839 -132.1551374218931 [0.0,35.0233153214238,52.594196773959354,70.16507822649491,87.7359596790305,105.30684113156603,122.87772258410165,140.4486040366372,158.01948548917278,175.59036694170837,202.87860430757547,230.1668416734425,257.45507903930957,284.74331640517653,312.0315537710437,339.31979113691074,366.60802850277776,393.8962658686447,421.1845032345117,448.4727406003788] [-7.082680907977419,-2.712053725510657,-1.8079401932494363,-1.188414893769334,-0.7522183686247388,-0.44532969216461993,-0.23507254058401372,-0.10001072809825473,-0.025252610334604242,0.0,-0.04053784876330724,-0.1593469289737186,-0.34096160000689224,-0.5741298677035047,-0.8504006921618554,-1.1632604364745873,-1.5075797625233633,-1.8792455442896312,-2.2749079414926427,-2.6918018128197048] False 56362.65603222185 56376.65603222185
1287.3303254983532 1483.6791717563765 1709.9759409858673 6.000790347766442e-14 3.37985205527398e-14 4.5035301253757264e-14 1.903682428656318e-11 2.8145731649299213e-08 0.022584336169319097 6.694486013751678e-12 4.024550376916975e-12 4.575785064432792e-12 3.473315689401158e-12 1.5417640139761304e-11 1.473659806816607e-05 8.859258378893028e-06 1.0072693437905017e-05 7.645823319881036e-06 3.393891113262006e-05 148.64974425352952 89.36434896349694 101.60440669975617 77.12429122723769 342.34566463514045 12.092622212251797 -79.8644011798965 [0.0,21.528946989895545,37.41904664784982,53.309146305804056,69.19924596375832,85.08934562171258,100.97944527966689,116.86954493762113,132.75964459557534,148.64974425352952,178.15324159065452,207.65673892777934,237.16023626490403,266.663733602029,296.1672309391538,325.6707282762785,355.1742256134034,384.6777229505282,414.18122028765293,443.6847176247777] [-6.0463111061258985,-2.5371151590485965,-1.5713710921897643,-0.9848668681393917,-0.601438531395516,-0.3453183659477048,-0.176762088570257,-0.07226874556579332,-0.01676624474713151,0.0,-0.04813065290062468,-0.17447045207848078,-0.3595820611085543,-0.5906073290508402,-0.8585841423969782,-1.157007145946082,-1.4809983719348736,-1.8268015294840012,-2.191459178231497,-2.5725986668371803] False 56362.65603222185 56376.65603222185
1709.9759409858673 1970.7884119509856 2271.3810595726877 3.3043184414148275e-14 1.838978026972341e-14 2.4650697774873125e-14 1.3845182198288531e-11 2.718278683529392e-08 0.016852526186177386 8.424204605895175e-12 3.714065935395219e-12 4.1293114519189325e-12 3.298820418871505e-12 1.6076506128224362e-11 3.271966936118861e-05 1.4425457960356835e-05 1.6038274438587203e-05 1.2812641482126468e-05 6.244126176974875e-05 341.7430485266876 150.6677810630184 167.51296412095928 133.8225980050775 652.1724567412213 36.641904791900146 -91.25623160128751 [0.0,97.93622694651089,128.412079644033,158.88793234155506,189.36378503907713,219.83963773659931,250.31549043412136,280.79134313164343,311.2671958291656,341.7430485266876,389.33816685288576,436.9332851790842,484.52840350528237,532.1235218314806,579.7186401576786,627.313758483877,674.9088768100752,722.5039951362737,770.0991134624713,817.69423178867] [-18.320952395950073,-2.6902378274887155,-1.8007621149202606,-1.18563476124379,-0.7512678949670288,-0.44534193363449504,-0.2355873816420342,-0.1006692525179318,-0.025730598728983978,0.0,-0.03973459568378246,-0.15800460070664712,-0.33925938726127924,-0.572227508958278,-0.8484675436967848,-1.161486556773852,-1.5061783000595312,-1.878451118511336,-2.2749733829187164,-2.69299443977485] False 56362.65603222185 56376.65603222185
2271.3810595726877 2617.821317854317 3017.1020504598932 1.7765038505093388e-14 9.769362132028427e-15 1.3173955155749037e-14 9.831478259538692e-12 2.5632526415111518e-08 0.01210127708671549 5.819216739113462e-12 2.5769053862735443e-12 2.8602093301708607e-12 2.293601442376228e-12 1.1114270539957973e-11 3.987902511406631e-05 1.7659502854576824e-05 1.960098151057139e-05 1.5718024198582253e-05 7.616596766509772e-05 441.7213107465293 195.6060542037748 217.11090529427543 174.10120311327412 843.6548028712373 41.773776755801066 -39.119538057156 [0.0,125.19097570543558,164.75726758557224,204.3235594657091,243.88985134584573,283.4561432259824,323.0224351061192,362.58872698625606,402.15501886639254,441.7213107465293,503.77605044334183,565.8307901401541,627.8855298369667,689.940269533779,751.9950092305914,814.0497489274035,876.104488624216,938.1592283210285,1000.2139680178409,1062.268707714653] [-20.886888377900533,-2.690720561222598,-1.7841509195985026,-1.1640871689379537,-0.7303147876893092,-0.4275813903662069,-0.2221529419600472,-0.09190428654728322,-0.0215307085680152,0.0,-0.045592066313027146,-0.16875549856395367,-0.35366523595623534,-0.5889311769051631,-0.8660767792775701,-1.1786196200627117,-1.5214887982370655,-1.8906410538627298,-2.2827993715028114,-2.695269926896948] False 56362.65603222185 56376.65603222185
3017.1020504598932 3477.2827010020824 4007.6519721450045 9.325266041263064e-15 5.0671842393528355e-15 6.8740701998205034e-15 6.816398041061997e-12 2.3599611023081676e-08 0.008407241172170399 2.4452546391090894e-12 1.4218744400936444e-12 1.6209137194793147e-12 1.2228351607079743e-12 5.587070991753461e-12 2.9566784200182934e-05 1.7192587658405093e-05 1.9599270106454825e-05 1.478590521035536e-05 6.755604086471053e-05 355.72151113221696 206.8460749980081 235.80115890024518 177.89099109577106 812.7747941677045 30.114972804925777 -28.347936208504567 [0.0,63.39722848216883,99.93776381342487,136.47829914468085,173.01883447593684,209.5593698071928,246.0999051384488,282.6404404697049,319.1809758009609,355.72151113221696,427.81763494388,499.91375875554394,572.0098825672076,644.1060063788711,716.2021301905347,788.2982540021983,860.3943778138618,932.4905016255252,1004.5866254371891,1076.682749248853] [-15.057486402462889,-2.6970045022107065,-1.6539303990108678,-1.0319741441493164,-0.6297004525282048,-0.36265563890675523,-0.18732187098877162,-0.07830561210439058,-0.019489306169550247,0.0,-0.0489930623734125,-0.18401724060098346,-0.38185529066768,-0.6275825746738484,-0.9110347156857763,-1.2249763306851484,-1.5640736157625312,-1.9242813207433258,-2.302458435985603,-2.696117268044784] False 56362.65603222185 56376.65603222185
4007.6519721450045 4618.915317184078 5323.411028602609 4.779331193613568e-15 2.566126140616464e-15 3.5020517858243457e-15 4.614312812457369e-12 2.1214571935308657e-08 0.005663105357431419 1.112414091620051e-12 8.822959704214919e-13 1.038462765261107e-12 7.261291755818768e-13 3.1787455814296913e-12 2.3732663509978967e-05 1.8823236364912475e-05 2.215495790752881e-05 1.549151482229614e-05 6.78165620484338e-05 317.64638550546186 251.93687140574616 296.529814169114 207.34392864237836 907.6809184537653 9.807912988697716 -30.87742462569034 [0.0,14.965039454096827,52.80020771051746,90.63537596693807,128.47054422335867,166.30571247977937,204.1408807361999,241.9760489926206,279.81121724904125,317.64638550546186,410.80691644348235,503.967447381503,597.1279783195235,690.288509257544,783.4490401955645,876.6095711335853,969.7701020716061,1062.9306330096267,1156.0911639476471,1249.2516948856673] [-4.903956494348858,-2.600581178328053,-1.3302686001413413,-0.7837393591606343,-0.46370504453389927,-0.26126720759315347,-0.13224540495925297,-0.05385249406554138,-0.012651070170559109,0.0,-0.05685993148010837,-0.2008508596528209,-0.4040645808057235,-0.6502286261571619,-0.9290019138827184,-1.2333949663970607,-1.5584587319534045,-1.9005588729673342,-2.2569469608167303,-2.6254936036897085] False 56362.65603222185 56376.65603222185
5323.411028602609 6135.359285332078 7071.149185711414 2.39157410145688e-15 1.268820319278222e-15 1.741975262450084e-15 3.0498261970373484e-12 1.8620000912420222e-08 0.003748062706722788 5.770599924592119e-13 5.697519146027053e-13 7.127010921990068e-13 4.268027370064037e-13 2.036169787323977e-12 2.172205783834227e-05 2.144696254156103e-05 2.6827946051537774e-05 1.6065979031584287e-05 7.664679317040469e-05 331.26761607830105 327.07233385240534 409.1338766754899 245.01079102932076 1168.885592818413 12.459019009803455 -31.92955380116961 [0.0,36.80751289758899,73.61502579517798,110.42253869276699,147.23005159035597,184.03756448794502,220.84507738553398,257.6525902831229,294.46010318071194,331.26761607830105,463.4004777874166,595.5333394965321,727.6662012056476,859.7990629147629,991.9319246238783,1124.064786332994,1256.1976480421094,1388.3305097512248,1520.463371460341,1652.5962331694554] [-6.229509504901728,-1.319232660597656,-0.7367574167533135,-0.44026166024627145,-0.2614840151241822,-0.14749511075222443,-0.07467326685382147,-0.0303997693276159,-0.007132459726616247,0.0,-0.06464022331851282,-0.21861091237984454,-0.42718961096502284,-0.6730555976245185,-0.9462550692608289,-1.240505259550396,-1.5515653487577765,-1.8764246898773962,-2.2128602403589497,-2.5591780099058212] False 56362.65603222185 56376.65603222185
9392.473966813408 10825.05221838098 12476.13311942254 5.574118791753e-16 2.887378663812729e-16 4.0118065343265395e-16 1.2401544940945366e-12 1.335135169133651e-08 0.001544573560358975 5.248656948209817e-13 3.7731626453815315e-13 4.3990667096854206e-13 3.1472585810776424e-13 1.401613370930893e-12 6.150468353695017e-05 4.421458226885737e-05 5.15490359737488e-05 3.688012856396595e-05 0.00016424351538094924 1308.3026071422723 940.5146068477928 1096.5301222891324 784.4990914064533 3493.7212423833425 16.584225656458806 -22.27600887733254 [0.0,120.16825036527499,268.6850449623995,417.20183955952416,565.718634156649,714.2354287537737,862.7522233508982,1011.2690179480236,1159.7858125451476,1308.3026071422723,1658.2437888546729,2008.184970567073,2358.126152279473,2708.0673339918744,3058.008515704273,3407.9496974166736,3757.8908791290746,4107.832060841475,4457.773242553877,4807.714424266275] [-8.292112828229403,-2.6645084790913636,-1.4669270894252229,-0.8706054261947784,-0.5143230274375519,-0.28862495721733694,-0.14526381683729994,-0.05863010717135353,-0.013480394951162822,0.0,-0.058675816061466435,-0.2058382496871367,-0.413309012214345,-0.6645635668497398,-0.9490751958901491,-1.2597221848119062,-1.5914605168781542,-1.9405863254687787,-2.304299144054351,-2.6804297754854787] False 56362.65603222185 56376.65603222185
132.83117061068992 153.091119887046 176.4411988580621 2.0589515368772686e-12 1.3455305628820487e-12 1.664446520727336e-12 7.240372961096089e-11 1.1084487259403395e-08 0.0597771788057038 1.274616156833182e-09 2.9069293288245217e-10 3.0505938788639337e-10 2.7632647787851086e-10 1.7894734957255362e-09 2.9873039919586808e-05 6.8129385790264875e-06 7.149643618841742e-06 6.476233539211232e-06 4.1939695245717645e-05 765.7897931597081 174.6484067000387 183.2797774440283 166.01703595604906 1075.116246416596 29.670288565435385 -844.4999240215548 [0.0,387.93059801936977,435.16299741191193,482.3953968044543,529.6277961969965,576.860195589539,624.0925949820817,671.3249943746235,718.5573937671661,765.7897931597081,810.5837802408765,855.3777673220459,900.1717544032141,944.9657414843828,989.7597285655512,1034.55371564672,1079.3477027278886,1124.1416898090574,1168.9356768902257,1213.7296639713943] [-14.835144282717692,-2.7137115489506414,-2.0213770138295786,-1.4460062843086234,-0.9782577680891791,-0.6099829333784328,-0.33401982596717517,-0.14403097429908485,-0.034374438335362356,0.0,-0.0328225692368278,-0.12575564235112324,-0.27559902972620876,-0.47942495298229915,-0.7345463590362442,-1.0384898666609388,-1.3889725369396047,-1.7838818217993548,-2.2212581707065056,-2.699279873874275] False 56376.65603222185 56390.65603222185
