data/PKS0426-380_allsed_14d_min11.ecsv
# %ECSV 1.0
# ---
# datatype:
# - {name: e_min, unit: MeV, datatype: float64}
# - {name: e_ref, unit: MeV, datatype: float64}
# - {name: e_max, unit: MeV, datatype: float64}
# - {name: ref_dnde_e_min, unit: ph / (cm2 MeV s), datatype: float64}
# - {name: ref_dnde_e_max, unit: ph / (cm2 MeV s), datatype: float64}
# - {name: ref_dnde, unit: ph / (cm2 MeV s), datatype: float64}
# - {name: ref_flux, unit: ph / (cm2 s), datatype: float64}
# - {name: ref_eflux, unit: MeV / (cm2 s), datatype: float64}
# - {name: ref_npred, datatype: float64}
# - {name: dnde, unit: ph / (cm2 MeV s), datatype: float64}
# - {name: dnde_err, unit: ph / (cm2 MeV s), datatype: float64}
# - {name: dnde_errp, unit: ph / (cm2 MeV s), datatype: float64}
# - {name: dnde_errn, unit: ph / (cm2 MeV s), datatype: float64}
# - {name: dnde_ul, unit: ph / (cm2 MeV s), datatype: float64}
# - {name: e2dnde, unit: MeV / (cm2 s), datatype: float64}
# - {name: e2dnde_err, unit: MeV / (cm2 s), datatype: float64}
# - {name: e2dnde_errp, unit: MeV / (cm2 s), datatype: float64}
# - {name: e2dnde_errn, unit: MeV / (cm2 s), datatype: float64}
# - {name: e2dnde_ul, unit: MeV / (cm2 s), datatype: float64}
# - {name: norm, datatype: float64}
# - {name: norm_err, datatype: float64}
# - {name: norm_errp, datatype: float64}
# - {name: norm_errn, datatype: float64}
# - {name: norm_ul, datatype: float64}
# - {name: ts, datatype: float64}
# - {name: loglike, datatype: float64}
# - {name: norm_scan, datatype: string, subtype: 'float64[20]'}
# - {name: dloglike_scan, datatype: string, subtype: 'float64[20]'}
# - {name: ShowUL, datatype: bool}
# - {name: tstart, datatype: float64}
# - {name: tend, datatype: float64}
# meta: !!omap
# - {UL_CONF: 0.95}
# - {EXTNAME: SED}
# - {CONFIG: '{"bin_index": 2.0, "use_local_index": true, "free_background": false, "free_radius": null, "free_pars": [], "ul_confidence":
#     0.95, "cov_scale": 3.0, "make_plots": false, "write_fits": true, "write_npy": true, "optimizer": {"optimizer": "MINUIT", "tol":
#     0.001, "max_iter": 100, "init_lambda": 0.0001, "retries": 3, "min_fit_quality": 2, "verbosity": 0}, "prefix": "", "outfile": null,
#     "loge_bins": []}'}
# - {SRCNAME: 4FGL J0428.6-3756}
# - {CREATOR: fermipy 1.2.0}
# - {STVER: 2.2.0}
# schema: astropy-2.0
e_min e_ref e_max ref_dnde_e_min ref_dnde_e_max ref_dnde ref_flux ref_eflux ref_npred dnde dnde_err dnde_errp dnde_errn dnde_ul e2dnde e2dnde_err e2dnde_errp e2dnde_errn e2dnde_ul norm norm_err norm_errp norm_errn norm_ul ts loglike norm_scan dloglike_scan ShowUL tstart tend
[from data line 1160]
311.3149665447022 358.7979888064861 413.52331434760555 9.17699009306224e-13 5.351600960173023e-13 7.007966109616265e-13 7.158147956329822e-11 2.561447587195381e-08 0.04881956604469176 3.448325900458547e-10 8.521880900034344e-11 9.079402234943397e-11 7.964359565125292e-11 5.020263786643819e-10 4.439236719887849e-05 1.097072832034605e-05 1.1688458968055433e-05 1.0252997672636665e-05 6.462886626298554e-05 492.0580160521591 121.60276985844295 129.55830683148892 113.64723288539699 716.3653060129759 43.423152490740335 -359.9984348841065 [0.0,246.62220421650292,277.30168069595976,307.98115717541685,338.66063365487395,369.3401101343311,400.019586613788,430.69906309324494,461.3785395727019,492.0580160521591,525.1644392498066,558.2708624474544,591.377285645102,624.4837088427498,657.5901320403973,690.696555238045,723.8029784356922,756.9094016333399,790.0158248309873,823.1222480286352] [-21.711576245370168,-2.704892697892035,-1.9725545053818792,-1.3850385737553665,-0.9219221324121918,-0.5670141258249259,-0.30723679967212547,-0.1318583481420319,-0.03195118123232987,0.0,-0.034414605050528735,-0.13367219980608525,-0.2918988767058295,-0.5040222995684189,-0.7656289147663529,-1.0728520196675504,-1.4222829492596247,-1.810899828996753,-2.23600984697822,-2.6952020526762794] False 56572.65603222185 56586.65603222185
413.52331434760555 476.5900816815941 549.2752115212968 5.678695880253239e-13 3.2491368813684494e-13 4.2954464520706e-13 5.829875109440493e-11 2.7697684457003702e-08 0.045320486977050156 1.785940986332923e-10 5.2510887856030924e-11 5.616928182713816e-11 4.885249388492369e-11 2.763305874333245e-10 4.0565525298711615e-05 1.1927223609753399e-05 1.2758184287196186e-05 1.109626293231061e-05 6.276520624766471e-05 415.77540455009455 122.24779994805499 130.7647120127921 113.73088788331786 643.3105161865552 28.205777477935158 -311.1068275808488 [0.0,173.4158670265429,203.710809216987,234.0057514074308,264.30069359787484,294.5956357883188,324.89057797876296,355.18552016920694,385.48046235965063,415.77540455009455,449.4888342660572,483.20226398202016,516.9156936979825,550.6291234139454,584.3425531299083,618.0559828458707,651.7694125618333,685.4828422777964,719.1962719937587,752.9097017097215] [-14.102888738967579,-2.704022465591777,-1.9553018435133822,-1.3634682646895158,-0.902319464432594,-0.5521866421091204,-0.297853126268933,-0.12725746808547456,-0.0306463915987365,0.0,-0.03532283866331909,-0.1363577008042398,-0.29662495705400715,-0.5106243465843363,-0.7736400442918239,-1.0815929452605815,-1.4309268896006984,-1.8185197525666013,-2.241613062045019,-2.6977556315204083] False 56572.65603222185 56586.65603222185
549.2752115212968 633.0528961793416 729.6086933380817 3.382593710703416e-13 1.8987414708166795e-13 2.5342989084628985e-13 4.5712508292612696e-11 2.8834888851649645e-08 0.039380499435009875 5.795432244535211e-11 2.336722753562926e-11 2.5443217723983518e-11 2.129123734727499e-11 1.0344649845750546e-10 2.3225540670250072e-05 9.364555922321376e-06 1.0196521382639321e-05 8.532590462003428e-06 4.14568017663442e-05 228.67990137951998 92.20391271762783 100.39548862614365 84.01233680911199 408.1858620230704 19.05999973173192 -179.98712371476404 [0.0,64.76784705008248,85.25685384126214,105.74586063244188,126.23486742362157,146.72387421480124,167.21288100598088,187.70188779716057,208.19089458834037,228.67990137951998,255.76640934221462,282.8529173049093,309.9394252676038,337.02593323029845,364.11244119299295,391.19894915568767,418.2854571183823,445.37196508107706,472.4584730437716,499.54498100646634] [-9.52999986586596,-2.7000684207779386,-1.867133338007278,-1.2570640716452885,-0.8083707824747819,-0.4828804973818137,-0.2550715021422718,-0.10694102027954955,-0.02526215442239277,0.0,-0.04014145968753269,-0.15144710051549737,-0.32329599626319805,-0.547394252805816,-0.8171270730638298,-1.127124152432799,-1.4729587649424332,-1.850933709897845,-2.257925458836098,-2.691268352126883] False 56572.65603222185 56586.65603222185
729.6086933380817 840.8915725798939 969.1477682383326 1.939386229577182e-13 1.068061449725844e-13 1.4392302345144606e-13 3.449978910021489e-11 2.889375303308229e-08 0.032437806288225235 6.432968575800862e-11 1.89011660097082e-11 2.0753506552115207e-11 1.7048825467301194e-11 1.0010763393356642e-10 4.5487433107568886e-05 1.3364988720073475e-05 1.4674776192565317e-05 1.2055201247581634e-05 7.078597149129082e-05 446.9728624045402 131.3283000623226 144.19865602056797 118.45794410407724 695.5637224181771 50.16329445220396 -202.11939897055123 [0.0,200.72107170993368,231.50254554675945,262.28401938358536,293.0654932204111,323.84696705723695,354.628440894063,385.40991473088866,416.1913885677145,446.9728624045402,483.93705376930916,520.9012451340778,557.8654364988462,594.8296278636155,631.7938192283841,668.7580105931528,705.7222019579215,742.6863933226905,779.650584687459,816.6147760522281] [-25.08164722610198,-2.6967497786574484,-1.9297279105205973,-1.334153308665833,-0.8770333436258397,-0.5343165176390983,-0.28788353332748784,-0.12371680193129464,-0.030731671357870027,0.0,-0.03515344125929687,-0.1392848800369677,-0.30400958169417436,-0.5224206594986924,-0.7887567127616819,-1.0981586875160758,-1.4464885149500901,-1.8301914939265203,-2.246190267022996,-2.691802019669524] False 56572.65603222185 56586.65603222185
969.1477682383326 1116.9661194245136 1287.3303254983532 1.0703126173604738e-13 5.783070824438583e-14 7.867460626203245e-14 2.5063562545033205e-11 2.786985236673312e-08 0.025331230111468206 2.4296218250054858e-11 9.436052260178707e-12 1.0625849646227189e-11 8.246254874130227e-12 4.2953845237427074e-11 3.0312285318622844e-05 1.1772544411981775e-05 1.3256951469329961e-05 1.028813735463359e-05 5.358978911732153e-05 308.8190637921243 119.93771190606451 135.06072862744168 104.81469518468735 545.9683534273518 31.53895726185482 -117.80024039810593 [0.0,102.4039581981799,128.20584639742293,154.007734596666,179.80962279590915,205.611510995152,231.41339919439514,257.2152873936381,283.01717559288113,308.8190637921243,344.82072964126894,380.8223954904136,416.8240613395582,452.82572718870273,488.82739303784746,524.8290588869922,560.8307247361369,596.8323905852814,632.8340564344261,668.8357222835713] [-15.76947863092741,-2.6983201999482844,-1.8509432076389913,-1.236918600213258,-0.7900541138867112,-0.469058173817416,-0.24640173700836954,-0.10279362565154315,-0.024180310556545237,0.0,-0.042157514352382464,-0.1579060195396096,-0.3348093402771042,-0.5633933626097019,-0.8362690170093146,-1.1475582921427048,-1.4925055903224944,-1.867206862868585,-2.2684160751750397,-2.693403895920909] False 56572.65603222185 56586.65603222185
1287.3303254983532 1483.6791717563765 1709.9759409858673 5.685764265146757e-14 3.014065244334134e-14 4.1397179202278844e-14 1.7527264036015312e-11 2.587679087995779e-08 0.018652098941515427 1.3635288695876923e-11 6.086616215928397e-12 6.728533667519084e-12 5.444698764337708e-12 2.5982462810944805e-11 3.0015413975290147e-05 1.3398491920823636e-05 1.4811547300669309e-05 1.1985436540977964e-05 5.719529631990188e-05 329.3772416050589 147.02973326243782 162.53604224194797 131.52342428292764 627.6384843514776 27.481664739671686 -72.96508697823649 [0.0,86.59537985136845,116.94311257057969,147.290845289791,177.63857800900243,207.98631072821368,238.33404344742502,268.6817761666364,299.0295088858477,329.3772416050589,374.97607603908574,420.5749104731123,466.17374490713905,511.77257934116557,557.3714137751924,602.9702482092189,648.5690826432457,694.1679170772721,739.7667515112995,785.3655859453261] [-13.740832369835843,-2.6926840467493207,-1.8008579523866786,-1.18534474807727,-0.7503103459448255,-0.44350646603867006,-0.23308594384727144,-0.09808930710858021,-0.02392709294059614,0.0,-0.041529141066178,-0.15904653872726726,-0.33845215427659525,-0.569346502132916,-0.8438208187663747,-1.155708698629951,-1.5001017305738458,-1.8730240685121942,-2.2712068202036733,-2.6919274048336064] False 56572.65603222185 56586.65603222185
1709.9759409858673 1970.7884119509856 2271.3810595726877 2.9073607368654634e-14 1.5120935261868415e-14 2.0967120328037567e-14 1.1798598248024178e-11 2.3127633622635314e-08 0.012915851077152207 8.650104298322834e-12 3.854486802462016e-12 4.281261188690047e-12 3.4277124162339837e-12 1.6587227640824216e-11 3.359706533989677e-05 1.497085358603072e-05 1.6628448274487548e-05 1.3313258897573887e-05 6.442490768169862e-05 412.55566634755166 183.8348205264857 204.18927929578754 163.4803617571838 791.1066174711418 39.50365259061371 -58.24293490524799 [0.0,115.92677864711392,153.0053896096686,190.08400057222332,227.16261153477802,264.24122249733267,301.3198334598874,338.398444422442,375.4770553849967,412.55566634755166,471.0442875410855,529.532908734619,588.0215299281527,646.5101511216866,704.9987723152202,763.4873935087535,821.9760147022873,880.4646358958211,938.9532570893551,997.4418782828894] [-19.751826295306856,-2.6910902558953538,-1.781901035103111,-1.1614085071787343,-0.7280354911685123,-0.42596264711454523,-0.22119218970479437,-0.0914694698878904,-0.02142595691142901,0.0,-0.04578335561851077,-0.16935386059765278,-0.3546889385381178,-0.590293536613423,-0.867636964367378,-1.1802114590207964,-1.52293742200483,-1.8917725509967909,-2.283446316041747,-2.695274418655842] False 56572.65603222185 56586.65603222185
2271.3810595726877 2617.821317854317 3017.1020504598932 1.431004039174707e-14 7.301910845686663e-15 1.0222066285184834e-14 7.645249195268545e-12 1.989743132323035e-08 0.008432887801155253 7.234353150790718e-12 2.971490336821068e-12 3.2840592222344828e-12 2.658921451407654e-12 1.3269971022040054e-11 4.9576938601595996e-05 2.036358896409585e-05 2.2505619926354915e-05 1.8221558001836788e-05 9.093895817523518e-05 707.7192564555857 290.69370652856594 321.27156394927454 260.11584910785734 1298.1691423066436 52.203227385878165 -47.224546627947774 [0.0,224.25992544613445,284.6923418223159,345.1247581984972,405.5571745746786,465.9895909508603,526.4220073270416,586.854423703223,647.2868400794046,707.7192564555857,798.505065247088,889.2908740385894,980.0766828300917,1070.8624916215942,1161.648300413096,1252.4341092045975,1343.2199179961005,1434.005726787602,1524.7915355791042,1615.5773443706055] [-26.101613692939083,-2.6977456309413483,-1.817083218931323,-1.1979781380459045,-0.7571639266531776,-0.44575583094287197,-0.23258292797228108,-0.0965412514331021,-0.02267555354754336,0.0,-0.04445109830823668,-0.16533603015358267,-0.34789975067353396,-0.5812873651766637,-0.8572800187933254,-1.169504822691323,-1.5129202862656683,-1.8834694386295325,-2.2778390515523625,-2.693288251800638] False 56572.65603222185 56586.65603222185
4007.6519721450045 4618.915317184078 5323.411028602609 3.0918636788779852e-15 1.518615649124699e-15 2.1668762234387966e-15 2.8631817467160256e-12 1.3136017969701281e-08 0.0030919188477194215 7.297759189675726e-13 7.417010416472244e-13 9.320018797507793e-13 5.514002035436697e-13 2.6757915584000974e-12 1.5569315826734983e-05 1.5823730910113897e-05 1.988368105853509e-05 1.1763780761692707e-05 5.708635044875146e-05 336.78708136334177 342.29045186076996 430.1131138315357 254.46778989000427 1234.8612853177467 10.155946824988078 -14.149990043025824 [0.0,37.42078681814908,74.84157363629816,112.2623604544472,149.68314727259633,187.10393409074538,224.5247209088944,261.9455077270436,299.36629454519266,336.78708136334177,480.16537522114686,623.5436690789514,766.9219629367564,910.3002567945614,1053.6785506523659,1197.056844510171,1340.4351383679764,1483.8134322257808,1627.191726083585,1770.5700199413895] [-5.077973412494039,-1.3025955956398434,-0.7291668413217121,-0.43659702096619313,-0.26012029679150395,-0.1475269403393593,-0.07544623822518304,-0.03137531045442188,-0.00783655812711892,0.0,-0.06649537315908205,-0.22657259058695445,-0.44131895268121824,-0.6920347364288038,-0.9682750633697559,-1.2636058231878167,-1.5737792036165121,-1.8958416628005281,-2.2276551441937045,-2.5676211526391235] False 56572.65603222185 56586.65603222185
7071.149185711414 8149.575733880153 9392.473966813408 5.73494949644272e-16 2.7115381562344366e-16 3.943416587640968e-16 9.205781579116048e-13 7.445277674324493e-09 0.001002998919826359 3.8553202986996525e-13 3.954659418686353e-13 4.961560889482071e-13 2.947757947890635e-13 1.4309166052161456e-12 2.5605335162126452e-05 2.626510173530277e-05 3.2952496721306494e-05 1.957770674929904e-05 9.503516290973141e-05 977.6599081067374 1002.8510381278562 1258.1883702148186 747.5137060408937 3628.6214591194102 9.478245509972034 -15.045178711229394 [0.0,108.62887867852636,217.25775735705272,325.8866360355791,434.51551471410545,543.144393392632,651.7732720711582,760.4021507496849,869.0310294282109,977.6599081067374,1410.5654940780407,1843.4710800493424,2276.3766660206447,2709.282251991947,3142.187837963248,3575.0934239345506,4007.999009905853,4440.904595877156,4873.810181848459,5306.715767819759] [-4.739122754986017,-1.3013596143629726,-0.7314683575830028,-0.43962808556502964,-0.2631366833882982,-0.15020586911105482,-0.07760690521975278,-0.03289831314121017,-0.008633515832102034,0.0,-0.06776901765780252,-0.2339896811144495,-0.45673230142261545,-0.7162055919226695,-1.0014805484951097,-1.305880179507657,-1.6250249183326098,-1.9558862521331015,-2.2962824616139095,-2.6445896700228637] False 56572.65603222185 56586.65603222185
12476.13311942254 14379.0435808939 16572.19366947696 9.13262025346914e-17 4.15611292050893e-17 6.160860413411802e-17 2.5417123600718227e-13 3.623693486491125e-09 0.00027723117568290156 4.4391695255961685e-13 3.135368653238111e-13 3.656129382271051e-13 2.61460792420517e-13 1.1735448018076086e-12 9.178289043889997e-05 6.482590852329924e-05 7.559299562418958e-05 5.4058821422408875e-05 0.0002426384785451125 7205.43759753488 5089.1733343164415 5934.446062617958 4243.900606014924 19048.391345677563 31.79994877618952 -4.916915560434601 [0.0,773.5443212078841,1577.5309807487583,2381.5176402896327,3185.5042998305075,3989.490959371383,4793.477618912258,5597.4642784531325,6401.450937994006,7205.43759753488,9101.696265602692,10997.954933670508,12894.213601738316,14790.472269806134,16686.73093787395,18582.989605941755,20479.24827400957,22375.506942077383,24271.765610145183,26168.024278213008] [-15.89997438809476,-2.677936244052244,-1.4767922419766961,-0.8763288694724807,-0.5176720490802937,-0.2905745617613391,-0.1463583791113594,-0.05918958764375226,-0.013699783135962207,0.0,-0.05850647404293774,-0.20574687339887898,-0.41333530095683724,-0.664646824348547,-0.9491019455846272,-1.2595498616209815,-1.5909302712885225,-1.9395303854601291,-2.3025452515242417,-2.677803956198142] False 56572.65603222185 56586.65603222185
