data/PKS0208-512_allsed_14d_min11.ecsv
# %ECSV 1.0
# ---
# datatype:
# - {name: e_min, unit: MeV, datatype: float64}
# - {name: e_ref, unit: MeV, datatype: float64}
# - {name: e_max, unit: MeV, datatype: float64}
# - {name: ref_dnde_e_min, unit: ph / (cm2 MeV s), datatype: float64}
# - {name: ref_dnde_e_max, unit: ph / (cm2 MeV s), datatype: float64}
# - {name: ref_dnde, unit: ph / (cm2 MeV s), datatype: float64}
# - {name: ref_flux, unit: ph / (cm2 s), datatype: float64}
# - {name: ref_eflux, unit: MeV / (cm2 s), datatype: float64}
# - {name: ref_npred, datatype: float64}
# - {name: dnde, unit: ph / (cm2 MeV s), datatype: float64}
# - {name: dnde_err, unit: ph / (cm2 MeV s), datatype: float64}
# - {name: dnde_errp, unit: ph / (cm2 MeV s), datatype: float64}
# - {name: dnde_errn, unit: ph / (cm2 MeV s), datatype: float64}
# - {name: dnde_ul, unit: ph / (cm2 MeV s), datatype: float64}
# - {name: e2dnde, unit: MeV / (cm2 s), datatype: float64}
# - {name: e2dnde_err, unit: MeV / (cm2 s), datatype: float64}
# - {name: e2dnde_errp, unit: MeV / (cm2 s), datatype: float64}
# - {name: e2dnde_errn, unit: MeV / (cm2 s), datatype: float64}
# - {name: e2dnde_ul, unit: MeV / (cm2 s), datatype: float64}
# - {name: norm, datatype: float64}
# - {name: norm_err, datatype: float64}
# - {name: norm_errp, datatype: float64}
# - {name: norm_errn, datatype: float64}
# - {name: norm_ul, datatype: float64}
# - {name: ts, datatype: float64}
# - {name: loglike, datatype: float64}
# - {name: norm_scan, datatype: string, subtype: 'float64[20]'}
# - {name: dloglike_scan, datatype: string, subtype: 'float64[20]'}
# - {name: ShowUL, datatype: bool}
# - {name: tstart, datatype: float64}
# - {name: tend, datatype: float64}
# meta: !!omap
# - {UL_CONF: 0.95}
# - {EXTNAME: SED}
# - {CONFIG: '{"bin_index": 2.0, "use_local_index": true, "free_background": false, "free_radius": null, "free_pars": [], "ul_confidence":
#     0.95, "cov_scale": 3.0, "make_plots": false, "write_fits": true, "write_npy": true, "optimizer": {"optimizer": "MINUIT", "tol":
#     0.001, "max_iter": 100, "init_lambda": 0.0001, "retries": 3, "min_fit_quality": 2, "verbosity": 0}, "prefix": "", "outfile": null,
#     "loge_bins": []}'}
# - {SRCNAME: 4FGL J0210.7-5101}
# - {CREATOR: fermipy 1.2.0}
# - {STVER: 2.2.0}
# schema: astropy-2.0
e_min e_ref e_max ref_dnde_e_min ref_dnde_e_max ref_dnde ref_flux ref_eflux ref_npred dnde dnde_err dnde_errp dnde_errn dnde_ul e2dnde e2dnde_err e2dnde_errp e2dnde_errn e2dnde_ul norm norm_err norm_errp norm_errn norm_ul ts loglike norm_scan dloglike_scan ShowUL tstart tend
[from data line 677]
1709.9759409858673 1970.7884119509856 2271.3810595726877 2.6028034261239008e-14 1.2766995269468434e-14 1.8229091866760665e-14 1.0277807249768336e-11 2.011877882758517e-08 0.01980147103482932 5.520589931038341e-12 2.3271651251131473e-12 2.572427856440805e-12 2.08190239378549e-12 1.0250131006895647e-11 2.1442009741296785e-05 9.038725553900535e-06 9.991327710553667e-06 8.086123397247405e-06 3.9811580219668056e-05 302.84503316946405 127.6621535577728 141.1166214555881 114.2076856599575 562.2952082207653 32.24726841318227 -113.72558298846181 [0.0,90.30452413719397,116.87208776622772,143.43965139526148,170.00721502429522,196.57477865332896,223.14234228236268,249.7099059113965,276.2774695404302,302.84503316946405,342.72913516127693,382.61323715308964,422.49733914490236,462.38144113671524,502.265543128528,542.1496451203409,582.0337471121537,621.9178491039663,661.8019510957791,701.686053087592] [-16.123634206591134,-2.696165615947791,-1.8150282813915908,-1.196355585412391,-0.7560770801532044,-0.4451074370747392,-0.23224272075607644,-0.09639404464346057,-0.02263283270502825,0.0,-0.04439062607698929,-0.16509712062422466,-0.3474372378606745,-0.5806075116664431,-0.8564259506574672,-1.1685464292782228,-1.5119470853259713,-1.8825854454412223,-2.2771590278031795,-2.692934921909881] False 58588.65603222185 58602.65603222185
2271.3810595726877 2617.821317854317 3017.1020504598932 1.2148135127475519e-14 5.857187757368517e-15 8.435277609154797e-15 6.321293578404666e-12 1.6429759864189267e-08 0.012393111357524411 6.199714670116991e-12 2.1452496032659923e-12 2.3427613619104436e-12 1.947737844621541e-12 1.0411623272000832e-11 4.2486573041324244e-05 1.470137075829532e-05 1.605491655946193e-05 1.334782495712871e-05 7.135073405180876e-05 734.9745861817813 254.31879099482813 277.7337593925596 230.90382259709668 1234.2952721201623 62.9284047188757 -93.46256763241666 [0.0,283.4320956046084,339.8749069267552,396.3177182489015,452.7605295710482,509.2033408931949,565.6461522153414,622.0889635374875,678.5317748596345,734.9745861817813,810.693511034957,886.4124358881329,962.1313607413085,1037.8502855944844,1113.56921044766,1189.2881353008358,1265.007060154012,1340.7259850071885,1416.4449098603645,1492.16383471354] [-31.46420235943785,-2.696715010921963,-1.872111468580158,-1.2623614542871024,-0.8120629060623514,-0.4849805227769366,-0.25609328997757075,-0.10738449432018626,-0.02544070543362409,0.0,-0.04081690718403763,-0.1540626322479568,-0.32835179345570964,-0.5548308643068083,-0.8264743440033584,-1.1376103438248037,-1.4835912092169679,-1.8605589453717926,-2.265274422950384,-2.6949905845112596] False 58588.65603222185 58602.65603222185
3017.1020504598932 3477.2827010020824 4007.6519721450045 5.478255288110928e-15 2.596294794757027e-15 3.771361251441252e-15 3.7565265137829656e-12 1.2963907175022083e-08 0.0074313122654197095 1.974438387132891e-12 1.0148727407022656e-12 1.1399295215616963e-12 8.898159598428356e-13 4.129833755483948e-12 2.3873911851644607e-05 1.2271328652268608e-05 1.3783452090581566e-05 1.0759205213955653e-05 4.9935864133771086e-05 523.5346750137886 269.09984831456416 302.25943513792646 235.94026149120197 1095.0512242511118 30.558384052413743 -70.09037061753662 [0.0,113.75130286162303,164.97422438064373,216.1971458996644,267.42006741868516,318.6429889377059,369.8659104567264,421.08883197574715,472.3117534947679,523.5346750137886,612.6726667969018,701.8106585800152,790.9486503631281,880.0866421462416,969.2246339293544,1058.3626257124674,1147.500617495581,1236.6386092786943,1325.7766010618082,1414.9145928449211] [-15.279192026206871,-2.694348729139989,-1.7259425258922647,-1.1023969520740877,-0.681787896833228,-0.395294715423816,-0.20417267411993123,-0.08440360026553151,-0.020052873971650342,0.0,-0.04786111212804656,-0.17692310858964788,-0.36809905069736715,-0.608334062850787,-0.8883027979010052,-1.201110916501662,-1.5415169302378189,-1.9054425611781483,-2.2896520305284582,-2.691534813335821] False 58588.65603222185 58602.65603222185
4007.6519721450045 4618.915317184078 5323.411028602609 2.3869280467176372e-15 1.1119449010557828e-15 1.629150843456407e-15 2.1569593180091773e-12 9.88361235979409e-09 0.004281718863826445 1.5272115154497408e-12 7.640471333103778e-13 8.572487979589194e-13 6.708454686618359e-13 3.1456019093097548e-12 3.258210883678133e-05 1.6300470892284045e-05 1.8288870502048454e-05 1.4312071282519629e-05 6.710946239567589e-05 937.427937740626 468.9848925771509 526.1936311190068 411.77615403529484 1930.8229940427398 39.191266646532284 -52.907280373468765 [0.0,219.80429968441345,309.50725444144,399.2102091984666,488.91316395549336,578.6161187125197,668.3190734695462,758.0220282265725,847.7249829835996,937.427937740626,1092.4479542002834,1247.4679706599418,1402.4879871196001,1557.5080035792569,1712.5280200389154,1867.5480364985729,2022.5680529582319,2177.588069417888,2332.6080858775467,2487.6281023372044] [-19.595633323266142,-2.6927036721304347,-1.7277783227543395,-1.1034938769450378,-0.6817741228118166,-0.3945118263988405,-0.2030566630089865,-0.08334907049157891,-0.019390172705605835,0.0,-0.04886880696619045,-0.17844396442006882,-0.3698336655041601,-0.6100906564224005,-0.889953264641818,-1.2025669700051083,-1.5427163265285628,-1.9063407299132678,-2.2902167728772582,-2.6917428211564385] False 58588.65603222185 58602.65603222185
5323.411028602609 6135.359285332078 7071.149185711414 1.0048489816495239e-15 4.601261766256339e-16 6.799686169321023e-16 1.1966645861633754e-12 7.2806572397248955e-09 0.002385751561451599 6.092982406341953e-13 4.297228276237106e-13 5.009506391657063e-13 3.584950160817148e-13 1.6055572864287104e-12 2.2935590401013072e-05 1.617589893265389e-05 1.8857101341817848e-05 1.349469652348993e-05 6.04374045928014e-05 896.068179415752 631.9745013564651 736.726117487461 527.2228852254692 2361.2226306453667 21.32425105891042 -65.20032825083297 [0.0,96.14237005827596,196.13309622796044,296.123822397645,396.1145485673292,496.10527473701393,596.0960009066982,696.0867270763828,796.0774532460671,896.068179415752,1129.5781891503675,1363.088198884983,1596.5982086195993,1830.1082183542148,2063.618228088831,2297.1282378234473,2530.638247558062,2764.148257292679,2997.658267027294,3231.168276761911] [-10.66212552945521,-2.650670306078169,-1.4670201168380288,-0.8716615683981956,-0.5151656235849487,-0.2891352457471328,-0.14550252070355896,-0.058692466752162886,-0.013464626785889777,0.0,-0.05808276403824664,-0.20380350442725614,-0.4094972767591827,-0.6588804176332985,-0.9415509431876643,-1.2504557800029659,-1.5805899372474528,-1.9282718757686723,-2.2907135651555137,-2.6657521649016047] False 58588.65603222185 58602.65603222185
7071.149185711414 8149.575733880153 9392.473966813408 4.08722701716288e-16 1.8397784580651626e-16 2.7421874880099313e-16 6.414357924523953e-13 5.181690456073044e-09 0.001295405486625878 4.364353376668146e-13 3.1076292530755877e-13 3.630105577815314e-13 2.585152928335861e-13 1.1625689727918298e-12 2.8986108109678514e-05 2.063950136943684e-05 2.4109558426369046e-05 1.716944431250463e-05 7.721269801490737e-05 1591.5590730943989 1133.2665131992364 1323.7991908604927 942.7338355379801 4239.56778256447 25.987821882757423 -20.342752517386227 [0.0,172.2138091991128,349.63196718602364,527.0501251729343,704.4682831598451,881.8864411467558,1059.3045991336667,1236.7227571205774,1414.1409151074874,1591.5590730943989,2013.3212623977097,2435.083451701019,2856.8456410043295,3278.607830307641,3700.3700196109507,4122.132208914261,4543.894398217574,4965.656587520884,5387.418776824193,5809.180966127504] [-12.993910941378711,-2.677580607511139,-1.4863496440832442,-0.8871255483077896,-0.5276500213747042,-0.2989653714927769,-0.1528181170296783,-0.06355448411925835,-0.015895161218775655,0.0,-0.0541961049045625,-0.19845761237839454,-0.40396950335463444,-0.6538913029869882,-0.9375204479859249,-1.247628648009922,-1.5791028512552465,-1.9281919997436354,-2.292061892452562,-2.6685182883317324] False 58588.65603222185 58602.65603222185
100.0 115.25240587974294 132.83117061068992 1.0859799786675482e-11 6.092632577810708e-12 8.134172973867762e-12 2.671199425850647e-10 3.067566884852726e-08 0.13763101635836772 3.1385048604802722e-09 6.411545013711036e-10 6.677149676817544e-10 6.145940350604528e-10 4.254226040831546e-09 4.16891274584935e-05 8.516530295943696e-06 8.86933607914465e-06 8.163724512742741e-06 5.650938250461355e-05 385.8419129471656 78.82233429641926 82.08762830921937 75.55704028361916 523.0065864715293 39.08022206681926 -796.5755752360302 [0.0,215.3749754425558,236.6833426306319,257.9917098187082,279.30007700678436,300.6084441948606,321.9168113829369,343.22517857101303,364.53354575908935,385.8419129471656,405.64022139544437,425.43852984372336,445.23683829200235,465.0351467402811,484.8334551885598,504.6317636368388,524.4300720851177,544.228380533397,564.0266889816756,583.8249974299545] [-19.54011103340963,-2.7086950089711763,-2.0187137359313283,-1.4439181046208205,-0.9758116579181433,-0.6068954397391053,-0.33050925942916365,-0.14070437386897083,-0.032140246683297846,0.0,-0.034805152440981146,-0.12862343335177684,-0.2785232716224755,-0.4818046805086169,-0.735974260547323,-1.0387235965210948,-1.387910497728285,-1.781542634005291,-2.217763201347225,-2.6948383156844784] False 58602.65603222185 58616.65603222185
132.83117061068992 153.091119887046 176.4411988580621 6.72601123628325e-12 3.721344359571736e-12 5.002979509907955e-12 2.1830967277343935e-10 3.3290321096150126e-08 0.14941445902068262 2.3998729147682622e-09 3.6894611269505814e-10 3.8530489031523493e-10 3.5258733507488124e-10 3.0446865299690736e-09 5.6245559889125284e-05 8.646949823780017e-06 9.03034871156545e-06 8.263550935994581e-06 7.135798629633891e-05 479.68873548563005 73.74527758196756 77.01508462150863 70.47547054242646 608.5746551508643 86.04929785485933 -841.6840500010593 [0.0,318.3335518729327,338.50294982451976,358.672347776107,378.8417457276943,399.01114367928136,419.1805416308687,439.34993958245576,459.519337534043,479.68873548563005,498.3103156672178,516.9318958488055,535.5534760303937,554.1750562119815,572.7966363935693,591.418216575157,610.0397967567453,628.6613769383331,647.2829571199209,665.9045373015088] [-43.024648927429666,-2.7003782968913583,-2.015367385974173,-1.4433624396991718,-0.9765631160308885,-0.6080047887838873,-0.3314389696575972,-0.14123485501852429,-0.03229760448914476,0.0,-0.034569671450185524,-0.1278248602578742,-0.27695576106509634,-0.47936264133159057,-0.7326346793043967,-1.0345314591592114,-1.3829667267922332,-1.775994077846235,-2.2117943045068387,-2.6886641722002196] False 58602.65603222185 58616.65603222185
176.4411988580621 203.35272664697808 234.36890988269914 4.051460058192707e-12 2.210614094832932e-12 2.9926935541905098e-12 1.7352610496088533e-10 3.513719866542507e-08 0.14554234060964316 1.135364955275441e-09 2.0582348303803903e-10 2.1637734999886698e-10 1.952696160772111e-10 1.5018170429857853e-09 4.6949987929962176e-05 8.511280887645815e-06 8.947707892128343e-06 8.07485388316329e-06 6.21036361159203e-05 379.37895568547265 68.77532875019406 72.30187323920462 65.24878426118352 501.8278737169299 60.75712290039087 -789.1776234278524 [0.0,231.574656134695,250.05019357854204,268.5257310223894,287.0012684662366,305.4768059100838,323.9523433539311,342.4278807977783,360.9034182416255,379.37895568547265,397.0719024970018,414.76484930853076,432.45779612005975,450.1507429315888,467.84368974311775,485.53663655464675,503.2295833661759,520.922530177705,538.6154769892339,556.308423800763] [-30.378561450195434,-2.7037212623039295,-2.0146669043376733,-1.4421128002834394,-0.9766608076645298,-0.6101009404801516,-0.33521017850046064,-0.1455933503344795,-0.03555574482538759,0.0,-0.031525701045893584,-0.12350637630026995,-0.2726244807764715,-0.47584922063640533,-0.7304030674307569,-1.0337331495867375,-1.383486677149108,-1.7774897237372898,-2.213728820089159,-2.690334915682911] False 58602.65603222185 58616.65603222185
234.36890988269914 270.1158072739371 311.3149665447022 2.373469953161281e-12 1.2771567787487681e-12 1.7410609523610766e-12 1.3414726699951884e-10 3.606961365586086e-08 0.13082304134138045 5.802929749390577e-10 1.1028259208610816e-10 1.1680809290103106e-10 1.0375709127118522e-10 7.796245352901368e-10 4.2339654815211584e-05 8.046499066343128e-06 8.522616241515262e-06 7.570381891170993e-06 5.688339362219703e-05 333.2984834058304 63.342177616787296 67.09018012415132 59.59417510942326 447.78704285618335 70.16820708880209 -661.0768188186343 [0.0,200.01339805835,216.6740337267851,233.33466939522003,249.99530506365508,266.6559407320901,283.31657640052515,299.9772120689603,316.6378477373953,333.2984834058304,349.90611845918767,366.5137535125444,383.1213885659018,399.72902361925884,416.33665867261595,432.94429372597295,449.5519287793302,466.15956383268724,482.76719888604435,499.37483393940164] [-35.084103544401046,-2.6949872811542264,-1.9947350353957063,-1.4191250232529455,-0.9557168289919673,-0.593962222842606,-0.3248285607182879,-0.1405129996417145,-0.03422218385810538,0.0,-0.032386655246682494,-0.12654197553683844,-0.27834313372443376,-0.48409339127613293,-0.7404635097492474,-1.0444430801978797,-1.3932997982806228,-1.7845451593783537,-2.215905381978132,-2.685296620035956] False 58602.65603222185 58616.65603222185
311.3149665447022 358.7979888064861 413.52331434760555 1.3523033313453339e-12 7.17618612398677e-13 9.85108136288674e-13 1.0086117133065413e-10 3.601148685526153e-08 0.11174072165139315 2.3482863098894e-10 5.6894144211494364e-11 6.052810146110989e-11 5.326018696187884e-11 3.395083161767288e-10 3.0230897880866578e-05 7.324324365532708e-06 7.79214547428727e-06 6.856503256778147e-06 4.37069414952517e-05 238.37853159313087 57.754212066341346 61.44310378873256 54.065320343950134 344.6406578833088 43.27342917142005 -513.3439974286387 [0.0,121.09870227594094,135.7586809405897,150.41865960523842,165.0786382698872,179.73861693453594,194.39859559918466,209.0585742638334,223.7185529284823,238.37853159313087,254.02598678338936,269.67344197364815,285.3208971639068,300.9683523541654,316.615807544424,332.2632627346826,347.91071792494137,363.5581731151999,379.2056283054585,394.8530834957171] [-21.636714585710024,-2.7064544446297987,-1.9798881205593943,-1.3943240878525103,-0.9308574688054705,-0.5743384918964693,-0.3124165926309388,-0.13487466855906405,-0.03315285987821426,0.0,-0.03328617672434575,-0.13115476132202275,-0.28802142043196,-0.49903554914726556,-0.7599539727090132,-1.0670410782569206,-1.4169889468576002,-1.8068528213228774,-2.233998475011731,-2.696058917697769] False 58602.65603222185 58616.65603222185
