data/PKS0426-380_allsed_14d_min11.ecsv
# %ECSV 1.0
# ---
# datatype:
# - {name: e_min, unit: MeV, datatype: float64}
# - {name: e_ref, unit: MeV, datatype: float64}
# - {name: e_max, unit: MeV, datatype: float64}
# - {name: ref_dnde_e_min, unit: ph / (cm2 MeV s), datatype: float64}
# - {name: ref_dnde_e_max, unit: ph / (cm2 MeV s), datatype: float64}
# - {name: ref_dnde, unit: ph / (cm2 MeV s), datatype: float64}
# - {name: ref_flux, unit: ph / (cm2 s), datatype: float64}
# - {name: ref_eflux, unit: MeV / (cm2 s), datatype: float64}
# - {name: ref_npred, datatype: float64}
# - {name: dnde, unit: ph / (cm2 MeV s), datatype: float64}
# - {name: dnde_err, unit: ph / (cm2 MeV s), datatype: float64}
# - {name: dnde_errp, unit: ph / (cm2 MeV s), datatype: float64}
# - {name: dnde_errn, unit: ph / (cm2 MeV s), datatype: float64}
# - {name: dnde_ul, unit: ph / (cm2 MeV s), datatype: float64}
# - {name: e2dnde, unit: MeV / (cm2 s), datatype: float64}
# - {name: e2dnde_err, unit: MeV / (cm2 s), datatype: float64}
# - {name: e2dnde_errp, unit: MeV / (cm2 s), datatype: float64}
# - {name: e2dnde_errn, unit: MeV / (cm2 s), datatype: float64}
# - {name: e2dnde_ul, unit: MeV / (cm2 s), datatype: float64}
# - {name: norm, datatype: float64}
# - {name: norm_err, datatype: float64}
# - {name: norm_errp, datatype: float64}
# - {name: norm_errn, datatype: float64}
# - {name: norm_ul, datatype: float64}
# - {name: ts, datatype: float64}
# - {name: loglike, datatype: float64}
# - {name: norm_scan, datatype: string, subtype: 'float64[20]'}
# - {name: dloglike_scan, datatype: string, subtype: 'float64[20]'}
# - {name: ShowUL, datatype: bool}
# - {name: tstart, datatype: float64}
# - {name: tend, datatype: float64}
# meta: !!omap
# - {UL_CONF: 0.95}
# - {EXTNAME: SED}
# - {CONFIG: '{"bin_index": 2.0, "use_local_index": true, "free_background": false, "free_radius": null, "free_pars": [], "ul_confidence":
#     0.95, "cov_scale": 3.0, "make_plots": false, "write_fits": true, "write_npy": true, "optimizer": {"optimizer": "MINUIT", "tol":
#     0.001, "max_iter": 100, "init_lambda": 0.0001, "retries": 3, "min_fit_quality": 2, "verbosity": 0}, "prefix": "", "outfile": null,
#     "loge_bins": []}'}
# - {SRCNAME: 4FGL J0428.6-3756}
# - {CREATOR: fermipy 1.2.0}
# - {STVER: 2.2.0}
# schema: astropy-2.0
e_min e_ref e_max ref_dnde_e_min ref_dnde_e_max ref_dnde ref_flux ref_eflux ref_npred dnde dnde_err dnde_errp dnde_errn dnde_ul e2dnde e2dnde_err e2dnde_errp e2dnde_errn e2dnde_ul norm norm_err norm_errp norm_errn norm_ul ts loglike norm_scan dloglike_scan ShowUL tstart tend
[from data line 2453]
969.1477682383326 1116.9661194245136 1287.3303254983532 1.0579661836856786e-13 6.349934848195525e-14 8.196350613534114e-14 2.604762243318585e-11 2.9036132933929285e-08 0.046633477871983686 1.2028675035355168e-11 5.08985070696897e-12 5.611975280421418e-12 4.5677261335165225e-12 2.2288349489045365e-11 1.5007135099136604e-05 6.3501654978131934e-06 7.00157506614464e-06 5.6987559294817475e-06 2.7807241523754392e-05 146.7564725146455 62.09898706095396 68.46919495067377 55.72877917123416 271.9301618483966 28.96969825045113 -183.74903133296647 [0.0,42.68626873154896,55.69504420443601,68.70381967732307,81.71259515021016,94.72137062309724,107.73014609598427,120.73892156887133,133.7476970417584,146.7564725146455,165.91764400404085,185.07881549343637,204.23998698283185,223.40115847222714,242.56232996162277,261.72350145101825,280.88467294041357,300.0458444298089,319.2070159192045,338.36818740859997] [-14.484849125225566,-2.6899177010959363,-1.8130495796785624,-1.1973100633628633,-0.7583466828768621,-0.4475163276235037,-0.23411884291209617,-0.09748791042551375,-0.02302049221813718,0.0,-0.04316551048322026,-0.16154387438450613,-0.3413796699782097,-0.5724632830878704,-0.8469980435106947,-1.1588883057703754,-1.5032732703783722,-1.876211048672701,-2.2744582159612605,-2.695312089914836] False 58602.65603222185 58616.65603222185
1287.3303254983532 1483.6791717563765 1709.9759409858673 6.224149056799278e-14 3.652666680861327e-14 4.76809625285451e-14 2.0136593793801056e-11 2.9800650636172695e-08 0.037421252656563264 6.912339286781111e-12 3.1379040460911513e-12 3.4802423750772556e-12 2.795565717105047e-12 1.3345759096652593e-11 1.5216159324381175e-05 6.9074803664878695e-06 7.66107105996795e-06 6.15388967300779e-06 2.9378071343780925e-05 144.9706323072423 65.81041740112914 72.99018707925083 58.63064772300746 279.8970152639621 25.610484131386556 -124.53691034027474 [0.0,37.749952929758344,51.15253785194386,64.55512277412939,77.9577076963148,91.36029261850028,104.76287754068585,118.16546246287129,131.56804738505687,144.9706323072423,165.7601405383616,186.54964876948102,207.3391570006004,228.12866523171974,248.918173462839,269.70768169395853,290.4971899250779,311.286698156197,332.0762063873165,352.865714618436] [-12.805242065693278,-2.693321759655632,-1.7909506944060496,-1.1715911185151526,-0.7368630873165074,-0.4325312741886762,-0.22541271745774338,-0.09368155982019744,-0.022193864736522073,0.0,-0.044578852753119236,-0.16642212779755994,-0.35009780694683457,-0.5844266723722313,-0.8610431062937778,-1.1735190263438113,-1.5168052279914832,-1.8868611835541458,-2.280401673153051,-2.6947185344910736] False 58602.65603222185 58616.65603222185
1709.9759409858673 1970.7884119509856 2271.3810595726877 3.500687418698967e-14 2.0087041070112685e-14 2.651762658177251e-14 1.488289214398845e-11 2.924126627471656e-08 0.028345545718067244 6.201822693980119e-12 2.4489029220366132e-12 2.696730524167724e-12 2.201075319905502e-12 1.1126302077266431e-11 2.4087922537131043e-05 9.511556005016112e-06 1.0474120137733363e-05 8.54899187229886e-06 4.3214634759239565e-05 233.8754818367901 92.35000404296824 101.69577265340115 83.00423543253531 419.5813695074184 37.69691979382648 -79.36642845603409 [0.0,75.84996525552415,95.60315482818243,115.35634440084061,135.10953397349886,154.86272354615713,174.61591311881546,194.36910269147356,214.12229226413194,233.8754818367901,262.2909676322532,290.70645342771655,319.1219392231797,347.537425018643,375.9529108141063,404.3683966095693,432.78388240503256,461.1993682004959,489.61485399595915,518.0303397914223] [-18.84845989691324,-2.700533904111225,-1.8407178431714613,-1.224203089033864,-0.7789760545540076,-0.4610788955576055,-0.24164480820921597,-0.10067147439413304,-0.023715389110151364,0.0,-0.04307256053212427,-0.16108169126972882,-0.34055351646937027,-0.5713565261485343,-0.8456784994349533,-1.1573676395713193,-1.5014924760151729,-1.8740386950941712,-2.2716947169742525,-2.6916965388443685] False 58602.65603222185 58616.65603222185
2271.3810595726877 2617.821317854317 3017.1020504598932 1.882312965356424e-14 1.0560562298491913e-14 1.409903661102616e-14 1.0516520017708845e-11 2.743153216362855e-08 0.020389354059804354 4.269385198968506e-12 1.7416145167843847e-12 1.923884602428614e-12 1.5593444311401553e-12 7.801689505255503e-12 2.925804746657819e-05 1.1935264171729063e-05 1.3184358963832752e-05 1.0686169379625372e-05 5.346488808726351e-05 302.81396642587845 123.5272001082935 136.4550398375474 110.59936037903958 553.3491202621735 49.39519639917873 -85.39425718107324 [0.0,96.80107872351998,122.55268968631478,148.30430064910954,174.05591161190443,199.8075225746991,225.55913353749392,251.3107445002887,277.06235546308363,302.81396642587845,341.295736283829,379.77750614177944,418.25927599973045,456.74104585768106,495.2228157156315,533.704585573582,572.186355431533,610.6681252894832,649.149895147434,687.6316650053844] [-24.697598199589365,-2.699153400213447,-1.8196588897138355,-1.2004894632832475,-0.7591725866638797,-0.4471522237414973,-0.23341118274990436,-0.09692320847311464,-0.022774110405279657,0.0,-0.044221029207648144,-0.16460854661731616,-0.3466050138475225,-0.5794792024758095,-0.8550915759289666,-1.167120770584262,-1.5105587996367262,-1.8813701867725285,-2.2762550188415105,-2.692480070295602] False 58602.65603222185 58616.65603222185
5323.411028602609 6135.359285332078 7071.149185711414 2.2340775184576664e-15 1.1716318622490225e-15 1.617874038162188e-15 2.833521073817926e-12 1.7294678497507323e-08 0.0055940487888079815 2.888084877669815e-13 2.9083829006913763e-13 3.646863442248224e-13 2.1699023591345275e-13 1.052114863010507e-12 1.0871512074062156e-05 1.0947919178321685e-05 1.3727754420031326e-05 8.16808393661204e-06 3.960437425145042e-05 178.51110837717093 179.76571921477472 225.41083892976312 134.12059949978627 650.3070314458158 10.503653236903943 -22.20692336194597 [0.0,19.83456759746343,39.66913519492686,59.503702792390285,79.33827038985372,99.17283798731715,119.00740558478057,138.841973182244,158.67654077970744,178.51110837717093,255.8571029201884,333.2030974632059,410.5490920062235,487.8950865492409,565.2410810922584,642.5870756352762,719.9330701782937,797.2790647213112,874.6250592643287,951.9710538073459] [-5.251826618451972,-1.2947593537938538,-0.7210972959882973,-0.4294051669256902,-0.254058791785134,-0.14267453309582834,-0.07182365123599865,-0.028978569543525623,-0.006649535669929207,0.0,-0.07304581315383629,-0.24165590555688254,-0.46553797454597756,-0.7254966717025582,-1.010871894519635,-1.3151257899308533,-1.6339580149238486,-1.964388481429367,-2.304266737171421,-2.65198999560317] False 58602.65603222185 58616.65603222185
9392.473966813408 10825.05221838098 12476.13311942254 4.309155467955901e-16 2.1604839356587385e-16 3.0512065096900094e-16 9.442066247999957e-13 1.0157395082596439e-08 0.0018827948603656885 1.5883964997841493e-13 1.6263160172326465e-13 2.0394531881312185e-13 1.213178846334075e-13 5.891016025171087e-13 1.861310903234861e-05 1.9057456594697707e-05 2.389867049078482e-05 1.4216242698610596e-05 6.903195996888872e-05 520.5798082626419 533.0075208176827 668.4087693357795 397.60627229958595 1930.7169168859668 12.576539858268026 -4.030666203624512 [0.0,57.84220091807134,115.68440183614268,173.526602754214,231.36880367228537,289.21100459035665,347.053205508428,404.8954064264993,462.73760734457073,520.5798082626419,751.9367433867308,983.2936785108194,1214.6506136349083,1446.0075487589975,1677.3644838830855,1908.7214190071734,2140.0783541312626,2371.435289255352,2602.792224379441,2834.1491595035286] [-6.288269929134013,-1.32042235634992,-0.7393051222377043,-0.44378883585299,-0.2655340824353738,-0.15160905298509864,-0.07840156492336714,-0.033305246271011946,-0.00879088882008272,0.0,-0.06810319555867661,-0.23555881680044966,-0.45992287767195794,-0.7212184863459177,-1.0084333138765738,-1.314847401593342,-1.636056779175755,-1.9690180458595066,-2.3115398842393287,-2.6619919516992763] False 58602.65603222185 58616.65603222185
100.0 115.25240587974294 132.83117061068992 4.992660013530789e-12 3.0826744158795053e-12 3.923104037735421e-12 1.285789295291302e-10 1.4799305856866373e-08 0.06468904877526167 1.8275964854592175e-09 6.387179732618635e-10 6.692355815020755e-10 6.082003650216514e-10 2.9590882679573547e-09 2.4276178056753084e-05 8.484165607846076e-06 8.889534570524656e-06 8.078796645167493e-06 3.930591585731347e-05 465.85470787417165 162.8093385029264 170.58828291701033 155.03039408884246 754.2721884239052 10.520940622197486 -818.0985822441 [0.0,117.38959475733843,160.94773389694262,204.5058730365467,248.0640121761509,291.6221513157551,335.18029045535906,378.7384295949634,422.2965687345673,465.85470787417165,507.55347716024016,549.2522464463083,590.9510157323771,632.6497850184454,674.3485543045138,716.0473235905828,757.7460928766511,799.4448621627199,841.1436314487879,882.8424007348567] [-5.260470311098743,-2.712480678720567,-2.0202626059273143,-1.4456687870720089,-0.9788871097299534,-0.6114450808468064,-0.33595940965551563,-0.1459440635591136,-0.03566064050426121,0.0,-0.03154458887013334,-0.12366210973596026,-0.2730662784422293,-0.47676173194383864,-0.7320084726862888,-1.0362917989659763,-1.387296708567078,-1.7828859788914997,-2.221081290848815,-2.7000468897331302] False 58644.65603222185 58658.65603222185
132.83117061068992 153.091119887046 176.4411988580621 3.3508123395797337e-12 2.0448026937848713e-12 2.6175847834101256e-12 1.1397965905639009e-10 1.7421213572804614e-08 0.07743418751371695 1.1639296471529043e-09 3.241631184606939e-10 3.417459247871591e-10 3.065803121342287e-10 1.7441264084046e-09 2.727889225833806e-05 7.597375669780902e-06 8.009461984922129e-06 7.185289354639675e-06 4.08769005035413e-05 444.65785961536864 123.84054205815717 130.55772900006733 117.12335511624703 666.3113338137589 19.408310343021412 -803.8871747697306 [0.0,182.27574073601502,215.07350559593414,247.87127045585345,280.66903531577253,313.46680017569173,346.264565035611,379.0623298955303,411.86009475544927,444.65785961536864,476.78996807844845,508.9220765415285,541.0541850046084,573.186293467688,605.3184019307679,637.4505103938479,669.5826188569272,701.7147273200077,733.8468357830873,765.9789442461674] [-9.704155171510706,-2.7069254621062555,-2.006413895787091,-1.4292302232046268,-0.9634990014083087,-0.5991654967141358,-0.32762368605142456,-0.14143710670145992,-0.034125627269077086,0.0,-0.0326935498308103,-0.12659482518222376,-0.2779320331355848,-0.4833091204700395,-0.7396548722063017,-1.044180598380649,-1.3943446955344143,-1.787822760247309,-2.222482223354291,-2.69636069306182] False 58644.65603222185 58658.65603222185
176.4411988580621 203.35272664697808 234.36890988269914 2.196744227673555e-12 1.3249101696560057e-12 1.706015465163729e-12 9.869636224349228e-11 2.003234163208184e-08 0.08333777111730217 7.921502079258846e-10 1.8330068745810513e-10 1.9376281830640626e-10 1.7283855660980402e-10 1.1223364297198655e-09 3.2757257944265704e-05 7.579910779987029e-06 8.01254428233981e-06 7.147277277634248e-06 4.6411228023081774e-05 464.3276828969781 107.44374315534911 113.57623788469616 101.31124842600207 657.8700208981711 33.6979768211022 -758.4411981252595 [0.0,237.3296487867156,265.70440305049857,294.07915731428136,322.45391157806404,350.82866584184706,379.2034201056297,407.57817436941264,435.95292863319526,464.3276828969781,492.42449604338987,520.5213091898014,548.6181223362132,576.7149354826249,604.8117486290364,632.908561775448,661.00537492186,689.1021880682717,717.1990012146833,745.2958143610952] [-16.8489884105511,-2.712074887799531,-2.0088590863568925,-1.4303020651730094,-0.9640611063292681,-0.5997055595184975,-0.32832435834154694,-0.14223180708108885,-0.034743050507586304,0.0,-0.032200303149693354,-0.12620372643755218,-0.27802907880368366,-0.4841019436670422,-0.7411986678122275,-1.046399915361917,-1.3970518590158463,-1.7907335245672584,-2.2252291344768764,-2.698504544163711] False 58644.65603222185 58658.65603222185
234.36890988269914 270.1158072739371 311.3149665447022 1.4067604699063898e-12 8.385572788887344e-13 1.0861165829195973e-12 8.34816801174487e-11 2.2500972322927144e-08 0.08264889302871486 4.673223254383913e-10 1.0821423561266575e-10 1.1460901764106226e-10 1.0181945358426925e-10 6.623902691158002e-10 3.409702822713201e-05 7.89558650509843e-06 8.362166104359063e-06 7.4290069058377955e-06 4.832968269220114e-05 430.26902708931914 99.63408837914466 105.52183756644337 93.74633919184595 609.8703210434596 35.437212284197585 -702.3674495409872 [0.0,219.45171966091803,245.80388308946806,272.1560465180182,298.5082099465684,324.8603733751186,351.21253680366897,377.56470023221925,403.9168636607694,430.26902708931914,456.47537939212344,482.68173169492644,508.8880839977303,535.0944363005337,561.3007886033374,587.5071409061408,613.7134932089447,639.9198455117481,666.1261978145517,692.3325501173556] [-17.718606142098793,-2.7118126767674084,-1.9994883533391885,-1.4166653189013232,-0.9495152092453054,-0.5864875907998339,-0.317815994461057,-0.13515415690733334,-0.03130268258325941,0.0,-0.035386733567406736,-0.13233533044694923,-0.2866197763396485,-0.4944681186947264,-0.7524972095551448,-1.0576590332228761,-1.4071961970986422,-1.7986047414070754,-2.2296028474132754,-2.6981043388520902] False 58644.65603222185 58658.65603222185
311.3149665447022 358.7979888064861 413.52331434760555 8.799785636266806e-13 5.184302173761756e-13 6.75431327395579e-13 6.897591302753705e-11 2.4688068149620073e-08 0.07787334376598398 1.8940201883417836e-10 5.277518833653e-11 5.63763432782658e-11 4.917403339479418e-11 2.8727553207260396e-10 2.4382857685167393e-05 6.794066475311017e-06 7.257664746264274e-06 6.330468204357759e-06 3.698270196945248e-05 280.41639638555216 78.13553531789505 83.46717274078692 72.80389789500316 425.32159883717634 31.535024902148052 -544.6011431844126 [0.0,124.61570023329574,144.0907872523278,163.5658742713598,183.0409612903919,202.51604830942395,221.99113532845607,241.466222347488,260.94130936652004,280.41639638555216,301.8479077267178,323.27941906788317,344.71093040904844,366.1424417502142,387.5739530913796,409.0054644325452,430.43697577371057,451.868487114876,473.299998456042,494.7315097972073] [-15.767512451074026,-2.6971823463541114,-1.9549391166607393,-1.3654858578174753,-0.9046444212889355,-0.5538947475487248,-0.2986925934089868,-0.1273778139194519,-0.03043864894004855,0.0,-0.0355035327618225,-0.13615264804161598,-0.2956933203721519,-0.5087924733893487,-0.7708603346343352,-1.0779143375068543,-1.426473313240649,-1.8134741452577146,-2.236205337461115,-2.69225349515591] False 58644.65603222185 58658.65603222185
