data/PKS0346-27_allsed_1d_min11.ecsv
# %ECSV 1.0
# ---
# datatype:
# - {name: e_min, unit: MeV, datatype: float64}
# - {name: e_ref, unit: MeV, datatype: float64}
# - {name: e_max, unit: MeV, datatype: float64}
# - {name: ref_dnde_e_min, unit: ph / (MeV s cm2), datatype: float64}
# - {name: ref_dnde_e_max, unit: ph / (MeV s cm2), datatype: float64}
# - {name: ref_dnde, unit: ph / (MeV s cm2), datatype: float64}
# - {name: ref_flux, unit: ph / (s cm2), datatype: float64}
# - {name: ref_eflux, unit: MeV / (s cm2), datatype: float64}
# - {name: ref_npred, datatype: float64}
# - {name: dnde, unit: ph / (MeV s cm2), datatype: float64}
# - {name: dnde_err, unit: ph / (MeV s cm2), datatype: float64}
# - {name: dnde_errp, unit: ph / (MeV s cm2), datatype: float64}
# - {name: dnde_errn, unit: ph / (MeV s cm2), datatype: float64}
# - {name: dnde_ul, unit: ph / (MeV s cm2), datatype: float64}
# - {name: e2dnde, unit: MeV / (s cm2), datatype: float64}
# - {name: e2dnde_err, unit: MeV / (s cm2), datatype: float64}
# - {name: e2dnde_errp, unit: MeV / (s cm2), datatype: float64}
# - {name: e2dnde_errn, unit: MeV / (s cm2), datatype: float64}
# - {name: e2dnde_ul, unit: MeV / (s cm2), datatype: float64}
# - {name: norm, datatype: float64}
# - {name: norm_err, datatype: float64}
# - {name: norm_errp, datatype: float64}
# - {name: norm_errn, datatype: float64}
# - {name: norm_ul, datatype: float64}
# - {name: ts, datatype: float64}
# - {name: loglike, datatype: float64}
# - {name: norm_scan, datatype: string, subtype: 'float64[20]'}
# - {name: dloglike_scan, datatype: string, subtype: 'float64[20]'}
# - {name: ShowUL, datatype: bool}
# - {name: tstart, datatype: float64}
# - {name: tend, datatype: float64}
# meta: !!omap
# - {UL_CONF: 0.95}
# - {EXTNAME: SED}
# - {CONFIG: '{"bin_index": 2.0, "use_local_index": true, "free_background": false, "free_radius": null, "free_pars": [], "ul_confidence":
#     0.95, "cov_scale": 3.0, "make_plots": false, "write_fits": true, "write_npy": true, "optimizer": {"optimizer": "MINUIT", "tol":
#     0.001, "max_iter": 100, "init_lambda": 0.0001, "retries": 3, "min_fit_quality": 2, "verbosity": 0}, "prefix": "", "outfile": null,
#     "loge_bins": []}'}
# - {SRCNAME: 4FGL J0348.6-2749}
# - {CREATOR: fermipy 1.2.0}
# - {STVER: 2.2.0}
# schema: astropy-2.0
e_min e_ref e_max ref_dnde_e_min ref_dnde_e_max ref_dnde ref_flux ref_eflux ref_npred dnde dnde_err dnde_errp dnde_errn dnde_ul e2dnde e2dnde_err e2dnde_errp e2dnde_errn e2dnde_ul norm norm_err norm_errp norm_errn norm_ul ts loglike norm_scan dloglike_scan ShowUL tstart tend
[from data line 675]
1287.3303254983532 1483.6791717563765 1709.9759409858673 5.956958203124706e-14 3.327628535085355e-14 4.4522515763407384e-14 1.882386423989635e-11 2.7825453927853186e-08 0.0013660909653111404 1.6493254573948335e-10 7.392538117133168e-11 8.246936035733492e-11 6.538140198532845e-11 3.188665022183309e-10 0.0003630666536503933 0.00016273222875065325 0.00018154012332362966 0.0001439243341776769 0.0007019220700350887 3704.474981062049 1660.4044022168716 1852.306837187212 1468.5019672465314 7161.915645395854 69.93235484869417 -36.92745726414709 [0.0,1064.1759486424642,1394.213327694912,1724.2507067473614,2054.288085799808,2384.325464852258,2714.362843904706,3044.400222957153,3374.437602009601,3704.474981062049,4238.201218881411,4771.927456700776,5305.653694520138,5839.379932339499,6373.106170158862,6906.832407978227,7440.558645797583,7974.284883616953,8508.01112143631,9041.73735925568] [-34.96617742434709,-2.6932605248642147,-1.787767308706563,-1.1691460341204092,-0.736435714521896,-0.43409212019890475,-0.22826637275557005,-0.09679668609977199,-0.024378966489841503,0.0,-0.04211657936582469,-0.16423443072225297,-0.3494030553948093,-0.585555408098756,-0.8637948765326442,-1.1773732115409672,-1.5210497948022805,-1.8906733016858581,-2.2828991104280547,-2.6949928049413714] False 58906.699990555186 58907.699990555186
1709.9759409858673 1970.7884119509856 2271.3810595726877 3.342749581146957e-14 1.8717857678782222e-14 2.5013818364199715e-14 1.4046990988236019e-11 2.7582993673852555e-08 0.0010471917430622674 4.774979057277501e-11 3.3702643426068634e-11 3.9294607816645115e-11 2.8110679035492157e-11 1.261397351103504e-10 0.00018546051914668325 0.00013090130179498687 0.00015262053043423008 0.00010918207315574367 0.0004899276096915275 1908.93648772614 1347.3610040402525 1570.9160130819673 1123.8059949985377 5042.80207338853 31.144648145680375 -10.715218599615893 [0.0,204.65454737355395,417.6897899176273,630.7250324617006,843.7602750057738,1056.795517549847,1269.8307600939204,1482.8660026379937,1695.901245182066,1908.93648772614,2410.7938227794116,2912.651157832682,3414.5084928859555,3916.365827939228,4418.223162992499,4920.080498045768,5421.937833099041,5923.795168152312,6425.652503205584,6927.509838258854] [-15.572324072840187,-2.677865758408192,-1.4760535138364705,-0.8755071921344459,-0.5169095368944561,-0.2899274076549805,-0.1458545005221552,-0.058844872107057355,-0.013524131934955719,0.0,-0.05880585582165132,-0.2061868954760726,-0.4138272297005887,-0.6651360437574585,-0.9495524535791287,-1.2599366744183396,-1.591235343475402,-1.9397402584900245,-2.3026496205952416,-2.6777947562859374] False 58906.699990555186 58907.699990555186
2271.3810595726877 2617.821317854317 3017.1020504598932 1.8848081670793193e-14 1.0579410370491807e-14 1.4120962810370494e-14 1.0532756759585908e-11 2.7474182064388986e-08 0.0007891533641700352 3.578490879734965e-11 2.5247768543188487e-11 2.943556765829056e-11 2.1059969428086405e-11 9.449957898498935e-11 0.0002452335667517151 0.00017302266627060504 0.00020172160524658536 0.0001443237272946247 0.0006476045235230762 2534.169183638744 1787.9636737408882 2084.5297911749303 1491.397556306846 6692.148421748442 35.55148789386432 -9.932927482538087 [0.0,271.9294141552107,554.7093853406523,837.4893565260942,1120.2693277115352,1403.0492988969768,1685.8292700824195,1968.609241267861,2251.389212453302,2534.169183638744,3200.062171628066,3865.955159617391,4531.848147606715,5197.741135596036,5863.634123585362,6529.5271115746855,7195.4200995640085,7861.313087553331,8527.206075542656,9193.099063531976] [-17.77574394693216,-2.678058171613582,-1.475893738901652,-0.8752787600664043,-0.5166814045321804,-0.2897268584845172,-0.1456950941604731,-0.058734326944932747,-0.01346725891732703,0.0,-0.05890404333821664,-0.20633250359986377,-0.41399187192400433,-0.6653022443354129,-0.9497086909604917,-1.2600749522251746,-1.5913498854987616,-1.939826756415016,-2.302704775466605,-2.6778159860479818] False 58906.699990555186 58907.699990555186
9392.473966813408 10825.05221838098 12476.13311942254 1.1544185353510413e-15 6.557941971096272e-16 8.700925103223248e-16 2.682924547288245e-12 2.8947048740735275e-08 0.00019921527248357301 4.366029451597796e-12 4.388497380514198e-12 5.500659096878296e-12 3.2763356641500998e-12 1.588885600500942e-11 0.0005116189958368602 0.0005142518271904226 0.0006445768895479762 0.00038392676483286884 0.0018618840400411118 5017.891086064407 5043.713545917645 6321.924429438639 3765.5026623966514 18261.111107741188 14.713448444064966 -10.156912719691242 [0.0,557.5434540071565,1115.086908014313,1672.6303620214692,2230.173816028626,2787.717270035782,3345.2607240429384,3902.8041780500935,4460.347632057252,5017.891086064407,7199.365471621377,9380.839857178345,11562.31424273531,13743.78862829228,15925.263013849242,18106.737399406218,20288.21178496318,22469.686170520148,24651.160556077117,26832.634941634085] [-7.356724222032483,-1.306777798370673,-0.7257573983553858,-0.4317155789397855,-0.2552807828959853,-0.1433140807593496,-0.0721341533258073,-0.02910497497027187,-0.006682502889855613,0.0,-0.0736710424004361,-0.24361572972380507,-0.469140711725478,-0.730903960123019,-1.018178992661337,-1.3243935414083658,-1.645227640106068,-1.9776891932496383,-2.31961998907331,-2.6694120036033713] False 58906.699990555186 58907.699990555186
12476.13311942254 14379.0435808939 16572.19366947696 6.699317553747226e-16 3.814844617054264e-16 5.055378868873207e-16 2.0704865630317055e-12 2.9675146790159548e-08 0.00015352838870401342 3.25687516443264e-12 3.306904504552694e-12 4.1466498588945825e-12 2.4671591502108047e-12 1.197080312492101e-11 0.0006733813941249527 0.0006837253051121158 0.0008573484465797442 0.0005101021636444874 0.0024750460764003195 6442.395810303655 6541.358403252118 8202.451223638613 4880.265582865621 23679.339245228875 11.25410042809769 -11.374285413496322 [0.0,715.8217567004067,1431.6435134008134,2147.4652701012187,2863.287026801627,3579.1087835020307,4294.930540202437,5010.752296902843,5726.574053603254,6442.395810303655,9269.403747949287,12096.411685594916,14923.419623240541,17750.42756088616,20577.4354985318,23404.443436177415,26231.45137382304,29058.459311468683,31885.467249114296,34712.47518675991] [-5.627050214048845,-1.3073811278222802,-0.7301105574082243,-0.43654492691809565,-0.2597635765075541,-0.14712052482659743,-0.07509915587787397,-0.031134126220429437,-0.0077167654001968344,0.0,-0.0706157369762721,-0.23866945270887108,-0.46280765829648907,-0.723447901382487,-1.0097551717035689,-1.3151010307003848,-1.6351335234457913,-1.9668409990145843,-2.3080526178067284,-2.657151837522184] False 58906.699990555186 58907.699990555186
16572.19366947696 19099.851911122612 22013.03884703687 3.906446301620288e-16 2.2298218088903375e-16 2.951385972490205e-16 1.6055380513279087e-12 3.056790601148738e-08 0.00011842717680825288 2.4331881097712626e-12 2.4996673047546395e-12 3.1337955583850722e-12 1.8655390511242063e-12 9.060735011178356e-12 0.0008876375898457611 0.0009118894888966233 0.0011432222298570142 0.0006805567479362322 0.003305395483092973 8244.221977236959 8469.469354581122 10618.04720763432 6320.8915015279235 30699.932491491254 18.660331220295944 -7.95423238652997 [0.0,916.0246641374399,1832.0493282748798,2748.073992412319,3664.0986565497597,4580.123320687198,5496.147984824638,6412.172648962078,7328.197313099519,8244.221977236959,11943.17158512209,15642.121193007226,19341.07080089235,23040.02040877748,26738.97001666261,30437.91962454775,34136.869232432866,37835.81884031801,41534.768448203125,45233.71805608829] [-9.330165610147972,-1.3290995741454363,-0.7445849470778008,-0.44765217173044114,-0.26847737403128313,-0.15383107381430072,-0.08000175616427718,-0.03434045146149867,-0.009296643929112669,0.0,-0.06741939730937574,-0.23567335860465377,-0.4614693824658005,-0.7245259624429305,-1.0136944448650276,-1.3221847214307907,-1.6455530391756739,-1.980731754402397,-2.3255139339542854,-2.6782587225428482] False 58906.699990555186 58907.699990555186
132.83117061068992 153.091119887046 176.4411988580621 3.783346935631525e-12 2.269666369128066e-12 2.930347300670453e-12 1.2763819476425012e-10 1.9500975500049456e-08 0.0028787098730347926 9.886110383976763e-09 3.5171186429549118e-09 3.833159237819692e-09 3.2010780480901323e-09 1.6749216038238776e-08 0.0002316996913672664 8.243032622774601e-05 8.983733519745984e-05 7.50233172580322e-05 0.00039254955042718393 3373.6992136443537 1200.2395218308109 1308.0904222317536 1092.3886214298684 5715.778479365437 21.695496016598213 -94.40543220931079 [0.0,1160.0432869476522,1436.7502777847392,1713.457268621828,1990.1642594589152,2266.8712502960043,2543.57824113309,2820.2852319701783,3096.992222807266,3373.6992136443537,3725.5598799587037,4077.4205462730515,4429.281212587398,4781.141878901745,5133.0025452160935,5484.863211530443,5836.723877844789,6188.584544159137,6540.4452104734855,6892.305876787835] [-10.847748008299106,-2.7003407486921134,-1.9103465614710728,-1.3088962424029518,-0.8543251184282354,-0.5176856537814132,-0.27798084910925525,-0.11946069424388384,-0.02998802972834369,0.0,-0.03584704659819238,-0.1430012066794859,-0.3115484542909712,-0.5335324025906232,-0.8024667182123295,-1.1129912931368722,-1.4606239240566623,-1.8415772075110368,-2.2526210423127537,-2.6909777027401702] False 58908.699990555186 58909.699990555186
176.4411988580621 203.35272664697808 234.36890988269914 2.284125740740594e-12 1.3688456990293525e-12 1.7682238818246376e-12 1.0230747460045878e-10 2.076215239259592e-08 0.003176296373511713 3.732951346008044e-09 1.5987157592902585e-09 1.7537605220701773e-09 1.4436709965103398e-09 6.910546873344296e-09 0.00015436624128996033 6.611062394814572e-05 7.252208636584475e-05 5.9699161530446685e-05 0.0002857672247019819 2111.1304877049834 904.1365042759953 991.8204024370854 816.4526061149054 3908.185464734971 17.4264780909578 -66.45410465165138 [0.0,556.0856702016412,750.4662723895589,944.8468745774767,1139.2274767653946,1333.608078953312,1527.9886811412293,1722.3692833291475,1916.7498855170656,2111.1304877049834,2384.8862422892416,2658.641996873499,2932.3977514577605,3206.153506042019,3479.909260626278,3753.6650152105376,4027.4207697947963,4301.176524379057,4574.9322789633125,4848.688033547571] [-8.7132390454789,-2.6865577987343556,-1.835078024794484,-1.2236616902060433,-0.7808056046225857,-0.46346698556587285,-0.24358619941028792,-0.1017828591804033,-0.024070322168270764,0.0,-0.0419579189971131,-0.1577062164211469,-0.3347285109411473,-0.5635073262682369,-0.8366253111848039,-1.1481822449554073,-1.4934027770976428,-1.8683642370661602,-2.269802722610436,-2.69497177666409] False 58908.699990555186 58909.699990555186
311.3149665447022 358.7979888064861 413.52331434760555 8.273694635210749e-13 4.948017675504598e-13 6.398311284764932e-13 6.532098189346402e-11 2.3388176755990938e-08 0.0030028169991832675 2.407312409259238e-09 7.669267676570358e-10 8.49043844120585e-10 6.848096911934867e-10 3.873224558310418e-09 0.00030990776254658013 9.873108188513393e-05 0.00010930250557563692 8.815965819463094e-05 0.0004986234242342517 3762.4183977908488 1198.6393495470766 1326.981146013089 1070.2975530810643 6053.510662310198 48.31189765688421 -96.92975329680814 [0.0,1565.8258014982996,1840.3998760348684,2114.9739505714365,2389.548025108004,2664.122099644575,2938.696174181142,3213.2702487177103,3487.844323254281,3762.4183977908488,4105.661944385942,4448.905490981038,4792.149037576131,5135.392584171229,5478.636130766326,5821.87967736142,6165.123223956511,6508.366770551607,6851.610317146703,7194.8538637418] [-24.155948828442106,-2.695857250005133,-1.9049538240435453,-1.302592014893591,-0.847528015067482,-0.5109744306149366,-0.2719900574859935,-0.11483597367111997,-0.027366170482281404,0.0,-0.0387318436005728,-0.1474427618586418,-0.31661668063821935,-0.5385851189936659,-0.8070736348994672,-1.1168802166913565,-1.4636419006741619,-1.8436619634066176,-2.2537796768248484,-2.691270586580515] False 58908.699990555186 58909.699990555186
549.2752115212968 633.0528961793416 729.6086933380817 2.972255494060181e-13 1.773843072631963e-13 2.296152176627441e-13 4.1361415060007445e-11 2.612809255437802e-08 0.0024361979216385443 4.990162100730907e-10 2.2247205957128478e-10 2.4487942178917366e-10 2.0006469735339585e-10 9.458621472979344e-10 0.00019998372499471995 8.915700588924e-05 9.813689005569429e-05 8.01771217227857e-05 0.00037905990172231016 2173.2715067955082 968.8907461614714 1066.477319237828 871.3041730851146 4119.335629954652 32.242190253051746 -40.36152610426842 [0.0,564.1854389330974,765.3211974158983,966.4569558987004,1167.592714381501,1368.728472864303,1569.8642313471046,1770.9999898299045,1972.1357483127063,2173.2715067955082,2475.7870091274035,2778.3025114592992,3080.8180137911945,3383.3335161230902,3685.8490184549846,3988.364520786879,4290.880023118773,4593.39552545067,4895.911027782566,5198.426530114462] [-16.121095126525873,-2.693762895646131,-1.7633503825364585,-1.1348888403412403,-0.6998391432281963,-0.3997143789779187,-0.1992781833026953,-0.07561439728304009,-0.012960724239093224,0.0,-0.056160808139097185,-0.185422863580186,-0.3732883827322553,-0.6092231928487166,-0.8853259989327,-1.1955142727252976,-1.5350030556253742,-1.899958494948855,-2.287260116524216,-2.6943332282918675] False 58908.699990555186 58909.699990555186
729.6086933380817 840.8915725798939 969.1477682383326 1.7758913230982449e-13 1.0587515921466015e-13 1.3712139752094147e-13 3.281018670473229e-11 2.7530262092648146e-08 0.002128141123442711 2.503220789338531e-10 1.2817987328416362e-10 1.4419622726419552e-10 1.1216351930413173e-10 5.23628485274418e-10 0.0001770024007840529 9.063581366902886e-05 0.00010196095573539045 7.931067160266728e-05 0.00037025698814598145 1825.550814530048 934.7911821317874 1051.5953736700617 817.9869905935132 3818.7219116874035 30.159474559414548 -24.395970263309515 [0.0,407.7828453907306,585.0038415331451,762.2248376755598,939.4458338179745,1116.6668299603891,1293.8878261028033,1471.1088222452179,1648.3298183876323,1825.550814530048,2136.0254851527,2446.5001557753517,2756.9748263980036,3067.4494970206556,3377.9241676433066,3688.3988382659595,3998.8735088886124,4309.348179511262,4619.82285013392,4930.297520756568] [-15.079737279707274,-2.693811736883955,-1.7319373535090072,-1.1097092099832757,-0.6887332864493594,-0.4012077399282781,-0.208757238425207,-0.08751826955342779,-0.021627599106160744,0.0,-0.045691565938234646,-0.17352382662237886,-0.364109632455218,-0.6042090886522544,-0.8843766063015863,-1.1976363142062496,-1.5386894852258308,-1.9034164756780534,-2.288550869060977,-2.6914589651984038] False 58908.699990555186 58909.699990555186
