data/PKS0346-27_allsed_14d_min11.ecsv
# %ECSV 1.0
# ---
# datatype:
# - {name: e_min, unit: MeV, datatype: float64}
# - {name: e_ref, unit: MeV, datatype: float64}
# - {name: e_max, unit: MeV, datatype: float64}
# - {name: ref_dnde_e_min, unit: ph / (cm2 MeV s), datatype: float64}
# - {name: ref_dnde_e_max, unit: ph / (cm2 MeV s), datatype: float64}
# - {name: ref_dnde, unit: ph / (cm2 MeV s), datatype: float64}
# - {name: ref_flux, unit: ph / (cm2 s), datatype: float64}
# - {name: ref_eflux, unit: MeV / (cm2 s), datatype: float64}
# - {name: ref_npred, datatype: float64}
# - {name: dnde, unit: ph / (cm2 MeV s), datatype: float64}
# - {name: dnde_err, unit: ph / (cm2 MeV s), datatype: float64}
# - {name: dnde_errp, unit: ph / (cm2 MeV s), datatype: float64}
# - {name: dnde_errn, unit: ph / (cm2 MeV s), datatype: float64}
# - {name: dnde_ul, unit: ph / (cm2 MeV s), datatype: float64}
# - {name: e2dnde, unit: MeV / (cm2 s), datatype: float64}
# - {name: e2dnde_err, unit: MeV / (cm2 s), datatype: float64}
# - {name: e2dnde_errp, unit: MeV / (cm2 s), datatype: float64}
# - {name: e2dnde_errn, unit: MeV / (cm2 s), datatype: float64}
# - {name: e2dnde_ul, unit: MeV / (cm2 s), datatype: float64}
# - {name: norm, datatype: float64}
# - {name: norm_err, datatype: float64}
# - {name: norm_errp, datatype: float64}
# - {name: norm_errn, datatype: float64}
# - {name: norm_ul, datatype: float64}
# - {name: ts, datatype: float64}
# - {name: loglike, datatype: float64}
# - {name: norm_scan, datatype: string, subtype: 'float64[20]'}
# - {name: dloglike_scan, datatype: string, subtype: 'float64[20]'}
# - {name: ShowUL, datatype: bool}
# - {name: tstart, datatype: float64}
# - {name: tend, datatype: float64}
# meta: !!omap
# - {UL_CONF: 0.95}
# - {EXTNAME: SED}
# - {CONFIG: '{"bin_index": 2.0, "use_local_index": true, "free_background": false, "free_radius": null, "free_pars": [], "ul_confidence":
#     0.95, "cov_scale": 3.0, "make_plots": false, "write_fits": true, "write_npy": true, "optimizer": {"optimizer": "MINUIT", "tol":
#     0.001, "max_iter": 100, "init_lambda": 0.0001, "retries": 3, "min_fit_quality": 2, "verbosity": 0}, "prefix": "", "outfile": null,
#     "loge_bins": []}'}
# - {SRCNAME: 4FGL J0348.5-2749}
# - {CREATOR: fermipy 1.2.0}
# - {STVER: 2.2.0}
# schema: astropy-2.0
e_min e_ref e_max ref_dnde_e_min ref_dnde_e_max ref_dnde ref_flux ref_eflux ref_npred dnde dnde_err dnde_errp dnde_errn dnde_ul e2dnde e2dnde_err e2dnde_errp e2dnde_errn e2dnde_ul norm norm_err norm_errp norm_errn norm_ul ts loglike norm_scan dloglike_scan ShowUL tstart tend
[from data line 532]
1287.3303254983532 1483.6791717563765 1709.9759409858673 6.133698049668284e-14 3.540837764482305e-14 4.6603036049378755e-14 1.9688303634230894e-11 2.9125882441106768e-08 0.0334272277441533 1.1045900971549107e-10 1.2511027362733422e-11 1.3131636864412754e-11 1.1890417861054089e-11 1.3271666942686634e-10 0.00024315384718723285 2.7540573135219213e-05 2.8906723242149947e-05 2.6174423028288475e-05 0.000292149719974296 2370.210593113571 268.4594915549542 281.776424405032 255.14255870487636 2847.811659443066 694.1918803434121 -264.8241272091774 [0.0,1793.6604764685262,1865.7292410491566,1937.7980056297881,2009.8667702104176,2081.9355347910473,2154.0042993716793,2226.0730639523076,2298.141828532939,2370.210593113571,2439.0598293524836,2507.909065591399,2576.758301830315,2645.6075380692296,2714.4567743081434,2783.306010547059,2852.1552467859756,2921.0044830248903,2989.853719263804,3058.7029555027193] [-347.09594017170605,-2.704250042674289,-2.0229739914211677,-1.453810439006304,-0.9888132850832676,-0.6208573328037232,-0.34352855341069244,-0.15103214025117495,-0.03811499414797481,0.0,-0.02943920568378644,-0.11968650356413946,-0.2675376201539166,-0.47003636770682533,-0.7244495910738351,-1.028245206741417,-1.3790728863125423,-1.7747470106396008,-2.2132315811232957,-2.692626824110505] False 58616.65603222185 58630.65603222185
1709.9759409858673 1970.7884119509856 2271.3810595726877 3.54083776422231e-14 2.044041289847044e-14 2.69028225112535e-14 1.5097044468874517e-11 2.9666255180719814e-08 0.026295430273982734 6.78355655040666e-11 8.315903740256403e-12 8.745270425084821e-12 7.886537055427987e-12 8.264849474807594e-11 0.0002634738088708205 3.229902804476672e-05 3.396669123904198e-05 3.0631364850491465e-05 0.00032100732922186906 2521.503662884847 309.1089693944881 325.06888158023787 293.1490572087384 3072.112404321291 712.7466540007326 -181.13089117682068 [0.0,1862.1680772048376,1944.5850254148384,2027.0019736248396,2109.4189218348406,2191.8358700448407,2274.252818254843,2356.6697664648455,2439.086714674847,2521.503662884847,2601.112060241335,2680.7204575978244,2760.328854954312,2839.937252310802,2919.5456496672896,2999.1540470237787,3078.7624443802665,3158.370841736755,3237.9792390932425,3317.5876364497335] [-356.3733270003663,-2.7026203063943512,-2.014077448711589,-1.4417044310513347,-0.9763567408551239,-0.6099311347611263,-0.3352131174951296,-0.14575138618766914,-0.03575371065613808,0.0,-0.0315216067318147,-0.1240399558108436,-0.2740250856484181,-0.4782454698985248,-0.7337352588650106,-1.0377658993834586,-1.387821448758757,-1.7815770200449492,-2.2168798935311145,-2.6917329079943784] False 58616.65603222185 58630.65603222185
2271.3810595726877 2617.821317854317 3017.1020504598932 2.0440412900109857e-14 1.1799763426801044e-14 1.5530358546003667e-14 1.157645452665195e-11 3.021665346475107e-08 0.020484114537234865 4.349523119483222e-11 5.73102213657463e-12 6.042264124890644e-12 5.419780148258616e-12 5.375300738322282e-11 0.00029807231710449867 3.927462852132022e-05 4.1407566273093526e-05 3.714169076954691e-05 0.00036836873886891987 2800.6585337995684 369.02059405765357 389.0614699584939 348.97971815681325 3461.156883403362 635.2490393206783 -161.82346361894022 [0.0,2019.164900121733,2116.8516043314626,2214.5383085411927,2312.2250127509215,2409.91171696065,2507.598421170379,2605.2851253801086,2702.971829589838,2800.6585337995684,2896.3157810139487,2991.973028228329,3087.6302754427115,3183.287522657091,3278.944769871473,3374.6020170858533,3470.259264300237,3565.9165115146166,3661.5737587289996,3757.2310059433794] [-317.62451966033916,-2.70070923879652,-2.0077161178761287,-1.4338112186221963,-0.9688412679957139,-0.6039014588801024,-0.3311385409504055,-0.14359129618603106,-0.03506018749905593,0.0,-0.032070464783458874,-0.12559475457413782,-0.27674845731533537,-0.4820541729510808,-0.7383407118537093,-1.0427081238802032,-1.392497585366499,-1.785265355651518,-2.2187601601401354,-2.6909034724546075] False 58616.65603222185 58630.65603222185
3017.1020504598932 3477.2827010020824 4007.6519721450045 1.1799763426036699e-14 6.811722326626063e-15 8.965306016976758e-15 8.876856636766397e-12 3.0777263288521656e-08 0.01581286632874479 2.164859520927284e-11 3.5154932719179685e-12 3.743239761053809e-12 3.2877467827821275e-12 2.8088115462529424e-11 0.00026176388035517334 4.250756925907072e-05 4.526136478978163e-05 3.9753773728359815e-05 0.00033962730718834524 2414.7078937717165 392.1219493524269 417.5250408592398 366.71885784561397 3132.978998077879 422.96048969688394 -138.60103833504004 [0.0,1606.9516815037719,1707.9212080372636,1808.8907345707573,1909.86026110425,2010.829787637743,2111.7993141712363,2212.768840704729,2313.7383672382216,2414.7078937717165,2519.0182287565517,2623.328563741387,2727.638898726222,2831.9492337110564,2936.259568695892,3040.569903680728,3144.8802386655634,3249.1905736504,3353.500908635235,3457.81124362007] [-211.48024484844197,-2.695277325985984,-1.991238995854701,-1.4147701533806583,-0.9523102197024116,-0.5923623349229388,-0.32509363306837713,-0.1420280052828673,-0.03580677335486371,0.0,-0.03096151805866043,-0.12554979592141535,-0.27890173439388377,-0.4866937101429869,-0.745064418671717,-1.050551058598927,-1.4000361782160837,-1.7907031131621807,-2.2199983991369265,-2.6855998877731224] False 58616.65603222185 58630.65603222185
4007.6519721450045 4618.915317184078 5323.411028602609 6.81172232718075e-15 3.9322450276608405e-15 5.175457588548366e-15 6.8067976753808374e-12 3.13482741156137e-08 0.012137869063150952 1.3832517765323934e-11 2.4260788234956378e-12 2.589697836319613e-12 2.262459810671662e-12 1.829407589337444e-11 0.0002951081724811206 5.1758884394259684e-05 5.524959437756385e-05 4.8268174410955526e-05 0.0003902927432096615 2672.713963675575 468.7660524672784 500.3804575753431 437.15164735921377 3534.774574107879 381.89419300166844 -109.9242947461832 [0.0,1712.5746680623668,1832.592080014018,1952.6094919656691,2072.6269039173203,2192.644315868972,2312.6617278206227,2432.6791397722727,2552.696551723924,2672.713963675575,2798.435109272686,2924.1562548697952,3049.877400466904,3175.5985460640118,3301.3196916611223,3427.040837258232,3552.7619828553425,3678.483128452451,3804.2042740495613,3929.9254196466704] [-190.94709650083422,-2.694561076295713,-1.9808338417745688,-1.400383727951862,-0.9376762478416651,-0.5797511880775374,-0.31568242029266,-0.1361725732489134,-0.03324403122365993,0.0,-0.03337698704284264,-0.13061212822738355,-0.28642793842483627,-0.4961765917352068,-0.7557434499052249,-1.0614684050252379,-1.4100812260171836,-1.79864801735134,-2.2245265723542076,-2.6853289035528434] False 58616.65603222185 58630.65603222185
5323.411028602609 6135.359285332078 7071.149185711414 3.932245028175066e-15 2.269991379159531e-15 2.9876683742845878e-15 5.219470865942506e-12 3.192987891362472e-08 0.009344489810808154 4.79497286546405e-12 1.2309487574322816e-12 1.3244137467257709e-12 1.1374837681387924e-12 7.120442643339583e-12 0.00018049540650533647 4.6336153007296786e-05 4.985442134997125e-05 4.281788466462231e-05 0.0002680322132090168 1604.921385095905 412.0098361743507 443.29342510877177 380.7262472399296 2383.2774429138603 219.1220247726286 -39.717919656822964 [0.0,823.4950136344908,921.1733100671673,1018.8516064998441,1116.529902932521,1214.2081993651968,1311.886495797874,1409.5647922305511,1507.2430886632283,1604.921385095905,1721.283236481539,1837.645087867175,1954.0069392528083,2070.3687906384434,2186.7306420240784,2303.092493409713,2419.454344795347,2535.816196180981,2652.178047566616,2768.539898952251] [-109.5610123863143,-2.703016766569661,-1.9354895861213564,-1.3373164341686063,-0.8774587817589818,-0.5326992985028625,-0.2852165118368717,-0.12103231760908528,-0.028980567735025886,0.0,-0.03753335567417082,-0.14371802150058244,-0.3101212811377323,-0.5297746595890445,-0.7968533934000348,-1.1064390755826778,-1.4543408483885756,-1.8369586254324588,-2.2511770185637587,-2.6942820523268765] False 58616.65603222185 58630.65603222185
7071.149185711414 8149.575733880153 9392.473966813408 2.2699913786386282e-15 1.3104703404351738e-15 1.7247482061882186e-15 4.0020209616610116e-12 3.2519612248192166e-08 0.007239989561679039 2.278296432135284e-12 7.427330583263934e-13 8.088022347062001e-13 6.766638819465867e-13 3.7254902797781796e-12 0.0001513143895286131 4.932905030187248e-05 5.3717073277969156e-05 4.49410273257758e-05 0.00024743061501048073 1320.9443697120485 430.6327472390137 468.93931056388476 392.3261839141427 2160.0198025494415 134.14795439636688 -38.106656566530944 [0.0,550.3430134246748,646.6681829605961,742.9933524965184,839.3185220324399,935.6436915683615,1031.9688611042834,1128.294030640205,1224.6192001761272,1320.9443697120485,1447.9624671562206,1574.9805646003945,1701.9986620445668,1829.0167594887394,1956.0348569329112,2083.0529543770845,2210.071051821257,2337.0891492654277,2464.1072467096014,2591.125344153774] [-67.07397719818344,-2.693277230053731,-1.8818068077344208,-1.274906211665403,-0.8230745499139118,-0.49292515092079725,-0.26085976585822834,-0.10957341523274522,-0.02599351977946185,0.0,-0.040452741026435035,-0.1529601383774022,-0.32649761819259737,-0.5524032453080139,-0.8237456654259034,-1.1348905436737695,-1.4811950267306173,-1.8587873387790523,-2.2644045125645107,-2.695270753227831] False 58616.65603222185 58630.65603222185
9392.473966813408 10825.05221838098 12476.13311942254 1.310470340205611e-15 7.565033087794222e-16 9.956782353867317e-16 3.069043907972349e-12 3.312561085170438e-08 0.0055490114295709825 1.4388173835359797e-12 5.060781100668196e-13 5.540842062315228e-13 4.580720139021163e-13 2.4396102485625403e-12 0.00016860314689079868 5.93031213732761e-05 6.492855999803044e-05 5.367768274852177e-05 0.00028587781173718493 1445.0626039617391 508.27475391209447 556.4892216573468 460.0602861668422 2450.199433770861 133.0437285419338 -18.975863133969252 [0.0,558.0077284011412,668.8895878462167,779.7714472912911,890.6533067363653,1001.5351661814402,1112.4170256265145,1223.29888507159,1334.1807445166637,1445.0626039617391,1597.988815871405,1750.9150277810716,1903.841239690738,2056.767451600405,2209.6936635100697,2362.6198754197376,2515.5460873294023,2668.472299239069,2821.398511148736,2974.3247230584016] [-66.5218642709669,-2.700667468875892,-1.8648592287486245,-1.2518527520543827,-0.8021961200060055,-0.47745646824658294,-0.25134820701103067,-0.10509838073554789,-0.024831164220859847,0.0,-0.041851603292862194,-0.1572959620761445,-0.3339938414117327,-0.5624708942253243,-0.8352941343158022,-1.1465245812814224,-1.4913418911131835,-1.8657799411289737,-2.2665362004509966,-2.6908314786932763] False 58616.65603222185 58630.65603222185
16572.19366947696 19099.851911122612 22013.03884703687 4.3671133855982024e-16 2.5210305222397987e-16 3.318075668090632e-16 1.8045560406562418e-12 3.436617264012582e-08 0.003262839777462001 4.0650253870714397e-13 2.026024429573465e-13 2.2732214427033885e-13 1.7788274164435418e-13 8.355805821761775e-13 0.00014829389157179173 7.391025109868238e-05 8.292810549598763e-05 6.489239670137714e-05 0.0003048234253267433 1225.1153360256656 610.6022382362754 685.1023515119234 536.1021249606275 2518.2686163905587 62.57129702158939 -16.808573848399163 [0.0,291.42240297451804,408.13401960591165,524.8456362373049,641.5572528686985,758.2688695000915,874.9804861314849,991.6921027628783,1108.4037193942722,1225.1153360256656,1426.9035339732015,1628.6917319207364,1830.4799298682722,2032.2681278158082,2234.056325763344,2435.84452371088,2637.632721658415,2839.420919605949,3041.209117553488,3242.9973155010216] [-31.285648510794694,-2.689297093468621,-1.7259371282298694,-1.102444177029465,-0.6811774709465439,-0.39418902492748487,-0.2029004592264343,-0.08328944307843855,-0.01937829552707626,0.0,-0.04887075051472323,-0.17845557148005398,-0.3698559878475294,-0.6101206757389761,-0.889985350118458,-1.2025937471784403,-1.5427292211716548,-1.9063303224977872,-2.290173037511117,-2.6916552913273932] False 58616.65603222185 58630.65603222185
22013.03884703687 25370.556878452422 29240.177187505025 2.5210305211730433e-16 1.4553308627359535e-16 1.9154460377056921e-16 1.3837384514589802e-12 3.500376851502904e-08 0.0025091539850927713 2.280862421672023e-13 1.3175836980375225e-13 1.4981445783056693e-13 1.1370228177693754e-13 5.172614046429446e-13 0.0001468111667196299 8.480827169656811e-05 9.643034641892584e-05 7.318619697421037e-05 0.00033294314287924667 1190.7735205132826 687.8730447638791 782.1387545326709 593.6073349950873 2700.4749518421136 42.373583853029984 -10.735850483977185 [0.0,208.85500131535213,331.59481621509354,454.3346311148346,577.0744460145762,699.8142609143173,822.5540758140585,945.2938907138,1068.0337056135413,1190.7735205132826,1429.4218344504475,1668.070148387612,1906.718462324776,2145.3667762619407,2384.0150901991055,2622.6634041362718,2861.3117180734353,3099.9600320106,3338.6083459477654,3577.256659884929] [-21.186791926514992,-2.7031676865781016,-1.6487296454819091,-1.0233624871248708,-0.6205444932940711,-0.3543080733243862,-0.18052618053262748,-0.07351284655573309,-0.016992667247807347,0.0,-0.052820997567463834,-0.18987635608662323,-0.3886150639402768,-0.6344822072844813,-0.9175351068109734,-1.230679428074243,-1.5686754120344624,-1.927542948070883,-2.30418759425347,-2.6961558489065247] False 58616.65603222185 58630.65603222185
29240.177187505025 33700.007692099294 38840.06964680279 1.4553308640806912e-16 8.401278383444233e-17 1.1057413680043034e-16 1.0610543876273682e-12 3.565319376001014e-08 0.0019411587314644985 1.1365001281457875e-13 8.037185135770711e-14 9.37050423350165e-14 6.703866038039774e-14 3.005644067977791e-13 0.00012907124197495982 9.127754953702395e-05 0.00010641992811060466 7.613517096344325e-05 0.00034134814698305057 1027.8173187976124 726.859405674278 847.4408667927472 606.277944555809 2718.216171474642 26.53978099189138 -8.548213307565861 [0.0,108.33357497162794,223.2690429498759,338.204510928124,453.13997890637216,568.07544688462,683.0109148628682,797.9463828411162,912.8818508193648,1027.8173187976124,1298.5070668897301,1569.1968149818485,1839.8865630739667,2110.576311166084,2381.266059258202,2651.9558073503213,2922.645555442438,3193.3353035345567,3464.025051626674,3734.714799718791] [-13.26989049594569,-2.675794558158776,-1.4750056112675285,-0.8748565041504133,-0.5164747031122499,-0.28963216337336384,-0.14565970781623072,-0.058727802787215566,-0.013470423406539922,0.0,-0.05888071293254882,-0.2062803787059071,-0.4139078022754159,-0.6651842501242466,-0.9495554473803569,-1.2598855294205027,-1.591123605845942,-1.9395631108986766,-2.3024033720455304,-2.6774765163744547] False 58616.65603222185 58630.65603222185
