data/PKS0208-512_allsed_14d_min11.ecsv
# %ECSV 1.0
# ---
# datatype:
# - {name: e_min, unit: MeV, datatype: float64}
# - {name: e_ref, unit: MeV, datatype: float64}
# - {name: e_max, unit: MeV, datatype: float64}
# - {name: ref_dnde_e_min, unit: ph / (cm2 MeV s), datatype: float64}
# - {name: ref_dnde_e_max, unit: ph / (cm2 MeV s), datatype: float64}
# - {name: ref_dnde, unit: ph / (cm2 MeV s), datatype: float64}
# - {name: ref_flux, unit: ph / (cm2 s), datatype: float64}
# - {name: ref_eflux, unit: MeV / (cm2 s), datatype: float64}
# - {name: ref_npred, datatype: float64}
# - {name: dnde, unit: ph / (cm2 MeV s), datatype: float64}
# - {name: dnde_err, unit: ph / (cm2 MeV s), datatype: float64}
# - {name: dnde_errp, unit: ph / (cm2 MeV s), datatype: float64}
# - {name: dnde_errn, unit: ph / (cm2 MeV s), datatype: float64}
# - {name: dnde_ul, unit: ph / (cm2 MeV s), datatype: float64}
# - {name: e2dnde, unit: MeV / (cm2 s), datatype: float64}
# - {name: e2dnde_err, unit: MeV / (cm2 s), datatype: float64}
# - {name: e2dnde_errp, unit: MeV / (cm2 s), datatype: float64}
# - {name: e2dnde_errn, unit: MeV / (cm2 s), datatype: float64}
# - {name: e2dnde_ul, unit: MeV / (cm2 s), datatype: float64}
# - {name: norm, datatype: float64}
# - {name: norm_err, datatype: float64}
# - {name: norm_errp, datatype: float64}
# - {name: norm_errn, datatype: float64}
# - {name: norm_ul, datatype: float64}
# - {name: ts, datatype: float64}
# - {name: loglike, datatype: float64}
# - {name: norm_scan, datatype: string, subtype: 'float64[20]'}
# - {name: dloglike_scan, datatype: string, subtype: 'float64[20]'}
# - {name: ShowUL, datatype: bool}
# - {name: tstart, datatype: float64}
# - {name: tend, datatype: float64}
# meta: !!omap
# - {UL_CONF: 0.95}
# - {EXTNAME: SED}
# - {CONFIG: '{"bin_index": 2.0, "use_local_index": true, "free_background": false, "free_radius": null, "free_pars": [], "ul_confidence":
#     0.95, "cov_scale": 3.0, "make_plots": false, "write_fits": true, "write_npy": true, "optimizer": {"optimizer": "MINUIT", "tol":
#     0.001, "max_iter": 100, "init_lambda": 0.0001, "retries": 3, "min_fit_quality": 2, "verbosity": 0}, "prefix": "", "outfile": null,
#     "loge_bins": []}'}
# - {SRCNAME: 4FGL J0210.7-5101}
# - {CREATOR: fermipy 1.2.0}
# - {STVER: 2.2.0}
# schema: astropy-2.0
e_min e_ref e_max ref_dnde_e_min ref_dnde_e_max ref_dnde ref_flux ref_eflux ref_npred dnde dnde_err dnde_errp dnde_errn dnde_ul e2dnde e2dnde_err e2dnde_errp e2dnde_errn e2dnde_ul norm norm_err norm_errp norm_errn norm_ul ts loglike norm_scan dloglike_scan ShowUL tstart tend
[from data line 1149]
729.6086933380817 840.8915725798939 969.1477682383326 2.2261572179408314e-13 1.082804268015074e-13 1.5525760969623688e-13 3.736109952227961e-11 3.1198573699501804e-08 0.04614865156270498 4.097993586291039e-11 1.2857690937129717e-11 1.424618107984101e-11 1.1469200794418425e-11 6.549526304191233e-11 2.8976856786286028e-05 9.091655734501564e-06 1.0073455221672786e-05 8.109856247330342e-06 4.6311611216144074e-05 263.9480019245953 82.81520604552603 91.75834348933886 73.87206860171321 421.8489719766683 46.24105035055459 -176.4426968805265 [0.0,111.46913224588252,130.5289909557216,149.58884966556067,168.64870837539974,187.70856708523883,206.76842579507795,225.82828450491704,244.88814321475613,263.9480019245953,287.58546887011823,311.222935815641,334.86040276116387,358.49786970668686,382.1353366522095,405.77280359773255,429.41027054325514,453.0477374887781,476.685204434301,500.32267137982393] [-23.120525175277294,-2.6955809706173,-1.907239559243095,-1.305278485134977,-0.849703081710004,-0.5123505274376612,-0.2726075203288474,-0.11491305366240567,-0.02721936185716345,0.0,-0.038873920075928936,-0.147339583229666,-0.31608884193539666,-0.5376008360991307,-0.8057079453103597,-1.1152865839120807,-1.4620319677784153,-1.8422908155028779,-2.2529349218773405,-2.6912641417029306] False 59050.65603222185 59064.65603222185
969.1477682383326 1116.9661194245136 1287.3303254983532 1.0851339195868697e-13 5.1763245032379725e-14 7.49466830303527e-14 2.3973578212501843e-11 2.6579624466249792e-08 0.0314752184862257 3.2499700133642426e-11 9.648384059978249e-12 1.0620413930848445e-11 8.676354189108052e-12 5.077355163673222e-11 4.054705852086383e-05 1.203745239196034e-05 1.3250169798463511e-05 1.0824734985457172e-05 6.334575891657468e-05 433.637605022231 128.7366387658643 141.70625705406172 115.76702047766692 677.4622916423053 59.60900907932552 -191.0629235461101 [0.0,193.9470058403068,223.90833073804748,253.86965563578795,283.8309805335285,313.79230543126897,343.7536303290094,373.71495522674985,403.6762801244904,433.637605022231,470.030889829119,506.42417463600714,542.8174594428951,579.2107442497829,615.6040290566709,651.997313863559,688.3905986704469,724.7838834773346,761.1771682842228,797.5704530911107] [-29.80450453966276,-2.6960097754635513,-1.9188212216056684,-1.3197280650169603,-0.8628725721002866,-0.522435004325672,-0.2791710547834896,-0.11833295665050514,-0.028356964089169878,0.0,-0.03771843240244266,-0.14444651906248396,-0.31141469742101435,-0.5314587036474734,-0.7986469502869511,-1.1080106350969743,-1.4553442502611063,-1.8370554719978145,-2.2500504047391985,-2.6916446036964032] False 59050.65603222185 59064.65603222185
1287.3303254983532 1483.6791717563765 1709.9759409858673 5.087435347954361e-14 2.3800226337217436e-14 3.4796855139117765e-14 1.4796115407711226e-11 2.1780342326600172e-08 0.020346092464897936 1.1504452201969054e-11 4.82542685075198e-12 5.31376759490414e-12 4.3370861065998215e-12 2.1199322179724296e-11 2.532479532358237e-05 1.0622230871913813e-05 1.1697217249075053e-05 9.547244494752577e-06 4.6666150267312126e-05 330.61758472063855 138.67422304285637 152.70827129807296 124.64017478763984 609.2309806437806 29.175507574783126 -160.68711044559322 [0.0,95.68607430933,125.05251311074356,154.41895191215713,183.7853907135707,213.15182951498417,242.51826831639764,271.88470711781133,301.25114591922477,330.61758472063855,373.1950793183632,415.77257391608794,458.3500685138128,500.9275631115378,543.5050577092628,586.0825523069877,628.6600469047122,671.2375415024371,713.8150361001622,756.392530697887] [-14.587753787391563,-2.701544228272951,-1.8308524280878657,-1.2140322642871126,-0.771414869532606,-0.45645083379801576,-0.23938798551213836,-0.09996968991643485,-0.02374008785272963,0.0,-0.042575521296498664,-0.16011600691970784,-0.33915007703197375,-0.5695858448409581,-0.8436603959698914,-1.155269938286267,-1.49952567092609,-1.8724495482039174,-2.27076002352635,-2.6917175254650942] False 59050.65603222185 59064.65603222185
1709.9759409858673 1970.7884119509856 2271.3810595726877 2.2940481259929513e-14 1.0525160742289038e-14 1.5538733949914543e-14 8.783430847222102e-12 1.71665221069933e-08 0.012446156755518745 8.441358705154805e-12 3.4641754909067055e-12 3.8110577053663375e-12 3.117293276447074e-12 1.538396687672253e-11 3.278629600218583e-05 1.3454881733556398e-05 1.4802174670441327e-05 1.2107588796671468e-05 5.975143449360115e-05 543.2462343691283 222.93807861519872 245.2617901593776 200.61436707101984 990.0399174288672 32.42879030968072 -94.94817240251848 [0.0,162.75084178944687,210.31276586190708,257.87468993436715,305.43661400682754,352.9985380792876,400.56046215174774,448.12238622420796,495.6843102966681,543.2462343691283,611.4661596051986,679.6860848412695,747.9060100773395,816.1259353134101,884.3458605494806,952.5657857855516,1020.785711021622,1089.0056362576922,1157.2255614937626,1225.4454867298339] [-16.21439515484036,-2.701602714076074,-1.8333278942905906,-1.2167073990051591,-0.7735063910460696,-0.45774193055437706,-0.23994123133618928,-0.100005100532087,-0.023572061685129597,0.0,-0.042646482348772,-0.15968950496423417,-0.33802927138046357,-0.5678039363288292,-0.8413928777963378,-1.1527786372940625,-1.4971223472574025,-1.870471909995004,-2.269555818665893,-2.691633991329269] False 59050.65603222185 59064.65603222185
3017.1020504598932 3477.2827010020824 4007.6519721450045 4.150246952134242e-15 1.831421082298563e-15 2.7569638671705482e-15 2.7542411771094366e-12 9.489051243813634e-09 0.004025599092195797 2.0944975430746018e-12 1.219378157362703e-12 1.3888562748416814e-12 1.0499000398837251e-12 4.782330187474404e-12 2.5325606533339598e-05 1.4744104871750874e-05 1.6793348678923404e-05 1.2694861064578349e-05 5.7825521467405724e-05 759.7116407710374 442.2902207326141 503.76295873150286 380.81748273372546 1734.636512440939 26.51527214546539 -75.72038702517244 [0.0,132.7430549952391,211.11412821721387,289.4852014391885,367.85627466116347,446.2273478831384,524.5984211051133,602.9694943270881,681.3405675490627,759.7116407710374,913.5488151940492,1067.3859896170604,1221.2231640400732,1375.0603384630845,1528.8975128860966,1682.734687309109,1836.5718617321204,1990.4090361551323,2144.2462105781447,2298.083385001156] [-13.257636072732694,-2.69389992632199,-1.6498177712010005,-1.027952419718389,-0.6261136462568686,-0.35965875974819994,-0.1850020683814222,-0.07672002456389748,-0.01867983428479647,0.0,-0.0501656627845648,-0.1857073415697812,-0.3836769476866664,-0.6292987745773928,-0.9124973996454031,-1.2260937383050248,-1.564791265339366,-1.9245703216416388,-2.3023079858926394,-2.6955296586607034] False 59050.65603222185 59064.65603222185
7071.149185711414 8149.575733880153 9392.473966813408 2.3847554702406483e-16 9.927077778376509e-17 1.5386244842549408e-16 3.611995543264151e-13 2.9125203891156894e-09 0.0005403722902315167 2.8354252909525925e-13 2.862071537053176e-13 3.5895137874946374e-13 2.134629286611715e-13 1.034592520234391e-12 1.8831642840803324e-05 1.9008615442132473e-05 2.3839965677786714e-05 1.4177265206478231e-05 6.871306709786411e-05 1842.8312560784516 1860.1494817880125 2332.936869409571 1387.362094166454 6724.139195895996 9.074186653788768 -5.974109381977545 [0.0,204.75902845316114,409.5180569063223,614.2770853594835,819.0361138126445,1023.7951422658061,1228.554170718967,1433.3131991721289,1638.072227625289,1842.8312560784516,2641.2702461682575,3439.7092362580643,4238.148226347869,5036.587216437676,5835.026206527481,6633.465196617288,7431.904186707094,8230.3431767969,9028.782166886702,9827.221156976508] [-4.537093326894384,-1.280910064194547,-0.7158089169859405,-0.4268578261924185,-0.2527687778369918,-0.1420436605487474,-0.07155150898122642,-0.028893006731252058,-0.006642743677899077,0.0,-0.07269359191508151,-0.2406623256578495,-0.46377708734445555,-0.7229023484254,-1.0074051146261382,-1.3107616001800588,-1.6286794885475757,-1.9581836055346917,-2.2971266755957984,-2.6439080570766595] False 59050.65603222185 59064.65603222185
100.0 115.25240587974294 132.83117061068992 2.6123174679854798e-11 1.3152449842728961e-11 1.8536012103730316e-11 6.10619267043897e-10 6.994372447516583e-08 0.21170658782461566 3.805151852848774e-09 8.59483390598146e-10 9.019304612247612e-10 8.170363199715309e-10 5.3313690912871925e-09 5.0544277496533885e-05 1.141661848935967e-05 1.1980447897392463e-05 1.0852789081326876e-05 7.081719973533287e-05 205.28427752175452 46.368301109664124 48.65827968699106 44.07832253233719 287.6222275563939 32.9834214352486 -700.339053230753 [0.0,106.59934290219608,118.93495972964084,131.27057655708575,143.60619338453046,155.94181021197534,168.2774270394201,180.61304386686479,192.9486606943096,205.28427752175452,217.182139249095,229.0800009764353,240.97786270377563,252.8757244311161,264.77358615845645,276.67144788579697,288.56930961313725,300.4671713404777,312.36503306781816,324.2628947951585] [-16.4917107176243,-2.7134455296405804,-2.0186700939370894,-1.4429727310531462,-0.9760721361732294,-0.6091103300508394,-0.33438658740953997,-0.14515279555814686,-0.035453627254696585,0.0,-0.03171773058511462,-0.12429501067344972,-0.2742806248970737,-0.47853781916364824,-0.7342051022291116,-1.0386631774878197,-1.389506863746874,-1.7845211080156105,-2.2216603789478313,-2.6990308720584153] False 59064.65603222185 59078.65603222185
132.83117061068992 153.091119887046 176.4411988580621 1.3590057449626758e-11 6.810873763916675e-12 9.620819389936774e-12 4.2104983151170113e-10 6.405670853576487e-08 0.20333384289654607 2.4630212904859134e-09 4.648970230976461e-10 4.892627301916935e-10 4.405313160035987e-10 3.2928383758666486e-09 5.7725561486906185e-05 1.0895740851110722e-05 1.1466797272126026e-05 1.0324684430095418e-05 7.717389405717834e-05 256.0095133957295 48.321978020283915 50.854580089452114 45.789375951115716 342.2617390895942 55.329241591316986 -718.749783914346 [0.0,152.51968506952673,165.45591361030208,178.39214215107745,191.3283706918528,204.26459923262806,217.20082777340352,230.1370563141788,243.07328485495415,256.0095133957295,268.4788845548639,280.94825571399855,293.41762687313303,305.8869980322677,318.35636919140217,330.82574035053665,343.2951115096713,355.76448266880584,368.2338538279402,380.70322498707475] [-27.664620795658493,-2.7049157144736,-2.013542718814392,-1.440107604324794,-0.974667288743376,-0.6085978174799038,-0.3343617766136049,-0.14532581770322395,-0.03561572303988214,0.0,-0.031417730352359285,-0.1235454372864524,-0.27295722692224444,-0.4765357163095132,-0.7314344037282581,-1.035045742910711,-1.384973899868669,-1.7790113800585914,-2.2151188748463255,-2.6914078016758367] False 59064.65603222185 59078.65603222185
176.4411988580621 203.35272664697808 234.36890988269914 7.005164010844999e-12 3.49462584574567e-12 4.947769922499052e-12 2.8767288574713613e-10 5.8127671667944375e-08 0.17641262531435953 7.34538728330222e-10 2.1071322839741328e-10 2.251489878111734e-10 1.9627746898365307e-10 1.1230701836058491e-09 3.037488894557892e-05 8.713483258378241e-06 9.310435566168517e-06 8.116530950587966e-06 4.644157045696651e-05 148.4585459380489 42.58751552679007 45.5051450123723 39.66988604120783 226.98512687481667 22.81538083727264 -625.6202361812029 [0.0,61.10282764295282,72.02229242983985,82.9417572167269,93.86122200361385,104.78068679050085,115.7001515773879,126.61961636427495,137.53908115116187,148.4585459380489,159.95515065093403,171.45175536381922,182.94836007670438,194.4449647895895,205.94156950247458,217.43817421535974,228.93477892824498,240.43138364113014,251.92798835401524,263.42459306690034] [-11.40769041863632,-2.7103479829162325,-1.9807260460102043,-1.393738591682336,-0.9296095577799406,-0.5727923924273455,-0.3108020970887537,-0.13343123204504082,-0.03220625818141798,0.0,-0.034023051067833876,-0.13177977784755512,-0.2880526789334681,-0.4983107597304297,-0.7585885037399294,-1.0653910141677443,-1.415618726344519,-1.8065069709507497,-2.2355769562523164,-2.7005956366862165] False 59064.65603222185 59078.65603222185
234.36890988269914 270.1158072739371 311.3149665447022 3.5778077451270633e-12 1.7766431881724518e-12 2.5212075993401766e-12 1.947452167179568e-10 5.226412439856672e-08 0.1419154361614643 4.1821407795130417e-10 1.130643788190414e-10 1.2102746719922928e-10 1.0510129043885351e-10 6.274464752725078e-10 3.0513965296891283e-05 8.249465318096043e-06 8.830472546928316e-06 7.66845808926377e-06 4.5780094409809315e-05 165.87847746482865 44.84532683807212 48.00376899978538 41.68688467635886 248.86743774559315 29.03737294717439 -454.14456867704666 [0.0,74.53056054153164,85.94905015694381,97.36753977235593,108.78602938776798,120.20451900318018,131.62300861859225,143.04149823400434,154.4599878494165,165.87847746482865,178.04442812994995,190.2103787950711,202.37632946019227,214.5422801253135,226.70823079043473,238.87418145555588,251.04013212067713,263.20608278579834,275.3720334509195,287.5379841160409] [-14.518686473587195,-2.7039383970512745,-1.9726601132730366,-1.3854630159283374,-0.9221637672659426,-0.5668294725231817,-0.3066222176521478,-0.13101912441720742,-0.03126848774041946,0.0,-0.03499956579605623,-0.13413282295300633,-0.29181874074186,-0.503221248328316,-0.764117982483242,-1.0707972968025388,-1.4199764339107332,-1.808735778498317,-2.2344654917100115,-2.6948217931762883] False 59064.65603222185 59078.65603222185
311.3149665447022 358.7979888064861 413.52331434760555 1.81057854153642e-12 8.949554613725708e-13 1.272944285501922e-12 1.306282492957947e-10 4.65614904404786e-08 0.10925610109834216 2.1816821925611512e-10 7.096464083619194e-11 7.626074295349784e-11 6.566853871888605e-11 3.507921642582425e-10 2.808610316981645e-05 9.135703773584294e-06 9.81750275865974e-06 8.453904788508847e-06 4.5159578925444434e-05 171.38866307105604 55.74842641931542 59.90894010214141 51.587912736489436 275.5754263981201 18.593712909203646 -448.6189088552153 [0.0,60.1641293771291,74.06719608886999,87.97026280061084,101.87332951235173,115.77639622409261,129.67946293583344,143.5825296475743,157.48559635931517,171.38866307105604,186.69941379850493,202.0101645259537,217.32091525340257,232.63166598085135,247.94241670830027,263.25316743574905,278.5639181631979,293.8746688906467,309.1854196180956,324.4961703455446] [-9.296856454601823,-2.6996140120892846,-1.951767836522265,-1.3609844306230343,-0.9006408636727201,-0.551006030091969,-0.29694724790442706,-0.12654088891406445,-0.030183793675519155,0.0,-0.03551003700363253,-0.13600171860622368,-0.29530700233749485,-0.508179508478463,-0.7701107840935038,-1.0771914237707847,-1.4260042970672657,-1.8135412166872698,-2.237137023915693,-2.6944168204514654] False 59064.65603222185 59078.65603222185
