data/PKS0346-27_allsed_1d_min11.ecsv
# %ECSV 1.0
# ---
# datatype:
# - {name: e_min, unit: MeV, datatype: float64}
# - {name: e_ref, unit: MeV, datatype: float64}
# - {name: e_max, unit: MeV, datatype: float64}
# - {name: ref_dnde_e_min, unit: ph / (MeV s cm2), datatype: float64}
# - {name: ref_dnde_e_max, unit: ph / (MeV s cm2), datatype: float64}
# - {name: ref_dnde, unit: ph / (MeV s cm2), datatype: float64}
# - {name: ref_flux, unit: ph / (s cm2), datatype: float64}
# - {name: ref_eflux, unit: MeV / (s cm2), datatype: float64}
# - {name: ref_npred, datatype: float64}
# - {name: dnde, unit: ph / (MeV s cm2), datatype: float64}
# - {name: dnde_err, unit: ph / (MeV s cm2), datatype: float64}
# - {name: dnde_errp, unit: ph / (MeV s cm2), datatype: float64}
# - {name: dnde_errn, unit: ph / (MeV s cm2), datatype: float64}
# - {name: dnde_ul, unit: ph / (MeV s cm2), datatype: float64}
# - {name: e2dnde, unit: MeV / (s cm2), datatype: float64}
# - {name: e2dnde_err, unit: MeV / (s cm2), datatype: float64}
# - {name: e2dnde_errp, unit: MeV / (s cm2), datatype: float64}
# - {name: e2dnde_errn, unit: MeV / (s cm2), datatype: float64}
# - {name: e2dnde_ul, unit: MeV / (s cm2), datatype: float64}
# - {name: norm, datatype: float64}
# - {name: norm_err, datatype: float64}
# - {name: norm_errp, datatype: float64}
# - {name: norm_errn, datatype: float64}
# - {name: norm_ul, datatype: float64}
# - {name: ts, datatype: float64}
# - {name: loglike, datatype: float64}
# - {name: norm_scan, datatype: string, subtype: 'float64[20]'}
# - {name: dloglike_scan, datatype: string, subtype: 'float64[20]'}
# - {name: ShowUL, datatype: bool}
# - {name: tstart, datatype: float64}
# - {name: tend, datatype: float64}
# meta: !!omap
# - {UL_CONF: 0.95}
# - {EXTNAME: SED}
# - {CONFIG: '{"bin_index": 2.0, "use_local_index": true, "free_background": false, "free_radius": null, "free_pars": [], "ul_confidence":
#     0.95, "cov_scale": 3.0, "make_plots": false, "write_fits": true, "write_npy": true, "optimizer": {"optimizer": "MINUIT", "tol":
#     0.001, "max_iter": 100, "init_lambda": 0.0001, "retries": 3, "min_fit_quality": 2, "verbosity": 0}, "prefix": "", "outfile": null,
#     "loge_bins": []}'}
# - {SRCNAME: 4FGL J0348.6-2749}
# - {CREATOR: fermipy 1.2.0}
# - {STVER: 2.2.0}
# schema: astropy-2.0
e_min e_ref e_max ref_dnde_e_min ref_dnde_e_max ref_dnde ref_flux ref_eflux ref_npred dnde dnde_err dnde_errp dnde_errn dnde_ul e2dnde e2dnde_err e2dnde_errp e2dnde_errn e2dnde_ul norm norm_err norm_errp norm_errn norm_ul ts loglike norm_scan dloglike_scan ShowUL tstart tend
[from data line 952]
4007.6519721450045 4618.915317184078 5323.411028602609 4.924389599651412e-15 2.660228625953059e-15 3.6193925150967295e-15 4.768108749708162e-12 2.192482312481322e-08 0.000829831306746992 1.3050347958319424e-11 7.527742857388109e-12 8.55951724062775e-12 6.495968474148466e-12 2.957270181870473e-11 0.0002784210656050568 0.00016059971693082372 0.00018261198236336736 0.00013858745149828003 0.0006309152199988294 3605.673577509359 2079.8360017570317 2364.904387939531 1794.767615574532 8170.625787436704 33.007039056118785 -15.80597340930973 [0.0,637.5939898465086,1008.6039383043649,1379.6138867622212,1750.6238352200774,2121.6337836779344,2492.6437321357903,2863.653680593647,3234.6636290515034,3605.673577509359,4327.299219747041,5048.92486198472,5770.550504222403,6492.176146460085,7213.801788697767,7935.427430935445,8657.053073173129,9378.678715410806,10100.304357648494,10821.92999988617] [-16.503519528059392,-2.699038364446336,-1.6469001114009156,-1.022433583509459,-0.6200607958927602,-0.3540669148348652,-0.1804202333109597,-0.07347855081526156,-0.016989324278064544,0.0,-0.05281134625704631,-0.18986469248529225,-0.38860663816941887,-0.6344807550756659,-0.917543370720475,-1.2306994766067465,-1.5687088418058348,-1.9275910161904388,-2.304251307665984,-2.696236026331162] False 58517.699990555186 58518.699990555186
5323.411028602609 6135.359285332078 7071.149185711414 2.441490954899227e-15 1.2998541905107599e-15 1.781455093124682e-15 3.118630104935323e-12 1.9041643566006104e-08 0.0005455569363074092 1.3799121245336992e-11 6.829276347613797e-12 7.652793866521385e-12 6.005758828706208e-12 2.8200073120192975e-11 0.0005194352644897568 0.0002570719470339563 0.000288071315228526 0.0002260725788393865 0.0010615250188317474 7745.983212595755 3833.538310323169 4295.81070892915 3371.2659117171875 15829.797354436756 70.1627950042733 -23.321373628777366 [0.0,1854.5886712579338,2591.012988925162,3327.4373065923887,4063.861624259617,4800.285941926844,5536.710259594072,6273.134577261298,7009.558894928527,7745.983212595755,9004.77471069344,10263.566208791128,11522.35770688881,12781.149204986503,14039.940703084194,15298.732201181876,16557.523699279565,17816.315197377247,19075.106695474937,20333.898193572622] [-35.08139750213665,-2.6927006523910144,-1.7315437369127515,-1.1077752930961928,-0.685426317026181,-0.39717574088781404,-0.20472441131314412,-0.0841869005729663,-0.019655776355939736,0.0,-0.048182418404046246,-0.17656384188947527,-0.366747642416307,-0.606060298545156,-0.8853948056843706,-1.1979835408825963,-1.5386577249389042,-1.9033788037573451,-2.288930048741875,-2.6927068013060023] False 58517.699990555186 58518.699990555186
9392.473966813408 10825.05221838098 12476.13311942254 5.499530268096524e-16 2.8438818689784827e-16 3.9547458094469235e-16 1.2225805788012656e-12 1.316162285387913e-08 0.00021648504410659575 1.7926497401675433e-12 1.8328984377569207e-12 2.2975694015218915e-12 1.3682274739919498e-12 6.642800673346836e-12 0.0002100658436044412 0.00021478225664578763 0.0002692332159238976 0.0001603312973676777 0.0007784150445431324 4532.907616680037 4634.6807761413465 5809.651270212003 3459.710282070691 16797.03574747789 19.315790823995204 -2.98656599149708 [0.0,503.65640185333785,1007.3128037066757,1510.9692055600135,2014.6256074133514,2518.282009266689,3021.938411120027,3525.5948129733656,4029.251214826703,4532.907616680037,6554.764727142283,8576.621837604522,10598.47894806676,12620.336058529005,14642.193168991242,16664.050279453488,18685.907389915723,20707.764500377965,22729.621610840204,24751.478721302447] [-9.657895411997602,-1.3247603035658462,-0.7407549981880996,-0.4443599033029404,-0.2657298771318124,-0.15163118508887985,-0.07835089399694484,-0.033239426379840786,-0.008745962522677342,0.0,-0.06888058292856014,-0.23773842817640922,-0.4637722849112045,-0.7268767618201468,-1.0159819576766096,-1.3243382660610181,-1.6475248939331846,-1.9824881847968654,-2.327030213021384,-2.6795161861097117] False 58517.699990555186 58518.699990555186
100.0 115.25240587974294 132.83117061068992 7.832291570710709e-12 4.5748025203319275e-12 5.985915737601208e-12 1.963922917391954e-10 2.2574897682372444e-08 0.011691621331589228 1.0873118562113954e-08 2.8086963849851103e-09 3.005601137190933e-09 2.611791632779288e-09 1.6063749750813396e-08 0.00014442890667944194 3.7308242870758555e-05 3.992375174418928e-05 3.4692733997327835e-05 0.00021337666837977238 1816.450320844518 469.21749455007625 502.1121694565309 436.32281964362164 2683.591025163808 34.21067034375261 -223.82993556331064 [0.0,862.234223335994,981.5112355245593,1100.7882477131247,1220.0652599016903,1339.342272090256,1458.6192842788207,1577.8962964673863,1697.1733086559523,1816.450320844518,1943.7488558276718,2071.0473908108265,2198.3459257939803,2325.644460777135,2452.94299576029,2580.2415307434453,2707.540065726598,2834.838600709754,2962.137135692907,3089.4356706760627] [-17.105335171876305,-2.705805930435673,-1.9731529991503862,-1.3846945448676422,-0.9205271369171726,-0.5647990905768836,-0.3046483407547953,-0.1294735602090782,-0.030418836103564217,0.0,-0.03606141241644423,-0.13637367045620863,-0.29520518924564954,-0.5075845369962337,-0.7691685743997425,-1.0761384691735998,-1.4251167161622789,-1.8131002084030001,-2.2374057286075413,-2.6956251622551974] False 58513.699990555186 58514.699990555186
132.83117061068992 153.091119887046 176.4411988580621 4.806006153599667e-12 2.787766698698713e-12 3.660331120096413e-12 1.5954335193190393e-10 2.435616314456422e-08 0.01248218094713259 4.940891717073798e-09 1.4153722152192265e-09 1.5180568433371343e-09 1.312687587101319e-09 7.591827842623233e-09 0.00011579914055790426 3.317192431591909e-05 3.5578532751289526e-05 3.0765315880548655e-05 0.00017792884154927294 1349.8482937641054 386.6787371908435 414.7321085249656 358.62536585672143 2074.082260192697 31.413146433748636 -192.29602692979154 [0.0,589.863579236555,684.8616685524992,779.8597578684426,874.8578471843865,969.8559365003307,1064.8540258162743,1159.852115132218,1254.8502044481618,1349.8482937641054,1457.3273891858885,1564.8064846076716,1672.285580029456,1779.7646754512382,1887.2437708730215,1994.7228662948053,2102.2019617165893,2209.681057138373,2317.160152560156,2424.639247981939] [-15.706573216874318,-2.6924907893526324,-1.944442540511801,-1.3539166036556765,-0.8946301859415371,-0.5466437814022527,-0.29442903197914916,-0.125629282349621,-0.030232364763321584,0.0,-0.03576607841753798,-0.13787230916156545,-0.2993756268146228,-0.5144102441150267,-0.7779710937252844,-1.0857497784052725,-1.4340083283152296,-1.8194806810107877,-2.239294823306011,-2.69091055962258] False 58513.699990555186 58514.699990555186
176.4411988580621 203.35272664697808 234.36890988269914 2.9084191461652345e-12 1.6753968573195832e-12 2.2074320594875233e-12 1.2782385675508495e-10 2.5916174468352427e-08 0.012187225266163705 2.3866209781817416e-09 7.855736026924784e-10 8.472137174758337e-10 7.239334879091232e-10 3.878223956632477e-09 9.869234169892393e-05 3.248529998493831e-05 3.5034262441136304e-05 2.9936337528740322e-05 0.0001603736024328948 1081.1752814425554 355.87668454668403 383.8005857686612 327.9527833247069 1756.8939166050002 24.339348024765854 -163.81438237607603 [0.0,400.4812068498469,485.5679661739353,570.6547254980237,655.7414848221125,740.8282441462011,825.9150034702897,911.001762794378,996.0885221184665,1081.1752814425554,1181.946751586765,1282.7182217309748,1383.4896918751842,1484.261162019394,1585.0326321636032,1685.8041023078135,1786.5755724520232,1887.3470425962328,1988.1185127404428,2088.889982884652] [-12.169674012382927,-2.698278217402816,-1.9263795565398425,-1.3293205515208513,-0.8721080017305098,-0.5298720643226886,-0.28419477905080726,-0.12099177276147088,-0.02921207645516688,0.0,-0.03649932537942391,-0.14089600113533152,-0.3052244072354995,-0.5229047512968634,-0.7884307332729747,-1.0971420097535258,-1.4450549322696133,-1.8287343141424515,-2.245194704261962,-2.6918232838205256] False 58513.699990555186 58514.699990555186
234.36890988269914 270.1158072739371 311.3149665447022 1.73582869573226e-12 9.930158105159069e-13 1.3128995922039673e-12 1.0100062298827559e-10 2.7196427058860394e-08 0.011172952978499129 1.4952279685994141e-09 4.6000933892626006e-10 4.971069755663678e-10 4.229117022861524e-10 2.3737805178088625e-09 0.0001090956444323624 3.356345408792337e-05 3.627019223164682e-05 3.085671594419991e-05 0.00017319707815118132 1138.8745776738128 350.37663326107173 378.6328966192101 322.1203699029334 1808.0442189977318 35.415230962014704 -119.10003024800334 [0.0,478.46529817747637,561.0164581145182,643.5676180515604,726.1187779886026,808.6699379256446,891.2210978626861,973.7722577997287,1056.3234177367706,1138.8745776738128,1238.8884895761335,1338.9024014784552,1438.9163133807767,1538.9302252830976,1638.9441371854177,1738.958049087739,1838.97196099006,1938.9858728923805,2038.999784794702,2139.0136966970226] [-17.707615481007352,-2.6976419855148777,-1.9255377943699301,-1.3281519945705753,-0.8710752388333987,-0.5293751927314361,-0.2843645245144302,-0.12165008604448246,-0.029894923005429064,0.0,-0.03611316911590734,-0.14147719517411872,-0.3074237726830944,-0.526844511818993,-0.7938340499279093,-1.1034303883860304,-1.4514221608602753,-1.8342030474581463,-2.2486600766965665,-2.6920867274730966] False 58513.699990555186 58514.699990555186
311.3149665447022 358.7979888064861 413.52331434760555 1.0217247849082088e-12 5.804593703320016e-13 7.701102033478179e-13 7.870731881355334e-11 2.814697621673263e-08 0.009853081816509311 9.218042211715469e-10 2.85184775639249e-10 3.157674172438077e-10 2.5460213403469034e-10 1.4665809270349842e-09 0.00011866938524076846 3.671354635599794e-05 4.065063320686877e-05 3.2776459505127104e-05 0.00018880175748803556 1196.9770263584169 370.31683829080004 410.02887102534896 330.6048055562511 1904.377997667702 50.31597183325141 -91.98433878641706 [0.0,516.0038079753612,601.125460273243,686.2471125711251,771.3687648690068,856.4904171668892,941.6120694647706,1026.733721762653,1111.855374060535,1196.9770263584169,1302.8469992939004,1408.7169722293856,1514.58694516487,1620.4569181003546,1726.3268910358372,1832.1968639713216,1938.066836906807,2043.9368098422904,2149.8067827777754,2255.6767557132603] [-25.157985916625705,-2.6950169738083645,-1.9097062049634559,-1.3088218947371786,-0.8533121607838723,-0.5155118764285902,-0.2750744772382916,-0.1165804874393217,-0.028053799593379836,0.0,-0.03806501433041376,-0.14609914005855273,-0.3147001269962999,-0.5362653027214606,-0.8045568216473953,-1.114391265852575,-1.4614131025714698,-1.841926129316164,-2.252765912415967,-2.6912017767838563] False 58513.699990555186 58514.699990555186
413.52331434760555 476.5900816815941 549.2752115212968 5.931135010780637e-13 3.346451908008716e-13 4.455138389936298e-13 6.048593580678518e-11 2.8727320123137758e-08 0.008446413551210077 6.468017493028928e-10 2.000181665197698e-10 2.2104667254164153e-10 1.789896604978981e-10 1.0294480176809574e-09 0.0001469133242665071 4.543174750034606e-05 5.020812252926502e-05 4.0655372471427104e-05 0.00023382687291751737 1451.8106794705895 448.9606135952822 496.1611810779287 401.7600461126358 2310.698181691449 51.40921209875307 -114.5504677615763 [0.0,626.5797892845391,729.7336505577954,832.887511831052,936.0413731043085,1039.1952343775647,1142.3490956508217,1245.5029569240771,1348.6568181973335,1451.8106794705895,1579.9877338271147,1708.1647881836395,1836.3418425401646,1964.518896896688,2092.6959512532126,2220.8730056097384,2349.0500599662614,2477.227114322786,2605.4041686793107,2733.5812230358356] [-25.704606049376537,-2.694675344412744,-1.916264623638753,-1.3181768687313706,-0.8630148280955439,-0.5241313042080122,-0.28182670563019485,-0.12110291521122463,-0.03026309193589327,0.0,-0.03558016123608354,-0.14151609610949833,-0.3085228283783863,-0.5290689070383934,-0.796957481420904,-1.107026063300026,-1.4549266407866241,-1.8369615577735203,-2.2499589478834707,-2.691176770555842] False 58513.699990555186 58514.699990555186
549.2752115212968 633.0528961793416 729.6086933380817 3.3957799222279675e-13 1.9026323406003633e-13 2.5418341215729053e-13 4.58504966015648e-11 2.8920670334292093e-08 0.00699301112945816 4.478703681994551e-10 1.3066597703473962e-10 1.416621489935782e-10 1.1966980507590103e-10 6.993525434320113e-10 0.000179486723555864 5.2365170289066076e-05 5.6771951841691256e-05 4.795838873644089e-05 0.00028026970646821307 1761.996836844372 514.0617789562231 557.3225561466484 470.8010017657977 2751.3697195914847 78.98306901696958 -89.7029395262278 [0.0,803.0863282822052,922.9501418524761,1042.8139554227469,1162.6777689930173,1282.541582563288,1402.4053961335599,1522.2692097038305,1642.1330232741007,1761.996836844372,1910.6861247255904,2059.3754126068093,2208.064700488029,2356.753988369247,2505.443276250467,2654.1325641316857,2802.8218520129044,2951.5111398941244,3100.2004277753417,3248.889715656561] [-39.49153450848479,-2.6982414958617085,-1.9124054011325597,-1.310494258363363,-0.8540086724216565,-0.5154864123948784,-0.27463612463337483,-0.11603121724556331,-0.02766380751452857,0.0,-0.03861414498297222,-0.14708245232949935,-0.3160099241868295,-0.5377948498590968,-0.8061977628246666,-1.11603288514209,-1.4629424706878495,-1.8432286400328053,-2.253725953271541,-2.6917034057482] False 58513.699990555186 58514.699990555186
729.6086933380817 840.8915725798939 969.1477682383326 1.9173379947851092e-13 1.0668481660009552e-13 1.4302127545720072e-13 3.427459931355362e-11 2.8712138976025114e-08 0.0056311247399204595 1.258743084266574e-10 6.083603982034284e-11 6.772990117373118e-11 5.394217846695452e-11 2.517642634464019e-10 8.900555190114948e-05 4.301708082745818e-05 4.789172079297467e-05 3.814244086194169e-05 0.00017802216748694194 880.1089769635391 425.3635665453711 473.565215784972 377.1619173057702 1760.3273543854152 26.623693165019773 -70.00220582670966 [0.0,206.5682193374516,290.76081404071255,374.95340874397334,459.1460034472343,543.3385981504954,627.531192853756,711.7237875570171,795.916382260278,880.1089769635391,1016.174610997055,1152.2402450305708,1288.3058790640875,1424.3715130976034,1560.437147131119,1696.5027811646346,1832.5684151981513,1968.634049231667,2104.6996832651826,2240.7653172986993] [-13.311846582509887,-2.7004734884255868,-1.7579009102422845,-1.134704655694307,-0.7070133365515829,-0.4120174371945353,-0.21335952792631474,-0.08804630520045009,-0.020580050618704604,0.0,-0.04613176497139193,-0.17020700882596884,-0.3559050874769838,-0.5916585379848982,-0.8689525425219813,-1.181326207240204,-1.5237536445998785,-1.892243253310454,-2.2835686491653178,-2.695082349384734] False 58513.699990555186 58514.699990555186
