data/PKS0426-380_allsed_14d_min11.ecsv
# %ECSV 1.0
# ---
# datatype:
# - {name: e_min, unit: MeV, datatype: float64}
# - {name: e_ref, unit: MeV, datatype: float64}
# - {name: e_max, unit: MeV, datatype: float64}
# - {name: ref_dnde_e_min, unit: ph / (cm2 MeV s), datatype: float64}
# - {name: ref_dnde_e_max, unit: ph / (cm2 MeV s), datatype: float64}
# - {name: ref_dnde, unit: ph / (cm2 MeV s), datatype: float64}
# - {name: ref_flux, unit: ph / (cm2 s), datatype: float64}
# - {name: ref_eflux, unit: MeV / (cm2 s), datatype: float64}
# - {name: ref_npred, datatype: float64}
# - {name: dnde, unit: ph / (cm2 MeV s), datatype: float64}
# - {name: dnde_err, unit: ph / (cm2 MeV s), datatype: float64}
# - {name: dnde_errp, unit: ph / (cm2 MeV s), datatype: float64}
# - {name: dnde_errn, unit: ph / (cm2 MeV s), datatype: float64}
# - {name: dnde_ul, unit: ph / (cm2 MeV s), datatype: float64}
# - {name: e2dnde, unit: MeV / (cm2 s), datatype: float64}
# - {name: e2dnde_err, unit: MeV / (cm2 s), datatype: float64}
# - {name: e2dnde_errp, unit: MeV / (cm2 s), datatype: float64}
# - {name: e2dnde_errn, unit: MeV / (cm2 s), datatype: float64}
# - {name: e2dnde_ul, unit: MeV / (cm2 s), datatype: float64}
# - {name: norm, datatype: float64}
# - {name: norm_err, datatype: float64}
# - {name: norm_errp, datatype: float64}
# - {name: norm_errn, datatype: float64}
# - {name: norm_ul, datatype: float64}
# - {name: ts, datatype: float64}
# - {name: loglike, datatype: float64}
# - {name: norm_scan, datatype: string, subtype: 'float64[20]'}
# - {name: dloglike_scan, datatype: string, subtype: 'float64[20]'}
# - {name: ShowUL, datatype: bool}
# - {name: tstart, datatype: float64}
# - {name: tend, datatype: float64}
# meta: !!omap
# - {UL_CONF: 0.95}
# - {EXTNAME: SED}
# - {CONFIG: '{"bin_index": 2.0, "use_local_index": true, "free_background": false, "free_radius": null, "free_pars": [], "ul_confidence":
#     0.95, "cov_scale": 3.0, "make_plots": false, "write_fits": true, "write_npy": true, "optimizer": {"optimizer": "MINUIT", "tol":
#     0.001, "max_iter": 100, "init_lambda": 0.0001, "retries": 3, "min_fit_quality": 2, "verbosity": 0}, "prefix": "", "outfile": null,
#     "loge_bins": []}'}
# - {SRCNAME: 4FGL J0428.6-3756}
# - {CREATOR: fermipy 1.2.0}
# - {STVER: 2.2.0}
# schema: astropy-2.0
e_min e_ref e_max ref_dnde_e_min ref_dnde_e_max ref_dnde ref_flux ref_eflux ref_npred dnde dnde_err dnde_errp dnde_errn dnde_ul e2dnde e2dnde_err e2dnde_errp e2dnde_errn e2dnde_ul norm norm_err norm_errp norm_errn norm_ul ts loglike norm_scan dloglike_scan ShowUL tstart tend
[from data line 532]
234.36890988269914 270.1158072739371 311.3149665447022 1.4649922915824408e-12 8.663650430335865e-13 1.1265958058419607e-12 8.660660522462951e-11 2.3338858734646835e-08 0.04662217322489445 1.0681967247511085e-09 1.9560985706312572e-10 2.0699266415303843e-10 1.8422704997321295e-10 1.4210590882772894e-09 7.793835623367878e-05 1.4272193847212094e-05 1.5102712471129025e-05 1.3441675223295161e-05 0.00010368409384242239 948.1632358401981 173.62913659787398 183.73285527930986 163.52541791643807 1261.3743819286294 77.66664289310165 -529.6991133967422 [0.0,581.7765814171242,627.5749132200084,673.3732450228927,719.1715768257767,764.9699086286613,810.7682404315453,856.5665722344297,902.3649040373134,948.1632358401981,993.5802278807563,1038.9972199213141,1084.4142119618723,1129.8312040024307,1175.2481960429884,1220.6651880835468,1266.082180124105,1311.4991721646625,1356.9161642052213,1402.33315624578] [-38.833321446550826,-2.69705314829514,-1.9983673943811482,-1.423038664582009,-0.9591537050022225,-0.5965473244115174,-0.32646634961224663,-0.141312005513214,-0.03443949253278333,0.0,-0.0322767874456531,-0.12619345557766337,-0.27772205467454114,-0.48323960404945865,-0.7394739502229868,-1.0434585398054423,-1.392494381545248,-1.784117852647455,-2.216073291500834,-2.6862895376243614] False 55284.65603222185 55298.65603222185
311.3149665447022 358.7979888064861 413.52331434760555 8.979758219054675e-13 5.264337290048199e-13 6.875498239995866e-13 7.022060116864325e-11 2.513064396750285e-08 0.044279478375167935 5.776760829589194e-10 1.144553154006829e-10 1.2145250318066634e-10 1.0745812762069946e-10 7.853734996521341e-10 7.436770635081803e-05 1.4734519113912407e-05 1.563530905736649e-05 1.3833729170458325e-05 0.00010110584031570108 840.1952306503198 166.4683945883051 176.6453847288591 156.2914044477511 1142.2786716510109 76.08731023933274 -449.1151391387965 [0.0,495.1828950187546,538.3094369727004,581.4359789266464,624.5625208805918,667.6890628345374,710.8156047884827,753.942146742429,797.0686886963739,840.1952306503198,884.0518382155255,927.9084457807317,971.7650533459375,1015.6216609111434,1059.4782684763493,1103.334876041555,1147.1914836067617,1191.0480911719674,1234.9046987371735,1278.761306302379] [-38.04365511966637,-2.6913502463364125,-1.9850741285711138,-1.407876437881157,-0.945539123991864,-0.5862210277937265,-0.3199399639819944,-0.13819087318410084,-0.03365887846240412,0.0,-0.03274044973755963,-0.1279203351216438,-0.28101459816156193,-0.48800351845630985,-0.7452976856110922,-1.0496766663566177,-1.3982384361530649,-1.7883573571700708,-2.217649004412692,-2.6839405261122806] False 55284.65603222185 55298.65603222185
413.52331434760555 476.5900816815941 549.2752115212968 5.409043011376654e-13 3.1436359834035413e-13 4.123598215920306e-13 5.594696253138914e-11 2.659017944789883e-08 0.04017802833169856 4.266983675654463e-10 7.384461668188699e-11 7.784502711311449e-11 6.984420625065948e-11 5.605895021522035e-10 9.691945902387387e-05 1.6772926368264322e-05 1.7681572016665038e-05 1.5864280719863607e-05 0.0001273312377383796 1034.771927871289 179.0781080387249 188.77936946565734 169.37684661179247 1359.466836482494 125.83631616032403 -375.77690899667886 [0.0,665.7258495990872,711.856609383113,757.9873691671379,804.1181289511627,850.2488887351883,896.3796485192133,942.5104083032387,988.6411680872638,1034.771927871289,1081.989120369863,1129.2063128684372,1176.4235053670113,1223.6406978655848,1270.8578903641596,1318.075082862733,1365.2922753613084,1412.509467859881,1459.7266603584549,1506.9438528570288] [-62.918158080162016,-2.691286256762453,-1.995285471033867,-1.4229577525781565,-0.9618407489214746,-0.601321747357872,-0.33228365107947866,-0.14683250487661326,-0.03808489342026178,0.0,-0.02863499022612359,-0.1206482453476383,-0.2715318418353263,-0.477257128636154,-0.7342080981678123,-1.0391260467502548,-1.3890632913602872,-1.7813442105569948,-2.2135322535481805,-2.683401846679544] False 55284.65603222185 55298.65603222185
549.2752115212968 633.0528961793416 729.6086933380817 3.202011757291973e-13 1.8447149110559097e-13 2.4303906751904777e-13 4.3811653579062915e-11 2.765283749929856e-08 0.03488229634244344 2.005541950387238e-10 4.0894514153563465e-11 4.329815723180209e-11 3.849087107532485e-11 2.750431896381109e-10 8.03732908421693e-05 1.63887206611606e-05 1.73519949729781e-05 1.54254463493431e-05 0.00011022520007957686 825.1932378032419 168.26312975529513 178.15307503353824 158.373184477052 1131.6830353480304 105.96704527700535 -268.09146438225605 [0.0,485.1037831464561,527.6149649785543,570.1261468106528,612.6373286427508,655.1485104748491,697.6596923069471,740.1708741390456,782.6820559711438,825.1932378032419,870.2740570089884,915.3548762147348,960.4356954204811,1005.5165146262274,1050.5973338319736,1095.6781530377207,1140.7589722434664,1185.839791449213,1230.9206106549598,1276.0014298607061] [-52.98352263850268,-2.704301265587503,-1.9810304925157425,-1.3962539165092949,-0.9323748252622295,-0.575030958717889,-0.31233833546281176,-0.1343453707088429,-0.03263048561262849,0.0,-0.033979991771218465,-0.1323015294049128,-0.2894259655070073,-0.5005183409162441,-0.7613315570831674,-1.068113608233773,-1.4175325496141795,-1.806615263572212,-2.2326970723932504,-2.693379960262746] False 55284.65603222185 55298.65603222185
729.6086933380817 840.8915725798939 969.1477682383326 1.8626606330048182e-13 1.0637842462482436e-13 1.4076466309046854e-13 3.3712651393275117e-11 2.8258783886828916e-08 0.029328435712649426 1.1936080817466492e-10 2.603599088882735e-11 2.7742787235363282e-11 2.4329194542291417e-11 1.6750785909395333e-10 8.439986475193539e-05 1.8410013666161398e-05 1.961688703615343e-05 1.7203140296169367e-05 0.00011844457882463227 847.9458235761374 184.96112814971318 197.0863043769243 172.83595192250203 1189.9851526394598 98.67788757916043 -254.13482917371343 [0.0,478.885298090891,525.0178637765471,571.1504294622031,617.2829951478581,663.4155608335145,709.5481265191702,755.6806922048262,801.8132578904823,847.9458235761374,898.3874939167064,948.8291642572747,999.2708345978435,1049.712504938412,1100.1541752789806,1150.5958456195492,1201.0375159601176,1251.479186300686,1301.9208566412547,1352.3625269818233] [-49.33894378958021,-2.7041735481287503,-1.9738227083689992,-1.3873979238703384,-0.9248494083247181,-0.5701338595790162,-0.31020308148842446,-0.1342946324303398,-0.03342195545417326,0.0,-0.03304987841744378,-0.13181260166979314,-0.2901168297812262,-0.5026421713000389,-0.7647679236175122,-1.0724541975910427,-1.4221474153091833,-1.8107043967181369,-2.2353307958518656,-2.6935307371561237] False 55284.65603222185 55298.65603222185
969.1477682383326 1116.9661194245136 1287.3303254983532 1.0648085133953087e-13 6.028438239108569e-14 8.011948801309586e-14 2.5493289680767246e-11 2.8378991083154405e-08 0.02383045325003491 6.205738004090155e-11 1.5416100539155607e-11 1.6789923969826955e-11 1.4042277108484258e-11 9.076921730055447e-11 7.742361344328848e-05 1.9233332250890737e-05 2.094733265125449e-05 1.7519331850526983e-05 0.00011324488381875115 774.5603670202934 192.41386735566488 209.56104920543893 175.2666855058908 1132.9230821559652 92.7265100839254 -173.6958377632304 [0.0,404.244379690156,450.5338781064233,496.8233765226903,543.1128749389575,589.4023733552247,635.6918717714921,681.9813701877589,728.2708686040262,774.5603670202934,827.6466044090313,880.7328417977693,933.8190791865077,986.9053165752455,1039.9915539639828,1093.077791352721,1146.164028741459,1199.2502661301958,1252.3365035189345,1305.4227409076725] [-46.3632550419627,-2.7034336252244486,-1.9532922573271776,-1.360714296440392,-0.8997626852117548,-0.5505164446058757,-0.29732834089847415,-0.12767390165214465,-0.03136544093536031,0.0,-0.03497057697842365,-0.13733142454674407,-0.29972169782521974,-0.5159414161334439,-0.7807176884147964,-1.0895272559484113,-1.4384597640433867,-1.8241109989364759,-2.2434985131972383,-2.6939942132628687] False 55284.65603222185 55298.65603222185
1287.3303254983532 1483.6791717563765 1709.9759409858673 5.981860196861808e-14 3.357245053649559e-14 4.481358115296916e-14 1.894473600903038e-11 2.8007229615582562e-08 0.018633424708458912 2.867455878125792e-11 8.367612641143265e-12 9.07918012106713e-12 7.656045161219402e-12 4.4814298844458985e-11 6.31214176373473e-05 1.841965821264435e-05 1.9986034470429567e-05 1.685328195485914e-05 9.864989013657954e-05 639.8631406710972 186.7204634367602 202.59885256828176 170.8420743052387 1000.016015044354 81.5511448597886 -86.19172680853104 [0.0,292.6192866689149,336.02476841918764,379.4302501694606,422.83573191973295,466.24121367000606,509.6466954202785,553.0521771705515,596.4576589208241,639.8631406710972,694.0522588255462,748.2413769799957,802.430495134445,856.6196132888941,910.8087314433434,964.9978495977928,1019.1869677522426,1073.3760859066913,1127.5652040611408,1181.7543222155898] [-40.7755724298943,-2.6981884320083367,-1.911123229388707,-1.3087456251986254,-0.8523086959381629,-0.5141327824346149,-0.273749587329263,-0.1155933621331684,-0.02754878008209971,0.0,-0.03885783436378176,-0.14789715959928174,-0.31750160354515344,-0.5399088260378022,-0.8087622486392263,-1.1187906347554701,-1.4655740990041295,-1.8453699869083806,-2.2549811281339487,-2.691654657583925] False 55284.65603222185 55298.65603222185
1709.9759409858673 1970.7884119509856 2271.3810595726877 3.302387015920003e-14 1.8373345191479014e-14 2.4632477869543775e-14 1.3835056588767065e-11 2.716270826386853e-08 0.01398006481973152 2.26592199662211e-11 6.42387009701912e-12 6.9587374450805316e-12 5.8890027489577084e-12 3.49990729355268e-11 8.800856816302536e-05 2.4950356197023693e-05 2.702778470207429e-05 2.2872927691973097e-05 0.00013593664303893942 919.8920257323172 260.78862756076023 282.50253514627093 239.0747199752495 1420.850680182709 94.09180175275924 -112.31072449772518 [0.0,432.46480985450455,493.3932118392312,554.3216138239577,615.2500158086843,676.1784177934112,737.1068197781376,798.035221762864,858.9636237475901,919.8920257323172,995.0684285174508,1070.2448313025845,1145.4212340877184,1220.5976368728534,1295.7740396579863,1370.9504424431204,1446.126845228255,1521.303248013388,1596.4796507985218,1671.6560535836556] [-47.04590087637962,-2.6981089995203007,-1.9175734812975946,-1.31716603023753,-0.8602803912602326,-0.5204976854521988,-0.27811772743997665,-0.1180530427994313,-0.028489327277256393,0.0,-0.03778390773454987,-0.14541673458842297,-0.31363743623322193,-0.5349234340440319,-0.8030799391786303,-1.1129439786782314,-1.4601666714012822,-1.8410501476940908,-2.2524234239019734,-2.691546562290739] False 55284.65603222185 55298.65603222185
2271.3810595726877 2617.821317854317 3017.1020504598932 1.7916230557805643e-14 9.881443495760243e-15 1.3305571010444081e-14 9.92894320099946e-12 2.5888429396288442e-08 0.010109708648214422 1.2791974113202338e-11 4.206468575319751e-12 4.5877597718057166e-12 3.825177378833786e-12 2.1021241044541884e-11 8.766325087877701e-05 2.8826880571261075e-05 3.143986473770968e-05 2.621389640481246e-05 0.00014405832212942122 961.3998604916242 316.14340880356986 344.79991638123596 287.48690122590375 1579.8826693000594 82.74340782589496 -71.41691975685848 [0.0,395.817891030229,466.51563721290347,537.2133833955776,607.9111295782523,678.6088757609264,749.3066219436012,820.0043681262753,890.7021143089503,961.3998604916242,1054.9702153842268,1148.5405702768285,1242.11092516943,1335.6812800620312,1429.2516349546322,1522.8219898472341,1616.3923447398363,1709.9626996324375,1803.5330545250388,1897.1034094176412] [-41.37170391294748,-2.6935731876306193,-1.882925165266414,-1.276662668387587,-0.8251886584398704,-0.4951024063829834,-0.26282456613876093,-0.1110814810457299,-0.02683528767660448,0.0,-0.039414205294960425,-0.15118717597903242,-0.32424227966244246,-0.5498868319690189,-0.8211714465281403,-1.13245142304919,-1.4790781711158303,-1.857176946199644,-2.2634834283689003,-2.6952213674463366] False 55284.65603222185 55298.65603222185
3017.1020504598932 3477.2827010020824 4007.6519721450045 9.551955318135564e-15 5.222512809390402e-15 7.062946198555363e-15 7.002527392002782e-12 2.424756065144793e-08 0.007105695571413273 8.030486162834348e-12 2.8731799785643092e-12 3.146344833655234e-12 2.600015123473385e-12 1.3715256069257831e-11 9.710058314645964e-05 3.474104129517093e-05 3.8044012769949625e-05 3.143806982039223e-05 0.00016583794994771685 1136.9881543875965 406.7962430680814 445.4720091594042 368.1204769767587 1941.8604763070566 82.72082498119119 -74.00249856336082 [0.0,427.20517265060516,515.928045367729,604.6509180848526,693.373790801977,782.0966635191007,870.8195362362247,959.5424089533487,1048.2652816704733,1136.9881543875965,1259.439841837572,1381.891529287548,1504.343216737525,1626.7949041875004,1749.2465916374756,1871.698279087452,1994.149966537428,2116.6016539874045,2239.053341437381,2361.505028887355] [-41.36041249059559,-2.6992894624249004,-1.8623363563310278,-1.24955385629859,-0.8004992824653101,-0.47637268135135,-0.2507584673363823,-0.1048489155610497,-0.024772060452306732,0.0,-0.041817898065986014,-0.1571772625412109,-0.3337687598423713,-0.5621459730247409,-0.8349001418227999,-1.1461125917361414,-1.4909796983240113,-1.865548964471813,-2.26652888740648,-2.6911491525189177] False 55284.65603222185 55298.65603222185
4007.6519721450045 4618.915317184078 5323.411028602609 5.004548324329744e-15 2.7124741085881142e-15 3.6843870256696006e-15 4.853290745812299e-12 2.2318249178107433e-08 0.004869026657304376 2.8760436044946304e-12 1.507642326514005e-12 1.6978798959944887e-12 1.3174047570335211e-12 6.09865759465979e-12 6.135860343704747e-05 3.2164612349031296e-05 3.62232127006876e-05 2.8106011997374992e-05 0.00013011107073073117 780.6030106112258 409.1975994948593 460.83103760955083 357.5641613801677 1655.270619554801 25.50602857655761 -40.09399407781381 [0.0,163.1302247118907,240.31432294930764,317.4984211867245,394.68251942414133,471.8666176615582,549.0507158989752,626.2348141363921,703.418912373809,780.6030106112258,916.7888995333124,1052.9747884553983,1189.1606773774847,1325.3465662995707,1461.5324552216582,1597.7183441437442,1733.9042330658299,1870.0901219879172,2006.2760109100025,2142.46189983209] [-12.753014288278806,-2.695063857219921,-1.7290191906155385,-1.1075602208043094,-0.6879002208777436,-0.4013720034134636,-0.20946025128239398,-0.08833107190137923,-0.02218512513936588,0.0,-0.044778677174356574,-0.1721592738934774,-0.36256490659259555,-0.6026546725198685,-0.8829251933310189,-1.1963655963160562,-1.53765495104345,-1.9026589784905994,-2.2881012982622124,-2.6913412365341287] False 55284.65603222185 55298.65603222185
