data/PKS0346-27_allsed_1d_min11.ecsv
# %ECSV 1.0
# ---
# datatype:
# - {name: e_min, unit: MeV, datatype: float64}
# - {name: e_ref, unit: MeV, datatype: float64}
# - {name: e_max, unit: MeV, datatype: float64}
# - {name: ref_dnde_e_min, unit: ph / (MeV s cm2), datatype: float64}
# - {name: ref_dnde_e_max, unit: ph / (MeV s cm2), datatype: float64}
# - {name: ref_dnde, unit: ph / (MeV s cm2), datatype: float64}
# - {name: ref_flux, unit: ph / (s cm2), datatype: float64}
# - {name: ref_eflux, unit: MeV / (s cm2), datatype: float64}
# - {name: ref_npred, datatype: float64}
# - {name: dnde, unit: ph / (MeV s cm2), datatype: float64}
# - {name: dnde_err, unit: ph / (MeV s cm2), datatype: float64}
# - {name: dnde_errp, unit: ph / (MeV s cm2), datatype: float64}
# - {name: dnde_errn, unit: ph / (MeV s cm2), datatype: float64}
# - {name: dnde_ul, unit: ph / (MeV s cm2), datatype: float64}
# - {name: e2dnde, unit: MeV / (s cm2), datatype: float64}
# - {name: e2dnde_err, unit: MeV / (s cm2), datatype: float64}
# - {name: e2dnde_errp, unit: MeV / (s cm2), datatype: float64}
# - {name: e2dnde_errn, unit: MeV / (s cm2), datatype: float64}
# - {name: e2dnde_ul, unit: MeV / (s cm2), datatype: float64}
# - {name: norm, datatype: float64}
# - {name: norm_err, datatype: float64}
# - {name: norm_errp, datatype: float64}
# - {name: norm_errn, datatype: float64}
# - {name: norm_ul, datatype: float64}
# - {name: ts, datatype: float64}
# - {name: loglike, datatype: float64}
# - {name: norm_scan, datatype: string, subtype: 'float64[20]'}
# - {name: dloglike_scan, datatype: string, subtype: 'float64[20]'}
# - {name: ShowUL, datatype: bool}
# - {name: tstart, datatype: float64}
# - {name: tend, datatype: float64}
# meta: !!omap
# - {UL_CONF: 0.95}
# - {EXTNAME: SED}
# - {CONFIG: '{"bin_index": 2.0, "use_local_index": true, "free_background": false, "free_radius": null, "free_pars": [], "ul_confidence":
#     0.95, "cov_scale": 3.0, "make_plots": false, "write_fits": true, "write_npy": true, "optimizer": {"optimizer": "MINUIT", "tol":
#     0.001, "max_iter": 100, "init_lambda": 0.0001, "retries": 3, "min_fit_quality": 2, "verbosity": 0}, "prefix": "", "outfile": null,
#     "loge_bins": []}'}
# - {SRCNAME: 4FGL J0348.6-2749}
# - {CREATOR: fermipy 1.2.0}
# - {STVER: 2.2.0}
# schema: astropy-2.0
e_min e_ref e_max ref_dnde_e_min ref_dnde_e_max ref_dnde ref_flux ref_eflux ref_npred dnde dnde_err dnde_errp dnde_errn dnde_ul e2dnde e2dnde_err e2dnde_errp e2dnde_errn e2dnde_ul norm norm_err norm_errp norm_errn norm_ul ts loglike norm_scan dloglike_scan ShowUL tstart tend
[from data line 386]
729.6086933380817 840.8915725798939 969.1477682383326 1.6835699302545118e-13 1.053147669382867e-13 1.3315583908678652e-13 3.1834626211440635e-11 2.6742082780136295e-08 0.0033787391117851492 4.4939423846133136e-10 1.3464223568733724e-10 1.46122394296404e-10 1.231620770782705e-10 7.092946228311923e-10 0.000317766053417909 9.520534131505241e-05 0.00010332294581818329 8.708773681192155e-05 0.0005015412609189608 3374.9495444088757 1011.1628345459334 1097.3787953915134 924.9468737003533 5326.800744869309 95.3284194585512 -65.59204875472219 [0.0,1514.4766033036808,1747.0357209418298,1979.594838579979,2212.1539562181288,2444.7130738562782,2677.272191494427,2909.8313091325745,3142.3904267707253,3374.9495444088757,3668.7866432974865,3962.6237421860997,4256.46084107471,4550.29793996332,4844.135038851935,5137.972137740544,5431.809236629157,5725.646335517769,6019.483434406378,6313.320533294991] [-47.6642097292756,-2.6981387427026107,-1.9053862807663506,-1.3018389390397545,-0.8463296770425472,-0.509868327520806,-0.27126030015617175,-0.11453564955039042,-0.027358559532231652,0.0,-0.038975036919651984,-0.14853115457030697,-0.3187702193785782,-0.5417514592895287,-0.8110059512468837,-1.1211930680428424,-1.4678517836686638,-1.8472170240587218,-2.256081644244219,-2.69169106018812] False 58622.699990555186 58623.699990555186
969.1477682383326 1116.9661194245136 1287.3303254983532 1.0555734785094132e-13 6.466872858802522e-14 8.262118056917533e-14 2.6246926670816803e-11 2.9272500579890485e-08 0.0029470497016832534 1.4316604654644444e-10 6.392353758994336e-11 7.107580779726488e-11 5.6771267382621824e-11 2.752281656333169e-10 0.00017861586548948883 7.975185644365458e-05 8.867512396491692e-05 7.082858892239224e-05 0.00034337832326557455 1732.8007849824594 773.6943136079107 860.2613434911647 687.1272837246566 3331.205917626409 49.139423126488566 -38.03190537478753 [0.0,490.1455885428371,645.4774880977901,800.8093876527423,956.141287207695,1111.4731867626476,1266.8050863176009,1422.1369858725539,1577.4688854275064,1732.8007849824594,1980.201353067685,2227.601921152912,2475.0024892381384,2722.4030573233645,2969.8036254085882,3217.204193493817,3464.604761579042,3712.0053296642677,3959.405897749493,4206.806465834721] [-24.569711563244283,-2.6932173772011367,-1.7800834707156596,-1.1585437498604136,-0.7253416151278813,-0.42391623394842526,-0.21989941722770112,-0.09083650944169364,-0.021245764798315747,0.0,-0.04627601032497353,-0.17082278270559215,-0.357205289631473,-0.5936849083266083,-0.8715843315420173,-1.1843074517097136,-1.526722599192226,-1.8947585866551009,-2.285131106829411,-2.6951520519904903] False 58622.699990555186 58623.699990555186
1287.3303254983532 1483.6791717563765 1709.9759409858673 6.348063517990938e-14 3.8088586709005116e-14 4.917202128642571e-14 2.075717936960287e-11 3.0735170284077405e-08 0.002425014128414331 3.4344336556135956e-10 8.41280470532721e-11 9.02679853160063e-11 7.798810879053788e-11 5.013110434367041e-10 0.0007560232147859294 0.00018519139679090249 0.0001987072667405001 0.00017167552684130486 0.0011035379473620759 6984.52812343856 1710.8925940471 1835.7590954050415 1586.0260926891583 10195.04649842602 197.83825657068127 -77.37292958691006 [0.0,3696.1096662298187,4107.161973380912,4518.214280532005,4929.266587683096,5340.31889483419,5751.371201985281,6162.423509136372,6573.475816287467,6984.52812343856,7462.93504833129,7941.341973224013,8419.748898116746,8898.155823009472,9376.562747902204,9854.96967279493,10333.376597687662,10811.783522580396,11290.190447473118,11768.597372365846] [-98.91912828534063,-2.6997302840549224,-1.9423875736904819,-1.3475489882376195,-0.8872805517034976,-0.5403110405214306,-0.29006467159703675,-0.12337091308170045,-0.0295895209342234,0.0,-0.036847736403473164,-0.14143210146835372,-0.30594036345878806,-0.5238437864345826,-0.789630266994152,-1.0986032101916692,-1.4467278637397811,-1.8305122658188537,-2.2469138452568416,-2.6932653093286945] False 58622.699990555186 58623.699990555186
1709.9759409858673 1970.7884119509856 2271.3810595726877 3.6617571753379395e-14 2.151745373911577e-14 2.8069857609936177e-14 1.5745968878285275e-11 3.095441722323137e-08 0.0018826323320163402 1.4867869791370385e-10 4.6842146946740905e-11 5.0968316003314884e-11 4.271597789016692e-11 2.397512030657276e-10 0.0005774690981964222 0.0001819352249817191 0.00019796129433490074 0.00016590915562853748 0.0009311953424977638 5296.738586271794 1668.7703798739508 1815.7668169030221 1521.7739428448795 8541.233318578017 118.16994314044055 -39.23605101300096 [0.0,2288.5264479185107,2664.552965212673,3040.5794825068306,3416.605999800992,3792.6325170951536,4168.659034389313,4544.685551683473,4920.712068977632,5296.738586271794,5787.466193692623,6278.193801113453,6768.921408534279,7259.64901595511,7750.3766233759425,8241.104230796762,8731.831838217598,9222.559445638426,9713.287053059259,10204.014660480085] [-59.084971570220276,-2.6920317437773775,-1.8876874521565696,-1.2822924948855743,-0.8295324472219647,-0.4975928495050681,-0.26367420650493045,-0.11087796724996934,-0.026330873137673905,0.0,-0.04019123538564884,-0.15216972093401182,-0.3251429417350806,-0.5505829870707686,-0.8216341750295015,-1.1327025380138878,-1.4791640289269168,-1.8571524901753662,-2.2634025719992295,-2.6951313502648304] False 58622.699990555186 58623.699990555186
2271.3810595726877 2617.821317854317 3017.1020504598932 2.0259713658964953e-14 1.165956590715495e-14 1.5369432867441457e-14 1.1457281979213079e-11 2.9903419270593944e-08 0.0013901720669186116 4.41978706661486e-11 2.202433673553567e-11 2.471130661251265e-11 1.9337366858558697e-11 9.084375475296494e-11 0.0003028874972874985 0.00015093252531626577 0.00016934629885463192 0.0001325187517778997 0.0006225512022776943 2875.699516523942 1432.9960594832314 1607.8216304819537 1258.1704884845096 5910.677091111668 53.325488475028436 -14.598026149173407 [0.0,683.9616849203188,957.9289138707717,1231.8961428212242,1505.8633717716777,1779.8306007221308,2053.797829672583,2327.765058623036,2601.73228757349,2875.699516523942,3349.2961748067382,3822.8928330895315,4296.489491372327,4770.086149655122,5243.682807937916,5717.279466220711,6190.8761245035075,6664.472782786299,7138.069441069092,7611.666099351891] [-26.662744237514218,-2.69060095746471,-1.726639385966017,-1.1028358190296128,-0.6813918770268046,-0.39429837808826385,-0.20294821646415073,-0.08330379248873498,-0.019378559407147833,0.0,-0.048877633378600294,-0.1784658272588846,-0.3698672812315742,-0.6101313745543528,-0.889994268804223,-1.20259999745943,-1.542732120322853,-1.9063293344566858,-2.290167733667726,-2.6916453235961413] False 58622.699990555186 58623.699990555186
3017.1020504598932 3477.2827010020824 4007.6519721450045 1.075158638440022e-14 6.059954583616737e-15 8.071810527465154e-15 7.996592566499994e-12 2.770960139669882e-08 0.0009782972890187008 2.8752045028580562e-11 1.6046010928969535e-11 1.8115355732429666e-11 1.3976666125509403e-11 6.318518607048558e-11 0.000347655208205111 0.00019402026063979739 0.00021904173294828773 0.000168998788331307 0.0007640033603515053 3562.0317066101607 1987.9072823093848 2244.274152718319 1731.5404119004502 7827.882710513529 32.64537956240977 -26.390122959172345 [0.0,634.7175220305255,1000.6317951029797,1366.5460681754344,1732.4603412478891,2098.374614320343,2464.2888873927973,2830.203160465251,3196.117433537707,3562.0317066101607,4228.887488522677,4895.7432704351895,5562.59905234771,6229.454834260225,6896.310616172742,7563.166398085256,8230.022179997773,8896.877961910284,9563.733743822804,10230.589525735322] [-16.322689781204886,-2.689915955946585,-1.675296616084065,-1.054850249556825,-0.6469124897290257,-0.37305993192873643,-0.19198962414318288,-0.07916588471780983,-0.018774301914657343,0.0,-0.04883354371346016,-0.17959815400384116,-0.372311378351867,-0.6135841871234433,-0.8939886596209412,-1.2066256037053584,-1.5462887301015407,-1.9089492900796756,-2.2914237913470785,-2.691151687196296] False 58622.699990555186 58623.699990555186
5323.411028602609 6135.359285332078 7071.149185711414 2.6720063887418983e-15 1.444540747669693e-15 1.9646429972316624e-15 3.437835789264977e-12 2.0998233794693986e-08 0.0004239174913923671 4.633755496480233e-12 4.656415666314886e-12 5.835962633941045e-12 3.476868698688724e-12 1.6860970487939935e-11 0.00017442676016115352 0.00017527974863064923 0.00021968100289994035 0.00013087849436135805 0.0006346913335453612 2358.573798399791 2370.1077869496617 2970.495220843878 1769.7203530554443 8582.205780744072 16.386415235168887 -3.3518873491599135 [0.0,262.06375537775455,524.1275107555091,786.1912661332638,1048.2550215110182,1310.3187768887733,1572.3825322665275,1834.446287644282,2096.5100430220364,2358.573798399791,3384.993542339287,4411.413286278785,5437.833030218277,6464.2527741577715,7490.672518097266,8517.092262036767,9543.512005976263,10569.93174991576,11596.35149385525,12622.771237794748] [-8.193207617584443,-1.3076636763484522,-0.7260674869604276,-0.4318483622935223,-0.2553359951750811,-0.14333163376095914,-0.07213400798631575,-0.029098539390229217,-0.006676907942158916,0.0,-0.07385325000832799,-0.24414391591984463,-0.47008593702451895,-0.7323034436570448,-1.0200546568419973,-1.326759384343466,-1.6480931441098519,-1.9810610786454323,-2.323503191938411,-2.6738102560383843] False 58622.699990555186 58623.699990555186
9392.473966813408 10825.05221838098 12476.13311942254 5.620996247603141e-16 2.9147534048081945e-16 4.0476929170967576e-16 1.2512066802270625e-12 1.3470675526248268e-08 0.00015605964043405307 5.1473319293397336e-12 3.6579222145970465e-12 4.270868037585883e-12 3.044976391608211e-12 1.369476593000397e-11 0.0006031733917791265 0.0004286417467011366 0.0005004678142841628 0.0003568156791181104 0.0016047767132595428 12716.705626551584 9037.054661796634 10551.363764643489 7522.745558949779 33833.51012661963 39.68124624606804 -4.531761666976424 [0.0,1375.4558273628256,2793.112052261421,4210.768277160016,5628.4245020586095,7046.080726957202,8463.736951855803,9881.393176754395,11299.049401652988,12716.705626551584,16093.794241461186,19470.882856370805,22847.971471280413,26225.06008619002,29602.148701099617,32979.23731600923,36356.32593091886,39733.41454582847,43110.50316073805,46487.59177564765] [-19.84062312303402,-2.678050764884942,-1.4827182960327416,-0.8830356635383465,-0.5239334262575532,-0.295904970619457,-0.1505163929723068,-0.06203774081377311,-0.015152374084959952,0.0,-0.056000456303610946,-0.2020598553852091,-0.40920626004561544,-0.6605298919425806,-0.9452961345798556,-1.2562624906561695,-1.588310979366013,-1.9376907126922873,-2.301570560931613,-2.6777610306648905] False 58622.699990555186 58623.699990555186
22013.03884703687 25370.556878452422 29240.177187505025 3.9669264629348634e-17 1.932350477192021e-17 2.768662536973013e-17 2.0100352546825003e-13 5.064350839816502e-09 2.515341701407603e-05 1.1003789095642835e-12 1.1057704641435403e-12 1.385642963706657e-12 8.258979645804237e-13 4.004874666920185e-12 0.0007082755628389952 0.0007117459186600755 0.0008918900948418188 0.0005316017424783321 0.0025777982785363607 39744.06034934582 39938.79533446075 50047.37649325745 29830.214175664052 144650.15556929255 21.223394328622064 -2.760600985801929 [0.0,4416.0067054828705,8832.013410965741,13248.020116448619,17664.026821931482,22080.033527414344,26496.040232897238,30912.046938380106,35328.053643862964,39744.06034934582,57086.631341648936,74429.20233395205,91771.77332625515,109114.34431855826,126456.91531086143,143799.48630316457,161142.05729546753,178484.62828777064,195827.19928007384,213169.7702723769] [-10.611697164311032,-1.3085308165789522,-0.7265020720983029,-0.4321282151860948,-0.2555305975015796,-0.14346878234990035,-0.07222760240686998,-0.029156522677653562,-0.0067042446791356625,0.0,-0.07411811594587903,-0.24506609911808974,-0.4718355329342985,-0.7349694843925225,-1.023689560447087,-1.3313966109557214,-1.6537553543639874,-1.9877643297285044,-2.331259276146718,-2.6826280883079168] False 58622.699990555186 58623.699990555186
38840.06964680279 44764.114713307994 51591.719177855455 5.4999508222301234e-18 2.569721388226322e-18 3.759433635812405e-18 4.8232757391438615e-14 2.1420816799757886e-09 6.11702724645502e-06 6.140322914781479e-13 6.173662589779128e-13 7.735962302297121e-13 4.611362877261134e-13 2.2361315889779316e-12 0.0012304138496670406 0.0012370945403130903 0.0015501522133852211 0.0009240368672409591 0.004480818541534844 163331.06285714687 164217.88992279986 205774.6738392789 122661.1060063208 594805.4429466497 22.86106747185605 -2.7158094656728284 [0.0,18147.89587301632,36295.79174603264,54443.68761904896,72591.58349206529,90739.4793650816,108887.37523809791,127035.27111111421,145183.16698413057,163331.06285714687,234696.8500717148,306062.6372862829,377428.4245008508,448794.2117154188,520159.99892998685,591525.786144555,662891.5733591227,734257.3605736907,805623.1477882593,876988.9350028269] [-11.430533735928025,-1.3091032030540717,-0.7269851880775087,-0.432537250916587,-0.2558693507125498,-0.14373877215980935,-0.07242958838238867,-0.029290938859611426,-0.006771362344248466,0.0,-0.07403220043701308,-0.2450842177728898,-0.4720399173612435,-0.7354031472226548,-1.0243778141022362,-1.332355607963657,-1.6549960312578582,-1.9892944346068502,-2.3330844983035277,-2.6847527282969557] False 58622.699990555186 58623.699990555186
132.83117061068992 153.091119887046 176.4411988580621 1.3770563050074502e-12 9.522880760617954e-13 1.145143789802971e-12 4.978738574104033e-11 7.632295376013448e-09 0.0019074818490415763 8.301822355788033e-09 2.470304157059057e-09 2.663126380269492e-09 2.2774819338486216e-09 1.2988379467976117e-08 0.0001945689055565861 5.789624923686307e-05 6.241540266236187e-05 5.3377095811364255e-05 0.00030440723370523916 7249.589466154649 2157.1999770300354 2325.582519840324 1988.8174342197465 11342.138501411117 34.687189302174716 -129.79358521916174 [0.0,3117.0575396318222,3633.624030447174,4150.190521262528,4666.757012077881,5183.323502893236,5699.889993708591,6216.456484523946,6733.022975339298,7249.589466154649,7860.476652324085,8471.363838493515,9082.251024662943,9693.138210832376,10304.025397001808,10914.912583171232,11525.799769340661,12136.686955510091,12747.574141679523,13358.461327848945] [-17.343594651087358,-2.6975247394027235,-1.9314765694607274,-1.3351645685331448,-0.8767845584840472,-0.5329198510365813,-0.2857952748631192,-0.12157751059154975,-0.029275123343381892,0.0,-0.03681007209695508,-0.14172230054515467,-0.30665495418739397,-0.5249166008183579,-0.7909003552636591,-1.0998584627838568,-1.4477330246584472,-1.831026795702229,-2.2467031245929547,-2.6921074468039308] False 58625.699990555186 58626.699990555186
