data/PKS0208-512_allsed_14d_min11.ecsv
# %ECSV 1.0
# ---
# datatype:
# - {name: e_min, unit: MeV, datatype: float64}
# - {name: e_ref, unit: MeV, datatype: float64}
# - {name: e_max, unit: MeV, datatype: float64}
# - {name: ref_dnde_e_min, unit: ph / (MeV s cm2), datatype: float64}
# - {name: ref_dnde_e_max, unit: ph / (MeV s cm2), datatype: float64}
# - {name: ref_dnde, unit: ph / (MeV s cm2), datatype: float64}
# - {name: ref_flux, unit: ph / (s cm2), datatype: float64}
# - {name: ref_eflux, unit: MeV / (s cm2), datatype: float64}
# - {name: ref_npred, datatype: float64}
# - {name: dnde, unit: ph / (MeV s cm2), datatype: float64}
# - {name: dnde_err, unit: ph / (MeV s cm2), datatype: float64}
# - {name: dnde_errp, unit: ph / (MeV s cm2), datatype: float64}
# - {name: dnde_errn, unit: ph / (MeV s cm2), datatype: float64}
# - {name: dnde_ul, unit: ph / (MeV s cm2), datatype: float64}
# - {name: e2dnde, unit: MeV / (s cm2), datatype: float64}
# - {name: e2dnde_err, unit: MeV / (s cm2), datatype: float64}
# - {name: e2dnde_errp, unit: MeV / (s cm2), datatype: float64}
# - {name: e2dnde_errn, unit: MeV / (s cm2), datatype: float64}
# - {name: e2dnde_ul, unit: MeV / (s cm2), datatype: float64}
# - {name: norm, datatype: float64}
# - {name: norm_err, datatype: float64}
# - {name: norm_errp, datatype: float64}
# - {name: norm_errn, datatype: float64}
# - {name: norm_ul, datatype: float64}
# - {name: ts, datatype: float64}
# - {name: loglike, datatype: float64}
# - {name: norm_scan, datatype: string, subtype: 'float64[20]'}
# - {name: dloglike_scan, datatype: string, subtype: 'float64[20]'}
# - {name: ShowUL, datatype: bool}
# - {name: tstart, datatype: float64}
# - {name: tend, datatype: float64}
# meta: !!omap
# - {UL_CONF: 0.95}
# - {EXTNAME: SED}
# - {CONFIG: '{"bin_index": 2.0, "use_local_index": true, "free_background": false, "free_radius": null, "free_pars": [], "ul_confidence":
#     0.95, "cov_scale": 3.0, "make_plots": false, "write_fits": true, "write_npy": true, "optimizer": {"optimizer": "MINUIT", "tol":
#     0.001, "max_iter": 100, "init_lambda": 0.0001, "retries": 3, "min_fit_quality": 2, "verbosity": 0}, "prefix": "", "outfile": null,
#     "loge_bins": []}'}
# - {SRCNAME: 4FGL J0210.7-5101}
# - {CREATOR: fermipy 1.2.0}
# - {STVER: 2.2.0}
# schema: astropy-2.0
e_min e_ref e_max ref_dnde_e_min ref_dnde_e_max ref_dnde ref_flux ref_eflux ref_npred dnde dnde_err dnde_errp dnde_errn dnde_ul e2dnde e2dnde_err e2dnde_errp e2dnde_errn e2dnde_ul norm norm_err norm_errp norm_errn norm_ul ts loglike norm_scan dloglike_scan ShowUL tstart tend
[from data line 1246]
7071.149185711414 8149.575733880153 9392.473966813408 1.950315437978136e-16 7.885088271620955e-17 1.2400971488541827e-16 2.9154648979922984e-13 2.349270162529418e-09 0.0005582891416251456 2.1972630020236857e-13 2.2338414305790998e-13 2.800875938044485e-13 1.6668069231137148e-13 8.089748371518241e-13 1.4593250689218456e-05 1.4836188460998709e-05 1.8602181293562992e-05 1.1070195628434427e-05 5.3728536770305956e-05 1771.84747505782 1801.3438968415587 2258.593966313382 1344.0938273697354 6523.47953464207 13.028336637366507 -17.878981016212528 [0.0,196.8719416730912,393.7438833461824,590.6158250192733,787.4877666923647,984.3597083654553,1181.2316500385466,1378.103591711638,1574.9755333847295,1771.84747505782,2552.0902926593567,3332.3331102608945,4112.57592786243,4892.818745463969,5673.061563065505,6453.304380667043,7233.547198268578,8013.790015870112,8794.032833471649,9574.275651073187] [-6.514168318683254,-1.3149479339105206,-0.7340109648014099,-0.43910638379380984,-0.26157167014555327,-0.14841010317554293,-0.07598782253820247,-0.03168915583131238,-0.00798024136351927,0.0,-0.07017599218576365,-0.2384033875317897,-0.462980200115517,-0.7241975579712481,-1.0111635206136498,-1.3172202313952255,-1.6379990013420098,-1.970477958460915,-2.3124796673448884,-2.6623831387079875] False 60506.65603222185 60520.65603222185
9392.473966813408 10825.05221838098 12476.13311942254 6.350534024161668e-17 2.4978479731086445e-17 3.982796572812827e-17 1.2456568976119683e-13 1.3324144909169581e-09 0.00023893923992357458 1.6635051927519094e-13 1.675784082071626e-13 2.1012565104163685e-13 1.2503116537268832e-13 6.062663464438295e-13 1.949324588210627e-05 1.9637132062751395e-05 2.4622892671085023e-05 1.4651371454417768e-05 7.104335479545638e-05 4176.726484368413 4207.556302299701 5275.831873412426 3139.280731186976 15222.126848815114 10.641365577942985 -8.841752083441232 [0.0,464.08072048537946,928.1614409707589,1392.2421614561385,1856.3228819415178,2320.4036024268967,2784.484322912277,3248.565043397656,3712.6457638830357,4176.726484368413,5987.864668894915,7799.002853421417,9610.141037947915,11421.279222474413,13232.417407000916,15043.555591527414,16854.693776053922,18665.83196058042,20476.970145106916,22288.10832963342] [-5.320682788971492,-1.296123660986689,-0.7218542173482376,-0.4299277512879449,-0.2544414734517364,-0.14295527559536758,-0.07202148918198681,-0.02910439920896124,-0.0067101756134331225,0.0,-0.07293595076051496,-0.24156473417934166,-0.4655214327566455,-0.7255841049179104,-1.0110806039541789,-1.3154668290993001,-1.634438873546049,-1.9650144679040427,-2.305041749950165,-2.6529169812870954] False 60506.65603222185 60520.65603222185
100.0 115.25240587974294 132.83117061068992 1.5719945784762662e-12 1.1192539356895153e-12 1.3264468021153882e-12 4.340851244913228e-11 5.013143992329508e-09 0.024145018083519584 1.867502959631633e-09 5.766382994320484e-10 6.041822153940284e-10 5.490943834700684e-10 2.888499533907855e-09 2.4806260424679803e-05 7.65955403325166e-06 8.025423093294888e-06 7.293684973208432e-06 3.8368277439741295e-05 1407.8988743863529 434.72403002701526 455.48921708016627 413.95884297386425 2177.621846048661 14.468836043834926 -865.2331762813724 [0.0,484.6242346572034,600.0335646233468,715.442894589491,830.8522245556344,946.2615545217785,1061.6708844879217,1177.0802144540658,1292.4895444202089,1407.8988743863529,1519.0421436498345,1630.1854129133146,1741.3286821767958,1852.4719514402755,1963.6152207037562,2074.7584899672383,2185.901759230718,2297.0450284941994,2408.1882977576806,2519.3315670211623] [-7.234418021917463,-2.709847151200279,-2.0164604659114502,-1.4417541805611336,-0.975512222618022,-0.6089432554103951,-0.3344116899149867,-0.14523153794516475,-0.035505869115581845,0.0,-0.03159410245052641,-0.12393133483192287,-0.273613953498284,-0.4775538754381614,-0.7329339530316474,-1.0371753284931629,-1.3879097313910052,-1.7829558270641428,-2.2202989091676955,-2.698073371698797] False 60520.65603222185 60534.65603222185
132.83117061068992 153.091119887046 176.4411988580621 1.6541670020153465e-12 1.1148003213535385e-12 1.3579638822218835e-12 5.905257142892683e-11 9.04710781677294e-09 0.04335284642384187 9.558434487179513e-10 2.913116289860779e-10 3.0754166529735476e-10 2.7508159267480105e-10 1.4789709537790224e-09 2.2401998709454567e-05 6.8274388921620324e-06 7.20782048392509e-06 6.447057300398974e-06 3.46624810185365e-05 703.8798757696062 214.52089617393762 226.4726399012608 202.5691524466144 1089.1091973367868 15.904747988482768 -803.4528955077647 [0.0,252.37512563888367,308.813219405224,365.25131317156433,421.6894069379045,478.1275007042449,534.5655944705852,591.0036882369252,647.4417820032656,703.8798757696062,759.8071686478054,815.7344615260051,871.6617544042047,927.5890472824041,983.5163401606035,1039.4436330388032,1095.3709259170023,1151.2982187952023,1207.2255116734018,1263.152804551601] [-7.952373994241384,-2.711606682238653,-2.0056839297917577,-1.4262398105605598,-0.960138500417429,-0.5964500690844261,-0.32595053845773236,-0.14076166663767253,-0.034084802661709546,0.0,-0.03272192457211531,-0.12715414885883547,-0.27931647666366644,-0.48564577818683574,-0.7429362690209018,-1.0482904941700326,-1.399078736994852,-1.7929051305289931,-2.227579153401848,-2.7010914906948074] False 60520.65603222185 60534.65603222185
176.4411988580621 203.35272664697808 234.36890988269914 1.5595092463220531e-12 9.94823033305498e-13 1.245566424922442e-12 7.199332058756344e-11 1.4631833064567682e-08 0.06467737380544403 5.260600844584004e-10 1.5361627583030912e-10 1.6339506389336943e-10 1.4383748776724884e-10 8.06361131304208e-10 2.1753810967121927e-05 6.352391151908547e-06 6.7567668369224975e-06 5.948015466894597e-06 3.334491275780012e-05 422.3460699746757 123.33045653496512 131.18133294540561 115.47958012452463 647.3850893615873 19.702228675930883 -719.645364645694 [0.0,167.3297952992681,199.20682963369407,231.08386396812006,262.960898302546,294.83793263697186,326.7149669713979,358.5920013058238,390.46903564024984,422.3460699746757,455.1270599341099,487.90804989354393,520.689039852978,553.4700298124122,586.2510197718467,619.0320097312804,651.8129996907147,684.593989650149,717.3749796095831,750.1559695690174] [-9.851114337965441,-2.7005665102294643,-1.9843960958343132,-1.4028402016655264,-0.9394374622424948,-0.5808583939691516,-0.3161235296773839,-0.13605737050295375,-0.032896255100581584,0.0,-0.03342271654605611,-0.12967381360658692,-0.2840169909409269,-0.4922834174765285,-0.7507805126451785,-1.0562188194082864,-1.405652755260462,-1.7964321432183397,-2.2261622122354083,-2.692670321185801] False 60520.65603222185 60534.65603222185
234.36890988269914 270.1158072739371 311.3149665447022 1.3172762041523706e-12 7.953803737541726e-13 1.0235895855254648e-12 7.865656843067116e-11 2.120689964327166e-08 0.08199046384747904 4.922472190913845e-10 9.736426152103157e-11 1.0321050040450728e-10 9.151802263755586e-11 6.683400505767986e-10 3.591561201006411e-05 7.103944735107978e-06 7.530501228092621e-06 6.677388242123336e-06 4.8763793915607e-05 480.90291856446265 95.12041046319277 100.8319172684076 89.40890365797794 652.9375249883018 61.842779660274346 -587.2393453276604 [0.0,280.85895793611604,305.8644530146593,330.8699480932026,355.87544317174587,380.88093825028926,405.88643332883265,430.89192840737593,455.8974234859192,480.90291856446265,505.9135609520189,530.9242033395751,555.9348457271313,580.9454881146875,605.9561305022442,630.9667728897998,655.9774152773566,680.988057664913,705.9987000524688,731.0093424400251] [-30.921389830137173,-2.6960827836894623,-1.9917180643275287,-1.414090457638963,-0.9501321626262325,-0.5888120682178624,-0.32072124026444726,-0.13776058603400543,-0.03290154565058856,0.0,-0.033663073832599366,-0.12911640941433689,-0.2820987140211173,-0.48879896108724097,-0.7457933403637753,-1.049993060424299,-1.398600810438552,-1.7890741926743203,-2.2190948124613215,-2.6865419946358315] False 60520.65603222185 60534.65603222185
311.3149665447022 358.7979888064861 413.52331434760555 9.968872257610454e-13 5.697498251798241e-13 7.536420387699682e-13 7.701353682577269e-11 2.754515060294335e-08 0.09116398803780368 1.7321179778873782e-10 5.071756930582097e-11 5.411636064750966e-11 4.731877796413228e-11 2.6686387452692573e-10 2.2298593440930405e-05 6.529176838416519e-06 6.966723629607426e-06 6.091630047225613e-06 3.435498688954947e-05 229.83298287266425 67.29662982786624 71.80645168870075 62.78680796703174 354.098976435124 28.18099016190513 -520.3345216525299 [0.0,95.56874322806806,112.35177318364258,129.1348031392171,145.91783309479163,162.70086305036614,179.48389300594067,196.26692296151523,213.04995291708977,229.83298287266425,248.25869208405084,266.68440129543706,285.11011050682384,303.5358197182102,321.9615289295967,340.38723814098336,358.81294735236975,377.2386565637561,395.6643657751428,414.0900749865291] [-14.090495080952564,-2.7017897723619626,-1.949424038768143,-1.3559059337168264,-0.8943454152290542,-0.544679627964797,-0.29146953286635835,-0.12253316707551676,-0.02805766929168385,0.0,-0.037758727440291295,-0.14012313125272158,-0.3008748206045766,-0.5147324839517751,-0.7771649300578929,-1.0842495527444953,-1.4325634182853264,-1.819098229576639,-2.241193063376386,-2.696480539115555] False 60520.65603222185 60534.65603222185
413.52331434760555 476.5900816815941 549.2752115212968 6.759156428744814e-13 3.6567344272462326e-13 4.971563135688202e-13 6.757032388788588e-11 3.2060163245642135e-08 0.08967366467942217 9.357726775010163e-11 2.716502645983073e-11 2.919302784547693e-11 2.5137025074184528e-11 1.447088687172836e-10 2.125496335741427e-05 6.170212658365036e-06 6.63084905197943e-06 5.709576264750641e-06 3.286889835566282e-05 188.22504149320824 54.64081561154777 58.72001832967934 50.5616128934162 291.07317913453767 37.50233145885477 -425.88926985847456 [0.0,82.76721986498623,95.94944756851405,109.13167527204176,122.31390297556946,135.49613067909723,148.67835838262502,161.86058608615275,175.04281378968045,188.22504149320824,203.5358101514302,218.84657880965213,234.1573474678741,249.4681161260961,264.7788847843181,280.08965344253994,295.4004221007619,310.71119075898395,326.02195941720595,341.3327280754279] [-18.751165729427385,-2.6977891719337777,-1.9357131491790938,-1.340476776479477,-0.8815491565527509,-0.5363695531419808,-0.2877526954738414,-0.12227960710339403,-0.02925399795259409,0.0,-0.03668828663290924,-0.14059581140446653,-0.3041433760960217,-0.5210181088265813,-0.7859011569505014,-1.0942655661849585,-1.442223567303131,-1.8264093615019874,-2.243887878628584,-2.692082850029749] False 60520.65603222185 60534.65603222185
549.2752115212968 633.0528961793416 729.6086933380817 4.106244128419761e-13 2.1026411635146106e-13 2.9383597349295986e-13 5.313844438887234e-11 3.344646058189295e-08 0.07716842485874853 6.82897461138301e-11 1.8430364811651067e-11 1.976417483041899e-11 1.709655479288314e-11 1.0281890076994986e-10 2.736752340126813e-05 7.38607871577105e-06 7.920611042785874e-06 6.851546388756227e-06 4.12052882466991e-05 232.40771135691548 62.72330985400141 67.26261116184445 58.18400854615837 349.9193769493079 56.34644983177918 -312.6217620895726 [0.0,111.00866695318487,126.18354750365116,141.35842805411744,156.53330860458385,171.70818915505015,186.88306970551645,202.0579502559828,217.23283080644913,232.40771135691548,249.8710269848111,267.3343426127068,284.79765824060235,302.26097386849807,319.72428949639357,337.18760512428923,354.6509207521849,372.1142363800807,389.57755200797624,407.0408676358717] [-28.17322491588959,-2.699309077351529,-1.9416116355916984,-1.3473567431068432,-0.8876821085352162,-0.5410048732497899,-0.29072927005330484,-0.12379737738262975,-0.029734723792103068,0.0,-0.036268460817098,-0.139501578705449,-0.30233090899514536,-0.5185891722121596,-0.783057933056341,-1.0912788698550457,-1.439410213202109,-1.8241158954956518,-2.242478801689572,-2.691932055086397] False 60520.65603222185 60534.65603222185
729.6086933380817 840.8915725798939 969.1477682383326 2.2349030875689304e-13 1.0832264046199682e-13 1.5559261024294717e-13 3.74465319452862e-11 3.1267313912586305e-08 0.05858005142593159 5.708009945493782e-11 1.3261985923476622e-11 1.4151787988383887e-11 1.237218385856936e-11 8.164500029548659e-11 4.03612605150434e-05 9.377532168227046e-06 1.0006709995376729e-05 8.748354341077362e-06 5.7731068413404174e-05 366.856108177703 85.23531999861011 90.95411386367799 79.51652613354224 524.7357195692233 82.64418735430343 -287.18532086735854 [0.0,198.02151303453948,219.12583742743502,240.2301618203305,261.3344862132258,282.43881060612125,303.5431349990168,324.64745939191215,345.75178378480757,366.856108177703,390.2361240327775,413.61613988785217,436.99615574292676,460.37617159800106,483.75618745307577,507.13620330815064,530.5162191632253,553.8962350183,577.2762508733748,600.6562667284489] [-41.32209367715171,-2.703956075812755,-1.9637849014354742,-1.3735692391559269,-0.910941826335602,-0.5582786207229447,-0.3014331910536612,-0.12886956594275034,-0.031051211085980412,0.0,-0.035430593556156964,-0.13678131920551095,-0.29747065958247276,-0.5118713222134943,-0.7751327541938622,-1.0830433106780788,-1.431921859576903,-1.8185315589352626,-2.2400105579158662,-2.693815771147001] False 60520.65603222185 60534.65603222185
969.1477682383326 1116.9661194245136 1287.3303254983532 1.0898153402450321e-13 4.999811197983497e-14 7.3816467958656e-14 2.364846006498894e-11 2.61951202460233e-08 0.03922821955846301 1.2094027293063181e-11 5.120734262010683e-12 5.656321492039184e-12 4.585147031982182e-12 2.2475560212766207e-11 1.5088669445818602e-05 6.388696232203336e-06 7.056901990093174e-06 5.720490474313498e-06 2.804080811480686e-05 163.83914900719654 69.37116342221582 76.62682391153209 62.11550293289954 304.4789439851631 33.07997996052137 -169.70528817408692 [0.0,48.10457823236713,62.57139957922083,77.03822092607447,91.50504227292811,105.97186361978176,120.4386849666355,134.90550631348916,149.37232766034285,163.83914900719654,185.4110068940427,206.98286478088914,228.55472266773566,250.12658055458203,271.69843844142844,293.27029632827475,314.8421542151211,336.41401210196767,357.985869988814,379.55772787566025] [-16.539989980260685,-2.69984919057174,-1.8139349738102055,-1.1947462287336066,-0.7549729238383804,-0.4445600360926676,-0.2320567006925387,-0.09636921298826451,-0.02264062921020127,0.0,-0.04390749869349975,-0.16353411794585782,-0.34461550782930317,-0.5766321426036427,-0.8515964655784387,-1.1632957578310368,-1.506799208494158,-1.8781255541327653,-2.2740122359138297,-2.691750931891306] False 60520.65603222185 60534.65603222185
