data/PKS0208-512_allsed_14d_min11.ecsv
# %ECSV 1.0
# ---
# datatype:
# - {name: e_min, unit: MeV, datatype: float64}
# - {name: e_ref, unit: MeV, datatype: float64}
# - {name: e_max, unit: MeV, datatype: float64}
# - {name: ref_dnde_e_min, unit: ph / (MeV s cm2), datatype: float64}
# - {name: ref_dnde_e_max, unit: ph / (MeV s cm2), datatype: float64}
# - {name: ref_dnde, unit: ph / (MeV s cm2), datatype: float64}
# - {name: ref_flux, unit: ph / (s cm2), datatype: float64}
# - {name: ref_eflux, unit: MeV / (s cm2), datatype: float64}
# - {name: ref_npred, datatype: float64}
# - {name: dnde, unit: ph / (MeV s cm2), datatype: float64}
# - {name: dnde_err, unit: ph / (MeV s cm2), datatype: float64}
# - {name: dnde_errp, unit: ph / (MeV s cm2), datatype: float64}
# - {name: dnde_errn, unit: ph / (MeV s cm2), datatype: float64}
# - {name: dnde_ul, unit: ph / (MeV s cm2), datatype: float64}
# - {name: e2dnde, unit: MeV / (s cm2), datatype: float64}
# - {name: e2dnde_err, unit: MeV / (s cm2), datatype: float64}
# - {name: e2dnde_errp, unit: MeV / (s cm2), datatype: float64}
# - {name: e2dnde_errn, unit: MeV / (s cm2), datatype: float64}
# - {name: e2dnde_ul, unit: MeV / (s cm2), datatype: float64}
# - {name: norm, datatype: float64}
# - {name: norm_err, datatype: float64}
# - {name: norm_errp, datatype: float64}
# - {name: norm_errn, datatype: float64}
# - {name: norm_ul, datatype: float64}
# - {name: ts, datatype: float64}
# - {name: loglike, datatype: float64}
# - {name: norm_scan, datatype: string, subtype: 'float64[20]'}
# - {name: dloglike_scan, datatype: string, subtype: 'float64[20]'}
# - {name: ShowUL, datatype: bool}
# - {name: tstart, datatype: float64}
# - {name: tend, datatype: float64}
# meta: !!omap
# - {UL_CONF: 0.95}
# - {EXTNAME: SED}
# - {CONFIG: '{"bin_index": 2.0, "use_local_index": true, "free_background": false, "free_radius": null, "free_pars": [], "ul_confidence":
#     0.95, "cov_scale": 3.0, "make_plots": false, "write_fits": true, "write_npy": true, "optimizer": {"optimizer": "MINUIT", "tol":
#     0.001, "max_iter": 100, "init_lambda": 0.0001, "retries": 3, "min_fit_quality": 2, "verbosity": 0}, "prefix": "", "outfile": null,
#     "loge_bins": []}'}
# - {SRCNAME: 4FGL J0210.7-5101}
# - {CREATOR: fermipy 1.2.0}
# - {STVER: 2.2.0}
# schema: astropy-2.0
e_min e_ref e_max ref_dnde_e_min ref_dnde_e_max ref_dnde ref_flux ref_eflux ref_npred dnde dnde_err dnde_errp dnde_errn dnde_ul e2dnde e2dnde_err e2dnde_errp e2dnde_errn e2dnde_ul norm norm_err norm_errp norm_errn norm_ul ts loglike norm_scan dloglike_scan ShowUL tstart tend
100.0 115.25240587974294 132.83117061068992 2.8259019712355707e-12 1.8716706186565633e-12 2.2998168820071908e-12 7.53041527297195e-11 8.68183224639591e-09 0.03410775134843918 2.057967377133631e-09 6.468890451902617e-10 6.800541621397321e-10 6.137239282407912e-10 3.2105404026176086e-09 2.7336221578327162e-05 8.592702912785403e-06 9.033239043569263e-06 8.152166782001544e-06 4.264598399726131e-05 894.8396688598608 281.27850101947337 295.6992652155015 266.8577368234452 1395.9982760956054 14.260488513812106 -735.3802459359285 [0.0,301.04249895825455,375.2671451959554,449.49179143365626,523.7164376713567,597.9410839090577,672.1657301467583,746.390376384459,820.6150226221597,894.8396688598608,967.382883799087,1039.926098738312,1112.4693136775388,1185.0125286167645,1257.5557435559906,1330.0989584952167,1402.6421734344426,1475.1853883736683,1547.7286033128948,1620.2718182521205] [-7.130244256906053,-2.7119183253339543,-2.012805768389626,-1.4357510142170895,-0.9693437910761986,-0.6038772130351617,-0.33100770222165465,-0.14349804974131075,-0.035019959075839324,0.0,-0.03201352060693807,-0.12535679089683072,-0.27633094708153294,-0.4815974188055634,-0.7381300773238308,-1.0431753154388161,-1.3942185022789317,-1.7889556057431264,-2.225269037380258,-2.7012069728237975] False 54738.65603222185 54752.65603222185
132.83117061068992 153.091119887046 176.4411988580621 2.3757554707116697e-12 1.5216247033919626e-12 1.9013174941217686e-12 8.272868594645285e-11 1.2659134278098884e-08 0.05060595974309073 1.9129037797323845e-09 3.781498992957605e-10 3.9694667727881185e-10 3.5935312131270916e-10 2.5847243328607584e-09 4.483251735663734e-05 8.862657967019977e-06 9.303196003539463e-06 8.422119930500493e-06 6.0577902423986225e-05 1006.0938194943442 198.88835003352793 208.7745358184716 189.00216424858428 1359.4385687039924 46.7337893091551 -755.0760361283559 [0.0,580.5421424105217,633.7361020459994,686.9300616814777,740.1240213169553,793.3179809524328,846.5119405879107,899.7059002233882,952.8998598588656,1006.0938194943442,1057.1019312445449,1108.1100429947458,1159.1181547449467,1210.1262664951478,1261.1343782453478,1312.1424899955487,1363.1506017457496,1414.1587134959511,1465.1668252461516,1516.1749369963527] [-23.36689465457755,-2.707256494971489,-2.017082821054032,-1.4438169167989372,-0.9779059738755222,-0.611032704502918,-0.3359008884342529,-0.1460667836980747,-0.03580491319291923,0.0,-0.031337740161120564,-0.12325303504724161,-0.27241778535051253,-0.47579484286006846,-0.7306034310712448,-1.03428970323273,-1.3845015311852649,-1.7790668020791145,-2.2159746420389865,-2.693359096538984] False 54738.65603222185 54752.65603222185
176.4411988580621 203.35272664697808 234.36890988269914 1.8677267865422387e-12 1.1567849816455627e-12 1.4698837697209888e-12 8.4996483525269e-11 1.7262523331696075e-08 0.06450448031115319 1.0702804810751444e-09 2.1076680831152768e-10 2.222817843701217e-10 1.9925183225293364e-10 1.4478814992547126e-09 4.425859318157439e-05 8.715698912744948e-06 9.191870019183262e-06 8.239527806306634e-06 5.987327563543896e-05 728.139532609645 143.3901187653328 151.22405522738367 135.55618230328193 985.0312855209955 51.730532211568516 -687.54485325766 [0.0,422.18521499982296,460.4295047010508,498.67379440227853,536.9180841035061,575.1623738047339,613.406663505962,651.6509532071898,689.8952429084176,728.139532609645,765.339782872657,802.5400331356688,839.7402833986803,876.9405336616924,914.1407839247039,951.3410341877154,988.541284450727,1025.7415347137387,1062.9417849767503,1100.1420352397624] [-25.865266105784258,-2.703185374260329,-2.0082310031369843,-1.433579050532785,-0.968438906659685,-0.6035429864762136,-0.330859635704428,-0.14337244851571995,-0.03490806686613723,0.0,-0.031984601966655646,-0.12493860588506323,-0.2752381890322795,-0.47960069029693386,-0.7350411034818762,-1.0388354864853682,-1.388489983580257,-1.781714439230086,-2.216399795175221,-2.690598625914504] False 54738.65603222185 54752.65603222185
234.36890988269914 270.1158072739371 311.3149665447022 1.3730676035996888e-12 8.223651479515161e-13 1.0626207898312991e-12 8.166827813830678e-11 2.201467205847252e-08 0.0724227104285613 6.012099059222704e-10 1.1475900069502667e-10 1.2161568409664714e-10 1.0790231729340621e-10 8.088665750266791e-10 4.3865807424099946e-05 8.373109250333993e-06 8.873390351328348e-06 7.872828149339637e-06 5.901696738925483e-05 565.7802968617982 107.9961937440032 114.44880926520811 101.54357822279827 761.1996516227526 66.56984730423869 -549.8542738145519 [0.0,338.392930206718,366.8163510386028,395.2397718704879,423.6631927023731,452.086613534258,480.51003436614275,508.9334551980278,537.3568760299131,565.7802968617982,594.1477698812469,622.5152429006963,650.8827159201452,679.2501889395946,707.6176619590437,735.9851349784925,764.3526079979417,792.720081017391,821.0875540368401,849.4550270562894] [-33.284923652119346,-2.6967052581724147,-1.9962698684239513,-1.4203001095671652,-0.9565064227899711,-0.5944213505453035,-0.32504716226208075,-0.14058614054238205,-0.03423102318754445,0.0,-0.03247856348548339,-0.12685776467446885,-0.27896316167800705,-0.48504840165867336,-0.7417372564902962,-1.0459752902529544,-1.3949892800339967,-1.7862529288267979,-2.2174577232897263,-2.6864880278161536] False 54738.65603222185 54752.65603222185
311.3149665447022 358.7979888064861 413.52331434760555 9.439249318925082e-13 5.466932543884575e-13 7.183574269921051e-13 7.338603430253012e-11 2.625595635972341e-08 0.07417818998763237 2.46134073569004e-10 6.277712231085875e-11 6.667263963233572e-11 5.888160498938179e-11 3.6084539344640934e-10 3.168631530035497e-05 8.081675415139752e-06 8.583168720461043e-06 7.5801821098184635e-06 4.645379140575622e-05 342.6345497666984 87.38981452968076 92.81262659384805 81.96700246551347 502.3201262877388 38.3329613399884 -484.79838045668805 [0.0,164.60239439383332,186.8564138154414,209.1104332370497,231.36445265865777,253.6184720802659,275.87249150187415,298.1265109234822,320.38053034509056,342.6345497666984,366.2005372437868,389.7665247208753,413.3325121979634,436.898499675052,460.4644871521401,484.030474629228,507.5964621063167,531.162449583405,554.7284370604931,578.2944245375813] [-19.1664806699942,-2.7047089591131908,-1.970657713641117,-1.3820052055558563,-0.9181302775390918,-0.562839148397984,-0.30313602219922586,-0.12840159025216735,-0.029825056208665046,0.0,-0.03638309377117821,-0.13641663145659777,-0.29460546167786106,-0.50618700474962,-0.7670017967699323,-1.0733920647887771,-1.4221212424450869,-1.8103093653249402,-2.2353806720951184,-2.695020702957322] False 54738.65603222185 54752.65603222185
413.52331434760555 476.5900816815941 549.2752115212968 6.068035606849e-13 3.3986689940300236e-13 4.5412822497250583e-13 6.166647991167908e-11 2.9282934128262752e-08 0.07008886630216082 2.7873167143147443e-10 4.754644609692526e-11 4.99113386807183e-11 4.5181553513132224e-11 3.6382322731171673e-10 6.33105839192488e-05 1.0799609711454967e-05 1.133676693373011e-05 1.0262452489179825e-05 8.263811875484411e-05 613.7730625493485 104.69828449840098 109.90582821347445 99.49074078332752 801.1464764907391 142.98835266865842 -435.23375985541725 [0.0,396.8869627148189,423.9977251941349,451.1084876734509,478.21925015276724,505.3300126320835,532.4407751113996,559.5515375907157,586.6623000700325,613.7730625493485,641.0731153738134,668.373168198278,695.6732210227428,722.9732738472072,750.2733266716724,777.5733794961375,804.8734323206022,832.173485145067,859.4735379695315,886.7735907939973] [-71.49417633432921,-2.6904905808789863,-1.9902037021860792,-1.4150951742467441,-0.9525445316947412,-0.5918121843231461,-0.3236772084885615,-0.1401591473447752,-0.03430133360484433,0.0,-0.03231152128711301,-0.12684083234660193,-0.27923989329610777,-0.4856162892684779,-0.7424706236714655,-1.0466444169492775,-1.3952764502867012,-1.7857659524179894,-2.2157413729283917,-2.6830337478880892] False 54738.65603222185 54752.65603222185
549.2752115212968 633.0528961793416 729.6086933380817 3.6479470732399825e-13 1.9757087884958736e-13 2.684637981659356e-13 4.84691859892726e-11 3.054793325637265e-08 0.06041671664253501 1.2341404805361002e-10 2.564559867723156e-11 2.72004830992675e-11 2.4090714255195613e-11 1.703181545928092e-10 4.9458916460495966e-05 1.0277626757738452e-05 1.0900755971535866e-05 9.654497543941039e-06 6.82560171436268e-05 459.7046190091095 95.527213920218 101.3189982600748 89.7354295803612 634.4175853741618 103.18634028766849 -312.14525796255674 [0.0,267.55734275000356,291.57575228239193,315.59416181478025,339.6125713471683,363.6309808795567,387.649390411945,411.66779994433307,435.6862094767215,459.7046190091095,485.4292504602549,511.1538819114005,536.8785133625454,562.6031448136908,588.3277762648361,614.0524077159813,639.7770391671265,665.5016706182721,691.2263020694172,716.9509335205626] [-51.59317014383424,-2.70418463146774,-1.9783693155367246,-1.3928754862653818,-0.9293388327085381,-0.5728514299576659,-0.3111372848086944,-0.13396131491310825,-0.03269637762628008,0.0,-0.0338903604830989,-0.13254891518818113,-0.2902190173678605,-0.5018960579965324,-0.7632006757193608,-1.0702777554440672,-1.4197151433756403,-1.8084776160335991,-2.233852779566803,-2.693406393298858] False 54738.65603222185 54752.65603222185
729.6086933380817 840.8915725798939 969.1477682383326 2.0506772782211793e-13 1.0740022823373175e-13 1.484059323998482e-13 3.562465166234436e-11 2.9800453013905132e-08 0.0479436458239062 6.112047768315366e-11 1.5276799699182848e-11 1.6617290487879413e-11 1.3936308910486283e-11 8.938821168416859e-11 4.321820645251622e-05 1.0802204242507082e-05 1.1750063451885489e-05 9.854345033128678e-06 6.320628263107333e-05 411.84659329168556 102.93927912546489 111.97187483791188 93.90668341301792 602.3223616380178 74.95898784658254 -270.2784416168998 [0.0,211.3859421179983,236.44352351470903,261.5011049114202,286.558686308131,311.6162677048418,336.67384910155283,361.73143049826376,386.78901189497486,411.84659329168556,440.0246618346579,468.20273037763076,496.3807989206028,524.5588674635754,552.7369360065477,580.9150045495204,609.0930730924925,637.2711416354651,665.4492101784377,693.6272787214099] [-37.47949392329127,-2.69995116990259,-1.9539963722723428,-1.3627603373379884,-0.9015754350097609,-0.5513980819605422,-0.29719338395858585,-0.12686673468766685,-0.030532682915065834,0.0,-0.03576472148751009,-0.13787930929578351,-0.2994553788512917,-0.5146494577972476,-0.7784591678072843,-1.08656721041001,-1.4352202216640535,-1.821133487187467,-2.2414151249577117,-2.693505122444094] False 54738.65603222185 54752.65603222185
969.1477682383326 1116.9661194245136 1287.3303254983532 1.077985883753083e-13 5.459519739039613e-14 7.671561256195507e-14 2.448741526032138e-11 2.7187643855579692e-08 0.0350104385711707 2.48897783564158e-11 7.649565189734272e-12 8.31054824197862e-12 6.988582137489926e-12 3.969253975921517e-11 3.105281880875662e-05 9.543699361282573e-06 1.0368350616230844e-05 8.719048106334302e-06 4.952094098839414e-05 324.442151019976 99.71327783580597 108.32929523005595 91.097260441556 517.3984595007921 68.62274090933897 -149.11714226348693 [0.0,140.60242388304377,163.58238977516027,186.56235566727688,209.5423215593934,232.52228745150992,255.50225334362648,278.482219235743,301.46218512785936,324.442151019976,353.51884416642235,382.5955373128692,411.67223045931576,440.7489236057622,469.8256167522092,498.90230989865546,527.9790030451023,557.0556961915489,586.1323893379957,615.209082484442] [-34.311370454669486,-2.6943194953703653,-1.8990965241233368,-1.2954259957341776,-0.8408269256912888,-0.5056505938522378,-0.26836557338944544,-0.11283125637652347,-0.026630100857119032,0.0,-0.0396431765259706,-0.14966831435936,-0.3201750264012446,-0.5432361643170225,-0.8124039747505378,-1.1223619900658548,-1.4686738474126173,-1.8475983113871166,-2.255950579753062,-2.690996618019284] False 54738.65603222185 54752.65603222185
1287.3303254983532 1483.6791717563765 1709.9759409858673 5.299022845928948e-14 2.595198852558024e-14 3.708371341901131e-14 1.574137386281998e-11 2.319679254593331e-08 0.023498971610727226 1.189322244967123e-11 4.545275353915151e-12 4.981686221287694e-12 4.108864486542607e-12 2.0908690687393123e-11 2.6180596780106384e-05 1.000553229362135e-05 1.0966205231295437e-05 9.044859355947265e-06 4.60263820342263e-05 320.71282385582396 122.56796676637494 134.33622908793666 110.79970444481322 563.8240823173358 37.861569358851966 -129.19331335946802 [0.0,107.39381545635396,134.05869150628766,160.72356755622144,187.3884436061553,214.05331965608895,240.71819570602267,267.38307175595645,294.0479478058902,320.71282385582396,357.7472808174375,394.78173777905147,431.81619474066525,468.8506517022791,505.88510866389265,542.9195656255065,579.9540225871203,616.9884795487337,654.0229365103477,691.0573934719611] [-18.930784679425983,-2.6980475847551304,-1.8536925829691029,-1.2401765596637517,-0.7927038362294638,-0.4707590158209598,-0.24721951055258273,-0.10299105456718394,-0.024100014257868452,0.0,-0.04244975173813259,-0.15842601710573945,-0.335518291793079,-0.5642335255628552,-0.8371444077624517,-1.1483283231027315,-1.4929852306867986,-1.8671699314587897,-2.2675998611719024,-2.691514154126338] False 54738.65603222185 54752.65603222185
1709.9759409858673 1970.7884119509856 2271.3810595726877 2.4358215797444648e-14 1.1535961664139469e-14 1.676291870904817e-14 9.463453085640377e-12 1.850938322044087e-08 0.014542471022488401 5.604828709108232e-12 2.612483138639121e-12 2.9063814149742676e-12 2.3185848623039743e-12 1.1011026409992499e-11 2.1769193742016395e-05 1.014690270558416e-05 1.1288405657777403e-05 9.00539975339092e-06 4.276690326468944e-05 334.35875973573144 155.84894158252843 173.38158499840972 138.31629816664713 656.8680908802024 30.50973308808034 -66.23742324826863 [0.0,84.6134250994136,115.83159192895336,147.04975875849314,178.2679255880328,209.48609241757242,240.7042592471122,271.9224260766519,303.14059290619167,334.35875973573144,384.2913650898364,434.2239704439414,484.1565757980469,534.0891811521518,584.0217865062573,633.9543918603621,683.8869972144671,733.819602568572,783.7522079226774,833.6848132767827] [-15.25486654404017,-2.7007238157674465,-1.7780261084474347,-1.1548620824732154,-0.7221869078919809,-0.4217595039846742,-0.2186706839277548,-0.090295088748789,-0.021111340495011177,0.0,-0.04636130458811749,-0.17105286594610902,-0.357561758442003,-0.5941159784607777,-0.872024860818641,-1.1846882461534989,-1.5269747666645088,-1.894815512184394,-2.2849292590474164,-2.694631211373391] False 54738.65603222185 54752.65603222185
2271.3810595726877 2617.821317854317 3017.1020504598932 1.0470372177000471e-14 4.7951691502031565e-15 7.085704316036501e-15 5.320640128502319e-12 1.3812222833192632e-08 0.00835647917301463 6.6806481348463476e-12 2.3792980896407267e-12 2.6173810529655266e-12 2.141215126315927e-12 1.144285503053486e-11 4.578240452139708e-05 1.6305302332679193e-05 1.793688213101258e-05 1.4673722534345803e-05 7.841775338459725e-05 942.8347327063274 335.7885093025762 369.38897478996125 302.1880438151911 1614.921328940748 68.82702206368613 -42.488188349771825 [0.0,361.4882993301273,434.1566035021523,506.8249076741772,579.4932118462026,652.1615160182271,724.8298201902526,797.4981243622775,870.1664285343024,942.8347327063274,1044.8135101510052,1146.7922875956826,1248.77106504036,1350.7498424850382,1452.7286199297153,1554.7073973743932,1656.6861748190702,1758.6649522637488,1860.6437297084262,1962.6225071531042] [-34.413511031843065,-2.7005401425097375,-1.8724032330071267,-1.263050833653395,-0.8145063964611268,-0.4891684532698406,-0.2612556213255388,-0.11231849916790537,-0.028698419834015,0.0,-0.03718922351784215,-0.14973584205540647,-0.32487145000162343,-0.5528209890481648,-0.82593450525615,-1.138112540931722,-1.4844135047958744,-1.860777960701185,-2.2638303926394556,-2.6907337045156723] False 54738.65603222185 54752.65603222185
