data/PKS0346-27_allsed_14d_min11.ecsv
# %ECSV 1.0
# ---
# datatype:
# - {name: e_min, unit: MeV, datatype: float64}
# - {name: e_ref, unit: MeV, datatype: float64}
# - {name: e_max, unit: MeV, datatype: float64}
# - {name: ref_dnde_e_min, unit: ph / (cm2 MeV s), datatype: float64}
# - {name: ref_dnde_e_max, unit: ph / (cm2 MeV s), datatype: float64}
# - {name: ref_dnde, unit: ph / (cm2 MeV s), datatype: float64}
# - {name: ref_flux, unit: ph / (cm2 s), datatype: float64}
# - {name: ref_eflux, unit: MeV / (cm2 s), datatype: float64}
# - {name: ref_npred, datatype: float64}
# - {name: dnde, unit: ph / (cm2 MeV s), datatype: float64}
# - {name: dnde_err, unit: ph / (cm2 MeV s), datatype: float64}
# - {name: dnde_errp, unit: ph / (cm2 MeV s), datatype: float64}
# - {name: dnde_errn, unit: ph / (cm2 MeV s), datatype: float64}
# - {name: dnde_ul, unit: ph / (cm2 MeV s), datatype: float64}
# - {name: e2dnde, unit: MeV / (cm2 s), datatype: float64}
# - {name: e2dnde_err, unit: MeV / (cm2 s), datatype: float64}
# - {name: e2dnde_errp, unit: MeV / (cm2 s), datatype: float64}
# - {name: e2dnde_errn, unit: MeV / (cm2 s), datatype: float64}
# - {name: e2dnde_ul, unit: MeV / (cm2 s), datatype: float64}
# - {name: norm, datatype: float64}
# - {name: norm_err, datatype: float64}
# - {name: norm_errp, datatype: float64}
# - {name: norm_errn, datatype: float64}
# - {name: norm_ul, datatype: float64}
# - {name: ts, datatype: float64}
# - {name: loglike, datatype: float64}
# - {name: norm_scan, datatype: string, subtype: 'float64[20]'}
# - {name: dloglike_scan, datatype: string, subtype: 'float64[20]'}
# - {name: ShowUL, datatype: bool}
# - {name: tstart, datatype: float64}
# - {name: tend, datatype: float64}
# meta: !!omap
# - {UL_CONF: 0.95}
# - {EXTNAME: SED}
# - {CONFIG: '{"bin_index": 2.0, "use_local_index": true, "free_background": false, "free_radius": null, "free_pars": [], "ul_confidence":
#     0.95, "cov_scale": 3.0, "make_plots": false, "write_fits": true, "write_npy": true, "optimizer": {"optimizer": "MINUIT", "tol":
#     0.001, "max_iter": 100, "init_lambda": 0.0001, "retries": 3, "min_fit_quality": 2, "verbosity": 0}, "prefix": "", "outfile": null,
#     "loge_bins": []}'}
# - {SRCNAME: 4FGL J0348.5-2749}
# - {CREATOR: fermipy 1.2.0}
# - {STVER: 2.2.0}
# schema: astropy-2.0
e_min e_ref e_max ref_dnde_e_min ref_dnde_e_max ref_dnde ref_flux ref_eflux ref_npred dnde dnde_err dnde_errp dnde_errn dnde_ul e2dnde e2dnde_err e2dnde_errp e2dnde_errn e2dnde_ul norm norm_err norm_errp norm_errn norm_ul ts loglike norm_scan dloglike_scan ShowUL tstart tend
[from data line 1414]
234.36890988269914 270.1158072739371 311.3149665447022 2.737904936224703e-12 1.432648678894621e-12 1.9805190960506775e-12 1.5272146405180274e-10 4.103677249025095e-08 0.14661661812071847 4.055664853248758e-10 9.774875528175947e-11 1.0431621490482337e-10 9.118129565869557e-11 5.852559521599326e-10 2.9591164695862757e-05 7.131998380095721e-06 7.611176976877057e-06 6.652819783314384e-06 4.2701766285559254e-05 204.77787168707928 49.355118805306525 52.67114824231623 46.03908936829682 295.5063414066456 39.14605451879902 -587.5403382250572 [0.0,103.12605195369176,115.83252942036529,128.53900688703862,141.24548435371207,153.9519618203856,166.6584392870589,179.3649167537324,192.0713942204058,204.77787168707928,218.04193105010773,231.30599041313627,244.57004977616472,257.8341091391933,271.098168502222,284.36222786525053,297.6262872282789,310.89034659130726,324.15440595433597,337.4184653173643] [-19.57302725939951,-2.709184890995971,-1.9863137151889987,-1.4013213795515185,-0.9366678705503091,-0.5781832838176797,-0.31423244589382193,-0.13512705707603345,-0.03270149695094915,0.0,-0.0337800895277951,-0.1311437460453817,-0.2869806265284751,-0.49681903781538495,-0.756720305512772,-1.0631944999271354,-1.413132482515266,-1.8037505796206688,-2.2325451370531937,-2.697254886829114] False 59330.65603222185 59344.65603222185
311.3149665447022 358.7979888064861 413.52331434760555 1.432648678960001e-12 7.496543105107034e-13 1.0363354947264074e-12 1.0615034686185372e-10 3.7887376647855454e-08 0.11731850714655623 3.175281098378836e-10 6.478257694933555e-11 6.89326018008184e-11 6.06325520978527e-11 4.360515879718986e-10 4.087729772297547e-05 8.33984961700425e-06 8.874107202886721e-06 7.805592031121781e-06 5.613553582139237e-05 306.3950925676932 62.51120151629869 66.51572020025871 58.506682832338676 420.7629577398738 70.54004403484828 -541.2922496746161 [0.0,178.03484005850308,194.07987162215184,210.12490318580063,226.16993474944942,242.21496631309805,258.2599978767469,274.3050294403956,290.35006100404433,306.3950925676932,322.9830552295311,339.5710178913692,356.1589805532068,372.74694321504484,389.3349058768827,405.92286853872076,422.5108312005585,439.09879386239663,455.6867565242344,472.2747191860723] [-35.27002201742414,-2.6907596575293837,-1.9851318684968646,-1.4090496216842894,-0.9478600382313971,-0.5894052861252703,-0.32347145947130684,-0.14138392828908763,-0.03570437043151742,0.0,-0.030700883550366598,-0.12478104696981518,-0.2774706944154559,-0.4845503615426878,-0.7422669890314637,-1.0472656698690344,-1.3965336473728485,-1.7873539887290235,-2.2172669736020225,-2.6840376890686457] False 59330.65603222185 59344.65603222185
413.52331434760555 476.5900816815941 549.2752115212968 7.496543105236469e-13 3.922881540826505e-13 5.422919008019797e-13 7.377573606199833e-11 3.497695818625583e-08 0.092215720124732 9.959565100341376e-11 2.917233097245892e-11 3.1343628207349e-11 2.7001033737568846e-11 1.544740889646609e-10 2.2621967530496533e-05 6.626148003442881e-06 7.119332344846068e-06 6.1329636620396954e-06 3.5086951986907676e-05 183.6569029633757 53.79451717666595 57.79844427142619 49.79059008190571 284.8541324998837 31.689949478426 -334.6498722008842 [0.0,78.7523935571015,91.8654572328858,104.97852090867005,118.0915845844543,131.20464826023866,144.31771193602285,157.4307756118072,170.54383928759142,183.6569029633757,198.72058425462654,213.78426554587753,228.84794683712852,243.91162812837942,258.9753094196303,274.03899071088114,289.10267200213224,304.1663532933831,319.2300345846339,334.29371587588486] [-15.844974739213,-2.7013081313645557,-1.9440645210301568,-1.3497086009210761,-0.8896242818128712,-0.5424116640081138,-0.29160259054759763,-0.12422481332976076,-0.029859491333979804,0.0,-0.03624395538332692,-0.1395046380638405,-0.30245409401953793,-0.5189514017579313,-0.7837949809410247,-1.0925369703526258,-1.4413417670421609,-1.8268766025121863,-2.2462257659184957,-2.6968225538834076] False 59330.65603222185 59344.65603222185
549.2752115212968 633.0528961793416 729.6086933380817 3.9228815406426796e-13 2.0527049651484948e-13 2.837695969649777e-13 5.128341150882678e-11 3.229535224056184e-08 0.0705824984530048 5.7241478005286053e-11 1.6690052304963116e-11 1.8010640059909437e-11 1.5369464550016796e-11 8.898965549913784e-11 2.2939864005667764e-05 6.688638090162159e-06 7.217871516022007e-06 6.159404664302311e-06 3.566313565266308e-05 201.7181495745322 58.81550554911269 63.46923790476496 54.16177319346043 313.5982728626167 47.74554642584843 -232.4794323378085 [0.0,90.38605424348509,104.30256615986593,118.21907807624682,132.13558999262773,146.0521019090086,159.9686138253895,173.88512574177037,187.80163765815118,201.7181495745322,218.44689907247522,235.17564857041842,251.90439806836142,268.63314756630456,285.36189706424767,302.0906465621909,318.8193960601339,335.54814555807695,352.2768950560201,369.0056445539631] [-23.872773212924216,-2.6966657250620187,-1.9237019607548405,-1.3255347062909095,-0.8679870048852365,-0.5261918296316992,-0.28146402966584105,-0.11939080765895937,-0.028610349095373522,0.0,-0.037476522284407565,-0.14358890969938898,-0.30983008609334206,-0.5292164810417717,-0.7959414499672732,-1.1051224366868553,-1.4526129142306843,-1.8348600937407298,-2.248795611660711,-2.6917503993819025] False 59330.65603222185 59344.65603222185
729.6086933380817 840.8915725798939 969.1477682383326 2.0527049652623654e-13 1.0741078032344089e-13 1.484865792227139e-13 3.564496944620067e-11 2.981682281664294e-08 0.05320258618607854 3.208890086255648e-11 1.0616280128276942e-11 1.1505487607969412e-11 9.727072648584471e-12 5.250499693690218e-11 2.269001805747561e-05 7.506757206972544e-06 8.135514603727365e-06 6.877999810217722e-06 3.712621176115597e-05 216.1064052423658 71.49656341906606 77.48503378687455 65.50809305125756 353.6009598426423 33.87517980463588 -182.713190518693 [0.0,83.36493735915906,99.95762084455991,116.55030432996078,133.14298781536164,149.73567130076248,166.3283547861633,182.92103827156413,199.513721756965,216.1064052423658,236.7294461062757,257.3524869701857,277.9755278340954,298.5985686980052,319.221609561915,339.84465042582485,360.4676912897346,381.0907321536447,401.71377301755444,422.33681388146425] [-16.93758990231794,-2.697294793567039,-1.9070801495103638,-1.3054083311875502,-0.8505693173673308,-0.5137671061016249,-0.2741954921425531,-0.1162806982845268,-0.028031654347728363,0.0,-0.03779045253207869,-0.14531600679055146,-0.3133235761392825,-0.5343373227419193,-0.8022238399628066,-1.111883990097624,-1.459029251673627,-1.8400160164344754,-2.2517205800081967,-2.6914433124537425] False 59330.65603222185 59344.65603222185
969.1477682383326 1116.9661194245136 1287.3303254983532 1.074107803229802e-13 5.620425694549184e-14 7.769776763838546e-14 2.4775337859796874e-11 2.7528509867245827e-08 0.03943449168036639 1.250325740260845e-11 5.4543602728039925e-12 6.03326343123138e-12 4.875457114376605e-12 2.360069923251108e-11 1.5599230378134868e-05 6.804932484479261e-06 7.5271797712586865e-06 6.082685197699834e-06 2.944454653362623e-05 160.9217070534134 70.19970378285804 77.65040894496347 62.74899862075259 303.7500297608486 22.103763767767134 -183.11679957077814 [0.0,43.20943410997534,57.92346822790512,72.63750234583486,87.35153646376465,102.06557058169436,116.7796046996241,131.49363881755386,146.20767293548369,160.9217070534134,182.77667429001573,204.63164152661798,226.48660876322043,248.34157599982282,270.19654323642493,292.0515104730273,313.90647770962966,335.76144494623196,357.61641218283444,379.4713794194365] [-11.051881883883567,-2.6920900902948404,-1.815627299711906,-1.2009879871230282,-0.762685362593146,-0.45190011605470204,-0.23799099041019645,-0.10039633478123733,-0.024611537733733257,0.0,-0.041127835072188645,-0.1582753551592475,-0.3374749715308383,-0.568367014242483,-0.8430420394841462,-1.1553159380211753,-1.500256430649955,-1.8738626854698737,-2.2728419867102616,-2.694450030736391] False 59330.65603222185 59344.65603222185
1287.3303254983532 1483.6791717563765 1709.9759409858673 5.620425694604698e-14 2.9409696953717236e-14 4.065648981764292e-14 1.7220308380908287e-11 2.54158150987792e-08 0.02866850824859868 1.043205512372119e-11 4.1834974564278814e-12 4.592647969646654e-12 3.774346943209109e-12 1.8763743016921557e-11 2.296412346929046e-05 9.209149202482691e-06 1.0109813816659684e-05 8.3084845883057e-06 4.130470039473111e-05 256.5901574511775 102.89863869685202 112.96223530969147 92.83504208401257 461.5190121203974 37.847544927669276 -115.25143158828632 [0.0,79.71103352840399,101.82092401875067,123.9308145090974,146.04070499944407,168.15059548979073,190.26048598013747,212.37037647048422,234.48026696083085,256.5901574511775,287.79390788530367,318.9976583194299,350.201408753556,381.4051591876823,412.60890962180827,443.8126600559344,475.01641049006076,506.2201609241871,537.4239113583127,568.6276617924392] [-18.923772463834638,-2.7003537601024306,-1.841231644589186,-1.226324915344378,-0.7818883988209677,-0.46388896586606165,-0.24377645733312647,-0.10191026528730163,-0.024160693830282298,0.0,-0.04183233139684717,-0.15749602375034044,-0.3343978578688507,-0.5629858900762201,-0.8358317436558877,-1.1470371420129055,-1.491835680078509,-1.8663171670084608,-2.2672316824855585,-2.6918470652637296] False 59330.65603222185 59344.65603222185
1709.9759409858673 1970.7884119509856 2271.3810595726877 2.940969695155774e-14 1.5389052748133482e-14 2.1274101101906548e-14 1.1969121163284147e-11 2.3465260567603616e-08 0.020487276344177463 3.1528309347994214e-12 1.9518522324166614e-12 2.2259044845898383e-12 1.6777999802434847e-12 7.444556452161508e-12 1.2245617309220412e-05 7.58100766473308e-06 8.645428520860016e-06 6.5165868086061436e-06 2.891470910915087e-05 148.20043017078967 91.74781219036981 104.62977842999705 78.86584595074258 349.9351825254953 17.558057962796028 -85.93913561296006 [0.0,19.815257632866732,35.86340420010711,51.911550767347485,67.95969733458783,84.00784390182822,100.05599046906862,116.10413703630896,132.15228360354934,148.20043017078967,179.8679052339695,211.5353802971495,243.2028553603293,274.87033042350936,306.5378054866892,338.20528054986903,369.87275561304887,401.5402306762287,433.2077057394088,464.87518080258866] [-8.779028981398014,-2.7022316997313283,-1.624865707903865,-1.009363019661123,-0.615966604645422,-0.3555025872527864,-0.18430410400348762,-0.07751685756244342,-0.019563503035328722,0.0,-0.047277223398026536,-0.1797459627347422,-0.37506984075247374,-0.6188096757274621,-0.9010668663971586,-1.2147460976464401,-1.5545798803668305,-1.9165452695401939,-2.2974971130199293,-2.6949277659742563] False 59330.65603222185 59344.65603222185
2271.3810595726877 2617.821317854317 3017.1020504598932 1.5389052749367756e-14 8.052546236722048e-15 1.1131983596989297e-14 8.319239021359846e-12 2.166440271330406e-08 0.014466324303701539 3.0052376038369367e-12 1.53426572743606e-12 1.727781799068381e-12 1.3407496558037386e-12 6.285004399855402e-12 2.0594858595249327e-05 1.051430531274475e-05 1.1840468716958574e-05 9.188141908530922e-06 4.30710625743139e-05 269.96425009552826 137.82500792141036 155.20879850520697 120.44121733761371 564.5898006492944 30.84081817949145 -50.83174293597302 [0.0,61.50419418399579,87.56170117293733,113.61920816187889,139.67671515082037,165.734222139762,191.79172912870362,217.84923611764503,243.90674310658665,269.96425009552826,315.8196210776315,361.6749920597346,407.53036304183803,453.38573402394127,499.2411050060446,545.0964759881483,590.9518469702515,636.8072179523546,682.662588934458,728.5179599165612] [-15.420409089745725,-2.693479104126844,-1.73577245169038,-1.1144149907407126,-0.6932255436414252,-0.4050484030688395,-0.21174558629791562,-0.08955458359087487,-0.022659751284408003,0.0,-0.044251302008447624,-0.17126822582641665,-0.36146329977128033,-0.6014737208362249,-0.881774311561351,-1.1953353947916199,-1.53682056311402,-1.902082998794782,-2.287836194623935,-2.6914312764009054] False 59330.65603222185 59344.65603222185
7071.149185711414 8149.575733880153 9392.473966813408 1.1537115587609852e-15 6.037281069110693e-16 8.345825874604561e-16 1.941510539092864e-12 1.5739764823758667e-08 0.0034285845215944466 4.827525950023103e-13 3.434871377745474e-13 4.0050925523115704e-13 2.864650203179378e-13 1.281668758033712e-12 3.206229583464092e-05 2.281289907238904e-05 2.6600056340808713e-05 1.9025741803969357e-05 8.512277988251319e-05 578.4359777637752 411.5675823284804 479.8916982558468 343.24346640111395 1535.7003336646294 16.647557300323356 -20.066851727030162 [0.0,58.370874884630524,123.37901274452355,188.38715060441666,253.39528846430983,318.4034263242029,383.41156418409577,448.41970204398905,513.427839903882,578.4359777637752,731.7279419003941,885.0199060370136,1038.3118701736323,1191.6038343102512,1344.8957984468705,1498.18776258349,1651.4797267201084,1804.7716908567281,1958.0636549933465,2111.3556191299663] [-8.323778650161678,-2.6619819070867052,-1.469450020420787,-0.8721279179626897,-0.5150731427766999,-0.2889358990823432,-0.14535195099460196,-0.058625379049356496,-0.013457913997889648,0.0,-0.05885476830272296,-0.2062484174602801,-0.41388038960185014,-0.6651676465662462,-0.9495536639176159,-1.2599012889969075,-1.5911588415575864,-1.9396192448950522,-2.3024814814707995,-2.6775774370792824] False 59330.65603222185 59344.65603222185
22013.03884703687 25370.556878452422 29240.177187505025 8.649786970206734e-17 4.526127153338092e-17 6.256998935307783e-17 4.5317623358477684e-13 1.1437213899941798e-08 0.0008056494519841362 7.762532151785011e-14 7.803183610823325e-14 9.780270469316802e-14 5.826096752329848e-14 2.825428587626639e-13 4.996471470939379e-05 5.022637398676025e-05 6.295219320511962e-05 3.750055476840088e-05 0.00018186299335335793 1240.615865855692 1247.1128238156693 1563.0928773421165 931.132770289222 4515.629004957879 15.588490717331343 -3.0661752551947568 [0.0,137.8462073172992,275.6924146345984,413.5386219518973,551.3848292691968,689.2310365864956,827.0772439037946,964.9234512210936,1102.7696585383935,1240.615865855692,1780.4328531830292,2320.2498405103634,2860.0668278376997,3399.883815165036,3939.700802492372,4479.517789819708,5019.334777147044,5559.151764474379,6098.968751801718,6638.785739129053] [-7.7942453586656715,-1.3075661132028702,-0.7261566129115633,-0.43197464920273143,-0.25546202904065973,-0.14344244386277127,-0.0722221075416778,-0.029159649714897373,-0.006708354629763047,0.0,-0.07370066078764692,-0.24381015255692695,-0.4695585998375349,-0.7315760391387993,-1.0191233606599845,-1.3256217547319706,-1.6467475271108651,-1.979506302114331,-2.321738394965378,-2.671834787720083] False 59330.65603222185 59344.65603222185
