data/PKS0208-512_allsed_14d_min11.ecsv
# %ECSV 1.0
# ---
# datatype:
# - {name: e_min, unit: MeV, datatype: float64}
# - {name: e_ref, unit: MeV, datatype: float64}
# - {name: e_max, unit: MeV, datatype: float64}
# - {name: ref_dnde_e_min, unit: ph / (cm2 MeV s), datatype: float64}
# - {name: ref_dnde_e_max, unit: ph / (cm2 MeV s), datatype: float64}
# - {name: ref_dnde, unit: ph / (cm2 MeV s), datatype: float64}
# - {name: ref_flux, unit: ph / (cm2 s), datatype: float64}
# - {name: ref_eflux, unit: MeV / (cm2 s), datatype: float64}
# - {name: ref_npred, datatype: float64}
# - {name: dnde, unit: ph / (cm2 MeV s), datatype: float64}
# - {name: dnde_err, unit: ph / (cm2 MeV s), datatype: float64}
# - {name: dnde_errp, unit: ph / (cm2 MeV s), datatype: float64}
# - {name: dnde_errn, unit: ph / (cm2 MeV s), datatype: float64}
# - {name: dnde_ul, unit: ph / (cm2 MeV s), datatype: float64}
# - {name: e2dnde, unit: MeV / (cm2 s), datatype: float64}
# - {name: e2dnde_err, unit: MeV / (cm2 s), datatype: float64}
# - {name: e2dnde_errp, unit: MeV / (cm2 s), datatype: float64}
# - {name: e2dnde_errn, unit: MeV / (cm2 s), datatype: float64}
# - {name: e2dnde_ul, unit: MeV / (cm2 s), datatype: float64}
# - {name: norm, datatype: float64}
# - {name: norm_err, datatype: float64}
# - {name: norm_errp, datatype: float64}
# - {name: norm_errn, datatype: float64}
# - {name: norm_ul, datatype: float64}
# - {name: ts, datatype: float64}
# - {name: loglike, datatype: float64}
# - {name: norm_scan, datatype: string, subtype: 'float64[20]'}
# - {name: dloglike_scan, datatype: string, subtype: 'float64[20]'}
# - {name: ShowUL, datatype: bool}
# - {name: tstart, datatype: float64}
# - {name: tend, datatype: float64}
# meta: !!omap
# - {UL_CONF: 0.95}
# - {EXTNAME: SED}
# - {CONFIG: '{"bin_index": 2.0, "use_local_index": true, "free_background": false, "free_radius": null, "free_pars": [], "ul_confidence":
#     0.95, "cov_scale": 3.0, "make_plots": false, "write_fits": true, "write_npy": true, "optimizer": {"optimizer": "MINUIT", "tol":
#     0.001, "max_iter": 100, "init_lambda": 0.0001, "retries": 3, "min_fit_quality": 2, "verbosity": 0}, "prefix": "", "outfile": null,
#     "loge_bins": []}'}
# - {SRCNAME: 4FGL J0210.7-5101}
# - {CREATOR: fermipy 1.2.0}
# - {STVER: 2.2.0}
# schema: astropy-2.0
e_min e_ref e_max ref_dnde_e_min ref_dnde_e_max ref_dnde ref_flux ref_eflux ref_npred dnde dnde_err dnde_errp dnde_errn dnde_ul e2dnde e2dnde_err e2dnde_errp e2dnde_errn e2dnde_ul norm norm_err norm_errp norm_errn norm_ul ts loglike norm_scan dloglike_scan ShowUL tstart tend
[from data line 496]
4007.6519721450045 4618.915317184078 5323.411028602609 4.436736116043267e-15 2.3462156069105616e-15 3.2263817999741568e-15 4.252948836071863e-12 1.9546159451853696e-08 0.010395731657702134 5.943784886028948e-13 4.43490170475333e-13 5.186912830165392e-13 3.6828905793412675e-13 1.6342612419117955e-12 1.2680695771337269e-05 9.46158724989364e-06 1.106595626405935e-05 7.857218235727927e-06 3.486594824163758e-05 184.22447355971818 137.45743621504602 160.76562390126733 114.14924852882469 506.5306412046107 10.09934652024235 -63.51188106438156 [0.0,13.532709205489168,34.869179749767795,56.2056502940464,77.54212083832508,98.87859138260364,120.2150619268823,141.55153247116095,162.88800301543947,184.22447355971818,235.63707999155645,287.049686423395,338.4622928552332,389.8748992870716,441.28750571890976,492.70011215074834,544.1127185825867,595.5253250144248,646.9379314462632,698.3505378781017] [-5.049673260121175,-2.65584821886808,-1.4659884318904304,-0.8755830277000385,-0.5215370191492426,-0.29606020043701875,-0.15174398200885975,-0.06340939169806603,-0.016052114197897538,0.0,-0.053956696829096984,-0.19871169844877556,-0.40495552788638634,-0.6556234321390306,-0.9398997899335271,-1.250495662924699,-1.58226452733836,-1.9314369706233023,-2.2951693000253144,-2.6712631860733254] False 58392.65603222185 58406.65603222185
5323.411028602609 6135.359285332078 7071.149185711414 2.2996942286963665e-15 1.2119860184531362e-15 1.669490117340429e-15 2.9234915733456034e-12 1.7845892365808375e-08 0.007184078603643451 2.692974373290617e-13 2.671321820676543e-13 3.3461739160818963e-13 1.99646972527119e-13 9.568719420339258e-13 1.0137064752054704e-05 1.0055558841685444e-05 1.2595879855147093e-05 7.515237828223798e-06 3.601917987793441e-05 161.3052000320099 160.00824400997809 200.43089092449964 119.58559709545654 573.1522050326747 10.475745344293458 -47.29112122492829 [0.0,17.922800003556656,35.84560000711331,53.768400010669964,71.69120001422662,89.61400001778331,107.53680002133993,125.45960002489669,143.38240002845325,161.3052000320099,226.35245586859097,291.39971170517214,356.4469675417531,421.49422337833454,486.54147921491534,551.5887350514964,616.6359908880776,681.6832467246585,746.7305025612399,811.777758397821] [-5.237872672146729,-1.3049341649900228,-0.7289255162183821,-0.4351168844332278,-0.25798670061529805,-0.14516117131491768,-0.0732063444478257,-0.029585595826205235,-0.006799077607830384,0.0,-0.0661105161239135,-0.2216545562936716,-0.43131253932200764,-0.6775730039644827,-0.9504227104889367,-1.2435704922352215,-1.5527890150240182,-1.8750908119192715,-2.208280108198032,-2.5506915237199834] False 58392.65603222185 58406.65603222185
7071.149185711414 8149.575733880153 9392.473966813408 1.1839228216889695e-15 6.21866040492374e-16 8.580451021783644e-16 1.9958666243214285e-12 1.6181860355758044e-08 0.004953289088612811 5.161835323529611e-13 2.99745398149772e-13 3.4168175720039323e-13 2.578090390991508e-13 1.1784232705403117e-12 3.4282631083922765e-05 1.9907765861940582e-05 2.269299366605483e-05 1.7122538057826334e-05 7.826567046896507e-05 601.5808854831743 349.33524751646803 398.2095537087127 300.46094132422337 1373.3815012154796 33.80187627302867 -32.21959308723354 [0.0,107.72235747332931,169.4546734745599,231.18698947579045,292.91930547702106,354.6516214782517,416.3839374794824,478.11625348071294,539.8485694819433,601.5808854831743,723.3432063108315,845.1055271384888,966.8678479661459,1088.6301687938037,1210.3924896214612,1332.1548104491183,1453.9171312767758,1575.679452104433,1697.44177293209,1819.2040937597474] [-16.900938136514334,-2.69865800103549,-1.6544547517310448,-1.0320582357534533,-0.629599030654937,-0.36248864482512744,-0.18715374017773456,-0.07817375086956702,-0.019416390489958246,0.0,-0.049127899975658806,-0.18425157001730952,-0.382158927570174,-0.6279282772526855,-0.9113970846325472,-1.225331212272657,-1.5643977544060093,-1.92455214503795,-2.3026539206311583,-2.696215841122303] False 58392.65603222185 58406.65603222185
9392.473966813408 10825.05221838098 12476.13311942254 6.054049913224507e-16 3.168983803677792e-16 4.3800897389968293e-16 1.3535659974436092e-12 1.4575926070040602e-08 0.003353439974079553 3.859356793374264e-13 2.2545082805880277e-13 2.5638147519396967e-13 1.9452018092363592e-13 8.808457622493556e-13 4.5224620426683295e-05 2.641872381777488e-05 3.0043231348773584e-05 2.2794216286776184e-05 0.00010321905277213511 881.1136354156456 514.7173722299984 585.3338412483956 444.10090321160135 2011.0221815936936 29.37434210250308 -34.15657560993395 [0.0,147.11305255113317,238.86312540919718,330.6131982672612,422.36327112532547,514.1133439833895,605.8634168414533,697.6134896995175,789.3635625575815,881.1136354156456,1059.7128718454835,1238.312108275322,1416.911344705161,1595.5105811349988,1774.109817564837,1952.709053994675,2131.3082904245143,2309.9075268543506,2488.5067632841897,2667.1059997140287] [-14.68717105125154,-2.7009198593044488,-1.6456722755481792,-1.0212266794568308,-0.6192284074980137,-0.3535710712313147,-0.18016666683087834,-0.07337826814153203,-0.016968701813894427,0.0,-0.05280417924942782,-0.1898448120772116,-0.388563617054416,-0.6344041881207971,-0.9174241048139322,-1.2305297728631075,-1.5684822357196424,-1.9273021145003923,-2.303895595411518,-2.6958097031944774] False 58392.65603222185 58406.65603222185
38840.06964680279 44764.114713307994 51591.719177855455 1.910906242150886e-17 9.833981154651907e-18 1.3708324468591518e-17 1.7527064001220526e-13 7.801743674836021e-09 0.00043637234706150885 3.140365622807034e-14 3.156224405000978e-14 3.955718779313118e-14 2.3567300306888385e-14 1.1428985007934214e-13 6.29274617792238e-05 6.324524417472794e-05 7.926572004443306e-05 4.722476830502281e-05 0.00022901696924679862 2290.8457047411102 2302.4144287162976 2885.6325865181057 1719.1962709144893 8337.25889266794 16.59539858598469 -2.928467741383723 [0.0,254.53841163790116,509.0768232758023,763.6152349137031,1018.1536465516047,1272.6920581895056,1527.2304698274063,1781.768881465307,2036.3072931032093,2290.8457047411102,3288.1495136306926,4285.453322520271,5282.757131409854,6280.060940299438,7277.364749189018,8274.668558078598,9271.972366968179,10269.276175857764,11266.579984747339,12263.883793636924] [-8.297699292992345,-1.3079033267170432,-0.726241949143211,-0.4319878292135195,-0.25544801998962097,-0.14341923852177274,-0.07219870393844463,-0.02914119018279404,-0.0066980533910960816,0.0,-0.07381971076751093,-0.24412898662043814,-0.47011223548339753,-0.7323828133241737,-1.0201940724448262,-1.326963298916949,-1.6483645738667052,-1.9814021610913777,-2.3239154969829503,-2.674294970613837] False 58392.65603222185 58406.65603222185
100.0 115.25240587974294 132.83117061068992 9.82713190450454e-12 5.581623812311206e-12 7.406169957873343e-12 2.4314108806722074e-10 2.7930102084398226e-08 0.19040461459530875 3.0431708900494224e-09 5.302506165858602e-10 5.483915566338792e-10 5.121096765378412e-10 3.955003235802648e-09 4.042279516936403e-05 7.0433810118139995e-06 7.28434924206967e-06 6.802412781558327e-06 5.253477095807327e-05 410.8967127893536 71.595793723605 74.04522982231803 69.14635762489195 534.0146470171356 53.47771347989601 -1183.0101017384613 [0.0,254.3126888789854,273.88569186778153,293.4586948565777,313.0316978453735,332.6047008341696,352.1777038229656,371.7507068117617,391.3237098005579,410.8967127893536,428.5871287162061,446.27754464305855,463.96796056991093,481.6583764967635,499.3487924236161,517.0392083504682,534.7296242773207,552.4200402041732,570.1104561310256,587.8008720578779] [-26.738856739948005,-2.7093413263776256,-2.029172622755823,-1.4582378996963143,-0.9899880362911517,-0.6185106662073849,-0.33844558708960903,-0.14491421969023577,-0.0334603483720457,0.0,-0.03372724515475056,-0.12553085114586793,-0.27302234424541894,-0.4739729140574127,-0.7262986915138754,-1.0280477419851195,-1.3773885340331162,-1.7725996830397435,-2.212060800584368,-2.694244306439032] False 58406.65603222185 58420.65603222185
132.83117061068992 153.091119887046 176.4411988580621 6.049821476115747e-12 3.3974762715994666e-12 4.533665725714253e-12 1.9775700706765932e-10 3.016683763260057e-08 0.20340152646764198 1.5070514215097425e-09 2.6250990409655726e-10 2.740021861292412e-10 2.5101762206387335e-10 1.968492561725111e-09 3.532059987964102e-05 6.152416005652197e-06 6.421759366858663e-06 5.883072644445731e-06 4.613534558037157e-05 332.41344040033204 57.90235098446751 60.43722733573917 55.36747463319585 434.1944644396972 60.04471417238392 -1056.2176383650822 [0.0,207.4531228913886,223.0731625800065,238.6932022686245,254.3132419572423,269.9332816458603,285.55332133447826,301.1733610230962,316.7934007117143,332.41344040033204,347.051091449289,361.68874249824586,376.3263935472031,390.96404459615974,405.60169564511665,420.23934669407413,434.87699774303076,449.51464879198767,464.1522998409445,478.7899508899014] [-30.02235708619196,-2.7047617062867175,-2.022981729257708,-1.4531040400438542,-0.9873150926678136,-0.6186626115268155,-0.3409283055418655,-0.14852380928527964,-0.03640486794006392,0.0,-0.030905304084171803,-0.12151339287152041,-0.26894083399929514,-0.47052601817267714,-0.7238060192087232,-1.02649646826967,-1.3764739756584277,-1.7717607166380276,-2.2105108641928837,-2.6909986051621217] False 58406.65603222185 58420.65603222185
176.4411988580621 203.35272664697808 234.36890988269914 3.64098193721054e-12 2.021680364367937e-12 2.7130981717359336e-12 1.5724260223996805e-10 3.185311322375498e-08 0.1964334270694983 8.30335915947081e-10 1.500568805740522e-10 1.5747616561541114e-10 1.4263759553269333e-10 1.0966492260568203e-09 3.433632599842921e-05 6.205201859564496e-06 6.512006593603732e-06 5.898397125525262e-06 4.534900226357533e-05 306.04713260921307 55.30831214929486 58.04292939191819 52.57369490667154 404.2055084778397 59.57446235017983 -1004.6620758232538 [0.0,186.9961005377327,201.87747954666767,216.75885855560273,231.64023756453784,246.5216165734728,261.4029955824079,276.28437459134307,291.1657536002779,306.04713260921307,320.21574536999924,334.3843581307855,348.55297089157176,362.7215836523581,376.8901964131442,391.0588091739307,405.22742193471646,419.39603469550286,433.564647456289,447.73326021707555] [-29.787231175089914,-2.7054756569251595,-2.017620648165348,-1.4453570342151352,-0.9795966585196538,-0.6123845685225433,-0.3367097486640205,-0.14635475030286216,-0.0357748600084733,0.0,-0.03135729941300269,-0.12296358884464098,-0.27162531850092364,-0.4744201075013734,-0.7286654516017279,-1.031891939005277,-1.3818202036761704,-1.776340996711042,-2.2134978742484464,-2.6914720931285956] False 58406.65603222185 58420.65603222185
234.36890988269914 270.1158072739371 311.3149665447022 2.142173688631676e-12 1.1760580121288455e-12 1.5872367592413213e-12 1.2222875256469656e-10 3.2880530924085024e-08 0.1765662590407885 3.731736898178839e-10 7.427732935433835e-11 7.865740995682756e-11 6.989724875184913e-11 5.071843030474583e-10 2.7227703755447603e-05 5.419463307803689e-06 5.739045154872704e-06 5.099881460734674e-06 3.7005459735193676e-05 235.10902683242807 46.796628746074376 49.55619223084576 44.03706526130299 319.5391614354281 56.733111575403655 -745.5544919255465 [0.0,136.23493155110162,148.59419346126742,160.9534553714332,173.3127172815991,185.67197919176488,198.0312411019306,210.3905030120964,222.74976492226224,235.10902683242807,247.38162639151156,259.6542259505953,271.92682550967874,284.1994250687624,296.47202462784605,308.74462418692957,321.0172237460131,333.28982330509666,345.5624228641804,357.83502242326387] [-28.366555787701827,-2.6985125406995394,-1.9951779371406246,-1.4175227450419925,-0.9529371835257052,-0.5907292542021878,-0.3217439623979317,-0.13807407916760894,-0.03283697263657359,0.0,-0.03377977654758979,-0.12907729162634496,-0.28176667088257545,-0.48814857407649015,-0.7448916977176623,-1.0489841384261354,-1.3976926659754554,-1.7885283943892318,-2.219217668663191,-2.6876772339578565] False 58406.65603222185 58420.65603222185
311.3149665447022 358.7979888064861 413.52331434760555 1.2321143860523958e-12 6.688137424856024e-13 9.077747703621486e-13 9.288409421016529e-11 3.318108585493533e-08 0.1522043023978642 2.4114027505749184e-10 4.5886555318133235e-11 4.868920131763952e-11 4.3083909318626957e-11 3.2440152120658663e-10 3.104343367129902e-05 5.907251437294097e-06 6.268052863638417e-06 5.546450010949776e-06 4.176215318674656e-05 265.6388819456738 50.548392416576206 53.635772778985036 47.46101205416738 357.35904080829386 80.21956520993558 -688.4123203018676 [0.0,160.35357509584398,173.5142384520728,186.67490180830146,199.83556516453024,212.99622852075888,226.15689187698766,239.31755523321632,252.478218589445,265.6388819456738,278.9574813536627,292.2760807616516,305.59468016964047,318.91327957762934,332.2318789856184,345.5504783936073,358.86907780159606,372.18767720958505,385.506276617574,398.8248760255626] [-40.10978260496779,-2.6936051409209085,-1.9892621637758339,-1.4123623202419822,-0.9494233475363671,-0.5890987319147598,-0.3217389959470438,-0.13906160624321728,-0.033898480641255446,0.0,-0.03264258511671869,-0.1276373307950962,-0.2805359571752888,-0.48737388580866536,-0.7446009101810205,-1.0490240288777386,-1.397759944594668,-1.7881953141774147,-2.2179532661048142,-2.684865025001386] False 58406.65603222185 58420.65603222185
413.52331434760555 476.5900816815941 549.2752115212968 6.927985127351535e-13 3.7184617715264176e-13 5.075573647358524e-13 6.899919228158561e-11 3.2731989907052906e-08 0.12660934055122208 1.1428035575801307e-10 2.6001194481279622e-11 2.7637297479354068e-11 2.436509148320518e-11 1.6204234063239907e-10 2.5957423554997918e-05 5.905862067104437e-06 6.277483403238074e-06 5.534240730970799e-06 3.680599033612566e-05 225.15751656463073 51.22809023727081 54.45157414618014 48.00460632836148 319.2591653491829 55.234411541365034 -565.3003761571788 [0.0,121.11327862601841,134.11880836834496,147.1243381106715,160.12986785299805,173.13539759532463,186.1409273376511,199.14645707997775,212.1519868223042,225.15751656463073,238.99754888875216,252.83758121287363,266.6776135369951,280.51764586111625,294.3576781852377,308.1977105093592,322.03774283348054,335.877775157602,349.71780748172347,363.5578398058449] [-27.617205770682517,-2.7039775167418156,-1.9803908032257596,-1.3961337168012733,-0.9329841691962883,-0.5762334869104961,-0.31382076085048993,-0.13572110912298285,-0.033502823979915775,0.0,-0.0329383470382254,-0.13036285974874318,-0.28676124471269304,-0.4973351078407404,-0.7578790818471361,-1.0646847930795502,-1.4144637406002403,-1.804284755320623,-2.231522827828144,-2.6938168936009106] False 58406.65603222185 58420.65603222185
