data/PKS0208-512_allsed_14d_min11.ecsv
# %ECSV 1.0
# ---
# datatype:
# - {name: e_min, unit: MeV, datatype: float64}
# - {name: e_ref, unit: MeV, datatype: float64}
# - {name: e_max, unit: MeV, datatype: float64}
# - {name: ref_dnde_e_min, unit: ph / (MeV s cm2), datatype: float64}
# - {name: ref_dnde_e_max, unit: ph / (MeV s cm2), datatype: float64}
# - {name: ref_dnde, unit: ph / (MeV s cm2), datatype: float64}
# - {name: ref_flux, unit: ph / (s cm2), datatype: float64}
# - {name: ref_eflux, unit: MeV / (s cm2), datatype: float64}
# - {name: ref_npred, datatype: float64}
# - {name: dnde, unit: ph / (MeV s cm2), datatype: float64}
# - {name: dnde_err, unit: ph / (MeV s cm2), datatype: float64}
# - {name: dnde_errp, unit: ph / (MeV s cm2), datatype: float64}
# - {name: dnde_errn, unit: ph / (MeV s cm2), datatype: float64}
# - {name: dnde_ul, unit: ph / (MeV s cm2), datatype: float64}
# - {name: e2dnde, unit: MeV / (s cm2), datatype: float64}
# - {name: e2dnde_err, unit: MeV / (s cm2), datatype: float64}
# - {name: e2dnde_errp, unit: MeV / (s cm2), datatype: float64}
# - {name: e2dnde_errn, unit: MeV / (s cm2), datatype: float64}
# - {name: e2dnde_ul, unit: MeV / (s cm2), datatype: float64}
# - {name: norm, datatype: float64}
# - {name: norm_err, datatype: float64}
# - {name: norm_errp, datatype: float64}
# - {name: norm_errn, datatype: float64}
# - {name: norm_ul, datatype: float64}
# - {name: ts, datatype: float64}
# - {name: loglike, datatype: float64}
# - {name: norm_scan, datatype: string, subtype: 'float64[20]'}
# - {name: dloglike_scan, datatype: string, subtype: 'float64[20]'}
# - {name: ShowUL, datatype: bool}
# - {name: tstart, datatype: float64}
# - {name: tend, datatype: float64}
# meta: !!omap
# - {UL_CONF: 0.95}
# - {EXTNAME: SED}
# - {CONFIG: '{"bin_index": 2.0, "use_local_index": true, "free_background": false, "free_radius": null, "free_pars": [], "ul_confidence":
#     0.95, "cov_scale": 3.0, "make_plots": false, "write_fits": true, "write_npy": true, "optimizer": {"optimizer": "MINUIT", "tol":
#     0.001, "max_iter": 100, "init_lambda": 0.0001, "retries": 3, "min_fit_quality": 2, "verbosity": 0}, "prefix": "", "outfile": null,
#     "loge_bins": []}'}
# - {SRCNAME: 4FGL J0210.7-5101}
# - {CREATOR: fermipy 1.2.0}
# - {STVER: 2.2.0}
# schema: astropy-2.0
e_min e_ref e_max ref_dnde_e_min ref_dnde_e_max ref_dnde ref_flux ref_eflux ref_npred dnde dnde_err dnde_errp dnde_errn dnde_ul e2dnde e2dnde_err e2dnde_errp e2dnde_errn e2dnde_ul norm norm_err norm_errp norm_errn norm_ul ts loglike norm_scan dloglike_scan ShowUL tstart tend
[from data line 750]
234.36890988269914 270.1158072739371 311.3149665447022 2.2103396985774273e-12 1.206065644062276e-12 1.6327323026636084e-12 1.2575268680085936e-10 3.3823600619663785e-08 0.10955289359991915 6.021187674943831e-10 1.168059467151124e-10 1.2379719366971717e-10 1.0981469976050759e-10 8.135166470850994e-10 4.393212028139776e-05 8.52245965031928e-06 9.03255885118752e-06 8.01236044945104e-06 5.93562485012484e-05 368.7798462197983 71.54017013355919 75.82210106810332 67.25823919901504 498.2547633546197 63.02912689878508 -537.3655951944489 [0.0,218.14953155499074,236.97832088809182,255.80711022119272,274.6358995542936,293.46468888739474,312.2934782204957,331.1222675535965,349.9510568866975,368.7798462197983,387.5796031520868,406.3793600843753,425.17911701666355,443.97887394895207,462.7786308812404,481.57838781352865,500.3781447458174,519.1779016781059,537.9776586103941,556.7774155426825] [-31.51456344939254,-2.6974611885076456,-1.9962973301031752,-1.419978338228816,-0.9560710647709811,-0.5940096196508193,-0.3247290567945811,-0.14038620367944077,-0.03414360438512176,0.0,-0.03255638775465286,-0.127021105023573,-0.27921185447769403,-0.48537769307051803,-0.7421401404845938,-1.0464441695145297,-1.3955171309127081,-1.786834102392163,-2.218088479297535,-2.687166872893158] False 58714.65603222185 58728.65603222185
311.3149665447022 358.7979888064861 413.52331434760555 1.2150763694746201e-12 6.618034505344889e-13 8.967395017401773e-13 9.174654344238856e-11 3.277733965764652e-08 0.09128854693066979 3.2163440339810786e-10 7.137170994333181e-11 7.55380423338868e-11 6.720537755277684e-11 4.5135324139526665e-10 4.1405925517487655e-05 9.188108220846861e-06 9.724465174026672e-06 8.65175126766705e-06 5.810540942710291e-05 358.67094376232643 79.59023752698603 84.23632748117001 74.94414757280207 503.3270426019913 57.400335003855616 -512.5152288097486 [0.0,195.52151370933984,215.91519246596326,236.30887122258656,256.7025499792099,277.0962287358332,297.4899074924565,317.88358624908017,338.2772650057033,358.67094376232643,379.845788657544,401.020633552761,422.1954784479785,443.37032334319565,464.5451682384128,485.72001313363,506.89485802884724,528.0697029240647,549.2445478192816,570.419392714499] [-28.700167501927808,-2.686160252066088,-1.9720596064059919,-1.3929809775011108,-0.9321746924402987,-0.5760571924886335,-0.3134361341508338,-0.13496253099594924,-0.03273380501570955,0.0,-0.03332320535253075,-0.12965141023084925,-0.2840632233570659,-0.4922397259188074,-0.7503662990471867,-1.0550540557261456,-1.4032763058054343,-1.792316689079712,-2.2197264652303375,-2.6832890630262227] False 58714.65603222185 58728.65603222185
413.52331434760555 476.5900816815941 549.2752115212968 6.655414158919621e-13 3.6185582247954816e-13 4.907443697504735e-13 6.668980398259003e-11 3.164609764131741e-08 0.07463308214946107 1.864576816570735e-10 4.027228637754732e-11 4.273849962218666e-11 3.780607313290799e-11 2.601857494034153e-10 4.2351644652771006e-05 9.147370850364805e-06 9.707541855638914e-06 8.587199845090698e-06 5.909809831656426e-05 379.9486925379922 82.06367481714437 87.08912879411679 77.03822084017197 530.185908267701 74.98480597446348 -364.1708655257721 [0.0,213.80809700336633,234.57567144519462,255.34324588702262,276.110820328851,296.87839477067934,317.6459692125077,338.4135436543359,359.18111809616397,379.9486925379922,402.0486685624291,424.148644586866,446.2486206113028,468.3485966357399,490.4485726601766,512.5485486846136,534.6485247090502,556.7485007334874,578.8484767579241,600.9484527823612] [-37.49240298723174,-2.704314319108505,-1.9804508974418695,-1.395828788690892,-0.9323809790977862,-0.5754689783873914,-0.31305218749872665,-0.13509693912902776,-0.033146218561910246,0.0,-0.03337230513687928,-0.1312401512665815,-0.2880449169581425,-0.4989441402624948,-0.7596913748328689,-1.0665404871552937,-1.416168620968051,-1.8056135936917599,-2.232222575295509,-2.6936096776909153] False 58714.65603222185 58728.65603222185
549.2752115212968 633.0528961793416 729.6086933380817 3.6324132372578777e-13 1.9712777741709932e-13 2.6759102154614503e-13 4.8308944076524214e-11 3.044839394360821e-08 0.05928088409428911 6.5452272340523e-11 2.0250958149197192e-11 2.1804708944646995e-11 1.869720735374739e-11 1.0376321598276925e-10 2.6230388848709882e-05 8.11569236357162e-06 8.738367269747614e-06 7.49301745739563e-06 4.158372820519493e-05 244.59816313095544 75.67876542414183 81.48520387066446 69.8723269776192 387.76792802398154 36.33003604929422 -308.9398984995525 [0.0,101.73581196546122,119.59360586114799,137.45139975683475,155.30919365252146,173.16698754820825,191.02478144389505,208.88257533958188,226.74036923526867,244.59816313095544,265.9744531717001,287.35074321244485,308.72703325318946,330.10332329393424,351.47961333467885,372.85590337542357,394.2321934161684,415.6084834569129,436.98477349765784,458.3610635384027] [-18.16501802464711,-2.6974682901438314,-1.921511402512408,-1.3227841847244122,-0.8656042025264128,-0.5244310001413623,-0.2802998745680725,-0.11870944903967029,-0.028301598764016944,0.0,-0.03754396870039045,-0.14330162669767788,-0.3089721524445963,-0.5277439040513627,-0.7939522460877129,-1.1028312187110032,-1.450329593784943,-1.8329721553673721,-2.2477534077421524,-2.6920549655931723] False 58714.65603222185 58728.65603222185
729.6086933380817 840.8915725798939 969.1477682383326 1.9752456183183957e-13 1.0700084626840814e-13 1.4537983104544936e-13 3.486435570376981e-11 2.918770285741898e-08 0.04617358802366012 3.127532848762791e-11 1.2291667508772076e-11 1.3702044109342663e-11 1.0881290908201487e-11 5.500767913732674e-11 2.2114742140196284e-05 8.6914213398927e-06 9.688696711581396e-06 7.694145968204005e-06 3.8895854933509606e-05 215.12838653561545 84.54864351114422 94.2499658364513 74.84732118583715 378.37214929854997 24.76006713253298 -255.86621428065143 [0.0,65.21237563913171,83.95187700119216,102.69137836325268,121.43087972531319,140.1703810873736,158.90988244943412,177.64938381149454,196.38888517355505,215.12838653561545,239.63350965201485,264.13863276841386,288.643755884813,313.1488790012121,337.65400211761136,362.15912523401045,386.6642483504098,411.1693714668088,435.67449458320806,460.17961769960715] [-12.38003356626649,-2.697775031407218,-1.8660315351274335,-1.257515391083757,-0.8097007547752924,-0.48438726079001526,-0.2562859901332786,-0.10765984138936346,-0.025514334553008666,0.0,-0.03952724846703859,-0.1496359823395892,-0.32015107203579873,-0.5430839478086682,-0.8120295630892542,-1.1217612755513073,-1.467949702801775,-1.8469621671844152,-2.2557162068976027,-2.6915703600375878] False 58714.65603222185 58728.65603222185
969.1477682383326 1116.9661194245136 1287.3303254983532 1.070222369005071e-13 5.787002357812189e-14 7.869802648615578e-14 2.5070495662587337e-11 2.787806465514784e-08 0.035242912116816516 4.761599177227398e-11 1.1324015285130135e-11 1.2269080978208648e-11 1.037894959205162e-11 6.849528657094643e-11 5.9406345196421984e-05 1.4127992214365945e-05 1.5307068753710635e-05 1.2948915675021257e-05 8.545563133121245e-05 605.0468340607041 143.89198548863493 155.90074524126692 131.88322573600294 870.3558351999567 106.70867442073904 -256.65946994425286 [0.0,324.46176231967087,359.53489628730006,394.60803025492936,429.6811642225581,464.7542981901876,499.82743215781665,534.9005661254457,569.9737000930747,605.0468340607041,644.2786901792912,683.5105462978786,722.7424024164663,761.9742585350534,801.2061146536406,840.4379707722279,879.6698268908152,918.9016830094027,958.1335391279899,997.3653952465776] [-53.35433721036952,-2.7021715873084418,-1.9578718936517134,-1.366764527073144,-0.9049516368330046,-0.553847442320091,-0.2986968993545247,-0.12757994980944432,-0.030721406749421476,0.0,-0.03563407972455934,-0.13746679035074294,-0.29873010828890756,-0.513670322419955,-0.7773526558979711,-1.08551106609508,-1.4344311913708339,-1.8208580025968786,-2.2419221305021324,-2.6950804940724424] False 58714.65603222185 58728.65603222185
1287.3303254983532 1483.6791717563765 1709.9759409858673 5.777686865877949e-14 3.118510177200838e-14 4.244735008445173e-14 1.7962689987637528e-11 2.653093184486545e-08 0.026340975487607277 1.4496554839327732e-11 4.991647527246269e-12 5.443082168445589e-12 4.540212886046949e-12 2.4258107759936847e-11 3.191132248263218e-05 1.0988133092798767e-05 1.1981877922160646e-05 9.99438826343689e-06 5.339946684750965e-05 341.5184884447654 117.5962107720521 128.23137740321192 106.96104414089228 571.4869764937926 53.77333733484426 -82.03504902728619 [0.0,130.4227392745797,156.80970792085287,183.19667656712608,209.58364521339914,235.97061385967243,262.35758250594563,288.74455115221883,315.131519798492,341.5184884447654,376.4186991571363,411.3189098695075,446.2191205818785,481.11933129424943,516.0195420066209,550.9197527189917,585.8199634313631,620.7201741437343,655.6203848561051,690.5205955684764] [-26.88666866742213,-2.6970239430326046,-1.874164455731588,-1.2640587755580555,-0.8126473397215932,-0.48442502571333534,-0.25476131323762274,-0.105837914972426,-0.024329768309200972,0.0,-0.04219418724198931,-0.15604692839332301,-0.33048857928167763,-0.5568560118751122,-0.8282376761743251,-1.1390282598928536,-1.4846170424562786,-1.8611643570842489,-2.265437775912531,-2.6946897828912597] False 58714.65603222185 58728.65603222185
1709.9759409858673 1970.7884119509856 2271.3810595726877 3.107857065341111e-14 1.674432834520089e-14 2.281205364539193e-14 1.2823512706269369e-11 2.51576207110221e-08 0.01929753129000067 7.40496439887549e-12 3.1113065371546557e-12 3.4342378101374365e-12 2.7883752641718746e-12 1.369878075446386e-11 2.8760933298441977e-05 1.208433625956399e-05 1.333860357294218e-05 1.0830068946185796e-05 5.320615985796591e-05 324.60753047419314 136.3887085976209 150.54487699888247 122.23254019635934 600.5062484688236 36.56511029813373 -84.52610354069596 [0.0,96.39260669958517,124.91947217141117,153.44633764323717,181.97320311506323,210.50006858688926,239.02693405871509,267.55379953054114,296.08066500236725,324.60753047419314,366.8929406485189,409.1783508228447,451.46376099717025,493.74917117149624,536.0345813458218,578.3199915201471,620.6054016944734,662.8908118687989,705.1762220431248,747.4616322174505] [-18.282555149066866,-2.6986808120354198,-1.8192662822043673,-1.2011650930738114,-0.7604974215751241,-0.44859524037050846,-0.2346046994787514,-0.09769128136926497,-0.023102869889470412,0.0,-0.04344208796412374,-0.16259352245585035,-0.3433098125552476,-0.5751190659716201,-0.8500451947728465,-1.1618688570318767,-1.5056439092264355,-1.8773700236639712,-2.2737645071955654,-2.692099241702053] False 58714.65603222185 58728.65603222185
2271.3810595726877 2617.821317854317 3017.1020504598932 1.665693659491097e-14 8.95808867715435e-15 1.22153311501142e-14 9.121574635782044e-12 2.376915839741426e-08 0.013945096487058883 2.8650083338650424e-12 1.685319119409714e-12 1.906838565859314e-12 1.4637996729601135e-12 6.501788964744548e-12 1.9633869027469746e-05 1.1549472463607729e-05 1.3067542672067348e-05 1.003140225514811e-05 4.455668469411713e-05 234.54201107255767 137.96753429758292 156.1020771705798 119.83299142458603 532.2646504498376 16.988368121308525 -64.52352084035428 [0.0,33.87478489547687,58.95818816761197,84.04159143974708,109.1249947118822,134.20839798401724,159.29180125615224,184.37520452828744,209.45860780042253,234.54201107255767,281.2267675284547,327.91152398435156,374.596280440249,421.2810368961458,467.96579335204285,514.6505498079398,561.3353062638371,608.0200627197343,654.704819175631,701.3895756315283] [-8.494184060654263,-2.6919958914983226,-1.6544091192867683,-1.0339091321919511,-0.6305225178230955,-0.3617483973465596,-0.18508757751570215,-0.0756463040739277,-0.017542214582306315,0.0,-0.05060542571479232,-0.18333420025203395,-0.37766680773017924,-0.6200201356870139,-0.900916874527681,-1.2134705026226982,-1.5525128719363437,-1.9140620893322904,-2.2949825102190573,-2.6927589801122025] False 58714.65603222185 58728.65603222185
4007.6519721450045 4618.915317184078 5323.411028602609 4.733087169456033e-15 2.5362484068181134e-15 3.4647200165185265e-15 4.565380379348028e-12 2.098861681568581e-08 0.007034314922100382 2.4851078914702465e-12 1.119576599872971e-12 1.2511042372140748e-12 9.88048962531867e-13 4.826041068212161e-12 5.301823288516999e-05 2.388547117354105e-05 2.6691531599054902e-05 2.10794107480272e-05 0.00010296058780630626 717.2608117314398 323.1362403124167 361.09822186187176 285.17425876296164 1392.9093967776184 54.66250247905063 -44.25521391455813 [0.0,205.70161521517002,269.64651477970364,333.5914143442373,397.5363139087709,461.4812134733048,525.4261130378383,589.3710126023723,653.3159121669056,717.2608117314398,821.4599308079943,925.6590498845497,1029.8581689611044,1134.0572880376592,1238.2564071142147,1342.4555261907697,1446.6546452673247,1550.8537643438792,1655.0528834204345,1759.252002496989] [-27.331251239525315,-2.6929749020878475,-1.7907748069551417,-1.1734963596382997,-0.7410927234712119,-0.43843293118619897,-0.23188246520702194,-0.09940200168702518,-0.025762638512617286,0.0,-0.040251440389141635,-0.16133185643290204,-0.34602255125292913,-0.5820874927055968,-0.8605186192241661,-1.1744914541504485,-1.5187116801649125,-1.888989216399139,-2.2819509033118877,-2.6948409586021285] False 58714.65603222185 58728.65603222185
5323.411028602609 6135.359285332078 7071.149185711414 2.509341549044629e-15 1.3422103755856725e-15 1.8352286677730156e-15 3.2123385573002918e-12 1.961596117748824e-08 0.004966641034553687 7.355786489200108e-13 5.215373368591584e-13 6.085017154816021e-13 4.3457295823671474e-13 1.9515697734765658e-12 2.7689117535937172e-05 1.9632038859305233e-05 2.2905607096572593e-05 1.6358470622037876e-05 7.346222584996632e-05 400.81035232116847 284.1811192345994 331.56724617864495 236.7949922905539 1063.3932477987748 23.93767357186453 -17.289772422969843 [0.0,42.821895400375084,87.57045251547427,132.3190096305734,177.0675667456725,221.81612386077174,266.5646809758709,311.31323809097006,356.0617952060693,400.81035232116847,506.84120737007675,612.8720624189842,718.9029174678926,824.933772516801,930.964627565709,1036.995482614617,1143.026337663525,1249.0571927124329,1355.088047761341,1461.1189028102497] [-11.968836785932265,-2.6770549713165934,-1.4791627796016442,-0.8792400146034005,-0.520461540034205,-0.29297992820409746,-0.14824906121475223,-0.060491230833605414,-0.014366028578340462,0.0,-0.057357625437585824,-0.20405263982493338,-0.4114326490396927,-0.6627430263407952,-0.9473335838809618,-1.2580117048238328,-1.5896907720157358,-1.9386406069213997,-2.3020443050181534,-2.6777224673827575] False 58714.65603222185 58728.65603222185
