data/PKS0346-27_allsed_14d_min11.ecsv
# %ECSV 1.0
# ---
# datatype:
# - {name: e_min, unit: MeV, datatype: float64}
# - {name: e_ref, unit: MeV, datatype: float64}
# - {name: e_max, unit: MeV, datatype: float64}
# - {name: ref_dnde_e_min, unit: ph / (MeV s cm2), datatype: float64}
# - {name: ref_dnde_e_max, unit: ph / (MeV s cm2), datatype: float64}
# - {name: ref_dnde, unit: ph / (MeV s cm2), datatype: float64}
# - {name: ref_flux, unit: ph / (s cm2), datatype: float64}
# - {name: ref_eflux, unit: MeV / (s cm2), datatype: float64}
# - {name: ref_npred, datatype: float64}
# - {name: dnde, unit: ph / (MeV s cm2), datatype: float64}
# - {name: dnde_err, unit: ph / (MeV s cm2), datatype: float64}
# - {name: dnde_errp, unit: ph / (MeV s cm2), datatype: float64}
# - {name: dnde_errn, unit: ph / (MeV s cm2), datatype: float64}
# - {name: dnde_ul, unit: ph / (MeV s cm2), datatype: float64}
# - {name: e2dnde, unit: MeV / (s cm2), datatype: float64}
# - {name: e2dnde_err, unit: MeV / (s cm2), datatype: float64}
# - {name: e2dnde_errp, unit: MeV / (s cm2), datatype: float64}
# - {name: e2dnde_errn, unit: MeV / (s cm2), datatype: float64}
# - {name: e2dnde_ul, unit: MeV / (s cm2), datatype: float64}
# - {name: norm, datatype: float64}
# - {name: norm_err, datatype: float64}
# - {name: norm_errp, datatype: float64}
# - {name: norm_errn, datatype: float64}
# - {name: norm_ul, datatype: float64}
# - {name: ts, datatype: float64}
# - {name: loglike, datatype: float64}
# - {name: norm_scan, datatype: string, subtype: 'float64[20]'}
# - {name: dloglike_scan, datatype: string, subtype: 'float64[20]'}
# - {name: ShowUL, datatype: bool}
# - {name: tstart, datatype: float64}
# - {name: tend, datatype: float64}
# meta: !!omap
# - {UL_CONF: 0.95}
# - {EXTNAME: SED}
# - {CONFIG: '{"bin_index": 2.0, "use_local_index": true, "free_background": false, "free_radius": null, "free_pars": [], "ul_confidence":
#     0.95, "cov_scale": 3.0, "make_plots": false, "write_fits": true, "write_npy": true, "optimizer": {"optimizer": "MINUIT", "tol":
#     0.001, "max_iter": 100, "init_lambda": 0.0001, "retries": 3, "min_fit_quality": 2, "verbosity": 0}, "prefix": "", "outfile": null,
#     "loge_bins": []}'}
# - {SRCNAME: 4FGL J0348.6-2749}
# - {CREATOR: fermipy 1.2.0}
# - {STVER: 2.2.0}
# schema: astropy-2.0
e_min e_ref e_max ref_dnde_e_min ref_dnde_e_max ref_dnde ref_flux ref_eflux ref_npred dnde dnde_err dnde_errp dnde_errn dnde_ul e2dnde e2dnde_err e2dnde_errp e2dnde_errn e2dnde_ul norm norm_err norm_errp norm_errn norm_ul ts loglike norm_scan dloglike_scan ShowUL tstart tend
[from data line 471]
5323.411028602609 6135.359285332078 7071.149185711414 2.211303837272594e-15 1.1576727721462679e-15 1.5999894510130488e-15 2.802345200570763e-12 1.7103691251683287e-08 0.005121952651828465 1.693165428874072e-12 7.421362488243821e-13 8.231552441951378e-13 6.611172534536264e-13 3.214684461411966e-12 6.373520579575411e-05 2.793596286617124e-05 3.098573122032089e-05 2.488619451202159e-05 0.00012100918919231197 1058.2353701157394 463.83821365477843 514.4754196185163 413.2010076910405 2009.1910352137368 62.35795155362892 -63.14902575421019 [0.0,306.2393336454172,400.2388382042076,494.2383427629976,588.237847321788,682.2373518805781,776.2368564393682,870.2363609981591,964.2358655569493,1058.2353701157394,1204.947151039112,1351.658931962485,1498.3707128858582,1645.0824938092312,1791.7942747326042,1938.506055655977,2085.21783657935,2231.929617502724,2378.641398426098,2525.353179349471] [-31.17897577681446,-2.690027502148787,-1.7859523906445745,-1.1663387375215777,-0.7322467181201304,-0.4289507662873433,-0.22295877266089548,-0.09226207197934144,-0.021611721983155974,0.0,-0.04544880620017011,-0.1682872251180214,-0.352850880633234,-0.5878348141393843,-0.8648065457038641,-1.1773046460133756,-1.520266011821512,-1.8896475961710095,-2.2821682889532227,-2.6951278150226656] False 58560.65603222185 58574.65603222185
9392.473966813408 10825.05221838098 12476.13311942254 5.410107570934874e-16 2.7918329827547954e-16 3.886401517700833e-16 1.201530630989286e-12 1.2934376759825402e-08 0.0022175526566396986 4.872778750624157e-13 3.006157981212051e-13 3.428594209125157e-13 2.5837217532989444e-13 1.1495765246808168e-12 5.710007683107081e-05 3.5226686964097814e-05 4.017686884275922e-05 3.02765050854364e-05 0.0001347093952789505 1253.8021942485395 773.5067947869865 882.2027764011086 664.8108131728643 2957.9458515673336 31.043675154049275 -18.77914531109131 [0.0,171.99460975794116,307.22055781926593,442.44650588059073,577.6724539419154,712.8984020032401,848.1243500645649,983.3502981258903,1118.5762461872146,1253.8021942485395,1523.0873325117495,1792.372470774958,2061.657609038169,2330.9427473013793,2600.2278855645895,2869.5130238278007,3138.7981620910105,3408.083300354219,3677.3684386174286,3946.6535768806393] [-15.521837577024638,-2.690096195274503,-1.6020252995759243,-0.9865976441525355,-0.5963503257913665,-0.34002966928366973,-0.17315693493994289,-0.07050169827811814,-0.0162969261094581,0.0,-0.05304546569605506,-0.19039643979741427,-0.38927165914284956,-0.635065781594701,-0.9178418291422368,-1.2305273739009266,-1.5679072367815792,-1.9260240883628512,-2.3018032502541033,-2.6928079136523664] False 58560.65603222185 58574.65603222185
16572.19366947696 19099.851911122612 22013.03884703687 1.249460738042989e-16 6.355533720958653e-17 8.91122317846778e-17 4.863227978411134e-13 9.233955494121829e-09 0.0008980132497247162 2.424364598036161e-13 1.6282783155484078e-13 1.879103277755368e-13 1.3774533533414475e-13 6.090949983557932e-13 8.844187344440479e-05 5.940030011684444e-05 6.855050367210801e-05 5.0250096561580876e-05 0.00022220050071610354 2720.5744368451706 1827.2220131158 2108.692869791267 1545.7511564403333 6835.14469514748 32.40488718516989 -14.357056356824675 [0.0,309.8739402152884,611.2115022940235,912.5490643727591,1213.886626451494,1515.224188530229,1816.5617506089645,2117.8993126877003,2419.2368747664354,2720.5744368451706,3371.2742354763013,4021.9740341074285,4672.673832738564,5323.373631369691,5974.073430000822,6624.773228631953,7275.473027263086,7926.172825894211,8576.87262452534,9227.572423156476] [-16.202443592584945,-2.677529894375507,-1.5127669092213782,-0.9099021820947897,-0.5426456437433824,-0.3067799566269329,-0.15533374358378182,-0.06300012396805243,-0.014530832767423618,0.0,-0.05464531785062654,-0.19445116359526615,-0.39498587165461885,-0.6411794737806851,-0.9230414027726948,-1.233587497204116,-1.5677323961785294,-1.9216519628705093,-2.292394210769821,-2.6776304443904486] False 58560.65603222185 58574.65603222185
100.0 115.25240587974294 132.83117061068992 5.993457871573801e-12 3.61817714962203e-12 4.6567577044710606e-12 1.526842896681592e-10 1.7564448299646632e-08 0.039545123553605635 3.8225836214978775e-09 9.321776857989416e-10 9.840028922109605e-10 8.803524793869226e-10 5.49348286770785e-09 5.0775825720081395e-05 1.2382225322183743e-05 1.3070625605668654e-05 1.1693825038698831e-05 7.297057600474042e-05 820.8680511394716 200.17740774958858 211.30643994343887 189.04837555573826 1179.6797721370451 28.676401167628 -455.862645014161 [0.0,398.2628479491006,451.0884983478973,503.9141487466938,556.7397991454899,609.5654495442863,662.3910999430826,715.216750341879,768.0424007406756,820.8680511394716,872.990149028102,925.1122469167325,977.2343448053629,1029.356442693993,1081.4785405826242,1133.6006384712543,1185.7227363598856,1237.8448342485156,1289.9669321371457,1342.0890300257768] [-14.338200583814,-2.7063812337940476,-2.0023776878732065,-1.4234851112387332,-0.9573930292723389,-0.59365553641112,-0.3233168714048702,-0.13862902863513682,-0.0328350279330607,0.0,-0.033989185285008716,-0.12941469425823016,-0.28226363955508305,-0.4889276565143632,-0.7461482759190403,-1.050971444619904,-1.4007093832452142,-1.792908380430788,-2.225321429299811,-2.6958848432264517] False 58574.65603222185 58588.65603222185
132.83117061068992 153.091119887046 176.4411988580621 4.048233985911018e-12 2.405570557551554e-12 3.1206269380666333e-12 1.3595125077155736e-10 2.076639697862153e-08 0.05116430298271143 2.229900919266762e-09 4.925043420520653e-10 5.209759092262965e-10 4.6403277487783427e-10 3.116259333083126e-09 5.226194475949793e-05 1.1542770575923844e-05 1.2210055592051502e-05 1.0875485559796187e-05 7.303543028064787e-05 714.5682465486519 157.82224271805896 166.94591169204742 148.69857374407053 998.6004078442605 38.99423229869251 -505.47566437315885 [0.0,379.6700209349632,421.53229913667417,463.39457733838555,505.25685554009647,547.1191337418078,588.9814119435184,630.8436901452296,672.7059683469407,714.5682465486519,755.9257339235099,797.2832212983676,838.6407086732253,879.9981960480832,921.355683422941,962.7131707977992,1004.0706581726564,1045.4281455475148,1086.7856329223719,1128.1431202972299] [-19.497116149346255,-2.7121478395221743,-2.0052384295104275,-1.424591315480086,-0.9575361471153201,-0.5933614540187477,-0.3229155432012476,-0.1383062932650887,-0.03267142352154906,0.0,-0.03418597619503316,-0.1298757234385448,-0.283018039917863,-0.48997745528612313,-0.7474770678916229,-1.0525511027543075,-1.4025052427239189,-1.7948832304157918,-2.2274385702060613,-2.6981104094986677] False 58574.65603222185 58588.65603222185
176.4411988580621 203.35272664697808 234.36890988269914 2.649317469985728e-12 1.5496250205033504e-12 2.0261906718634626e-12 1.172900888858883e-10 2.3789048307122494e-08 0.05831449222224752 1.6308835403566905e-09 2.992973676399592e-10 3.159165876474148e-10 2.826781476325037e-10 2.1676687726890582e-09 6.744083669232563e-05 1.2376643944198984e-05 1.3063887438134492e-05 1.1689400450263479e-05 8.963815752901868e-05 804.9013170398158 147.71431523998632 155.91651468658188 139.5121157933908 1069.8246728653035 67.20832965735144 -555.4670679051051 [0.0,490.2111203637841,529.547394948288,568.883669532792,608.219944117296,647.5562187017997,686.8924932863039,726.2287678708077,765.5650424553118,804.9013170398158,843.2772471541056,881.6531772683945,920.0291073826834,958.4050374969728,996.7809676112621,1035.1568977255515,1073.5328278398408,1111.9087579541294,1150.2846880684194,1188.660618182709] [-33.60416482867572,-2.697600109334303,-2.0029555155213075,-1.4288620224766646,-0.9644784205147516,-0.6004638082008569,-0.3287028058330179,-0.14209234288512107,-0.034373919100858075,0.0,-0.03241680469477615,-0.12581604050546957,-0.27648432822354607,-0.48105887701774463,-0.7364831529663434,-1.0399694920431557,-1.3889673725726652,-1.7811363342384539,-2.2143227383581916,-2.6865397241150504] False 58574.65603222185 58588.65603222185
234.36890988269914 270.1158072739371 311.3149665447022 1.679896971272438e-12 9.671979944521843e-13 1.2746736764760636e-12 9.804572744068759e-11 2.640476231760568e-08 0.0596278157879962 9.278759384923984e-10 1.6500650378107606e-10 1.7471214129349402e-10 1.5530086626865807e-10 1.2259559188001811e-09 6.77001939429552e-05 1.2039295173424024e-05 1.2747443229292703e-05 1.1331147117555345e-05 8.944886921320468e-05 727.9321410775385 129.4499971453475 137.06421064291496 121.83578364778005 961.7802120064434 94.09302245992478 -450.37552078779225 [0.0,456.47546484277495,490.4075493721207,524.339633901466,558.2717184308113,592.2038029601566,626.1358874895021,660.0679720188479,694.000056548193,727.9321410775385,761.8352687737982,795.7383964700582,829.641524166318,863.5446518625782,897.4477795588386,931.3509072550976,965.2540349513579,999.1571626476176,1033.0602903438773,1066.963418040138] [-47.04651122996239,-2.6940193704303965,-1.9947560655513144,-1.419616096581933,-0.9563828444299247,-0.5946396510016143,-0.3254251310785321,-0.14096827507097487,-0.034481969906835275,0.0,-0.032192295071467925,-0.12632156788305338,-0.2782084122558217,-0.48410199075391347,-0.7406220716994198,-1.0447106714353822,-1.3935914368399835,-1.78473531487856,-2.215831366556017,-2.6847618192568348] False 58574.65603222185 58588.65603222185
311.3149665447022 358.7979888064861 413.52331434760555 1.0320756649443968e-12 5.849037446806508e-13 7.769587641694692e-13 7.94118432946119e-11 2.8397279453807585e-08 0.056418152264328614 5.308762934830746e-10 9.975342719861313e-11 1.0519535179346898e-10 9.431150260375732e-11 7.10920962625417e-10 6.834288880394509e-05 1.2841856881794633e-05 1.3542428468869175e-05 1.2141285294720097e-05 9.152111874939375e-05 683.274734728754 128.38960289642225 135.39373856721681 121.3854672256277 915.0047536761575 93.31238010810864 -445.6128212332779 [0.0,417.32458496785534,450.5683536879677,483.81212240807974,517.0558911281928,550.2996598483046,583.543428568417,616.7871972885291,650.0309660086416,683.274734728754,717.1077078762136,750.9406810236737,784.773654171134,818.6066273185936,852.4396004660535,886.2725736135137,920.1055467609734,953.9385199084332,987.7714930558935,1021.6044662033531] [-46.65619005405432,-2.6904782545752255,-1.985882641193939,-1.4093368783764504,-0.9470794482022029,-0.5875505923256128,-0.32093668698189504,-0.13882811559471975,-0.03395804542753922,0.0,-0.03252458554044324,-0.1276062540082421,-0.2806878023600916,-0.4877149145647195,-0.7450632117718783,-1.0494782309156108,-1.3980256541046288,-1.7880497403107825,-2.217138375823822,-2.6830935075516322] False 58574.65603222185 58588.65603222185
413.52331434760555 476.5900816815941 549.2752115212968 6.14355585217359e-13 3.427311947607063e-13 4.588668910800373e-13 6.231608796882314e-11 2.958862710122807e-08 0.0503740201463464 2.6874711126568573e-10 5.5840582401355786e-11 5.90203532299274e-11 5.266081157278418e-11 3.7010407375626193e-10 6.104270983437516e-05 1.2683524122194737e-05 1.3405771245574667e-05 1.1961276998814807e-05 8.406473832006656e-05 585.6755335586198 121.6923327589043 128.62194762191473 114.76271789589389 806.5608588258485 94.99979183103119 -297.64109608738033 [0.0,339.8771544567826,370.6019518445121,401.3267492322418,432.0515466199716,462.7763440077007,493.5011413954308,524.2259387831601,554.9507361708895,585.6755335586198,618.133468851563,650.5914041445071,683.0493394374506,715.5072747303943,747.9652100233379,780.4231453162819,812.8810806092258,845.3390159021694,877.7969511951133,910.2548864880565] [-47.499895915515594,-2.7045591042211754,-1.981689471091613,-1.3970805319366946,-0.9331710782545883,-0.5756605534797927,-0.31273591409171786,-0.13451688133278594,-0.0326490992903814,0.0,-0.03391099799995345,-0.13196257246227105,-0.28872268442324867,-0.49944600315490106,-0.7599608200320063,-1.0665785556673768,-1.4160206165898899,-1.8053587310618013,-2.231965869409578,-2.693475557729357] False 58574.65603222185 58588.65603222185
549.2752115212968 633.0528961793416 729.6086933380817 3.5434801316351766e-13 1.9457349021636765e-13 2.625770928174445e-13 4.73888763746069e-11 2.987677618252211e-08 0.042444436787904494 1.518594688272616e-10 3.301430306418265e-11 3.5138624906256476e-11 3.088998122210883e-11 2.1265581042384765e-10 6.0858588636523726e-05 1.3230679027266076e-05 1.4082013686321228e-05 1.2379344368210927e-05 8.522308544666922e-05 578.3424105957378 125.73184777826637 133.82212640569693 117.64156915083582 809.8795220179226 98.33218405104321 -246.44219442140633 [0.0,326.49376220429184,357.97484325322256,389.45592430215333,420.93700535108394,452.4180864000148,483.89916744894555,515.3802484978763,546.8613295468072,578.3424105957378,612.5399908617803,646.7375711278231,680.9351513938661,715.1327316599084,749.3303119259516,783.5278921919944,817.7254724580374,851.9230527240796,886.1206329901225,920.3182132561657] [-49.16609202552161,-2.7042207860785084,-1.9717030932774264,-1.38383993718611,-0.9205365322669934,-0.5656905259002087,-0.3061893122101651,-0.13120563166677357,-0.03169044678026012,0.0,-0.03485664861327109,-0.13492914740663764,-0.29410013375274957,-0.5070893275040476,-0.7693061211129191,-1.0767334371855668,-1.4258351856407785,-1.8134817672175245,-2.2368895418180728,-2.6935712213202976] False 58574.65603222185 58588.65603222185
729.6086933380817 840.8915725798939 969.1477682383326 1.9801621140304616e-13 1.0702729217482973e-13 1.4557863481014902e-13 3.491417956689323e-11 2.92278690782314e-08 0.03412312948305907 9.07529704334758e-11 2.1372004412690757e-11 2.3188219260427097e-11 1.9555789564954417e-11 1.302368521490816e-10 6.41713016823183e-05 1.5112115186664201e-05 1.6396358229699665e-05 1.3827872143628736e-05 9.209030062041259e-05 623.3948446612919 146.80728693851447 159.28312070426512 134.33145317276382 894.6151495301846 87.6336129043309 -235.97433264166744 [0.0,335.9531724844534,371.8833815065583,407.81359052866304,443.7437995507677,479.67400857287265,515.6042175949772,551.5344266170822,587.4646356391868,623.3948446612919,663.4665423879409,703.5382401145898,743.609937841239,783.681635567888,823.7533332945367,863.8250310211862,903.8967287478348,943.9684264744839,984.0401242011329,1024.1118219277819] [-43.81680645216545,-2.7042058606388935,-1.9640573946982158,-1.374177147870114,-0.9119440823825187,-0.5595758271989268,-0.3028270426912343,-0.13010081998700684,-0.03182444581122468,0.0,-0.034654258489354106,-0.1356646389588434,-0.29633234059440383,-0.510940636474686,-0.7745703230934851,-1.0829568008579145,-1.4323779595866597,-1.8195652008324714,-2.2416320735627835,-2.6960164836270337] False 58574.65603222185 58588.65603222185
