data/PKS0346-27_allsed_14d_min11.ecsv
# %ECSV 1.0
# ---
# datatype:
# - {name: e_min, unit: MeV, datatype: float64}
# - {name: e_ref, unit: MeV, datatype: float64}
# - {name: e_max, unit: MeV, datatype: float64}
# - {name: ref_dnde_e_min, unit: ph / (MeV s cm2), datatype: float64}
# - {name: ref_dnde_e_max, unit: ph / (MeV s cm2), datatype: float64}
# - {name: ref_dnde, unit: ph / (MeV s cm2), datatype: float64}
# - {name: ref_flux, unit: ph / (s cm2), datatype: float64}
# - {name: ref_eflux, unit: MeV / (s cm2), datatype: float64}
# - {name: ref_npred, datatype: float64}
# - {name: dnde, unit: ph / (MeV s cm2), datatype: float64}
# - {name: dnde_err, unit: ph / (MeV s cm2), datatype: float64}
# - {name: dnde_errp, unit: ph / (MeV s cm2), datatype: float64}
# - {name: dnde_errn, unit: ph / (MeV s cm2), datatype: float64}
# - {name: dnde_ul, unit: ph / (MeV s cm2), datatype: float64}
# - {name: e2dnde, unit: MeV / (s cm2), datatype: float64}
# - {name: e2dnde_err, unit: MeV / (s cm2), datatype: float64}
# - {name: e2dnde_errp, unit: MeV / (s cm2), datatype: float64}
# - {name: e2dnde_errn, unit: MeV / (s cm2), datatype: float64}
# - {name: e2dnde_ul, unit: MeV / (s cm2), datatype: float64}
# - {name: norm, datatype: float64}
# - {name: norm_err, datatype: float64}
# - {name: norm_errp, datatype: float64}
# - {name: norm_errn, datatype: float64}
# - {name: norm_ul, datatype: float64}
# - {name: ts, datatype: float64}
# - {name: loglike, datatype: float64}
# - {name: norm_scan, datatype: string, subtype: 'float64[20]'}
# - {name: dloglike_scan, datatype: string, subtype: 'float64[20]'}
# - {name: ShowUL, datatype: bool}
# - {name: tstart, datatype: float64}
# - {name: tend, datatype: float64}
# meta: !!omap
# - {UL_CONF: 0.95}
# - {EXTNAME: SED}
# - {CONFIG: '{"bin_index": 2.0, "use_local_index": true, "free_background": false, "free_radius": null, "free_pars": [], "ul_confidence":
#     0.95, "cov_scale": 3.0, "make_plots": false, "write_fits": true, "write_npy": true, "optimizer": {"optimizer": "MINUIT", "tol":
#     0.001, "max_iter": 100, "init_lambda": 0.0001, "retries": 3, "min_fit_quality": 2, "verbosity": 0}, "prefix": "", "outfile": null,
#     "loge_bins": []}'}
# - {SRCNAME: 4FGL J0348.6-2749}
# - {CREATOR: fermipy 1.2.0}
# - {STVER: 2.2.0}
# schema: astropy-2.0
e_min e_ref e_max ref_dnde_e_min ref_dnde_e_max ref_dnde ref_flux ref_eflux ref_npred dnde dnde_err dnde_errp dnde_errn dnde_ul e2dnde e2dnde_err e2dnde_errp e2dnde_errn e2dnde_ul norm norm_err norm_errp norm_errn norm_ul ts loglike norm_scan dloglike_scan ShowUL tstart tend
[from data line 194]
16572.19366947696 19099.851911122612 22013.03884703687 8.73314281795884e-17 4.284212709981106e-17 6.11675089069186e-17 3.342291601608909e-13 6.3406931589214516e-09 0.0005487788299951557 1.1128259833317333e-13 1.1200867627921095e-13 1.404276902855013e-13 8.358966227292059e-14 4.0535163280483315e-13 4.0596375175250136e-05 4.086125156334065e-05 5.122863129737522e-05 3.0493871829306062e-05 0.00014787403610021354 1819.3089815463493 1831.1793022282413 2295.7889375419313 1366.569666914551 6626.910921314047 11.621466836681243 -5.358255395893918 [0.0,202.14544239403878,404.29088478807756,606.4363271821169,808.5817695761551,1010.7272119701943,1212.8726543642338,1415.0180967582723,1617.1635391523102,1819.3089815463493,2608.854904398787,3398.4008272512233,4187.946750103661,4977.492672956097,5767.038595808536,6556.58451866097,7346.130441513406,8135.676364365846,8925.22228721828,9714.768210070724] [-5.810733418340622,-1.300969005421675,-0.7236900847353054,-0.43080858335605576,-0.2548859065928557,-0.14317157633257782,-0.07211401680320684,-0.029132870450855997,-0.006711949453874766,0.0,-0.07316551073096456,-0.24223689898884437,-0.4667288364739681,-0.7273753185677769,-1.013484251426238,-1.3185011903419541,-1.6381163294923837,-1.9693437894553663,-2.310029374900295,-2.658567772532118] False 58280.65603222185 58294.65603222185
100.0 115.25240587974294 132.83117061068992 7.44626572089745e-12 4.37651588639669e-12 5.708651348772208e-12 1.8727114717910555e-10 2.1529612333466042e-08 0.20415467793678257 1.4703026150828088e-09 3.452133712248959e-10 3.597251344247125e-10 3.307016080250793e-10 2.075396477927425e-09 1.953020175134083e-05 4.585509621026562e-06 4.778271070372239e-06 4.392748171680885e-06 2.75677343644403e-05 257.5569123518175 60.47196616748067 63.014031239108796 57.92990109585256 363.552851826166 26.619487706993823 -1140.2197685300252 [0.0,127.33178157848756,143.60992292515377,159.88806427182,176.16620561848626,192.44434696515256,208.7224883118188,225.00062965848508,241.2787710051513,257.5569123518175,272.80693430572325,288.0569562596291,303.30697821353493,318.55700016744066,333.8070221213463,349.05704407525224,364.3070660291578,379.5570879830637,394.8071099369694,410.0571318908752] [-13.309743853496911,-2.7104996619450503,-2.0269072141713877,-1.4557577149796543,-0.9890627002635028,-0.6197557924247121,-0.34154820806020325,-0.14881236016844923,-0.036487122463313426,0.0,-0.030932204347209336,-0.12166616195645474,-0.26933923587944264,-0.47131296890188423,-0.725148926636848,-1.0285878155534647,-1.3795313462769627,-1.776026411210296,-2.2162512235388476,-2.6985031268018247] False 58294.65603222185 58308.65603222185
132.83117061068992 153.091119887046 176.4411988580621 4.704068434679988e-12 2.7368764959050136e-12 3.588098986093384e-12 1.5638478373818643e-10 2.387567241469077e-08 0.2240799221386107 7.234465940018137e-10 1.714998472010186e-10 1.7968981453322602e-10 1.633098798688112e-10 1.0270103399542789e-09 1.6955338959455657e-05 4.019423223355217e-06 4.211370594917653e-06 3.82747585179278e-06 2.4069929381334437e-05 201.6239230873285 47.796855066070115 50.0793916861438 45.51431844599643 286.22686941879977 28.439663744835798 -1040.6188509410056 [0.0,99.90582004029301,112.62058292117244,125.33534580205185,138.05010868293135,150.76487156381071,163.47963444469028,176.19439732556967,188.90916020644912,201.6239230873285,213.84354640414006,226.06316972095163,238.2827930377633,250.5024163545748,262.7220396713863,274.941662988198,287.1612863050094,299.380909621821,311.6005329386325,323.8201562554443] [-14.219831872417899,-2.7132595472028243,-2.0191869047760065,-1.4436112063776818,-0.9765253063776527,-0.6092639713331209,-0.3342624511494705,-0.14486866377205843,-0.035195012958183725,0.0,-0.03199251781666135,-0.12468852067490843,-0.27468614689382775,-0.47888925289794315,-0.7344701531537794,-1.0388380277181568,-1.3896119733283285,-1.7845978866564565,-2.221768531448788,-2.699246267525723] False 58294.65603222185 58308.65603222185
176.4411988580621 203.35272664697808 234.36890988269914 2.912003625558444e-12 1.6771235970164586e-12 2.209929862014072e-12 1.2796906983849163e-10 2.5945492670208728e-08 0.2231269046507942 4.3356978898878905e-10 9.471428768629088e-11 1.0016676134963138e-10 8.926181402295036e-11 6.041972848639303e-10 1.792912161436362e-05 3.916656616010765e-06 4.142129114076525e-06 3.691184117945005e-06 2.4984966375675713e-05 196.19165134663825 42.85850393458676 45.325764890267614 40.39124297890589 273.4011134241522 40.434337603147696 -988.9378096105715 [0.0,105.34271175939496,116.69882920780033,128.05494665620571,139.41106410461117,150.7671815530165,162.12329900142188,173.47941644982728,184.83553389823265,196.19165134663825,207.4141905245475,218.63672970245673,229.85926888036596,241.08180805827516,252.30434723618447,263.5268864140938,274.7494255920031,285.97196476991223,297.1945039478217,308.4170431257308] [-20.217168801573848,-2.7126729390981836,-2.0079168022176646,-1.4285192859176732,-0.9619483464205132,-0.5976299232136171,-0.32654604992035274,-0.14093283566910486,-0.03404964035144076,0.0,-0.03282081813017612,-0.12725497002907105,-0.27933721192505345,-0.48551189267152495,-0.7425760351077315,-1.04763218444441,-1.398049054184753,-1.791428452059563,-2.225577304999206,-2.6984838555407578] False 58294.65603222185 58308.65603222185
234.36890988269914 270.1158072739371 311.3149665447022 1.7664175474573987e-12 1.0070664268430184e-12 1.3337540282341174e-12 1.0261301016942293e-10 2.762836218529085e-08 0.20719337867814436 1.5556499600492989e-10 4.723202797408623e-11 5.0529001818236e-11 4.393505412993647e-11 2.428878487766068e-10 1.135041869647004e-05 3.4461691714521375e-06 3.686724788226134e-06 3.2056135546781415e-06 1.7721716650267645e-05 116.63694557751175 35.41284747729772 37.88479790770425 32.940897046891195 182.10842751732034 19.900464229119734 -747.854031315326 [0.0,44.37711046088459,53.40958985046299,62.442069240041434,71.47454862961976,80.50702801919819,89.53950740877657,98.57198679835503,107.60446618793333,116.63694557751175,126.2299603546336,135.82297513175556,145.41598990887744,155.00900468599932,164.60201946312128,174.1950342402432,183.78804901736504,193.38106379448686,202.97407857160874,212.56709334873068] [-9.950232114559867,-2.707661590867019,-1.9737693970068904,-1.3858762346244475,-0.9226122086083706,-0.567460075488043,-0.30732698077804343,-0.1316170264435641,-0.03160508013615981,0.0,-0.034459656759167956,-0.13283247543586185,-0.28972392489299637,-0.5004694903830114,-0.7610019334495064,-1.0677482513068526,-1.4175485680086695,-1.8075914872722478,-2.235361983202438,-2.698598967362841] False 58294.65603222185 58308.65603222185
311.3149665447022 358.7979888064861 413.52331434760555 1.0499727022637566e-12 5.925627473386142e-13 7.887805202234391e-13 8.062815776554737e-11 2.8829377713317895e-08 0.1843578437628981 1.0050122870983009e-10 2.705820159503061e-11 2.8983765943016897e-11 2.5132637247044322e-11 1.506440775562562e-10 1.2938125854728442e-05 3.4833645531826034e-06 3.731253998868434e-06 3.2354751074967728e-06 1.9393315481939745e-05 127.41342633735553 34.303841057542584 36.745032616686096 31.862649498399076 190.98351657262404 31.354533999078058 -671.786236592304 [0.0,58.04314597203624,66.71443101770117,75.38571606336605,84.05700110903098,92.72828615469591,101.39957120036078,110.07085624602567,118.74214129169063,127.41342633735553,136.74151241905062,146.0695985007457,155.3976845824409,164.72577066413587,174.05385674583104,183.38194282752616,192.7100289092213,202.03811499091645,211.36620107261152,220.69428715430655] [-15.677266999539029,-2.702407382469005,-1.9666007652847384,-1.378020670444016,-0.9151838149434752,-0.5612724039046952,-0.30283837038109596,-0.12893471659276656,-0.030513969874164104,0.0,-0.03566732581634824,-0.13570710843487177,-0.29431212925032924,-0.5064772916573475,-0.7678538522649205,-1.0746359010074684,-1.4234708000162755,-1.811387692811195,-2.2357398295544044,-2.6941575871205714] False 58294.65603222185 58308.65603222185
413.52331434760555 476.5900816815941 549.2752115212968 6.115687263911707e-13 3.4167553346289374e-13 4.571193179454638e-13 6.207650203600703e-11 2.947588588134071e-08 0.15860868687919316 7.25904413989699e-11 1.7048466979567772e-11 1.8137416719799637e-11 1.5959517239335903e-11 1.0384077899609207e-10 1.6488055369964116e-05 3.872356499214058e-06 4.119698480692984e-06 3.6250145177351328e-06 2.3586197862299666e-05 158.799767476968 37.295441934487926 39.67764215548533 34.91324171349052 227.16340115050812 56.59386058926384 -631.7666647002604 [0.0,83.51164380340882,92.92265926260372,102.33367472179857,111.74469018099347,121.15570564018837,130.56672109938333,139.97773655857824,149.38875201777316,158.799767476968,168.92906308997254,179.05835870297713,189.18765431598158,199.31694992898616,209.44624554199072,219.57554115499534,229.70483676799972,239.83413238100434,249.96342799400887,260.09272360701334] [-28.29693029463192,-2.702518452590766,-1.9633280564769393,-1.3723518671763486,-0.9083262852592497,-0.5543686713617717,-0.29683873949466033,-0.1245496829495778,-0.0282069846309696,0.0,-0.03819963575858765,-0.1406224800784912,-0.30125154270069743,-0.5149042889885322,-0.7770834826537794,-1.0838601235267333,-1.4317805026382757,-1.8177916251229362,-2.2391807940488206,-2.6935262342576607] False 58294.65603222185 58308.65603222185
549.2752115212968 633.0528961793416 729.6086933380817 3.4907354025849913e-13 1.9304422052741827e-13 2.595893477898278e-13 4.684101672315565e-11 2.9536330389043864e-08 0.13070440282678053 4.2202376655144644e-11 1.0356246312897027e-11 1.1047384605142234e-11 9.665108020651823e-12 6.137111463930855e-11 1.6912854365772733e-05 4.150327530066872e-06 4.4273053263381415e-06 3.8733497337956025e-06 2.4594840538044364e-05 162.57360717787662 39.89472758058543 42.55715690647894 37.23229825469193 236.4161517482476 60.25252091159814 -363.95755470714556 [0.0,83.7031718848839,93.56197629650796,103.42078070813203,113.27958511975615,123.13838953138024,132.99719394300428,142.85599835462838,152.7148027662525,162.57360717787662,173.507229506793,184.44085183570954,195.374474164626,206.3080964935423,217.2417188224588,228.17534115137522,239.10896348029172,250.0425858092083,260.97620813812455,271.9098304670411] [-30.12626045579907,-2.7039404421200857,-1.9623175950846985,-1.3718681590448227,-0.9095470775534409,-0.5573587831246414,-0.3009597152343986,-0.12871762802109288,-0.031058353695243568,0.0,-0.03532204165668418,-0.13654828972323685,-0.297119523333663,-0.5114361455953826,-0.7746770567480326,-1.082659720105653,-1.4317305975555996,-1.818678325104031,-2.240664155472416,-2.695165679253819] False 58294.65603222185 58308.65603222185
729.6086933380817 840.8915725798939 969.1477682383326 1.9523236720250557e-13 1.0687676083886624e-13 1.4445000179130478e-13 3.4631556680741094e-11 2.9000007187702948e-08 0.10399545568313262 2.2128570004127373e-11 6.6179163899545665e-12 7.068387671417466e-12 6.167445108491667e-12 3.4340567139564077e-11 1.564708168504597e-05 4.67951965803075e-06 4.998047287086881e-06 4.360992028974619e-06 2.428216821255702e-05 153.19189844038758 45.814581570693576 48.93310892186469 42.69605421952247 237.73324135487286 39.02934178064379 -406.18568950915744 [0.0,64.47660675114692,75.56601821230201,86.65542967345706,97.74484113461219,108.83425259576731,119.92366405692239,131.0130755180774,142.10248697923254,153.19189844038758,165.85988238843353,178.5278663364795,191.1958502845253,203.86383423257138,216.53181818061725,229.19980212866315,241.8677860767092,254.53577002475504,267.20375397280105,279.87173792084695] [-19.514670890321895,-2.69652536588643,-1.9128723207359712,-1.3088534889816401,-0.8486762325389918,-0.5067199573788344,-0.2639523383652431,-0.10580911013619243,-0.02087076942694921,0.0,-0.04508301514579216,-0.15505116925396578,-0.3225036398114298,-0.5413058532567447,-0.8063093345343759,-1.1131459200325935,-1.4580736738836322,-1.8378595501033033,-2.249688682740043,-2.69109330962533] False 58294.65603222185 58308.65603222185
969.1477682383326 1116.9661194245136 1287.3303254983532 1.0699657809741981e-13 5.798196651984788e-14 7.876466218414745e-14 2.5090227744534073e-11 2.7901437705556224e-08 0.07976611044866577 1.1445610183953589e-11 3.759103594705481e-12 4.167043411476895e-12 3.351163777934066e-12 1.8652976074555718e-11 1.4279695628802358e-05 4.689907685724547e-06 5.198858831599848e-06 4.180956539849246e-06 2.3271701257956134e-05 145.3140261960926 47.72576293055003 52.904986778646695 42.546539082453364 236.8190957379603 45.586344047988064 -325.8463368661499 [0.0,58.50539770725694,69.3564762683614,80.20755482946585,91.05863339057034,101.90971195167481,112.76079051277928,123.61186907388377,134.46294763498818,145.3140261960926,159.02972679063296,172.74542738517326,186.46112797971355,200.17682857425385,213.89252916879417,227.6082297633345,241.32393035787473,255.03963095241522,268.7553315469555,282.4710321414957] [-22.793172023994032,-2.6966387508151684,-1.8987902754354877,-1.2950050218149158,-0.8409791009274841,-0.5063420890277257,-0.26931394736908487,-0.11371282821733075,-0.02716852753974308,0.0,-0.038742378015456325,-0.14773290450540344,-0.3172471612342065,-0.539501607064949,-0.8081633568198185,-1.118006509400061,-1.464665215005141,-1.8444524160055948,-2.2542242746995953,-2.691277074583752] False 58294.65603222185 58308.65603222185
1287.3303254983532 1483.6791717563765 1709.9759409858673 5.746072956781388e-14 3.082377157196966e-14 4.208510903582194e-14 1.7812467381688448e-11 2.6305221746578215e-08 0.058959019245817146 7.154601719916616e-12 2.4810809674483046e-12 2.7697148616431567e-12 2.192447073253452e-12 1.1964048707884735e-11 1.574945255956013e-05 5.461613171908335e-06 6.0969840844566165e-06 4.826242259360054e-06 2.63365068974508e-05 170.00316463067193 58.95389187031598 65.81222967215399 52.09555406847796 284.28223145866616 37.24781423515964 -215.66973835934493 [0.0,64.4840561297907,77.67394469240087,90.86383325501106,104.0537218176212,117.24361038023129,130.43349894284148,143.6233875054516,156.81327606806184,170.00316463067193,187.1911549014079,204.37914517214392,221.5671354428799,238.75512571361608,255.94311598435192,273.13110625508784,290.31909652582385,307.50708679656015,324.69507706729587,341.883067338032] [-18.62390711757982,-2.697885052688264,-1.8881743535057751,-1.2816306620128444,-0.8291648807842193,-0.49780578479902715,-0.26429548072215425,-0.11159104175249013,-0.02681699937409121,0.0,-0.03919179879679291,-0.1498698282508144,-0.3214605823818033,-0.545619285143033,-0.8156398260638582,-1.1260486157821958,-1.4723174429994685,-1.8506557059604631,-2.25785700215701,-2.691183814598787] False 58294.65603222185 58308.65603222185
