data/PKS0426-380_allsed_14d_min11.ecsv
# %ECSV 1.0
# ---
# datatype:
# - {name: e_min, unit: MeV, datatype: float64}
# - {name: e_ref, unit: MeV, datatype: float64}
# - {name: e_max, unit: MeV, datatype: float64}
# - {name: ref_dnde_e_min, unit: ph / (cm2 MeV s), datatype: float64}
# - {name: ref_dnde_e_max, unit: ph / (cm2 MeV s), datatype: float64}
# - {name: ref_dnde, unit: ph / (cm2 MeV s), datatype: float64}
# - {name: ref_flux, unit: ph / (cm2 s), datatype: float64}
# - {name: ref_eflux, unit: MeV / (cm2 s), datatype: float64}
# - {name: ref_npred, datatype: float64}
# - {name: dnde, unit: ph / (cm2 MeV s), datatype: float64}
# - {name: dnde_err, unit: ph / (cm2 MeV s), datatype: float64}
# - {name: dnde_errp, unit: ph / (cm2 MeV s), datatype: float64}
# - {name: dnde_errn, unit: ph / (cm2 MeV s), datatype: float64}
# - {name: dnde_ul, unit: ph / (cm2 MeV s), datatype: float64}
# - {name: e2dnde, unit: MeV / (cm2 s), datatype: float64}
# - {name: e2dnde_err, unit: MeV / (cm2 s), datatype: float64}
# - {name: e2dnde_errp, unit: MeV / (cm2 s), datatype: float64}
# - {name: e2dnde_errn, unit: MeV / (cm2 s), datatype: float64}
# - {name: e2dnde_ul, unit: MeV / (cm2 s), datatype: float64}
# - {name: norm, datatype: float64}
# - {name: norm_err, datatype: float64}
# - {name: norm_errp, datatype: float64}
# - {name: norm_errn, datatype: float64}
# - {name: norm_ul, datatype: float64}
# - {name: ts, datatype: float64}
# - {name: loglike, datatype: float64}
# - {name: norm_scan, datatype: string, subtype: 'float64[20]'}
# - {name: dloglike_scan, datatype: string, subtype: 'float64[20]'}
# - {name: ShowUL, datatype: bool}
# - {name: tstart, datatype: float64}
# - {name: tend, datatype: float64}
# meta: !!omap
# - {UL_CONF: 0.95}
# - {EXTNAME: SED}
# - {CONFIG: '{"bin_index": 2.0, "use_local_index": true, "free_background": false, "free_radius": null, "free_pars": [], "ul_confidence":
#     0.95, "cov_scale": 3.0, "make_plots": false, "write_fits": true, "write_npy": true, "optimizer": {"optimizer": "MINUIT", "tol":
#     0.001, "max_iter": 100, "init_lambda": 0.0001, "retries": 3, "min_fit_quality": 2, "verbosity": 0}, "prefix": "", "outfile": null,
#     "loge_bins": []}'}
# - {SRCNAME: 4FGL J0428.6-3756}
# - {CREATOR: fermipy 1.2.0}
# - {STVER: 2.2.0}
# schema: astropy-2.0
e_min e_ref e_max ref_dnde_e_min ref_dnde_e_max ref_dnde ref_flux ref_eflux ref_npred dnde dnde_err dnde_errp dnde_errn dnde_ul e2dnde e2dnde_err e2dnde_errp e2dnde_errn e2dnde_ul norm norm_err norm_errp norm_errn norm_ul ts loglike norm_scan dloglike_scan ShowUL tstart tend
[from data line 194]
311.3149665447022 358.7979888064861 413.52331434760555 1.0548306750556948e-12 5.946362096427641e-13 7.91985173112499e-13 8.095791826197147e-11 2.89465185649086e-08 0.07595189726914964 2.568352805059212e-10 6.716181455645376e-11 7.18661046399344e-11 6.245752447297313e-11 3.8096202803974676e-10 3.306394584203794e-05 8.646143141913041e-06 9.251754614912578e-06 8.040531668913506e-06 4.9043526411819155e-05 324.2930413666197 84.8018584647337 90.74172987039752 78.86198705906989 481.0216667852092 34.46795637979699 -498.1570299737281 [0.0,152.32393637012063,173.8200744946829,195.31621261924525,216.8123507438077,238.30848886837012,259.80462699293247,281.3007651174949,302.79690324205734,324.2930413666197,347.2814780545755,370.2699147425313,393.2583514304872,416.246788118443,439.2352248063988,462.2236614943544,485.2120981823105,508.20053487026587,531.1889715582222,554.1774082461781] [-17.233978189898494,-2.703674040882561,-1.969026386121186,-1.3805371497276155,-0.9172382501784,-0.562647290473933,-0.3035393038566099,-0.1291182261614381,-0.03044000641995126,0.0,-0.035765213736453916,-0.13566116105624815,-0.29400293972497593,-0.5058813207333515,-0.7670235171829063,-1.0736843624490007,-1.4225601801376797,-1.8107198365289605,-2.2355489769789756,-2.6947045004914685] False 54920.65603222185 54934.65603222185
413.52331434760555 476.5900816815941 549.2752115212968 6.10964390569191e-13 3.414464073574613e-13 4.567401845504635e-13 6.202452683081568e-11 2.9451427562848438e-08 0.06571078984948575 1.8681791395400383e-10 4.3809791916064986e-11 4.656538325495829e-11 4.105420057717168e-11 2.671998034252946e-10 4.2433467134400394e-05 9.950873158197055e-06 1.0576772955705533e-05 9.324973360688575e-06 6.069125726217589e-05 409.0244744676347 95.91840919183367 101.9515795414175 89.88523884224983 585.0148781813016 51.56932552303181 -448.59617594948236 [0.0,214.213749882796,238.56509045590082,262.91643102900565,287.26777160211043,311.6191121752152,335.97045274832004,360.321793321425,384.6731338945299,409.0244744676347,434.96154934785807,460.8986242280809,486.83569910830386,512.772773988527,538.7098488687504,564.6469237489734,590.5839986291965,616.5210735094197,642.4581483896433,668.3952232698659] [-25.784662761515904,-2.7070862270748535,-1.9787058320557662,-1.3921012800171866,-0.9281848298653017,-0.5716674418592333,-0.3100904902442494,-0.1331517575806629,-0.0322235265793438,0.0,-0.034236113318968364,-0.1328564439019715,-0.2902740364457941,-0.5016366425007277,-0.7627002959629863,-1.0697293208357337,-1.419416347709273,-1.808817677315119,-2.2353005572352345,-2.696499807647058] False 54920.65603222185 54934.65603222185
549.2752115212968 633.0528961793416 729.6086933380817 3.4778028073822155e-13 1.92667587430721e-13 2.5885514799943975e-13 4.6706433001905025e-11 2.9452690235044198e-08 0.05457082026434834 1.1298808819018005e-10 2.6382574125924018e-11 2.8073807123576376e-11 2.4691341128271653e-11 1.615620476492778e-10 4.528065080890767e-05 1.0572974068074495e-05 1.1250745787464066e-05 9.895202348684925e-06 6.474695501764284e-05 436.4915631904857 101.92022190720007 108.45373306478393 95.3867107496162 624.1407555457521 68.9344517779283 -347.8222100182812 [0.0,233.70451467173817,259.0528957365815,284.401276801425,309.7496578662685,335.0980389311121,360.4464199959554,385.79480106079893,411.14318212564217,436.4915631904857,464.2021366227334,491.91271005498123,519.623283487229,547.3338569194771,575.0444303517247,602.7550037839723,630.4655772162204,658.1761506484679,685.8867240807157,713.5972975129632] [-34.46722588896415,-2.703617477769342,-1.9678741298949376,-1.3793442710812087,-0.9166716615743553,-0.5629765432967702,-0.3046688385522316,-0.13063331296757497,-0.03165434331162942,0.0,-0.034717550958248466,-0.13479409055668157,-0.29402743152229505,-0.5070887603471874,-0.7693634455856113,-1.0768268513387511,-1.425946257226883,-1.8136025281009438,-2.237026919063055,-2.6937496169342694] False 54920.65603222185 54934.65603222185
729.6086933380817 840.8915725798939 969.1477682383326 1.9453994474934968e-13 1.0683901925216171e-13 1.4416815495243844e-13 3.456106730884046e-11 2.894316770132056e-08 0.04386181223490104 5.253602744900558e-11 1.460105435991333e-11 1.5695625679644458e-11 1.3506483040182199e-11 8.007256750204911e-11 3.71481533939646e-05 1.0324385634261403e-05 1.109835552236294e-05 9.550415746159862e-06 5.661920332864848e-05 364.40798917304147 101.2779442501034 108.8702680895271 93.68562041067969 555.4109194812496 51.51371443350325 -250.30536204664375 [0.0,170.5532683760116,194.78510847564033,219.0169485752691,243.24878867489787,267.4806287745266,291.7124688741553,315.94430897378413,340.17614907341294,364.40798917304147,392.82796687502207,421.24794457700216,449.66792227898236,478.08789998096233,506.5078776829429,534.9278553849234,563.3478330869032,591.7678107888834,620.1877884908638,648.6077661928438] [-25.756857216751627,-2.697771886668505,-1.938497059688217,-1.344393863933334,-0.8857029514829549,-0.5402497584866239,-0.29103258176238,-0.12470715746181327,-0.03059323445424411,0.0,-0.03546119738206244,-0.13893651850034416,-0.30258110422164464,-0.5198640048521668,-0.7852867659295271,-1.0941741249212669,-1.4425155992605312,-1.826843721661561,-2.2441391424382857,-2.6917557468723032] False 54920.65603222185 54934.65603222185
969.1477682383326 1116.9661194245136 1287.3303254983532 1.0694178300125684e-13 5.822183969635629e-14 7.890720719136927e-14 2.513246699149941e-11 2.795147278119466e-08 0.03409156839943972 4.268604573818783e-11 1.103199087913083e-11 1.2016590494266724e-11 1.0047391263994936e-11 6.317534147019461e-11 5.325567889713917e-05 1.3763658678029183e-05 1.4992058264805947e-05 1.2535259091252418e-05 7.881839700471249e-05 540.9651064529978 139.80967356220776 152.28761632791736 127.33173079649816 800.6282786942257 79.18862604188905 -218.5328700180221 [0.0,271.7851851716044,305.4326753317786,339.08016549195276,372.7276556521268,406.37514581230107,440.0226359724753,473.6701261326494,507.3176162928235,540.9651064529978,579.421728181335,617.8783499096727,656.3349716380101,694.7915933663479,733.2482150946854,771.7048368230226,810.1614585513607,848.6180802796979,887.0747020080353,925.5313237363728] [-39.594313020944526,-2.6980396787569134,-1.9459541008343137,-1.3534464963202595,-0.8934861280694122,-0.5455772508244081,-0.293780709876188,-0.1254370149630688,-0.03031090127240077,0.0,-0.03581563179042746,-0.1385156545824202,-0.30087328055833495,-0.5168082191163705,-0.7811524750362082,-1.0894736096179258,-1.4379392362216663,-1.8232116495685773,-2.2423648392041855,-2.692818376952175] False 54920.65603222185 54934.65603222185
1287.3303254983532 1483.6791717563765 1709.9759409858673 5.777245875107635e-14 3.118004615368637e-14 4.244228940891981e-14 1.7960591097759162e-11 2.6527778034674382e-08 0.02558511048122225 2.0106629410610574e-11 6.269908361830291e-12 6.814034429244437e-12 5.725782294416148e-12 3.2253471911379617e-11 4.426080142987447e-05 1.3801973633633153e-05 1.499976045960045e-05 1.2604186807665858e-05 7.099969301370121e-05 473.74045299226685 147.72785467394195 160.54822970535554 134.9074796425284 759.9371372412611 64.93339694263415 -201.57663494074424 [0.0,201.62775919196702,235.64184591700456,269.65593264204216,303.67001936707953,337.68410609211713,371.69819281715456,405.7122795421922,439.7263662672299,473.74045299226685,516.6756693240638,559.6108856558604,602.5461019876567,645.4813183194532,688.4165346512498,731.3517509830461,774.2869673148425,817.2221836466387,860.1573999784353,903.0926163102317] [-32.46669847131707,-2.694723984752443,-1.9058337103518568,-1.3052686543004768,-0.8514293120447007,-0.5154041033185592,-0.27624056473729297,-0.1182425571363126,-0.029330844646125342,0.0,-0.03636163506425305,-0.14340236808746454,-0.31148508175908773,-0.532867661682701,-0.8012312538959918,-1.1113475923075669,-1.458838754863251,-1.840000037115658,-2.251666960150885,-2.691113790372441] False 54920.65603222185 54934.65603222185
1709.9759409858673 1970.7884119509856 2271.3810595726877 3.067108077073908e-14 1.640976573834184e-14 2.2434465680946986e-14 1.2613733734118728e-11 2.474198832551994e-08 0.018446892400413528 4.5714267481465215e-12 2.446870775380607e-12 2.7475365246082066e-12 2.1462050261530077e-12 9.764142193827666e-12 1.7755453328326844e-05 9.503663133250931e-06 1.0671450997291745e-05 8.33587526921012e-06 3.7923996284955315e-05 203.7680243050725 109.06748616966935 122.46944338601381 95.6655289533249 435.22954068480897 18.338011027068106 -53.613404770076535 [0.0,38.03910276655686,58.755217958871306,79.47133315118577,100.18744834350024,120.90356353581467,141.61967872812914,162.33579392044356,183.05190911275807,203.7680243050725,239.92642295074728,276.0848215964222,312.2432202420971,348.4016188877718,384.5600175334468,420.71841617912185,456.87681482479655,493.03521347047155,529.1936121161465,565.3520107618214] [-9.169005513534053,-2.678240063783143,-1.7071518291562313,-1.087645412032927,-0.6712924443976576,-0.3882811771830248,-0.19982218534742202,-0.0820229571839235,-0.019084497930002442,0.0,-0.04902168854433597,-0.17891809707588635,-0.3706821394392463,-0.6113206717568076,-0.8915544667660171,-1.2045235645739965,-1.5450123187646057,-1.9089621070290619,-2.293152290433447,-2.6949841496961255] False 54920.65603222185 54934.65603222185
2271.3810595726877 2617.821317854317 3017.1020504598932 1.6001920420308624e-14 8.48716815428784e-15 1.1653797209437447e-14 8.705710497808164e-12 2.267805811671244e-08 0.01287187885496055 8.080215493840265e-12 2.826974875631144e-12 3.086495738236211e-12 2.567454013026077e-12 1.362704437582333e-11 5.537362347067596e-05 1.9373226177395134e-05 2.1151719651935887e-05 1.7594732702854377e-05 9.338597774530475e-05 693.354736540015 242.5797209978745 264.8489314484307 220.31051054731827 1169.3222501579069 63.63916617448368 -102.23689603047309 [0.0,262.89364802715414,316.7012840912617,370.5089201553693,424.3165562194771,478.1241922835849,531.9318283476923,585.7394644117996,639.5471004759074,693.354736540015,765.5304422055789,837.7061478711428,909.8818535367068,982.0575592022705,1054.2332648678353,1126.4089705333986,1198.5846761989635,1270.7603818645268,1342.9360875300915,1415.1117931956555] [-31.81958308724184,-2.6971845043239853,-1.8723273181883116,-1.2625778703792179,-0.8122741623407279,-0.4851482349358349,-0.2561985740228607,-0.10743185288619372,-0.025450473363036963,0.0,-0.04083969422985945,-0.15413562733961328,-0.32848942015074556,-0.5550308628378673,-0.8267170280423244,-1.13785944475363,-1.4837954933445587,-1.8606541324834467,-2.2651851434059296,-2.6946322363799737] False 54920.65603222185 54934.65603222185
4007.6519721450045 4618.915317184078 5323.411028602609 4.133924622609393e-15 2.1547061542689955e-15 2.984525561227548e-15 3.935844443101566e-12 1.8082606290828786e-08 0.005813648385093906 1.8723051573491267e-12 1.030313529280812e-12 1.159386543002234e-12 9.012405155593904e-13 4.066246837909322e-12 3.994446728255031e-05 2.1981099020949902e-05 2.473479157657753e-05 1.9227406465322277e-05 8.675084995739053e-05 627.3376183044118 345.21853076608926 388.4659451619417 301.97111637023687 1362.4432944165694 21.252541617728 -47.23950875089035 [0.0,110.45027389185249,175.06119194342244,239.67210999499233,304.28302804656215,368.89394609813206,433.50486414970186,498.11578220127194,562.7267002528416,627.3376183044118,742.1274868910202,856.9173554776287,971.707224064238,1086.4970926508468,1201.2869612374548,1316.0768298240644,1430.8666984106724,1545.6565669972822,1660.4464355838902,1775.2363041704987] [-10.626270808864,-2.690202575723333,-1.6896934688374188,-1.0686488322878844,-0.6568015651609116,-0.3789106407148708,-0.19466731489212918,-0.0798130763669107,-0.018553208756671324,0.0,-0.04926256511468097,-0.17949045107027217,-0.3714160877003394,-0.611974476845262,-0.8918852994278481,-1.2043129041772787,-1.5440731818286366,-1.9071389960960516,-2.29031841162098,-2.6910378299993454] False 54920.65603222185 54934.65603222185
5323.411028602609 6135.359285332078 7071.149185711414 2.046962913256095e-15 1.0576765407893882e-15 1.471402274436488e-15 2.5781671266461153e-12 1.5730586772753297e-08 0.003810868916776622 7.70959160144733e-13 5.454996006077371e-13 6.361054873541579e-13 4.548937138613164e-13 2.0404747439874204e-12 2.9020933155138766e-05 2.0534041572863706e-05 2.3944685766048104e-05 1.712339737967931e-05 7.680884307657885e-05 523.9621914000311 370.73450957974796 432.31242631983235 309.15659283966363 1386.7551922664204 21.934757490049982 -25.923081258184528 [0.0,55.48164988412492,114.0417175736132,172.60178526310145,231.1618529525898,289.72192064207826,348.28198833156654,406.84205602105493,465.4021237105429,523.9621914000311,662.1066493724072,800.2511073447832,938.3955653171595,1076.5400232895356,1214.6844812619115,1352.828939234287,1490.9733972066635,1629.1178551790392,1767.2623131514142,1905.4067711237903] [-10.967378745024991,-2.676571742902272,-1.4763335112684217,-0.8761481043112873,-0.5176102039822261,-0.29056774805953367,-0.14637459924480467,-0.05921055154658106,-0.013714067143787645,0.0,-0.05847516500039163,-0.20569672551808793,-0.4132733913263813,-0.66457761179824,-0.9490284642454974,-1.2594743038988092,-1.5908543002860718,-1.9394553147219433,-2.302472154424155,-2.677733735617924] False 54920.65603222185 54934.65603222185
9392.473966813408 10825.05221838098 12476.13311942254 4.7636023432789965e-16 2.418875427102219e-16 3.3944897484959436e-16 1.049992884261571e-12 1.1298786032965072e-08 0.0015741008301386472 7.251275907828896e-13 4.1031537655965916e-13 4.657620165487916e-13 3.5486873657052663e-13 1.6182978018039406e-12 8.497172407166794e-05 4.808147614649085e-05 5.4578810758694716e-05 4.158414153428697e-05 0.00018963497738681815 2136.190250991876 1208.768937191414 1372.1120140520825 1045.425860330745 4767.425803895823 42.99217681846611 -26.645073390765457 [0.0,396.77086246734655,614.1982860329127,831.625709598479,1049.0531331640445,1266.4805567296112,1483.9079802951771,1701.3354038607433,1918.762827426309,2136.190250991876,2547.800201824005,2959.410152656134,3371.0201034882643,3782.630054320393,4194.240005152524,4605.849955984653,5017.459906816779,5429.06985764891,5840.67980848104,6252.289759313173] [-21.496088409233057,-2.6923757009456253,-1.669135718555161,-1.0493434416158571,-0.6442186461461681,-0.373055744271948,-0.19375835920084583,-0.08153757760087288,-0.020540226310462373,0.0,-0.046312991443265616,-0.17683897309466445,-0.3702354715969207,-0.6124614842107263,-0.8937679034707458,-1.2070985878039089,-1.5471752236538876,-1.909941998296727,-2.2922123077549585,-2.691435056426865] False 54920.65603222185 54934.65603222185
