data/PKS1830-211_allsed_14d_min11.ecsv
# %ECSV 1.0
# ---
# datatype:
# - {name: e_min, unit: MeV, datatype: float64}
# - {name: e_ref, unit: MeV, datatype: float64}
# - {name: e_max, unit: MeV, datatype: float64}
# - {name: ref_dnde_e_min, unit: ph / (cm2 MeV s), datatype: float64}
# - {name: ref_dnde_e_max, unit: ph / (cm2 MeV s), datatype: float64}
# - {name: ref_dnde, unit: ph / (cm2 MeV s), datatype: float64}
# - {name: ref_flux, unit: ph / (cm2 s), datatype: float64}
# - {name: ref_eflux, unit: MeV / (cm2 s), datatype: float64}
# - {name: ref_npred, datatype: float64}
# - {name: dnde, unit: ph / (cm2 MeV s), datatype: float64}
# - {name: dnde_err, unit: ph / (cm2 MeV s), datatype: float64}
# - {name: dnde_errp, unit: ph / (cm2 MeV s), datatype: float64}
# - {name: dnde_errn, unit: ph / (cm2 MeV s), datatype: float64}
# - {name: dnde_ul, unit: ph / (cm2 MeV s), datatype: float64}
# - {name: e2dnde, unit: MeV / (cm2 s), datatype: float64}
# - {name: e2dnde_err, unit: MeV / (cm2 s), datatype: float64}
# - {name: e2dnde_errp, unit: MeV / (cm2 s), datatype: float64}
# - {name: e2dnde_errn, unit: MeV / (cm2 s), datatype: float64}
# - {name: e2dnde_ul, unit: MeV / (cm2 s), datatype: float64}
# - {name: norm, datatype: float64}
# - {name: norm_err, datatype: float64}
# - {name: norm_errp, datatype: float64}
# - {name: norm_errn, datatype: float64}
# - {name: norm_ul, datatype: float64}
# - {name: ts, datatype: float64}
# - {name: loglike, datatype: float64}
# - {name: norm_scan, datatype: string, subtype: 'float64[20]'}
# - {name: dloglike_scan, datatype: string, subtype: 'float64[20]'}
# - {name: ShowUL, datatype: bool}
# - {name: tstart, datatype: float64}
# - {name: tend, datatype: float64}
# meta: !!omap
# - {UL_CONF: 0.95}
# - {EXTNAME: SED}
# - {CONFIG: '{"bin_index": 2.0, "use_local_index": true, "free_background": false, "free_radius": null, "free_pars": [], "ul_confidence":
#     0.95, "cov_scale": 3.0, "make_plots": false, "write_fits": true, "write_npy": true, "optimizer": {"optimizer": "MINUIT", "tol":
#     0.001, "max_iter": 100, "init_lambda": 0.0001, "retries": 3, "min_fit_quality": 2, "verbosity": 0}, "prefix": "", "outfile": null,
#     "loge_bins": []}'}
# - {SRCNAME: 4FGL J1833.6-2103}
# - {CREATOR: fermipy 1.2.0}
# - {STVER: 2.2.0}
# schema: astropy-2.0
e_min e_ref e_max ref_dnde_e_min ref_dnde_e_max ref_dnde ref_flux ref_eflux ref_npred dnde dnde_err dnde_errp dnde_errn dnde_ul e2dnde e2dnde_err e2dnde_errp e2dnde_errn e2dnde_ul norm norm_err norm_errp norm_errn norm_ul ts loglike norm_scan dloglike_scan ShowUL tstart tend
[from data line 387]
311.3149665447022 358.7979888064861 413.52331434760555 1.7746822316074795e-12 8.814963172260449e-13 1.2507501154940935e-12 1.2832897028051398e-10 4.5747181154739414e-08 0.09756841487920731 8.243287695380099e-10 1.5223311381091145e-10 1.5932211265030122e-10 1.4514411497152168e-10 1.0913379713951494e-09 0.0001061207858139652 1.9597881648088966e-05 2.0510490979790378e-05 1.8685272316387554e-05 0.00014049448156222788 659.0675142271474 121.71345173194219 127.38124960105479 116.04565386282957 872.5467684358596 55.18535227591201 -2131.6554945056077 [0.0,394.8572072841878,427.88349565205783,460.90978401992754,493.9360723877976,526.9623607556675,559.9886491235377,593.0149374914077,626.0412258592775,659.0675142271474,689.9899606515908,720.9124070760336,751.834853500477,782.75729992492,813.679746349363,844.6021927738058,875.5246391982485,906.4470856226923,937.3695320471352,968.2919784715783] [-27.592676137956005,-2.7062587429345513,-2.0122098829988317,-1.4359521080887134,-0.9681141204273445,-0.6005092438322208,-0.325934623568628,-0.13801239759823147,-0.031062547172496124,0.0,-0.03564141867809667,-0.1303935684309181,-0.28115171393028504,-0.4850732915192566,-0.7395478465341512,-1.0421712770239537,-1.3907236507711787,-1.783150005969219,-2.217543657880924,-2.6921316218449647] False 56152.65603222185 56166.65603222185
413.52331434760555 476.5900816815941 549.2752115212968 9.791507537382563e-13 4.702242177417662e-13 6.78542848483302e-13 9.25801997692463e-11 4.3803385283687585e-08 0.08023130149645474 4.017373446894672e-10 8.000025466818289e-11 8.451120533474137e-11 7.548930400162442e-11 5.452047776991641e-10 9.124985956506792e-05 1.8171106321430192e-05 1.9195715111898966e-05 1.714649753096142e-05 0.00012383678056544176 592.0589179997135 117.9000778609659 124.54807463322794 111.25208108870386 803.493513958361 53.28557870285249 -1922.1680458451365 [0.0,341.083902977609,372.45577985537204,403.82765673313514,435.1995336108983,466.57141048866123,497.943287366424,529.3151642441871,560.6870411219501,592.0589179997135,622.7793075303183,653.4996970609225,684.2200865915274,714.940476122132,745.6608656527367,776.3812551833418,807.1016447139465,837.8220342445516,868.5424237751562,899.2628133057603] [-26.642789351426245,-2.7011632644644124,-1.9994992757926866,-1.4218944689728232,-0.956418861019074,-0.5929107826630116,-0.32263159443755285,-0.13800250854092155,-0.032400831121549345,0.0,-0.034242092604245045,-0.1294134726235825,-0.2816448826204123,-0.4874516155960009,-0.7436824128667467,-1.0474767542668815,-1.3962289163127934,-1.7875575329744606,-2.219279664114765,-2.689388582492029] False 56152.65603222185 56166.65603222185
549.2752115212968 633.0528961793416 729.6086933380817 5.049692523895958e-13 2.344359551778044e-13 3.440682330866602e-13 6.24431226037997e-11 3.921240171007295e-08 0.06005041045336457 2.1625415451398918e-10 4.741012491980306e-11 5.040432702225791e-11 4.44159228173482e-11 3.0264590452489443e-10 8.666514332060851e-05 1.8999890569764257e-05 2.0199834935796453e-05 1.779994620373206e-05 0.00012128715284102656 628.521129585135 137.79279910407163 146.49514885485698 129.09044935328626 879.6101337511948 49.65636935663133 -1637.0820684285577 [0.0,342.0925425564498,377.8961159350355,413.69968931362087,449.50326269220665,485.3068360707923,521.1104094493779,556.9139828279637,592.7175562065494,628.521129585135,665.0431104837124,701.56509138229,738.0870722808678,774.6090531794451,811.1310340780229,847.6530149766004,884.1749958751778,920.6969767737558,957.2189576723333,993.7409385709109] [-24.828184678315665,-2.693008141414566,-1.983704004095216,-1.405290000901232,-0.9428063525283505,-0.5839174645770981,-0.31831001303135054,-0.1372578312850692,-0.033300301679219046,0.0,-0.03302507751322992,-0.12854445413995563,-0.2819805645276574,-0.48928075985531905,-0.7468370624874296,-1.0514210177425412,-1.4001303100749283,-1.7903446473651456,-2.2196890200541475,-2.6860028827186397] False 56152.65603222185 56166.65603222185
729.6086933380817 840.8915725798939 969.1477682383326 2.4339660396347923e-13 1.0924533388964044e-13 1.6306423049704972e-13 3.93647934481794e-11 3.280967802715072e-08 0.04134979546821227 8.998749591897291e-11 2.3691552595409583e-11 2.5321181664362138e-11 2.2061923526457028e-11 1.340171846791948e-10 6.363003569658071e-05 1.675226454473984e-05 1.7904573037944332e-05 1.5599956051535354e-05 9.476336859924199e-05 551.8530682337538 145.2896967237596 155.2834830004013 135.29591044711788 821.8674584284107 40.03051199472111 -1346.3941144255123 [0.0,262.88263283610235,299.00393726080875,335.1252416855152,371.2465461102217,407.3678505349281,443.48915495963456,479.61045938434097,515.7317638090473,551.8530682337538,591.7937212527856,631.7343742718175,671.6750272908492,711.6156803098809,751.5563333289126,791.4969863479449,831.4376393669768,871.3782923860083,911.3189454050402,951.2595984240722] [-20.015255997360555,-2.7017928875848156,-1.960661864103713,-1.3710969124117582,-0.9095758791449953,-0.5579103977784143,-0.30171508812509273,-0.12939498003720473,-0.03145260131668692,0.0,-0.03467032219077737,-0.13499071527144224,-0.29457733624485627,-0.5079846058131352,-0.770525651294065,-1.0781342844034043,-1.427257404204056,-1.8147700526794779,-2.2379075847502463,-2.6942109410065314] False 56152.65603222185 56166.65603222185
969.1477682383326 1116.9661194245136 1287.3303254983532 1.0965344688667158e-13 4.7581679464760865e-14 7.223223076970396e-14 2.319691849450817e-11 2.566137266207637e-08 0.0261926477653327 5.6329776200426264e-11 1.5238252484773508e-11 1.631290875359611e-11 1.416359621595091e-11 8.478940085211288e-11 7.027777864637992e-05 1.90114466507406e-05 2.0352202117485872e-05 1.7670691183995328e-05 0.00010578438521470417 779.8426768795355 210.96195316682397 225.8397474336091 196.0841589000389 1173.8444174934125 43.96231068981706 -1098.3106443149952 [0.0,366.7836690475606,418.4160450265575,470.04842100555436,521.6807969845509,573.313172963548,624.9455489425449,676.5779249215417,728.2103009005384,779.8426768795355,838.1541468242689,896.4656167690019,954.7770867137365,1013.0885566584691,1071.400026603202,1129.7114965479357,1188.0229664926694,1246.3344364374027,1304.6459063821364,1362.9573763268704] [-21.98115534490853,-2.6980996314473487,-1.9524151729835921,-1.3625884355431026,-0.9028620684493944,-0.5536922707287886,-0.29985314665259466,-0.12922195828332406,-0.03196913882879926,0.0,-0.033963892755991765,-0.13446824505808763,-0.2947030948905649,-0.508906428520504,-0.7721542645299451,-1.080201561295553,-1.4293597252501513,-1.8164009637223444,-2.2384826509808136,-2.6930868352480957] False 56152.65603222185 56166.65603222185
1287.3303254983532 1483.6791717563765 1709.9759409858673 4.617301730762741e-14 1.937023241848998e-14 2.9906221371341883e-14 1.2777665025144366e-11 1.8761050560244626e-08 0.015253388354684372 2.2497919780152442e-11 8.403104850207266e-12 9.112040313294586e-12 7.694169387119944e-12 3.868094220491776e-11 4.95247582098015e-05 1.849778735033365e-05 2.0058369739231975e-05 1.6937204961435323e-05 8.514850833968428e-05 752.2822592930922 280.98183136769245 304.6871151039611 257.2765476314238 1293.407874054741 23.467200400413503 -884.798184125828 [0.0,240.92311383166765,304.8430070143458,368.7629001970237,432.6827933797018,496.60268656238014,560.5225797450577,624.4424729277364,688.3623661104144,752.2822592930922,833.4684933057842,914.6547273184765,995.8409613311677,1077.0271953438605,1158.2134293565532,1239.3996633692445,1320.585897381937,1401.7721313946283,1482.9583654073208,1564.1445994200133] [-11.733600200206752,-2.6997759635636385,-1.8871449459254563,-1.2815620672629393,-0.8302294846216682,-0.4992810093334583,-0.2655091259332494,-0.11221299735723278,-0.026912818409414285,0.0,-0.03824438641811412,-0.14636165496028752,-0.314839331482176,-0.5361010778400441,-0.8039998340221928,-1.1134693154554043,-1.4602773802233742,-1.8408471296068,-2.2521243406804388,-2.6914773824719305] False 56152.65603222185 56166.65603222185
1709.9759409858673 1970.7884119509856 2271.3810595726877 1.8172405427188346e-14 7.370349634932119e-15 1.1573114606972302e-14 6.579176023924458e-12 1.2821349523541114e-08 0.008109922502737898 1.473393409371564e-11 5.282535757168789e-12 5.738414495521192e-12 4.826657018816386e-12 2.4955979749247325e-11 5.722670263713188e-05 2.0517405672016233e-05 2.2288041866826626e-05 1.8746769477205833e-05 9.692919915649682e-05 1273.1174445329589 456.4489281032687 495.8401165459854 417.057739660552 2156.3754094522164 26.712151364958345 -635.2953006211847 [0.0,442.2033976429257,546.0676535041798,649.931909365434,753.7961652266883,857.6604210879422,961.5246769491965,1065.3889328104506,1169.2531886717056,1273.1174445329589,1405.993881400732,1538.8703182685047,1671.746755136278,1804.6231920040514,1937.499628871823,2070.3760657395965,2203.252502607369,2336.1289394751425,2469.0053763429155,2601.8818132106867] [-13.356075682479172,-2.699104340889221,-1.8938844856867263,-1.2886762102998546,-0.8356278790596434,-0.5027285901101095,-0.26740294175010604,-0.1130781891524748,-0.02719748272693323,0.0,-0.03858615737885884,-0.14785687003302428,-0.31782609353206226,-0.540544293845528,-0.8095721390207018,-1.1196153129728827,-1.4662643484978162,-1.8458050083006583,-2.25507731099799,-2.6913688737242865] False 56152.65603222185 56166.65603222185
100.0 115.25240587974294 132.83117061068992 1.5617426992505315e-11 8.377943650124612e-12 1.1438615445198968e-11 3.7607867653349013e-10 4.314265907945907e-08 0.07617483387405301 1.2105394790810624e-08 2.5722845448581203e-09 2.6444463606507205e-09 2.5001227290655206e-09 1.6486213129924585e-08 0.00016079737607679244 3.416795672372902e-05 3.512649057024143e-05 3.320942287721662e-05 0.00021898829889852113 1058.2919627647352 224.87726396447425 231.18587851125386 218.56864941769467 1441.2769804971635 29.617813108002338 -1944.4751999594891 [0.0,562.1549853215884,624.1721075019816,686.189229682375,748.2063518627684,810.2234740431616,872.2405962235549,934.2577184039482,996.2748405843416,1058.2919627647352,1113.234505830469,1168.1770488962034,1223.1195919619377,1278.0621350276726,1333.0046780934056,1387.9472211591403,1442.8897642248749,1497.832307290609,1552.774850356344,1607.7173934220782] [-14.808906554001169,-2.7121332307458488,-2.0385248516845422,-1.4700028068891697,-1.0013316604558895,-0.6277049631310092,-0.3446968260054746,-0.14822037940484734,-0.03449194772224473,0.0,-0.033006260965521506,-0.12351032309970833,-0.2695119084603448,-0.4691255066124995,-0.7205712369759567,-1.0221666348502367,-1.3723192486995686,-1.7695199521781433,-2.212336887743504,-2.699409969954104] False 56166.65603222185 56180.65603222185
132.83117061068992 153.091119887046 176.4411988580621 9.717148789313525e-12 5.1051595663665316e-12 7.04326593985851e-12 3.0778149647170903e-10 4.6876686135075e-08 0.09650479413354801 4.901103144302865e-09 1.2197247020768872e-09 1.259269505854072e-09 1.1801798982997029e-09 7.007884120872621e-09 0.00011486662011529305 2.858655487827598e-05 2.951336213355438e-05 2.7659747622997585e-05 0.0001642430161993192 695.856607737478 173.17601131235858 178.79056628087068 167.56145634384652 994.976503899184 21.13357829303095 -2212.267910718636 [0.0,317.4327761992391,364.73575514151895,412.03873408379883,459.34171302607905,506.64469196835836,553.9476709106385,601.2506498529185,648.5536287951982,695.856607737478,738.7529459489962,781.649284160514,824.545622372032,867.4419605835499,910.3382987950679,953.2346370065864,996.1309752181033,1039.027313429622,1081.9236516411397,1124.8199898526573] [-10.566789146515475,-2.712537794797754,-2.0390589320813888,-1.471686538503036,-1.0045121004877728,-0.6321840257505755,-0.34983400969758804,-0.15301580224286226,-0.03765386549548566,0.0,-0.03013855603785487,-0.1189410107213007,-0.2641719105804441,-0.46373928881530446,-0.7156817072109334,-1.0181567992131022,-1.3694311032263613,-1.7678710098207375,-2.2119346746944757,-2.7001647723036513] False 56166.65603222185 56180.65603222185
176.4411988580621 203.35272664697808 234.36890988269914 5.799001970130575e-12 2.983776176621131e-12 4.159678344133663e-12 2.416055924522752e-10 4.885484853722492e-08 0.10473774551406584 3.799523147807642e-09 6.443931006306472e-10 6.672498222210222e-10 6.215363790402722e-10 4.916504584837621e-09 0.0001571191405021865 2.6647157071551564e-05 2.7592335798268795e-05 2.5701978344834328e-05 0.00020330892709272537 913.4175369992383 154.9141657886663 160.40899488347108 149.41933669386154 1181.943452856469 53.74048585066066 -2286.551570551047 [0.0,573.2452241804848,615.7667632828293,658.2883023851736,700.8098414875171,743.3313805898616,785.852919692206,828.3744587945496,870.8959978968941,913.4175369992383,951.8980708886464,990.3786047780549,1028.859138667463,1067.3396725568718,1105.82020644628,1144.3007403356878,1182.7812742250965,1221.2618081145051,1259.7423420039129,1298.222875893321] [-26.87024292533033,-2.711134556629986,-2.0388781646597636,-1.472100706801939,-1.0051153254007659,-0.6327370861217787,-0.35022205983023014,-0.15321570545756913,-0.03770886040911137,0.0,-0.030068955706155975,-0.11867811412230367,-0.26361372060091526,-0.4627993019562382,-0.714283884989527,-1.0162314974900255,-1.3669117837566773,-1.7646915922200606,-2.2080274139043468,-2.6954585680477976] False 56166.65603222185 56180.65603222185
234.36890988269914 270.1158072739371 311.3149665447022 3.3193473035894643e-12 1.6726620303168585e-12 2.3562992594636106e-12 1.8191651395165837e-10 4.883815091930921e-08 0.09908841867021212 1.1447360631463615e-09 3.050638991453989e-10 3.1894155184927787e-10 2.911862464415199e-10 1.6826353574625357e-09 8.352286148773605e-05 2.2258239793020377e-05 2.3270788713140133e-05 2.124569087290062e-05 0.00012276936528882808 485.8194724412678 129.4673831942908 135.35698004755216 123.57778634102941 714.1008726733513 20.397564061391677 -2123.485012171821 [0.0,209.3323255361745,243.89321889931094,278.4541122624478,313.0150056255845,347.57589898872106,382.13679235185776,416.6976857149946,451.258579078131,485.8194724412678,518.7237909747084,551.6281095081492,584.53242804159,617.4367465750306,650.3410651084714,683.2453836419116,716.1497021753527,749.0540207087935,781.958339242234,814.8626577756738] [-10.198782030695838,-2.70903592247123,-2.0193349504479556,-1.4461222138106677,-0.979920710443821,-0.6125302157324768,-0.33679239824823526,-0.14640963614283464,-0.03580308996606618,0.0,-0.03134345119815407,-0.1229748015266523,-0.2717363774236219,-0.4747463194539705,-0.7293652314515384,-1.0331679199607606,-1.3839192954555983,-1.7795537020824668,-2.2181570918087345,-2.6979515738375994] False 56166.65603222185 56180.65603222185
