data/PKS1830-211_allsed_1d_min11.ecsv
# %ECSV 1.0
# ---
# datatype:
# - {name: e_min, unit: MeV, datatype: float64}
# - {name: e_ref, unit: MeV, datatype: float64}
# - {name: e_max, unit: MeV, datatype: float64}
# - {name: ref_dnde_e_min, unit: ph / (MeV s cm2), datatype: float64}
# - {name: ref_dnde_e_max, unit: ph / (MeV s cm2), datatype: float64}
# - {name: ref_dnde, unit: ph / (MeV s cm2), datatype: float64}
# - {name: ref_flux, unit: ph / (s cm2), datatype: float64}
# - {name: ref_eflux, unit: MeV / (s cm2), datatype: float64}
# - {name: ref_npred, datatype: float64}
# - {name: dnde, unit: ph / (MeV s cm2), datatype: float64}
# - {name: dnde_err, unit: ph / (MeV s cm2), datatype: float64}
# - {name: dnde_errp, unit: ph / (MeV s cm2), datatype: float64}
# - {name: dnde_errn, unit: ph / (MeV s cm2), datatype: float64}
# - {name: dnde_ul, unit: ph / (MeV s cm2), datatype: float64}
# - {name: e2dnde, unit: MeV / (s cm2), datatype: float64}
# - {name: e2dnde_err, unit: MeV / (s cm2), datatype: float64}
# - {name: e2dnde_errp, unit: MeV / (s cm2), datatype: float64}
# - {name: e2dnde_errn, unit: MeV / (s cm2), datatype: float64}
# - {name: e2dnde_ul, unit: MeV / (s cm2), datatype: float64}
# - {name: norm, datatype: float64}
# - {name: norm_err, datatype: float64}
# - {name: norm_errp, datatype: float64}
# - {name: norm_errn, datatype: float64}
# - {name: norm_ul, datatype: float64}
# - {name: ts, datatype: float64}
# - {name: loglike, datatype: float64}
# - {name: norm_scan, datatype: string, subtype: 'float64[20]'}
# - {name: dloglike_scan, datatype: string, subtype: 'float64[20]'}
# - {name: ShowUL, datatype: bool}
# - {name: tstart, datatype: float64}
# - {name: tend, datatype: float64}
# meta: !!omap
# - {UL_CONF: 0.95}
# - {EXTNAME: SED}
# - {CONFIG: '{"bin_index": 2.0, "use_local_index": true, "free_background": false, "free_radius": null, "free_pars": [], "ul_confidence":
#     0.95, "cov_scale": 3.0, "make_plots": false, "write_fits": true, "write_npy": true, "optimizer": {"optimizer": "MINUIT", "tol":
#     0.001, "max_iter": 100, "init_lambda": 0.0001, "retries": 3, "min_fit_quality": 2, "verbosity": 0}, "prefix": "", "outfile": null,
#     "loge_bins": []}'}
# - {SRCNAME: 4FGL J1833.6-2103}
# - {CREATOR: fermipy 1.2.0}
# - {STVER: 2.2.0}
# schema: astropy-2.0
e_min e_ref e_max ref_dnde_e_min ref_dnde_e_max ref_dnde ref_flux ref_eflux ref_npred dnde dnde_err dnde_errp dnde_errn dnde_ul e2dnde e2dnde_err e2dnde_errp e2dnde_errn e2dnde_ul norm norm_err norm_errp norm_errn norm_ul ts loglike norm_scan dloglike_scan ShowUL tstart tend
[from data line 1797]
176.4411988580621 203.35272664697808 234.36890988269914 4.002579663438297e-12 2.1882860596296634e-12 2.959525178142466e-12 1.7159379244501453e-10 3.474755609320738e-08 0.007086922235125475 9.435867987300644e-09 2.655591538456442e-09 2.843561808996808e-09 2.467621267916075e-09 1.4353997728107389e-08 0.00039019514038550365 0.00010981490145359659 0.00011758791038086343 0.00010204189252632973 0.0005935712714664974 3188.3046838016858 897.3032424489164 960.8169006291604 833.7895842686723 4850.101575117065 25.53773679259234 -435.0811230254302 [0.0,1362.4084435969362,1590.6454736225294,1818.8825036481242,2047.1195336737176,2275.3565636993117,2503.5935937249037,2731.8306237504994,2960.067653776092,3188.3046838016858,3431.91620151641,3675.527719231135,3919.139236945861,4162.750754660587,4406.362272375311,4649.9737900900345,4893.585307804761,5137.196825519485,5380.80834323421,5624.419860948932] [-12.76886839629617,-2.7017406360716905,-1.969497094423673,-1.3823561075192856,-0.9196012720740327,-0.5649834433158958,-0.305477124827803,-0.13045036741993954,-0.0310912475256373,0.0,-0.03506285781679708,-0.1342256521309082,-0.29189207964702746,-0.5032210672227961,-0.7639918695136885,-1.070498628396649,-1.4194668908431822,-1.8079867421105291,-2.233458683500203,-2.693549406824104] False 58802.699990555186 58803.699990555186
234.36890988269914 270.1158072739371 311.3149665447022 2.405147027472521e-12 1.290848819410117e-12 1.762010556415785e-12 1.3577129436562929e-10 3.6504047146138236e-08 0.00683200334069527 2.5148045105344543e-09 1.1176612807195118e-09 1.2144937862152214e-09 1.0208287752238025e-09 4.677631012847964e-09 0.00018348654817844042 8.154741633906755e-05 8.861256279894152e-05 7.44822698791936e-05 0.00034129188356572896 1427.235779818467 634.3102069677811 689.2658967297554 579.354517205807 2654.7122523278313 10.228982754193225 -322.31861460600464 [0.0,264.2723961939783,409.64281914703935,555.0132421001006,700.3836650531614,845.7540880062227,991.1245109592837,1136.4949339123448,1281.8653568654056,1427.235779818467,1611.6221381529072,1796.0084964873477,1980.394854821787,2164.7812131562278,2349.1675714906683,2533.5539298251083,2717.940288159548,2902.3266464939884,3086.713004828427,3271.099363162869] [-5.114491377096613,-2.7008329092539043,-1.8820596837541075,-1.2750018800861653,-0.8241436321233664,-0.49441660057192394,-0.26205441423877573,-0.11009838923240522,-0.025960373226496358,0.0,-0.03906254346190963,-0.14755480359224293,-0.3160749690935063,-0.5371512599315906,-0.8047306526813145,-1.1138291835199539,-1.4602856060008662,-1.8405834205165092,-2.251719458510081,-2.6911049716143793] False 58802.699990555186 58803.699990555186
311.3149665447022 358.7979888064861 413.52331434760555 1.3927801252970383e-12 7.338139358616396e-13 1.0109606646819077e-12 1.0352993343113077e-10 3.6958082301815956e-08 0.0060682550401124635 2.1105407588888827e-09 7.960946350121306e-10 8.58872550866126e-10 7.333167191581354e-10 3.622330247518974e-09 0.0002717025683226058 0.00010248603636279326 0.0001105678139354997 9.440425879008685e-05 0.00046632429505019673 2087.658632646159 787.4635115131969 849.560799812488 725.3662232139059 3583.057555121313 14.808759366075947 -364.5815659431156 [0.0,585.1297925383135,772.9458975517941,960.7620025652747,1148.5781075787554,1336.3942125922367,1524.210317605716,1712.026422619197,1899.8425276326777,2087.658632646159,2311.0153697535643,2534.372106860971,2757.728843968377,2981.0855810757816,3204.442318183188,3427.799055290593,3651.1557923980004,3874.5125295054063,4097.869266612812,4321.226003720216] [-7.404379683037973,-2.6970747132285737,-1.914171992064496,-1.314589854109272,-0.8586666334325059,-0.519265907079955,-0.27681351260110887,-0.11662675610347151,-0.027353230371829795,0.0,-0.038107289950573886,-0.1436815735838195,-0.30874033045080296,-0.5267323850481489,-0.7922042619517242,-1.1005602098567806,-1.447885617289785,-1.8308144832267317,-2.2464282175092194,-2.6921771759537023] False 58802.699990555186 58803.699990555186
413.52331434760555 476.5900816815941 549.2752115212968 7.772518489357687e-13 4.020298948071913e-13 5.589977451352936e-13 7.607563887805875e-11 3.605744982210244e-08 0.0050783904736717775 1.2864727538640893e-09 4.766633145704106e-10 5.164716972752353e-10 4.3685493186558586e-10 2.202799855808236e-09 0.00029220698467832053 0.00010826840245083675 0.00011731040309963272 9.922640180204076e-05 0.0005003397870512269 2301.3916693934525 852.7106213193119 923.9244733451192 781.4967692935046 3940.623866515051 19.242292712021708 -273.7665491977697 [0.0,714.0476303354293,912.4656352176822,1110.8836400999355,1309.301644982188,1507.7196498644412,1706.1376547466937,1904.555659628947,2102.973664511199,2301.3916693934525,2546.1777894536635,2790.9639095138737,3035.7500295740833,3280.536149634293,3525.322269694506,3770.108389754714,4014.8945098149256,4259.680629875136,4504.466749935348,4749.252869995555] [-9.621146356010854,-2.700047742623724,-1.9090039428418208,-1.3090379935425176,-0.8556240850617769,-0.5192428378034037,-0.27909827210493177,-0.11987195719200372,-0.029887529457710116,0.0,-0.03517922687120745,-0.13977271212775122,-0.3050360517329409,-0.5238807819870317,-0.7904670432518515,-1.0999167996552046,-1.4481066184504243,-1.8315145556723564,-2.247104803877505,-2.692239296934531] False 58802.699990555186 58803.699990555186
549.2752115212968 633.0528961793416 729.6086933380817 4.180274263469988e-13 2.1225019944737148e-13 2.9786977795107326e-13 5.388271014258876e-11 3.390814582882479e-08 0.003989164349176712 9.47776094292994e-10 3.0062986371530185e-10 3.249492262029588e-10 2.763105012276449e-10 1.5220225335666535e-09 0.0003798269274056209 0.0001204792124521068 0.00013022534214009057 0.00011073308276412305 0.0006099596158288689 3181.8471172616623 1009.2660819208115 1090.9103583389835 927.6218055026396 5109.691033565191 37.61438678009381 -212.401928991402 [0.0,1292.449876406689,1528.6245315135623,1764.7991866204334,2000.973841727305,2237.1484968341756,2473.3231519410465,2709.4978070479206,2945.672462154792,3181.8471172616623,3470.388061482001,3758.929005702336,4047.4699499226713,4336.010894143007,4624.551838363343,4913.09278258368,5201.633726804017,5490.1746710243515,5778.715615244688,6067.256559465029] [-18.807193390046905,-2.6964599680071046,-1.9133986526461513,-1.313333726747743,-0.8575308475714394,-0.5187667907456159,-0.2771105331120225,-0.11749171573981698,-0.028213689136975972,0.0,-0.037599049125361717,-0.14423737927020852,-0.3111081382045313,-0.5310444707536135,-0.7981293270893559,-1.1074159173475948,-1.454722949568037,-1.8364817125187471,-2.2496199100973797,-2.691472065756642] False 58802.699990555186 58803.699990555186
729.6086933380817 840.8915725798939 969.1477682383326 2.1665307870544322e-13 1.0798858189885583e-13 1.5295770243247668e-13 3.677591043240363e-11 3.0727605867078537e-08 0.0029719675712893134 3.877548030319235e-10 1.536720665968704e-10 1.6922210833881482e-10 1.3812202485492597e-10 6.963871295922417e-10 0.00027418089265044104 0.00010866130881040074 0.00011965672212887077 9.76658954919307e-05 0.0004924143900447305 2535.045943195296 1004.670337962935 1106.332702751717 903.007973174153 4552.808511880351 28.37993025039333 -184.84707209862472 [0.0,797.1047416140659,1014.3473918117197,1231.5900420093737,1448.8326922070275,1666.0753424046811,1883.3179926023354,2100.5606427999874,2317.8032929976425,2535.045943195296,2842.1669558508415,3149.287968506386,3456.408981161933,3763.5299938174776,4070.651006473022,4377.772019128569,4684.893031784111,4992.0140444396575,5299.135057095206,5606.256069750749] [-14.189965125196665,-2.6958112807827206,-1.8491092886405625,-1.2373975287072767,-0.7925260709731958,-0.47267903654628185,-0.25025918534905145,-0.1060513312217779,-0.026114784840785887,0.0,-0.03964979483842512,-0.15386695115336124,-0.32996116889651717,-0.5582930518456237,-0.8313603863769288,-1.1432042010346208,-1.4890087180167484,-1.8648236781365313,-2.2673665754378476,-2.6938786229810603] False 58802.699990555186 58803.699990555186
969.1477682383326 1116.9661194245136 1287.3303254983532 1.0820921299772948e-13 5.294767009398166e-14 7.569297002320066e-14 2.418961696859466e-11 2.6835213581021814e-08 0.002099364443269386 1.3816073805192824e-10 8.006412318038467e-11 9.024429819904378e-11 6.98839481617256e-11 3.089595902456068e-10 0.00017237117598135277 9.988906588883252e-05 0.00011258998776001364 8.718814401765145e-05 0.00038546209764264407 1825.2783317866997 1057.7484693207864 1192.2414746228478 923.2554640187253 4081.74748792269 13.47920408456497 -152.08171399565353 [0.0,261.3620527765041,456.8515876527784,652.3411225290529,847.830657405327,1043.3201922816013,1238.8097271578758,1434.2992620341508,1629.7887969104247,1825.2783317866997,2176.646929903416,2528.0155280201334,2879.384126136849,3230.7527242535652,3582.1213223702844,3933.489920486999,4284.858518603716,4636.2271167204335,4987.59571483715,5338.964312953865] [-6.739602042282485,-2.690589381046408,-1.6721384024308747,-1.054279818055221,-0.6480889047685991,-0.3748433467708878,-0.1936378222781343,-0.08030618947350376,-0.019303038846999243,0.0,-0.047190349974300716,-0.17549587746771067,-0.3658241768919481,-0.605284514035219,-0.8847369845053379,-1.1974502404447094,-1.5383138366183573,-1.9033501664914638,-2.289398389718997,-2.6939021229517834] False 58802.699990555186 58803.699990555186
1287.3303254983532 1483.6791717563765 1709.9759409858673 5.2083828128186637e-14 2.501814788754005e-14 3.609765802181902e-14 1.5333669472255098e-11 2.2585673038131338e-08 0.001401008010253807 5.930018106132811e-11 4.1746199761945254e-11 4.851778499798843e-11 3.4974614525902076e-11 1.5496006516682225e-10 0.0001305377189339336 9.189607170758624e-05 0.00010680238859329022 7.698975482188225e-05 0.00034111419342566237 1642.7708696637455 1156.4794518445492 1344.070160137872 968.8887435512263 4292.801075159988 13.033431447635678 -108.0857168530708 [0.0,163.41797173666694,348.33708397755174,533.2561962184369,718.1753084593219,903.0944207002062,1088.0135329410916,1272.9326451819759,1457.8517574228608,1642.7708696637455,2062.9489827307257,2483.1270957977067,2903.3052088646855,3323.4833219316665,3743.6614349986457,4163.839548065626,4584.017661132607,5004.195774199589,5424.373887266566,5844.552000333546] [-6.516715723817839,-2.619446579458355,-1.4641503840190637,-0.8745050527861764,-0.5187612278656957,-0.29201170372664365,-0.1473154938801713,-0.0595525969417281,-0.013688159676007672,0.0,-0.05641444962073194,-0.19907840045890168,-0.4018598399453879,-0.6491123954981362,-0.9306986389957927,-1.2396594370856917,-1.571001313806832,-1.9210136856606397,-2.2868599986147444,-2.6663204469438284] False 58802.699990555186 58803.699990555186
1709.9759409858673 1970.7884119509856 2271.3810595726877 2.4159104969922127e-14 1.139207253753667e-14 1.6589824479460743e-14 9.367306720319916e-12 1.831945974378196e-08 0.0008807494314323622 4.054577073657618e-11 2.9308430477959755e-11 3.415928290046032e-11 2.445757805545919e-11 1.0831962418736784e-10 0.00015748005592919204 0.00011383414810024367 0.0001326748926938721 9.499340350661524e-05 0.00042071417475528797 2444.014449144679 1766.651028420792 2059.050289697259 1474.2517671443254 6529.280904778373 10.843723351139204 -91.30025451060831 [0.0,211.94327993635966,490.9521760873997,769.9610722384398,1048.9699683894798,1327.97886454052,1606.9877606915597,1885.9966568426003,2165.0055529936403,2444.014449144679,3093.4107194208914,3742.8069896971015,4392.203259973312,5041.599530249521,5690.995800525733,6340.392070801945,6989.788341078158,7639.184611354367,8288.580881630578,8937.977151906787] [-5.421861675569602,-2.6047652269832184,-1.4497681992474156,-0.8643435564478068,-0.5121673914418778,-0.2881439508616097,-0.14539885154131582,-0.05888917229340507,-0.013645477652744376,0.0,-0.057104759506131586,-0.20149430652459444,-0.4059334230916818,-0.6543273682617183,-0.9363600416803308,-1.2450152396844771,-1.5752998728391248,-1.9235310575781028,-2.2869122853157506,-2.663268452724992] False 58802.699990555186 58803.699990555186
2271.3810595726877 2617.821317854317 3017.1020504598932 1.0799361264818957e-14 4.999074545973651e-15 7.34757184461169e-15 5.514865327180898e-12 1.4320029986600999e-08 0.0005253473631439826 2.8315775535917642e-11 2.0107532058382368e-11 2.343945111014174e-11 1.6775613006622996e-11 7.506828631763959e-11 0.00019404768276308517 0.00013779668499858726 0.00016063028778400112 0.00011496308221317343 0.0005144420992621667 3853.7596004158713 2736.6227215768076 3190.094851176033 2283.1505919775823 10216.747505870335 16.26369043296765 -36.6122465909569 [0.0,390.6546368443918,823.5427572908263,1256.4308777372614,1689.3189981836963,2122.2071186301305,2555.095239076567,2987.983359523001,3420.8714799694358,3853.7596004158713,4873.014190015594,5892.268779615319,6911.523369215043,7930.77795881477,8950.03254841449,9969.28713801422,10988.541727613941,12007.796317213668,13027.050906813389,14046.305496413117] [-8.131845216483825,-2.6761569505260425,-1.4752427558952164,-0.8750232711719192,-0.5165864071155752,-0.289700333905877,-0.14569511672001312,-0.058740992212484855,-0.01347183236816818,0.0,-0.05889017064247071,-0.20631923436501154,-0.4140114014802734,-0.6653950870347813,-0.9499195999261758,-1.2604509179316423,-1.5919390632593746,-1.9406778521970836,-2.3038666758318485,-2.679337526294333] False 58802.699990555186 58803.699990555186
4007.6519721450045 4618.915317184078 5323.411028602609 1.9313028546352938e-15 8.615514364278171e-16 1.2899289703654945e-15 1.7109203452379484e-12 7.831795916199108e-09 0.00016273099063751628 7.813302586779127e-12 7.962386557951797e-12 9.984733734510027e-12 5.940039381393568e-12 2.883222852612885e-11 0.00016669195634121085 0.00016987257024139943 0.00021301809078376737 0.0001267270496990315 0.0006151176823523611 6057.157228250538 6172.732561929901 7740.529877145798 4604.935246714003 22351.795477513304 11.881644086047558 -26.749159400270948 [0.0,673.017469805615,1346.03493961123,2019.0524094168456,2692.06987922246,3365.0873490280756,4038.1048188336913,4711.122288639306,5384.13975844492,6057.157228250538,8729.733281969913,11402.309335689295,14074.885389408671,16747.461443128042,19420.037496847428,22092.613550566803,24765.189604286188,27437.76565800557,30110.341711724945,32782.91776544431] [-5.940822043023779,-1.31370422781022,-0.7344129131669277,-0.4398786854375274,-0.2623938325319841,-0.14915364908880946,-0.07658842706865698,-0.032110024058340514,-0.008198355240754296,0.0,-0.0694836838159425,-0.23723962717872737,-0.46143990740691265,-0.7223300535197019,-1.0089976138165682,-1.314774140996402,-1.6352849253227113,-1.9675044191415196,-2.3092528161045287,-2.6589075290502002] False 58802.699990555186 58803.699990555186
