data/PKS1510-089_allsed_14d_min11.ecsv
# %ECSV 1.0
# ---
# datatype:
# - {name: e_min, unit: MeV, datatype: float64}
# - {name: e_ref, unit: MeV, datatype: float64}
# - {name: e_max, unit: MeV, datatype: float64}
# - {name: ref_dnde_e_min, unit: ph / (cm2 MeV s), datatype: float64}
# - {name: ref_dnde_e_max, unit: ph / (cm2 MeV s), datatype: float64}
# - {name: ref_dnde, unit: ph / (cm2 MeV s), datatype: float64}
# - {name: ref_flux, unit: ph / (cm2 s), datatype: float64}
# - {name: ref_eflux, unit: MeV / (cm2 s), datatype: float64}
# - {name: ref_npred, datatype: float64}
# - {name: dnde, unit: ph / (cm2 MeV s), datatype: float64}
# - {name: dnde_err, unit: ph / (cm2 MeV s), datatype: float64}
# - {name: dnde_errp, unit: ph / (cm2 MeV s), datatype: float64}
# - {name: dnde_errn, unit: ph / (cm2 MeV s), datatype: float64}
# - {name: dnde_ul, unit: ph / (cm2 MeV s), datatype: float64}
# - {name: e2dnde, unit: MeV / (cm2 s), datatype: float64}
# - {name: e2dnde_err, unit: MeV / (cm2 s), datatype: float64}
# - {name: e2dnde_errp, unit: MeV / (cm2 s), datatype: float64}
# - {name: e2dnde_errn, unit: MeV / (cm2 s), datatype: float64}
# - {name: e2dnde_ul, unit: MeV / (cm2 s), datatype: float64}
# - {name: norm, datatype: float64}
# - {name: norm_err, datatype: float64}
# - {name: norm_errp, datatype: float64}
# - {name: norm_errn, datatype: float64}
# - {name: norm_ul, datatype: float64}
# - {name: ts, datatype: float64}
# - {name: loglike, datatype: float64}
# - {name: norm_scan, datatype: string, subtype: 'float64[20]'}
# - {name: dloglike_scan, datatype: string, subtype: 'float64[20]'}
# - {name: ShowUL, datatype: bool}
# - {name: tstart, datatype: float64}
# - {name: tend, datatype: float64}
# meta: !!omap
# - {UL_CONF: 0.95}
# - {EXTNAME: SED}
# - {CONFIG: '{"bin_index": 2.0, "use_local_index": true, "free_background": false, "free_radius": null, "free_pars": [], "ul_confidence":
#     0.95, "cov_scale": 3.0, "make_plots": false, "write_fits": true, "write_npy": true, "optimizer": {"optimizer": "MINUIT", "tol":
#     0.001, "max_iter": 100, "init_lambda": 0.0001, "retries": 3, "min_fit_quality": 2, "verbosity": 0}, "prefix": "", "outfile": null,
#     "loge_bins": []}'}
# - {SRCNAME: 4FGL J1512.8-0906}
# - {CREATOR: fermipy 1.2.0}
# - {STVER: 2.2.0}
# schema: astropy-2.0
e_min e_ref e_max ref_dnde_e_min ref_dnde_e_max ref_dnde ref_flux ref_eflux ref_npred dnde dnde_err dnde_errp dnde_errn dnde_ul e2dnde e2dnde_err e2dnde_errp e2dnde_errn e2dnde_ul norm norm_err norm_errp norm_errn norm_ul ts loglike norm_scan dloglike_scan ShowUL tstart tend
[from data line 2621]
311.3149665447022 358.7979888064861 413.52331434760555 1.5335442150729873e-12 7.892721514074526e-13 1.1001744143130701e-12 1.1274701624618749e-10 4.0226154515640275e-08 0.09144632109077655 3.523830957960631e-10 8.672567209442568e-11 9.244999066070792e-11 8.100135352814343e-11 5.11351893416864e-10 4.5364389082761115e-05 1.1164715842761033e-05 1.1901641699229435e-05 1.0427789986292628e-05 6.582939570005437e-05 320.2974830278024 78.82902107714956 84.03212205078601 73.62592010351311 464.79166099871827 35.487981097649936 -596.9307141823731 [0.0,157.23792808334824,177.62037245140496,198.00281681946169,218.38526118751852,238.7677055555754,259.1501499236321,279.53259429168895,299.9150386597459,320.2974830278024,341.41417649776275,362.53086996772294,383.6475634376832,404.7642569076434,425.88095037760354,446.9976438475635,468.1143373175239,489.231030787484,510.3477242574443,531.4644177274046] [-17.743990548824968,-2.7085495252922556,-1.987014770206315,-1.4024794352687877,-0.9377233677829508,-0.5788462956369358,-0.31443387007482215,-0.13497534694568003,-0.032445898577861954,0.0,-0.03401606122815792,-0.13125040485692807,-0.28675237741049386,-0.49617737143876184,-0.7556877145018461,-1.0618735088885387,-1.4116887166944707,-1.8023990436072381,-2.2315390601361287,-2.6968766318157122] False 58476.65603222185 58490.65603222185
413.52331434760555 476.5900816815941 549.2752115212968 8.193413242185544e-13 4.1667592882745014e-13 5.842942814160343e-13 7.956135515261438e-11 3.769449364743755e-08 0.07329266551113423 1.9694772439663968e-10 5.166399452214485e-11 5.5264144043030484e-11 4.806384500125922e-11 2.9235882658876927e-10 4.473433309204687e-05 1.1734861861946677e-05 1.2552593005283608e-05 1.0917130718609748e-05 6.640583013126257e-05 337.0694026293358 88.42118803034904 94.58272278328329 82.25965327741481 500.362293261264 33.94131277239035 -591.9792810985732 [0.0,157.42555681739736,179.8810375438897,202.33651827038204,224.79199899687436,247.2474797233666,269.70296044985895,292.1584411763513,314.61392190284346,337.0694026293358,361.01177449667415,384.9541463640128,408.8965182313512,432.8388900986893,456.7812619660283,480.72363383336665,504.6660057007053,528.6083775680436,552.5507494353825,576.4931213027205] [-16.970656386195174,-2.7036681146040564,-1.9702989120148686,-1.3822994974585754,-0.9189782087182721,-0.564071181945792,-0.30452091488893984,-0.12965721037323874,-0.03062916867838794,0.0,-0.035588609282399375,-0.13521965833410832,-0.2932816115660444,-0.5049195933441979,-0.7659007325408993,-1.0725087699352116,-1.4214605158807672,-1.8098388679707114,-2.235038548708303,-2.694721733037113] False 58476.65603222185 58490.65603222185
549.2752115212968 633.0528961793416 729.6086933380817 4.2738194552202434e-13 2.147361495550014e-13 3.0294282194949703e-13 5.481946115072152e-11 3.4489110269195e-08 0.055850003494428924 8.341321977322598e-11 2.6434791870751617e-11 2.8681965846888606e-11 2.4187617894614632e-11 1.3455779380860468e-10 3.3428345747745666e-05 1.0593900641020728e-05 1.1494469026150436e-05 9.69333225589102e-06 5.3924839092851964e-05 275.3431133850454 87.26000405171675 94.67781960409056 79.84218849934295 444.1689456204925 30.806768164122786 -443.48152653992975 [0.0,112.28645250499389,132.6685351150003,153.05061772500673,173.4327003350132,193.81478294501963,214.1968655550261,234.5789481650324,254.96103077503895,275.3431133850454,300.30743438533483,325.2717553856245,350.23607638591443,375.200397386204,400.16471838649346,425.1290393867834,450.0933603870731,475.0576813873629,500.0220023876523,524.986323387942] [-15.403384082061393,-2.6946986331520293,-1.9393978350080943,-1.3513189528259204,-0.8977762098371613,-0.5552879980742773,-0.3063504526375027,-0.13752385469376804,-0.03823586178293681,0.0,-0.026303751609020765,-0.12350738823710117,-0.28322425580654453,-0.49856025112080715,-0.7637695833331009,-1.0740058773596388,-1.4251383121712138,-1.8136132233680655,-2.236348182665381,-2.690649725492108] False 58476.65603222185 58490.65603222185
729.6086933380817 840.8915725798939 969.1477682383326 2.1762180710879946e-13 1.0803648516608691e-13 1.5333328123902818e-13 3.687131323456697e-11 3.0804401192266667e-08 0.04088569914643603 5.737637936466892e-11 1.7386044272482653e-11 1.869737902241183e-11 1.6074709522553477e-11 9.017680596584209e-11 4.0570759635336126e-05 1.2293648205040869e-05 1.3220891219151318e-05 1.1366405190930419e-05 6.376389657266124e-05 374.19390559591585 113.38728377813749 121.93946983541595 104.83509772085901 588.1098039326979 39.2335235161886 -407.65385431285415 [0.0,159.20893646167988,186.0820576034593,212.95517874523884,239.82829988701826,266.7014210287978,293.5745421705774,320.4476633123566,347.32078445413623,374.19390559591585,406.07753293646925,437.96116027702243,469.8447876175759,501.7284149581292,533.6120422986826,565.4956696392362,597.3792969797896,629.2629243203427,661.1465516608964,693.0301790014496] [-19.6167617580943,-2.696175825549062,-1.9249558638226745,-1.327850281947235,-0.8705748521273335,-0.5284465013057797,-0.2830444090407127,-0.12021992517406943,-0.02884645793818663,0.0,-0.03693356553083049,-0.1417896664863747,-0.30651956841256833,-0.524487637243567,-0.790152211013833,-1.0988327467443924,-1.4465364959013414,-1.8298272053805817,-2.24572409320308,-2.6916230293689978] False 58476.65603222185 58490.65603222185
969.1477682383326 1116.9661194245136 1287.3303254983532 1.0817994137761055e-13 5.3063246877385784e-14 7.576528846708928e-14 2.4210609617845064e-11 2.6860053094793665e-08 0.02875686898652785 1.9813774719012412e-11 8.177808608136734e-12 9.268201149993054e-12 7.087416066280417e-12 3.60122519241242e-11 2.4719929099264834e-05 1.0202742882027368e-05 1.1563131132489866e-05 8.842354631564872e-06 4.492936489355549e-05 261.515202012582 107.93608489577637 122.32780125979392 93.54436853175883 475.31333480987274 23.908781838706886 -326.38658936297 [0.0,78.18047621039341,101.09731693566702,124.01415766094064,146.93099838621418,169.84783911148776,192.7646798367613,215.68152056203482,238.59836128730845,261.515202012582,293.934923854277,326.35464569597195,358.774367537667,391.19408937936186,423.61381122105695,456.03353306275216,488.45325490444696,520.872976746142,553.2926985878372,585.712420429532] [-11.954390919353443,-2.693572999473247,-1.8402538031448898,-1.226688807442713,-0.7822763409865274,-0.4640228548295795,-0.24370896042950108,-0.10176917010102215,-0.02405720411496759,0.0,-0.04218965833490529,-0.15844244739679425,-0.3359965253567907,-0.5651841276168739,-0.8384993578776516,-1.149993811481636,-1.4948704214227746,-1.869202115242274,-2.269731804993114,-2.693726965028759] False 58476.65603222185 58490.65603222185
1287.3303254983532 1483.6791717563765 1709.9759409858673 5.249877383794519e-14 2.5443408064635948e-14 3.6547882642526326e-14 1.5519799872732436e-11 2.286463524699888e-08 0.019376985616272657 9.153620646217201e-12 4.7090025793939035e-12 5.250085913244237e-12 4.1679192455435695e-12 1.8943448364218395e-11 2.0149900687621802e-05 1.0365945671099484e-05 1.1557034515852646e-05 9.174856826346321e-06 4.170028647383767e-05 250.4555663524609 128.8447439063025 143.649523136406 114.03996467619902 518.3186273608148 15.834719701641063 -186.33140298424908 [0.0,47.018058462089826,72.4477469483862,97.8774354346826,123.30712392097892,148.73681240727524,174.16650089357162,199.5961893798681,225.02587786616454,250.4555663524609,291.8445235587077,333.2334807649548,374.6224379712018,416.01139517744883,457.4003523836958,498.7893095899427,540.1782667961897,581.5672240024367,622.9561812086838,664.3451384149306] [-7.917359850820532,-2.71364933142155,-1.754854804302397,-1.1299431786891603,-0.7034841274965515,-0.4100315257631735,-0.21257062687314487,-0.08797381643844915,-0.020754662474331553,0.0,-0.04570454696633419,-0.1695347570500303,-0.35502246115240155,-0.5905250547315859,-0.8674902083292579,-1.1794406678375537,-1.5213466486700895,-1.8892201557191584,-2.2798429169075973,-2.690578184795328] False 58476.65603222185 58490.65603222185
12476.13311942254 14379.0435808939 16572.19366947696 6.796610343635082e-17 2.991928937868354e-17 4.5094318008522076e-17 1.8630717790992653e-13 2.6540899562303507e-09 0.0002476961732700289 1.7886679071757089e-13 1.8390035626178902e-13 2.3068753176975487e-13 1.3711318075382315e-13 6.661278180632452e-13 3.698194214239591e-05 3.8022666521580214e-05 4.769623762273456e-05 2.8349095420425863e-05 0.00013772651887042207 3966.503954750308 4078.12700986042 5115.667382444031 3040.5866372768082 14771.879196340393 12.359393670268162 -21.95774033082022 [0.0,440.72266163892294,881.4453232778459,1322.1679849167695,1762.8906465556918,2203.613308194616,2644.335969833539,3085.058631472461,3525.7812931113835,3966.503954750308,5735.042562768899,7503.581170787486,9272.119778806074,11040.658386824667,12809.19699484326,14577.735602861849,16346.274210880429,18114.812818899023,19883.351426917605,21651.890034936197] [-6.179696835134081,-1.3235737088935622,-0.7423501897354576,-0.44648072321837873,-0.2678110272680172,-0.1534465159643723,-0.0797874416532558,-0.034232768134131675,-0.009255957110621438,0.0,-0.06664184803683426,-0.23310082713877378,-0.4566705565694207,-0.7172797171530334,-1.003873650451542,-1.3097105846067372,-1.6303741603566593,-1.962813414284728,-2.3048321473180557,-2.654796721774975] False 58476.65603222185 58490.65603222185
100.0 115.25240587974294 132.83117061068992 2.0435809022220408e-11 1.0605240511356274e-11 1.4721639505326554e-11 4.844925925596354e-10 5.5536114008564216e-08 0.17824723738778625 1.1351122062586597e-08 1.281737189268391e-09 1.3210096926636478e-09 1.2424646858731346e-09 1.354602499146921e-08 0.00015077828313182082 1.7025465126577597e-05 1.754712638645802e-05 1.6503803866697174e-05 0.00017993343567385177 771.0501305564205 87.06484008147568 89.73251193833966 84.3971682246117 920.1437779106067 151.3922749533249 -1302.871726330374 [0.0,577.5593269060643,601.7456773623587,625.9320278186535,650.1183782749478,674.3047287312426,698.4910791875367,722.6774296438316,746.863780100126,771.0501305564205,792.4288814528704,813.8076323493209,835.1863832457713,856.5651341422218,877.9438850386719,899.3226359351222,920.7013868315727,942.0801377280229,963.4588886244737,984.8376395209242] [-75.69613747666244,-2.7105829580516456,-2.041157913642337,-1.4747963395861916,-1.0068075843782935,-0.6328356545006955,-0.34882680047417125,-0.15100104273619763,-0.03582706515067002,0.0,-0.03191298208321314,-0.12138132121185663,-0.2664959752946743,-0.46544709832119224,-0.7165170211596887,-1.0180738586288953,-1.3685656757099878,-1.7665151541245905,-2.2105147076920275,-2.699222001068165] False 58504.65603222185 58518.65603222185
132.83117061068992 153.091119887046 176.4411988580621 1.0605120833305677e-11 5.503576367820506e-12 7.639770441319695e-12 3.339729175424311e-10 5.08510135024091e-08 0.17422589837267052 5.035816563885662e-09 6.263201701961787e-10 6.490739027406212e-10 6.035664376517362e-10 6.1217582220962466e-09 0.00011802388384471214 1.4678997552642487e-05 1.5212274301862836e-05 1.4145720803422138e-05 0.00014347498010781464 659.1580993912403 81.98154316374827 84.9598698974128 79.00321643008374 801.3013308602468 129.8507376662642 -1248.4367487536338 [0.0,478.3908079666926,500.98671939476105,523.5826308228294,546.1785422508979,568.7744536789661,591.3703651070347,613.9662765351029,636.5621879631715,659.1580993912403,679.5582230650598,699.9583467388803,720.3584704127005,740.7585940865206,761.1587177603409,781.5588414341606,801.958965107981,822.3590887818016,842.7592124556214,863.1593361294423] [-64.9253688331321,-2.708895019875399,-2.037424255006499,-1.4709976909621219,-1.0041248242619076,-0.63176880033825,-0.34929564289882364,-0.15243057592761033,-0.03722026137029388,0.0,-0.030552194605661498,-0.11955511600081081,-0.26481135091239594,-0.4642543730201396,-0.715937915921586,-1.0180264310843086,-1.3687864982082374,-1.7665790741882574,-2.2098524826089943,-2.697136058997785] False 58504.65603222185 58518.65603222185
176.4411988580621 203.35272664697808 234.36890988269914 5.503522996324211e-12 2.856083174363149e-12 3.9646588036705254e-12 2.3021665433657762e-10 4.6561302112100615e-08 0.15523156952314143 2.3697287773874292e-09 3.2462189649576757e-10 3.3790621534901554e-10 3.113375776425196e-10 2.9346926938694183e-09 9.7993809813015e-05 1.3423872254873532e-05 1.397320981097808e-05 1.2874534698768981e-05 0.0001213563849360586 597.7131689600901 81.87889868233529 85.22958269099429 78.52821467367627 740.2131782821883 110.86990733922312 -1111.7570733481464 [0.0,417.33942442481737,439.88614249172645,462.43286055863547,484.97957862554466,507.5262966924538,530.0730147593631,552.619732826272,575.1664508931811,597.7131689600901,618.2605428169101,638.8079166737302,659.3552905305501,679.9026643873699,700.45003824419,720.9974121010097,741.5447859578297,762.0921598146494,782.6395336714692,803.1869075282893] [-55.43495366961156,-2.7074622921738865,-2.027936292468894,-1.4577193410098062,-0.9901651968380065,-0.6192636673542893,-0.33955865587290646,-0.14607932003377755,-0.034281860955388765,0.0,-0.033024145886429324,-0.12455807806350094,-0.27210526095723253,-0.47333768142971167,-0.7260804081395236,-1.0282979228340992,-1.3780819810390312,-1.7736407979245996,-2.213289386632823,-2.6954409023549033] False 58504.65603222185 58518.65603222185
234.36890988269914 270.1158072739371 311.3149665447022 2.8560600098062506e-12 1.4821702191065296e-12 2.0574661821074823e-12 1.586951317838984e-10 4.263359934081027e-08 0.12901169602632645 1.473048372889269e-09 1.891496847990766e-10 1.9753626877630548e-10 1.807631008218477e-10 1.8055643393955866e-09 0.0001074773645860363 1.3800843209656351e-05 1.4412749756882683e-05 1.3188936662430018e-05 0.00013173857719834213 715.9526536569416 91.93331411422217 96.00948511045134 87.85714311799299 877.5669583769925 147.7541472981493 -1003.1386787338581 [0.0,514.6630455046371,539.8242465236747,564.9854475427131,590.1466485617515,615.307849580789,640.4690505998274,665.6302516188655,690.7914526379037,715.9526536569416,739.2465911027765,762.5405285486115,785.8344659944463,809.1284034402817,832.4223408861158,855.7162783319505,879.0102157777857,902.3041532236209,925.598090669455,948.8920281152905] [-73.87707364907465,-2.7092014173440475,-2.031018604577639,-1.4619946668601642,-0.9953121208302491,-0.6248099544501429,-0.3448994266175305,-0.15049319695049235,-0.03694529899189547,0.0,-0.03067899068673796,-0.12079391826978281,-0.2676840503615949,-0.4688734874334841,-0.7220539260991927,-1.0250694223204846,-1.3759028789555714,-1.7726640257793633,-2.213578696009108,-2.6969792330146447] False 58504.65603222185 58518.65603222185
