data/PKS1510-089_allsed_14d_min11.ecsv
# %ECSV 1.0
# ---
# datatype:
# - {name: e_min, unit: MeV, datatype: float64}
# - {name: e_ref, unit: MeV, datatype: float64}
# - {name: e_max, unit: MeV, datatype: float64}
# - {name: ref_dnde_e_min, unit: ph / (cm2 MeV s), datatype: float64}
# - {name: ref_dnde_e_max, unit: ph / (cm2 MeV s), datatype: float64}
# - {name: ref_dnde, unit: ph / (cm2 MeV s), datatype: float64}
# - {name: ref_flux, unit: ph / (cm2 s), datatype: float64}
# - {name: ref_eflux, unit: MeV / (cm2 s), datatype: float64}
# - {name: ref_npred, datatype: float64}
# - {name: dnde, unit: ph / (cm2 MeV s), datatype: float64}
# - {name: dnde_err, unit: ph / (cm2 MeV s), datatype: float64}
# - {name: dnde_errp, unit: ph / (cm2 MeV s), datatype: float64}
# - {name: dnde_errn, unit: ph / (cm2 MeV s), datatype: float64}
# - {name: dnde_ul, unit: ph / (cm2 MeV s), datatype: float64}
# - {name: e2dnde, unit: MeV / (cm2 s), datatype: float64}
# - {name: e2dnde_err, unit: MeV / (cm2 s), datatype: float64}
# - {name: e2dnde_errp, unit: MeV / (cm2 s), datatype: float64}
# - {name: e2dnde_errn, unit: MeV / (cm2 s), datatype: float64}
# - {name: e2dnde_ul, unit: MeV / (cm2 s), datatype: float64}
# - {name: norm, datatype: float64}
# - {name: norm_err, datatype: float64}
# - {name: norm_errp, datatype: float64}
# - {name: norm_errn, datatype: float64}
# - {name: norm_ul, datatype: float64}
# - {name: ts, datatype: float64}
# - {name: loglike, datatype: float64}
# - {name: norm_scan, datatype: string, subtype: 'float64[20]'}
# - {name: dloglike_scan, datatype: string, subtype: 'float64[20]'}
# - {name: ShowUL, datatype: bool}
# - {name: tstart, datatype: float64}
# - {name: tend, datatype: float64}
# meta: !!omap
# - {UL_CONF: 0.95}
# - {EXTNAME: SED}
# - {CONFIG: '{"bin_index": 2.0, "use_local_index": true, "free_background": false, "free_radius": null, "free_pars": [], "ul_confidence":
#     0.95, "cov_scale": 3.0, "make_plots": false, "write_fits": true, "write_npy": true, "optimizer": {"optimizer": "MINUIT", "tol":
#     0.001, "max_iter": 100, "init_lambda": 0.0001, "retries": 3, "min_fit_quality": 2, "verbosity": 0}, "prefix": "", "outfile": null,
#     "loge_bins": []}'}
# - {SRCNAME: 4FGL J1512.8-0906}
# - {CREATOR: fermipy 1.2.0}
# - {STVER: 2.2.0}
# schema: astropy-2.0
e_min e_ref e_max ref_dnde_e_min ref_dnde_e_max ref_dnde ref_flux ref_eflux ref_npred dnde dnde_err dnde_errp dnde_errn dnde_ul e2dnde e2dnde_err e2dnde_errp e2dnde_errn e2dnde_ul norm norm_err norm_errp norm_errn norm_ul ts loglike norm_scan dloglike_scan ShowUL tstart tend
[from data line 507]
3017.1020504598932 3477.2827010020824 4007.6519721450045 4.6161143333058825e-15 2.093482189993903e-15 3.1086577720539484e-15 3.1019214455410565e-12 1.0693764518710621e-08 0.0036641040476570463 1.6741185672111891e-12 1.208793771069645e-12 1.4091842779931532e-12 1.0084032641461368e-12 4.4854923326267234e-12 2.0242596255859482e-05 1.4616123817993527e-05 1.70391446270375e-05 1.2193103008949555e-05 5.4236308034843035e-05 538.5342131453307 388.847489722541 453.30955715401205 324.38542229107 1442.9032275441098 11.273604675600183 -31.80403382882247 [0.0,46.789650280020346,108.25772063818414,169.72579099634788,231.19386135451168,292.66193171267554,354.1300020708393,415.5980724290031,477.0661427871669,538.5342131453307,683.3310930138836,828.127972882436,972.9248527509892,1117.7217326195412,1262.518612488095,1407.3154923566478,1552.112372225201,1696.9092520937522,1841.7061319623056,1986.503011830858] [-5.636802337800091,-2.668490894984977,-1.4718932262990734,-0.8732871307457089,-0.5156455412118106,-0.2892023140766895,-0.145454416874653,-0.058646429620310414,-0.013450322727269537,0.0,-0.058854531993802084,-0.2061854963911287,-0.4137274403018196,-0.6649143538188724,-0.9491989411214306,-1.25944946049799,-1.5906175937899647,-1.9389984465767398,-2.3017924653319284,-2.6768325423823995] False 55270.65603222185 55284.65603222185
5323.411028602609 6135.359285332078 7071.149185711414 7.478735996465156e-16 3.257053617099929e-16 4.935447713087661e-16 8.704701858375683e-13 5.289815670443431e-09 0.0010156974118171735 5.109802401570481e-13 5.16110986320816e-13 6.485486096331321e-13 3.836733630085001e-13 1.860131620521377e-12 1.9234641936689043e-05 1.9427776734421704e-05 2.441307765833917e-05 1.4442475810504242e-05 7.00202529648608e-05 1035.3270257570503 1045.7227313992398 1314.062365433093 777.3830973653869 3768.9217446043244 9.198408234354702 -31.26005567869513 [0.0,115.03633619522779,230.07267239045558,345.1090085856833,460.14534478091116,575.1816809761386,690.2180171713666,805.2543533665945,920.2906895618223,1035.3270257570503,1470.808348584763,1906.289671412476,2341.7709942401893,2777.2523170679033,3212.7336398956163,3648.2149627233307,4083.696285551043,4519.177608378756,4954.65893120647,5390.140254034182] [-4.599204117177351,-1.2856903818965222,-0.7190975418318821,-0.42933500809875014,-0.2546398199868136,-0.1434158364044933,-0.07249869682991772,-0.029474391457227966,-0.0069098863289696055,0.0,-0.06831276775004369,-0.22839803525270952,-0.4423631993927266,-0.6918874464514602,-0.9666986618783895,-1.2604525404941924,-1.568952418913348,-1.889275914252174,-2.2193049523241584,-2.5574543798951908] False 55270.65603222185 55284.65603222185
100.0 115.25240587974294 132.83117061068992 1.7621697061932147e-11 9.31343838414023e-12 1.281087779234076e-11 4.213765884614097e-10 4.832211891940722e-08 0.15258833101101837 6.881323935178302e-09 1.1268351044017073e-09 1.166205942926075e-09 1.0874642658773398e-09 8.833485110393934e-09 9.14054313661094e-05 1.4967882600289792e-05 1.5490850057201413e-05 1.4444915143378172e-05 0.00011733621677857268 537.1469501717079 87.95924234601694 91.03247738600041 84.88600730603348 689.5300426388588 62.28460135925434 -1074.3085513034664 [0.0,345.71741975498037,369.6461110570711,393.5748023591623,417.50349366125323,441.43218496334407,465.36087626543525,489.2895675675259,513.2182588696172,537.1469501717079,558.968371228274,580.7897922848402,602.611213341406,624.4326343979723,646.2540554545384,668.0754765111043,689.8968975676705,711.7183186242365,733.5397396808023,755.361160737369] [-31.14230067962717,-2.7078033475363554,-2.033771822804738,-1.466565015382912,-1.0000703119967511,-0.6287367665290731,-0.34750460830787233,-0.15174582246822865,-0.037213737941556246,0.0,-0.030410806549298286,-0.11957960857239414,-0.2651360337663391,-0.4648630787860384,-0.7166834555750938,-1.0186474740153244,-1.3689222535790577,-1.7657820890606217,-2.207599822141674,-2.6928390926284465] False 55284.65603222185 55298.65603222185
132.83117061068992 153.091119887046 176.4411988580621 1.0150819849025496e-11 5.300352037086323e-12 7.335047284433732e-12 3.2059135491629606e-10 4.882061751941718e-08 0.1607232544147471 3.748736970356813e-09 5.752149750345352e-10 5.975906186673235e-10 5.528393314017467e-10 4.750330978256175e-09 8.785873971794977e-05 1.348125066470479e-05 1.4005666185318826e-05 1.2956835144090752e-05 0.00011133298929559148 511.0719570018715 78.42007729864852 81.4705884630787 75.36956613421833 647.6210437439468 77.97007094945411 -1010.2391969631776 [0.0,340.23623434548404,361.59069967753254,382.9451650095811,404.2996303416297,425.65409567367806,447.0085610057264,468.3630263377748,489.71749166982335,511.0719570018715,530.6734867324806,550.2750164630895,569.8765461936985,589.4780759243074,609.0796056549163,628.6811353855253,648.2826651161339,667.884194846743,687.4857245773516,707.0872543079604] [-38.985035474727056,-2.705428339509922,-2.0287633031254018,-1.4605630036279535,-0.9942362163586722,-0.6238232382862634,-0.3439143699182523,-0.14958145552873248,-0.03632001058258538,0.0,-0.031131446885751757,-0.1211713475055376,-0.2675928453306824,-0.4680407511186786,-0.7203156897079452,-1.0223600809522395,-1.3722457018100158,-1.7681626168538287,-2.20840929749977,-2.6913837775123284] False 55284.65603222185 55298.65603222185
176.4411988580621 203.35272664697808 234.36890988269914 5.707383696835043e-12 2.9442992333369222e-12 4.0992981646802694e-12 2.3807897501454137e-10 4.814469429744553e-08 0.15114391210243183 1.6835996319307598e-09 3.004676361270607e-10 3.142805743825384e-10 2.8665469787158284e-10 2.2128724909197642e-09 6.962076998304174e-05 1.2425037274545259e-05 1.299623447537366e-05 1.1853840073716857e-05 9.150743666737834e-05 410.7043606724504 73.29733628939286 76.66692242354885 69.92775015523685 539.8174033755264 58.36055649412947 -948.9265974861614 [0.0,252.5472509872175,272.3168896978716,292.08652840852585,311.85616711917993,331.62580582983395,351.39544454048803,371.16508325114216,390.9347219617966,410.7043606724504,429.31547171759723,447.92658276274415,466.53769380789106,485.14880485303775,503.75991589818466,522.3710269433319,540.9821379884785,559.5932490336255,578.2043600787722,596.8154711239192] [-29.180278247064734,-2.7034894857906693,-2.017904744917587,-1.446359437474257,-0.9804071192454558,-0.6125857866018123,-0.3362642735943382,-0.14551821629675032,-0.03502889675519327,0.0,-0.03208421971498865,-0.12388985928237162,-0.2723896213616399,-0.4747998205973545,-0.7285538438336516,-1.031279216982739,-1.3807776964174536,-1.775007910781369,-2.2120701646122143,-2.6901930833410006] False 55284.65603222185 55298.65603222185
234.36890988269914 270.1158072739371 311.3149665447022 3.13224396520015e-12 1.5964000660586885e-12 2.236138294685162e-12 1.7257509126239358e-10 4.634271401646404e-08 0.1301431460214888 7.977860623605e-10 1.6232824879176164e-10 1.708947677529468e-10 1.537617298305765e-10 1.0865761303569265e-09 5.820850493714454e-05 1.1843882861623076e-05 1.2468917923994174e-05 1.121884779925198e-05 7.927936452201939e-05 356.76955412671583 72.59311697205057 76.42406024668881 68.76217369741234 485.9163375268396 45.84747136314081 -811.5940386716505 [0.0,201.15298904338096,220.60505967879786,240.05713031421482,259.5092009496314,278.96127158504856,298.41334222046515,317.86541285588214,337.3174834912989,356.76955412671583,375.51581517961847,394.26207623252105,413.00833728542364,431.754598338326,450.5008593912286,469.247120444131,487.9933814970332,506.73964254993604,525.4859036028382,544.2321646557411] [-22.923735681570406,-2.7049958091720328,-2.005654394090925,-1.4281640088678387,-0.9615210494449684,-0.5962746378261272,-0.3242351710451885,-0.13824992543936787,-0.03202770605605565,0.0,-0.034701213818721044,-0.12972619198217217,-0.28148557975134736,-0.4867271182532704,-0.7424929608908997,-1.0460837085306594,-1.3950279116676256,-1.7870560549541779,-2.2200782428292314,-2.6921649612776264] False 55284.65603222185 55298.65603222185
311.3149665447022 358.7979888064861 413.52331434760555 1.6778636013152892e-12 8.448587164698728e-13 1.1906123166752267e-12 1.2210206459804822e-10 4.354139712577963e-08 0.10577317607871817 4.879211783841128e-10 9.339123052300824e-11 9.89125467538638e-11 8.786991429215267e-11 6.567079836189511e-10 6.281301924524233e-05 1.202281315110381e-05 1.2733605299574101e-05 1.131202100263352e-05 8.454195685903966e-05 409.80693005648374 78.43966437690007 83.0770397454615 73.80228900833863 551.571636225637 64.84141857084614 -718.9383880820152 [0.0,244.3536620328317,265.0353205357883,285.71697903874474,306.3986375417012,327.08029604465776,347.7619545476142,368.44361305057066,389.1252715535275,409.80693005648374,430.37942679017596,450.9519235238681,471.52442025756034,492.09691699125256,512.6694137249447,533.2419104586367,553.8144071923291,574.3869039260212,594.959400659713,615.5318973934052] [-32.42070928542307,-2.6977062917125068,-1.9977875845329436,-1.421923479084171,-0.9579589091071057,-0.5955425773544221,-0.32577696504961295,-0.1409507299889583,-0.03433100278618895,0.0,-0.03238453352162196,-0.12653804554577164,-0.2783652828165941,-0.48418813708747166,-0.7406893065157192,-1.0448653142143485,-1.3939870581978084,-1.7855664728411966,-2.2173281872702546,-2.6871852981588518] False 55284.65603222185 55298.65603222185
413.52331434760555 476.5900816815941 549.2752115212968 8.772828145924801e-13 4.364486402096848e-13 6.187801641198705e-13 8.431924992941261e-11 3.992800252535932e-08 0.08240086309330541 2.7704869472569447e-10 5.815027692044752e-11 6.177101546590089e-11 5.452953837499416e-11 3.827568325193201e-10 6.292831577792774e-05 1.3208143760601117e-05 1.4030551455981871e-05 1.2385736065220364e-05 8.693866198064181e-05 447.7336391669213 93.97566420565255 99.82707760802522 88.12425080327989 618.5667458551114 56.738418021309826 -677.5204050384159 [0.0,251.93241381553517,276.4075669844584,300.8827201533815,325.35787332230495,349.8330264912283,374.30817966015144,398.78333282907477,423.258485997998,447.7336391669213,472.58169193793583,497.4297447089504,522.277797479965,547.1258502509795,571.973903021994,596.8219557930087,621.670008564023,646.5180613350376,671.3661141060522,696.2141668770669] [-28.369209010654913,-2.6926738500200145,-1.9843500830842231,-1.406046685080696,-0.94325740494196,-0.5839407554270792,-0.317973950532064,-0.13675277174456824,-0.03289243546544185,0.0,-0.033473132644644465,-0.1292250406131643,-0.28273685062197274,-0.4899982969457142,-0.7474315882112705,-1.05182928368788,-1.400303156832365,-1.790241764532425,-2.2192749794780866,-2.6852441404313367] False 55284.65603222185 55298.65603222185
549.2752115212968 633.0528961793416 729.6086933380817 4.477448483326634e-13 2.200599556950419e-13 3.138960201830678e-13 5.6844780021630496e-11 3.5744734235145566e-08 0.06105602040415614 1.4041792977086663e-10 3.236983895100198e-11 3.44119184404836e-11 3.032775946152037e-11 1.9988745767807352e-10 5.6273323560995815e-05 1.2972406186869945e-05 1.3790781732189474e-05 1.2154030641550418e-05 8.010609186489265e-05 447.3389936227075 103.12280777603843 109.62839994089178 96.61721561118507 636.795132227216 55.67661714286396 -528.9754603858478 [0.0,238.38209201100497,264.50170471246776,290.6213174139305,316.7409301153934,342.8605428168562,368.98015551831907,395.0997682197819,421.2193809212446,447.3389936227075,475.2220275866838,503.1050615506601,530.9880955146361,558.8711294786124,586.7541634425886,614.6371974065647,642.520231370541,670.4032653345175,698.2862992984936,726.1693332624696] [-27.83830857143198,-2.7035417509151785,-1.9780938467791884,-1.3932185044478729,-0.9301802547187208,-0.573932261185746,-0.31218571911790605,-0.13475918733149683,-0.033111675057739376,0.0,-0.0333042087463582,-0.13116749101709502,-0.28799521566600106,-0.49892482631810253,-0.7597004703009134,-1.0665737337784549,-1.416224161448099,-1.8056949671711209,-2.232340547839385,-2.693783268279958] False 55284.65603222185 55298.65603222185
729.6086933380817 840.8915725798939 969.1477682383326 2.2303868943549447e-13 1.0830086078080202e-13 1.5541969647791139e-13 3.740242899504352e-11 3.12318285490469e-08 0.04345850690782305 4.673372930993028e-11 1.5265844721030047e-11 1.6515909949361854e-11 1.401577949269824e-11 7.596741304386085e-11 3.304535628930905e-05 1.0794457992388672e-05 1.1678377411298032e-05 9.910538573479308e-06 5.3716454207262796e-05 300.69373682358327 98.22335950321242 106.2665178458197 90.18020116060512 488.78883928754493 28.078677934174152 -381.63793243446077 [0.0,115.74833645278781,138.86651149913723,161.98468654548668,185.1028615918361,208.2210366381856,231.33921168453497,254.45738673088442,277.5755617772339,300.69373682358327,328.80247930478924,356.9112217859951,385.0199642672012,413.128706748407,441.2374492296128,469.34619171081886,497.4549341920248,525.5636766732307,553.672419154437,581.7811616356428] [-14.039338967087076,-2.697255351320962,-1.9212158338090148,-1.3233690630825663,-0.8672022488430571,-0.5267851884111678,-0.2829566666155756,-0.12111005349402149,-0.029828053227276996,0.0,-0.035941433315827,-0.14110458239537138,-0.30682286108560675,-0.5260098113575964,-0.7927912681928433,-1.1022397379664994,-1.4501784487904388,-1.8330340788691615,-2.2477242377606785,-2.6915702366947585] False 55284.65603222185 55298.65603222185
969.1477682383326 1116.9661194245136 1287.3303254983532 1.084457089214899e-13 5.2024193511818097e-14 7.511192013560744e-14 2.402131850005079e-11 2.663609855627065e-08 0.029719099427382156 1.713926065694322e-11 7.581216448750268e-12 8.591888981406613e-12 6.57054391609392e-12 3.229766662989544e-11 2.1383169752450552e-05 9.458426562176435e-06 1.0719355067932887e-05 8.197498056419982e-06 4.029499883213075e-05 228.1829651804922 100.93226794180073 114.38782241080742 87.47671347279403 429.9938887407627 18.592980419045375 -249.46376538366025 [0.0,58.764113693002486,79.94147012893868,101.11882656487487,122.29618300081113,143.47353943674733,164.6508958726836,185.82825230861968,207.0056087445559,228.1829651804922,258.9138006625269,289.64463614456145,320.3754716265962,351.10630710863074,381.8371425906653,412.56797807269993,443.2988135547348,474.02964903676934,504.760484518804,535.4913200008384] [-9.296490209522688,-2.6850589083925627,-1.815054185274363,-1.2014344538734747,-0.7623823459544212,-0.450549390672478,-0.23593372195031748,-0.09825950017341256,-0.023145486416183303,0.0,-0.04281272880831466,-0.16016293764053557,-0.3388147614646755,-0.5688683378160135,-0.8427122031604313,-1.1543595283574177,-1.4990103385956104,-1.8727529201364064,-2.2723542667803827,-2.6951093587497894] False 55284.65603222185 55298.65603222185
