data/PKS1830-211_allsed_1d_min11.ecsv
# %ECSV 1.0
# ---
# datatype:
# - {name: e_min, unit: MeV, datatype: float64}
# - {name: e_ref, unit: MeV, datatype: float64}
# - {name: e_max, unit: MeV, datatype: float64}
# - {name: ref_dnde_e_min, unit: ph / (cm2 MeV s), datatype: float64}
# - {name: ref_dnde_e_max, unit: ph / (cm2 MeV s), datatype: float64}
# - {name: ref_dnde, unit: ph / (cm2 MeV s), datatype: float64}
# - {name: ref_flux, unit: ph / (cm2 s), datatype: float64}
# - {name: ref_eflux, unit: MeV / (cm2 s), datatype: float64}
# - {name: ref_npred, datatype: float64}
# - {name: dnde, unit: ph / (cm2 MeV s), datatype: float64}
# - {name: dnde_err, unit: ph / (cm2 MeV s), datatype: float64}
# - {name: dnde_errp, unit: ph / (cm2 MeV s), datatype: float64}
# - {name: dnde_errn, unit: ph / (cm2 MeV s), datatype: float64}
# - {name: dnde_ul, unit: ph / (cm2 MeV s), datatype: float64}
# - {name: e2dnde, unit: MeV / (cm2 s), datatype: float64}
# - {name: e2dnde_err, unit: MeV / (cm2 s), datatype: float64}
# - {name: e2dnde_errp, unit: MeV / (cm2 s), datatype: float64}
# - {name: e2dnde_errn, unit: MeV / (cm2 s), datatype: float64}
# - {name: e2dnde_ul, unit: MeV / (cm2 s), datatype: float64}
# - {name: norm, datatype: float64}
# - {name: norm_err, datatype: float64}
# - {name: norm_errp, datatype: float64}
# - {name: norm_errn, datatype: float64}
# - {name: norm_ul, datatype: float64}
# - {name: ts, datatype: float64}
# - {name: loglike, datatype: float64}
# - {name: norm_scan, datatype: string, subtype: 'float64[20]'}
# - {name: dloglike_scan, datatype: string, subtype: 'float64[20]'}
# - {name: ShowUL, datatype: bool}
# - {name: tstart, datatype: float64}
# - {name: tend, datatype: float64}
# meta: !!omap
# - {UL_CONF: 0.95}
# - {EXTNAME: SED}
# - {CONFIG: '{"bin_index": 2.0, "use_local_index": true, "free_background": false, "free_radius": null, "free_pars": [], "ul_confidence":
#     0.95, "cov_scale": 3.0, "make_plots": false, "write_fits": true, "write_npy": true, "optimizer": {"optimizer": "MINUIT", "tol":
#     0.001, "max_iter": 100, "init_lambda": 0.0001, "retries": 3, "min_fit_quality": 2, "verbosity": 0}, "prefix": "", "outfile": null,
#     "loge_bins": []}'}
# - {SRCNAME: 4FGL J1833.6-2103}
# - {CREATOR: fermipy 1.2.0}
# - {STVER: 2.2.0}
# schema: astropy-2.0
e_min e_ref e_max ref_dnde_e_min ref_dnde_e_max ref_dnde ref_flux ref_eflux ref_npred dnde dnde_err dnde_errp dnde_errn dnde_ul e2dnde e2dnde_err e2dnde_errp e2dnde_errn e2dnde_ul norm norm_err norm_errp norm_errn norm_ul ts loglike norm_scan dloglike_scan ShowUL tstart tend
[from data line 278]
4007.6519721450045 4618.915317184078 5323.411028602609 1.648969475482175e-15 7.122066059642915e-16 1.0837005829434072e-15 1.4394661276202066e-12 6.584208223428664e-09 0.0001660153551140131 1.3080581783600703e-11 9.583557646701675e-12 1.1181510774012168e-11 7.98560451939118e-12 3.5332002055464613e-11 0.00027906608548337853 0.00020445924819814386 0.00023855058537272856 0.00017036791102355913 0.0007537863123390093 12070.291360435476 8843.363007771073 10317.896797326062 7368.829218216083 32603.1033032209 14.767192372989562 -22.169466097374766 [0.0,954.357812315541,2343.8495058305325,3733.341199345526,5122.832892860517,6512.324586375509,7901.816279890499,9291.307973405495,10680.799666920484,12070.291360435476,15352.339249334718,18634.387138233968,21916.43502713321,25198.482916032455,28480.530804931703,31762.578693830947,35044.62658273019,38326.67447162944,41608.722360528685,44890.77024942793] [-7.383596186494781,-2.6436421074858316,-1.4446829996249875,-0.8574432434603381,-0.5068680170203699,-0.2845995693106076,-0.14328270991217096,-0.05782091556817903,-0.013270412298560075,0.0,-0.058499685484953545,-0.2051204989409996,-0.411916363655795,-0.6624801383613885,-0.9463482723600194,-1.2564342366254593,-1.5877137513960733,-1.9364937088584817,-2.2999789793079017,-2.6760023364094465] False 58541.00000212926 58542.00000212926
100.0 115.25240587974294 132.83117061068992 2.606533293787195e-11 1.312691504636722e-11 1.8497497428861062e-11 6.093449365745954e-10 6.979820533610303e-08 0.01575637308211482 6.659358314177184e-08 1.1076654893059776e-08 1.1632033701925296e-08 1.0521276084194252e-08 8.621915600712017e-08 0.0008845703603881867 0.00014713250358957576 0.00015450966532097355 0.00013975534185817795 0.001145259142149148 3600.140148573179 598.8191070526773 628.8436447503542 568.7945693550002 4661.125448926682 76.41364190513173 -607.8015706195263 [0.0,2305.4317750706896,2467.2703217585013,2629.108868446311,2790.9474151341224,2952.7859618219327,3114.6245085097466,3276.463055197556,3438.301601885367,3600.140148573179,3753.6346216049583,3907.129094636735,4060.623567668513,4214.118040700291,4367.6125137320705,4521.106986763845,4674.601459795625,4828.095932827403,4981.590405859182,5135.084878890957] [-38.20682095256586,-2.7011462703244433,-2.012056454327194,-1.439065534637166,-0.9731407295132612,-0.6063247437131167,-0.3315659575036989,-0.14258155434970377,-0.0337460974287751,0.0,-0.033220962254063124,-0.12633158383528098,-0.2760934208181425,-0.4795373309518709,-0.733933512501153,-1.0367656795164066,-1.385708697182622,-1.7786091278060212,-2.2134682381883977,-2.688427098825059] False 58542.00000212926 58543.00000212926
132.83117061068992 153.091119887046 176.4411988580621 1.3080209837893011e-11 6.590704139516346e-12 9.284815190640256e-12 4.062713746689505e-10 6.181621444086989e-08 0.014819026805025372 3.0209060237489935e-08 5.687033089231924e-09 5.991930813796755e-09 5.382135364667093e-09 4.037810922444401e-08 0.0007080064516441303 0.00013328637455901237 0.00014043222929220985 0.00012614051982581486 0.0009463373442057493 3253.5984418885114 612.5090238699476 645.3473430291904 579.6707047107046 4348.8328410831455 56.59088939428216 -633.8567880487726 [0.0,1943.0425240743791,2106.862013801145,2270.6815035279114,2434.5009932546795,2598.320482981447,2762.139972708213,2925.9594624349807,3089.7789521617474,3253.5984418885114,3412.0823814710093,3570.566321053502,3729.050260635997,3887.5342002184902,4046.018139800987,4204.502079383477,4362.986018965974,4521.469958548467,4679.9538981309615,4838.437837713459] [-28.29544469714108,-2.702939288493326,-2.0108145709737073,-1.4371738432231496,-0.9719303675865376,-0.6063281679165584,-0.3327079347468498,-0.14432361894193946,-0.035196847318616165,0.0,-0.03181118211387002,-0.12445283590761846,-0.2743952694423797,-0.4784270891379947,-0.7336165937589385,-1.0372789949343542,-1.386948421416946,-1.780353878539131,-2.2153984991969082,-2.690141550743874] False 58542.00000212926 58543.00000212926
176.4411988580621 203.35272664697808 234.36890988269914 6.570547513174119e-12 3.3123511605230876e-12 4.665186028502435e-12 2.711469127643563e-10 5.480194582370151e-08 0.012680025758141339 1.2245592233577882e-08 2.747197668712771e-09 2.916071788001411e-09 2.5783235494241302e-09 1.7224467548862275e-08 0.0005063837886578429 0.00011360302851341213 0.0001205863670649893 0.00010661968996183498 0.0007122718908678313 2624.888302151763 588.8720518171158 625.07084823314 552.6732554010915 3692.1287690625013 43.07922986206347 -500.0197907208305 [0.0,1390.881007960275,1545.1319197342107,1699.3828315081469,1853.6337432820835,2007.884655056019,2162.1355668299557,2316.3864786038894,2470.6373903778263,2624.888302151763,2780.4189976234434,2935.9496930951236,3091.480388566804,3247.0110840384846,3402.5417795101644,3558.072474981846,3713.6031704535267,3869.1338659252074,4024.664561396886,4180.1952568685665] [-21.539614931031736,-2.696260912608352,-1.9848320314605417,-1.4045163359235744,-0.9405517024295591,-0.5807370273518586,-0.3148479495859533,-0.1342140630501376,-0.031406107042641906,0.0,-0.0349422013360936,-0.13174581065032953,-0.28596313680714047,-0.49364415905455417,-0.7512619254625292,-1.0556517780990475,-1.4039613885517497,-1.7936093369581272,-2.222250509963146,-2.687746990701271] False 58542.00000212926 58543.00000212926
234.36890988269914 270.1158072739371 311.3149665447022 3.3038766410507357e-12 1.6663888190814252e-12 2.3463893739682805e-12 1.8114590790064202e-10 4.863231861379683e-08 0.010132366151146058 6.326094818240478e-09 1.5138009476071168e-09 1.6070655852387477e-09 1.420536309975486e-09 9.09531247337407e-09 0.0004615680053006493 0.00011045077632958878 0.00011725560205439397 0.00010364595060478356 0.0006636171850944581 2696.097624897441 645.1618663133194 684.9100166699241 605.4137159567146 3876.30142476814 45.12982317172748 -463.2542490478002 [0.0,1378.633527100224,1543.3165393248755,1707.9995515495286,1872.68256377418,2037.3655759988337,2202.048588223486,2366.731600448139,2531.41461267279,2696.097624897441,2869.8029174168155,3043.5082099361903,3217.213502455564,3390.9187949749376,3564.6240874943105,3738.3293800136835,3912.034672533056,4085.7399650524335,4259.445257571805,4433.15055009118] [-22.56491158586374,-2.706403601610589,-1.9802877546267723,-1.3945848295856536,-0.9306606280693472,-0.5736081118620291,-0.31128365992799445,-0.13364141603148028,-0.03226035033338803,0.0,-0.034141343193766716,-0.13220848476100855,-0.2888568409089771,-0.49942833830760947,-0.75983470059316,-1.0664650275580811,-1.4161117626489386,-1.805910768402157,-2.2332923590259384,-2.695940938407432] False 58542.00000212926 58543.00000212926
311.3149665447022 358.7979888064861 413.52331434760555 1.6629588439484558e-12 8.391734360788903e-13 1.1813174370735417e-12 1.2114006850524967e-10 4.3200561917746116e-08 0.007822039326421892 3.398677213244711e-09 8.684560475214109e-10 9.26368106323517e-10 8.105439887193049e-10 5.005012890529459e-09 0.00043753209875191135 0.0001118015549299749 0.00011925692154495834 0.00010434618831499146 0.0006443253233169135 2877.0228107901303 735.1589168723547 784.182199679024 686.1356340656853 4236.806072149663 41.75887148892775 -416.9484709782284 [0.0,1402.560373130105,1586.8681778376078,1771.1759825451106,1955.4837872526143,2139.7915919601173,2324.0993966676197,2508.407201375124,2692.7150060826257,2877.0228107901303,3077.8991182307363,3278.7754256713447,3479.6517331119544,3680.5280405525614,3881.4043479931715,4082.280655433779,4283.156962874385,4484.033270314994,4684.909577755602,4885.785885196208] [-20.879435744463876,-2.702787834194737,-1.966777280190911,-1.3784845150448177,-0.9161452386171618,-0.5627145060724388,-0.3045602233014506,-0.1305861995678015,-0.031624084890324866,0.0,-0.03462959327481485,-0.13440416863750215,-0.29323868389468544,-0.5059034530897861,-0.7678670934630532,-1.0751744734616864,-1.424350607301733,-1.8123240807641992,-2.236365383432542,-2.6940367608330575] False 58542.00000212926 58543.00000212926
413.52331434760555 476.5900816815941 549.2752115212968 8.378661027110915e-13 4.2304505030484485e-13 5.95361325222036e-13 8.108749676816088e-11 3.841103729001641e-08 0.005927955634883644 2.038337084876422e-09 5.222795961892063e-10 5.582749698111158e-10 4.862842225672967e-10 3.0094169626693737e-09 0.0004629840247612906 0.00011862959825854335 0.00012680551924624812 0.0001104536772708386 0.0006835532689363975 3423.697506915215 877.2481081038068 937.7078190339471 816.7883971736665 5054.774025751559 49.31394245775414 -345.83479666808677 [0.0,1690.2068303616936,1906.8931649308838,2123.579499500074,2340.2658340692637,2556.952168638454,2773.6385032076437,2990.3248377768346,3207.0111723460227,3423.697506915215,3665.2665415385945,3906.835576161971,4148.404610785349,4389.973645408728,4631.542680032108,4873.111714655487,5114.680749278863,5356.249783902241,5597.8188185256195,5839.387853149001] [-24.65697122887707,-2.7011321862608497,-1.9580877213278427,-1.3678049102637146,-0.9063729753851817,-0.5552846274708259,-0.29989327680021916,-0.1283901486679042,-0.031102780790376983,0.0,-0.03512482189688626,-0.13627223441739034,-0.2968075351290622,-0.5110837590672759,-0.7742515275540995,-1.0821130196064246,-1.431008240360029,-1.8177253191418572,-2.2394289501439175,-2.6936027136678717] False 58542.00000212926 58543.00000212926
549.2752115212968 633.0528961793416 729.6086933380817 4.2259776081719637e-13 2.1346801664211985e-13 3.003516369841317e-13 5.434088950982835e-11 3.419232160489652e-08 0.004374523252408349 9.875128615665684e-10 3.010477320781608e-10 3.2410422755955815e-10 2.7799123659676346e-10 1.5568953117784512e-09 0.0003957516740936167 0.00012064667569292968 0.0001298867038896458 0.00011140664749621358 0.000623935089865451 3287.8557662688595 1002.3176004666353 1079.082607352932 925.5525935803388 5183.575250035031 36.95865365912914 -300.4914094716487 [0.0,1386.9912232007562,1624.5992910842697,1862.2073589677823,2099.815426851295,2337.4234947348095,2575.0315626183224,2812.639630501833,3050.247698385346,3287.8557662688595,3570.7908150109865,3853.725863753114,4136.660912495245,4419.595961237368,4702.531009979498,4985.466058721625,5268.401107463752,5551.336156205882,5834.271204948009,6117.206253690135] [-18.47932682956457,-2.6974737497786805,-1.9259322761395765,-1.3283077459766446,-0.8706133111724057,-0.5282499508854812,-0.2827849259828099,-0.12001696795084627,-0.028752724567652876,0.0,-0.0372005052497002,-0.14257991279555426,-0.3079299080435476,-0.5264875934747124,-0.7926098688574825,-1.101535432573769,-1.4492073844946276,-1.8321386993662827,-2.247308637269896,-2.6920818782007245] False 58542.00000212926 58543.00000212926
729.6086933380817 840.8915725798939 969.1477682383326 2.1334922867370613e-13 1.0782374395016672e-13 1.5167106713041657e-13 3.644955790889336e-11 3.0464864085401447e-08 0.003182982755507699 5.252179528985739e-10 1.6562913368694497e-10 1.8028314181317042e-10 1.5097512556071958e-10 8.473336865803141e-10 0.0003713808985363168 0.00011711613465034772 0.00012747796382058373 0.00010675430548011172 0.000599148494726067 3462.8750415987897 1092.0285379447246 1188.6455684929765 995.4115073964728 5586.653424490789 53.26106003984853 -178.90722517996142 [0.0,1452.59144406102,1703.8768937532407,1955.1623434454632,2206.4477931376828,2457.7332428299037,2709.018692522125,2960.3041422143456,3211.589591906568,3462.8750415987897,3782.6585888745985,4102.4421361504055,4422.2256834262125,4742.009230702021,5061.792777977829,5381.576325253639,5701.359872529445,6021.143419805256,6340.9269670810645,6660.710514356869] [-26.630530019924265,-2.6947160570254596,-1.8996212482910835,-1.2967877254595521,-0.842947386648035,-0.5081658887509946,-0.2708376184207282,-0.11483606995727769,-0.027791709179155077,0.0,-0.03823561354647609,-0.14728230755943628,-0.3171720384843013,-0.5399322523514911,-0.8090824606829017,-1.1192809192349387,-1.4660705541199093,-1.8456923513608103,-2.2549457264913713,-2.6910823140254365] False 58542.00000212926 58543.00000212926
969.1477682383326 1116.9661194245136 1287.3303254983532 1.078177779133756e-13 5.45169329164097e-14 7.666742832324454e-14 2.447333813286722e-11 2.7170981300111442e-08 0.0022798205862399057 2.6353942802086057e-10 1.04250277349311e-10 1.1435957320175523e-10 9.414098149686678e-11 4.707027206840886e-10 0.00032879529862047383 0.00013006403379467273 0.00014267652587454478 0.00011745154171480067 0.0005872549802929067 3437.43665053858 1359.7727174279526 1491.631788138157 1227.9136467177482 6139.539710390648 35.92060791519219 -232.22592174157438 [0.0,1085.3744926938036,1379.382262424401,1673.3900321549984,1967.3978018855953,2261.405571616192,2555.413341346791,2849.421111077387,3143.428880807985,3437.43665053858,3848.181392068488,4258.926133598395,4669.670875128304,5080.415616658208,5491.1603581881145,5901.905099718024,6312.649841247927,6723.394582777837,7134.139324307742,7544.884065837654] [-17.960303957596096,-2.696789325293139,-1.8436153408835025,-1.2305760299950634,-0.7861253975393936,-0.46728242236139295,-0.24606108921119585,-0.10314414588626164,-0.024594278086908616,0.0,-0.041151728307454505,-0.155738123309078,-0.33153290395230783,-0.5592159727022192,-0.8315071181597489,-1.142602711999814,-1.4877958961570528,-1.8632125440637992,-2.265622851089148,-2.6923038230687553] False 58542.00000212926 58543.00000212926
1287.3303254983532 1483.6791717563765 1709.9759409858673 5.454125051462725e-14 2.7592041602891495e-14 3.8793098010771525e-14 1.644862423868117e-11 2.425754388191351e-08 0.0016044988783314867 1.5089355470233515e-10 6.604392215945355e-11 7.312847521152024e-11 5.895936910738686e-11 2.8546550164098045e-10 0.00033216256814299873 0.00014538274241067306 0.00016097799656557683 0.00012978748825576928 0.0006283963177111771 3889.701066422618 1702.465787628392 1885.0898474572707 1519.8417277995134 7358.66729596374 28.03433989283303 -130.01617243477608 [0.0,1077.0252230562883,1428.6097034770787,1780.194183897871,2131.778664318662,2483.363144739453,2834.9476251602455,3186.532105581036,3538.116586001828,3889.701066422618,4419.828181887293,4949.955297351971,5480.082412816647,6010.209528281319,6540.336643745994,7070.4637592106665,7600.590874675346,8130.717990140021,8660.8451056047,9190.972221069373] [-14.017169946416516,-2.6958305011765162,-1.8167543113001443,-1.2017196879200753,-0.7637526042931881,-0.453410036888954,-0.2397430903299096,-0.10202747692147796,-0.02567260633816204,0.0,-0.039819572768720946,-0.15660417515795189,-0.3358923877823088,-0.56703067510648,-0.8419336306123455,-1.1543129269473127,-1.4991767022119973,-1.8724927093564645,-2.270954712589173,-2.6918162415172446] False 58542.00000212926 58543.00000212926
