data/PKS1830-211_allsed_1d_min11.ecsv
# %ECSV 1.0
# ---
# datatype:
# - {name: e_min, unit: MeV, datatype: float64}
# - {name: e_ref, unit: MeV, datatype: float64}
# - {name: e_max, unit: MeV, datatype: float64}
# - {name: ref_dnde_e_min, unit: ph / (MeV s cm2), datatype: float64}
# - {name: ref_dnde_e_max, unit: ph / (MeV s cm2), datatype: float64}
# - {name: ref_dnde, unit: ph / (MeV s cm2), datatype: float64}
# - {name: ref_flux, unit: ph / (s cm2), datatype: float64}
# - {name: ref_eflux, unit: MeV / (s cm2), datatype: float64}
# - {name: ref_npred, datatype: float64}
# - {name: dnde, unit: ph / (MeV s cm2), datatype: float64}
# - {name: dnde_err, unit: ph / (MeV s cm2), datatype: float64}
# - {name: dnde_errp, unit: ph / (MeV s cm2), datatype: float64}
# - {name: dnde_errn, unit: ph / (MeV s cm2), datatype: float64}
# - {name: dnde_ul, unit: ph / (MeV s cm2), datatype: float64}
# - {name: e2dnde, unit: MeV / (s cm2), datatype: float64}
# - {name: e2dnde_err, unit: MeV / (s cm2), datatype: float64}
# - {name: e2dnde_errp, unit: MeV / (s cm2), datatype: float64}
# - {name: e2dnde_errn, unit: MeV / (s cm2), datatype: float64}
# - {name: e2dnde_ul, unit: MeV / (s cm2), datatype: float64}
# - {name: norm, datatype: float64}
# - {name: norm_err, datatype: float64}
# - {name: norm_errp, datatype: float64}
# - {name: norm_errn, datatype: float64}
# - {name: norm_ul, datatype: float64}
# - {name: ts, datatype: float64}
# - {name: loglike, datatype: float64}
# - {name: norm_scan, datatype: string, subtype: 'float64[20]'}
# - {name: dloglike_scan, datatype: string, subtype: 'float64[20]'}
# - {name: ShowUL, datatype: bool}
# - {name: tstart, datatype: float64}
# - {name: tend, datatype: float64}
# meta: !!omap
# - {UL_CONF: 0.95}
# - {EXTNAME: SED}
# - {CONFIG: '{"bin_index": 2.0, "use_local_index": true, "free_background": false, "free_radius": null, "free_pars": [], "ul_confidence":
#     0.95, "cov_scale": 3.0, "make_plots": false, "write_fits": true, "write_npy": true, "optimizer": {"optimizer": "MINUIT", "tol":
#     0.001, "max_iter": 100, "init_lambda": 0.0001, "retries": 3, "min_fit_quality": 2, "verbosity": 0}, "prefix": "", "outfile": null,
#     "loge_bins": []}'}
# - {SRCNAME: 4FGL J1833.6-2103}
# - {CREATOR: fermipy 1.2.0}
# - {STVER: 2.2.0}
# schema: astropy-2.0
e_min e_ref e_max ref_dnde_e_min ref_dnde_e_max ref_dnde ref_flux ref_eflux ref_npred dnde dnde_err dnde_errp dnde_errn dnde_ul e2dnde e2dnde_err e2dnde_errp e2dnde_errn e2dnde_ul norm norm_err norm_errp norm_errn norm_ul ts loglike norm_scan dloglike_scan ShowUL tstart tend
[from data line 2387]
1709.9759409858673 1970.7884119509856 2271.3810595726877 2.5576113800828492e-14 1.2429575656021023e-14 1.7829757190562082e-14 1.0056010317508232e-11 1.9680314325448384e-08 0.0005685980723168782 9.373529472901808e-11 5.4123521067459196e-11 6.154120508151567e-11 4.670583705340273e-11 2.1253238912514366e-10 0.00036406853756386565 0.00021021613277903177 0.0002390264691514247 0.0001814057964066388 0.0008254772795821988 5257.2389924993195 3035.572525693658 3451.6008504081924 2619.5442009791236 11920.094415960108 27.637123228221085 -21.76698770417299 [0.0,925.3138076059232,1466.8044557175979,2008.2951038292722,2549.7857519409463,3091.2764000526204,3632.7670481642967,4174.2576962759695,4715.748344387645,5257.2389924993195,6310.51921586987,7363.7994392404225,8417.079662610977,9470.359885981523,10523.640109352076,11576.920332722628,12630.200556093185,13683.480779463735,14736.76100283428,15790.041226204834] [-13.818561614110543,-2.69750238048562,-1.6461384336294067,-1.0220041942675664,-0.6198085100514916,-0.3539194304776814,-0.18033804654673702,-0.07343772916640745,-0.016974275204091782,0.0,-0.0528264885827916,-0.18988665820113937,-0.3886302840428577,-0.6345026809583771,-0.917561212758212,-1.23071152565932,-1.5687138226683537,-1.9275879526300557,-2.304239436138147,-2.6962147387252244] False 59905.699990555186 59906.699990555186
2271.3810595726877 2617.821317854317 3017.1020504598932 1.1919539426201157e-14 5.709313753979576e-15 8.249387273435058e-15 6.183505315794813e-12 1.60691450214102e-08 0.0003511571823800602 4.6865984354774395e-11 3.334505996335819e-11 3.8877268658459774e-11 2.7812851268256618e-11 1.2441565600210822e-10 0.0003211720495848412 0.00022851331086722748 0.00026642547316998826 0.00019060114856446673 0.000852619053856892 5681.147314503437 4042.125658318531 4712.7462161527565 3371.505100484306 15081.805700013081 16.258967546831187 -35.19410595317093 [0.0,570.039685884545,1208.9281394619056,1847.816593039268,2486.7050466166284,3125.593500193988,3764.4819537713506,4403.370407348712,5042.258860926074,5681.147314503437,7186.422244950892,8691.697175398353,10196.972105845813,11702.247036293269,13207.52196674072,14712.79689718819,16218.071827635637,17723.346758083095,19228.621688530548,20733.896618978015] [-8.129483773415593,-2.669287581317775,-1.4721822228683408,-0.8734113233611609,-0.5156988069115442,-0.2892222862984113,-0.14545912979765774,-0.058645316587330854,-0.013448454124088016,0.0,-0.0588822653758001,-0.20626480144545667,-0.4138660469717337,-0.6651121760186882,-0.9494516695088606,-1.2597503259924991,-1.5909583158552607,-1.9393697799650198,-2.302184533168443,-2.6772350483331593] False 59905.699990555186 59906.699990555186
100.0 115.25240587974294 132.83117061068992 9.047569349476693e-12 5.191484178921038e-12 6.853489121279691e-12 2.2494403430718664e-10 2.5845994617746373e-08 0.004426973962895331 6.902669533160196e-08 1.2538342913588003e-08 1.3288248676756453e-08 1.1788437150419552e-08 9.1865689789111e-08 0.0009168896744284141 0.00016654827667301445 0.00017650936270995125 0.0001565871906360776 0.001220262711364613 10071.759670162459 1829.4831569305577 1938.9027167924148 1720.0635970687003 13404.222019390576 68.81609255107378 -443.43728521699416 [0.0,6225.942289638537,6706.66946220403,7187.396634769521,7668.1238073350105,8148.850979900502,8629.57815246599,9110.305325031479,9591.03249759697,10071.759670162459,10552.271481084174,11032.783292005888,11513.295102927603,11993.806913849314,12474.318724771032,12954.830535692752,13435.342346614458,13915.854157536172,14396.365968457887,14876.877779379607] [-34.40804627553689,-2.6992818570701047,-2.012690950070919,-1.4434796288436473,-0.98134583681707,-0.6173563296069915,-0.3437069905814383,-0.15353445195415816,-0.04076620426235422,0.0,-0.026379641641028684,-0.11553874094227012,-0.2635695740146957,-0.4669337944513927,-0.7224160304897396,-1.0270846817600159,-1.3782585979172381,-1.7734785972148188,-2.210482994312656,-2.6871864699239723] False 58564.699990555186 58565.699990555186
132.83117061068992 153.091119887046 176.4411988580621 6.086530221763949e-12 3.4151844180952647e-12 4.559234932928351e-12 1.9887646094485718e-10 3.033699481624988e-08 0.005698260006223491 3.210596458293928e-08 6.0399821594042684e-09 6.403134499737161e-09 5.676829819071375e-09 4.3051167931637116e-08 0.0007524639920036021 0.00014155840344105283 0.0001500695652535699 0.00013304724162853572 0.0010089855297314796 7041.96319234594 1324.779759819231 1404.4317947933628 1245.127724845099 9442.629863336693 70.0005146554646 -424.5124459185606 [0.0,4257.106179402437,4605.213306020373,4953.320432638314,5301.427559256252,5649.534685874189,5997.641812492128,6345.748939110068,6693.856065728001,7041.96319234594,7390.191538876093,7738.419885406253,8086.648231936405,8434.876578466557,8783.10492499671,9131.333271526866,9479.56161805702,9827.789964587173,10176.018311117326,10524.24665764748] [-35.0002573277323,-2.695934683615917,-1.9968132383723969,-1.4216396752696596,-0.9582393855154692,-0.5962301440231386,-0.3266780528581421,-0.14183350477992462,-0.034925601692862074,0.0,-0.03181163994446479,-0.12569569135212078,-0.2774614368981929,-0.4833467316900055,-0.7399601128125823,-1.0442325093954992,-1.393376684590521,-1.7848529549365821,-2.2163400444425747,-2.6857101680145092] False 58564.699990555186 58565.699990555186
176.4411988580621 203.35272664697808 234.36890988269914 3.9154093326062196e-12 2.148356313744099e-12 2.9002921164250196e-12 1.6814340949662352e-10 3.40517554989836e-08 0.006391032379857688 2.5564564887877386e-08 3.972038238666215e-09 4.187056476366825e-09 3.757020000965605e-09 3.268666186791873e-08 0.0010571543602289491 0.00016425304171686803 0.0001731445471467818 0.0001553615362869543 0.0013516696750581262 8814.479321961873 1369.5304056345396 1443.66715775096 1295.3936535181194 11270.127475369347 123.558038749346 -559.7996012934832 [0.0,5899.698236851787,6264.045872490546,6628.393508129307,6992.7411437680685,7357.0887794068285,7721.436415045585,8085.7840506843495,8450.131686323111,8814.479321961873,9169.58479190432,9524.690261846763,9879.795731789212,10234.901201731656,10590.006671674102,10945.112141616546,11300.21761155899,11655.32308150144,12010.428551443893,12365.534021386335] [-61.779019374673,-2.7047212503208584,-2.0144628273166063,-1.4417857134287715,-0.9768344834512845,-0.6110042504456032,-0.33673223000096186,-0.14733164173867408,-0.03685793484737587,0.0,-0.030364210166226258,-0.12214421524367935,-0.2717275308940543,-0.47582611657617235,-0.7314376428604419,-1.0358124631744658,-1.38642530022571,-1.7809508534886618,-2.217242686856025,-2.693314875412625] False 58564.699990555186 58565.699990555186
234.36890988269914 270.1158072739371 311.3149665447022 2.4085412416532622e-12 1.292313828048407e-12 1.7642537096498902e-12 1.359451965585106e-10 3.655056508267456e-08 0.006350119804479054 1.3354407306990407e-08 2.1538548487890405e-09 2.276971159280097e-09 2.030738538297984e-09 1.72404750231909e-08 0.000974371602032738 0.0001571507406743548 0.000166133620553025 0.0001481678607956846 0.0012579090095116861 7569.436999874883 1220.8305625251967 1290.6143525876182 1151.0467724627752 9772.106431683349 128.04067978536068 -453.05205126003875 [0.0,5007.238264633026,5327.513106538258,5647.787948443488,5968.062790348725,6288.337632253955,6608.6124741591875,6928.88731606442,7249.162157969653,7569.436999874883,7888.312577162986,8207.188154451094,8526.063731739197,8844.9393090273,9163.814886315413,9482.690463603512,9801.56604089162,10120.44161817972,10439.317195467831,10758.192772755932] [-64.02033989268034,-2.7031500610818284,-2.0080407777296045,-1.4338555486629048,-0.9695300667343076,-0.6054953977339892,-0.33341593914155965,-0.14598293414519503,-0.03674988619684427,0.0,-0.03036475401233929,-0.1230270476937676,-0.2739367782295403,-0.4794369467352908,-0.7362136387203577,-1.0412537896605158,-1.3918093159887235,-1.7853664864145458,-2.219619634968126,-2.692448492809092] False 58564.699990555186 58565.699990555186
311.3149665447022 358.7979888064861 413.52331434760555 1.4167738406531016e-12 7.433600151911303e-13 1.0262421856999854e-12 1.0510791528864792e-10 3.7517710123329505e-08 0.00573209669562251 4.4704896411358575e-09 1.0175032054917613e-09 1.0821259502017316e-09 9.528804607817913e-10 6.339648286086712e-09 0.0005755129400086446 0.00013098928937725903 0.00013930856283161233 0.0001226700159229057 0.0008161409412906073 4356.174111169089 991.4844855044978 1054.4547527673778 928.5142182416179 6177.536233089586 64.88968812326118 -341.5054240377644 [0.0,2359.225373082997,2608.8439653437576,2858.462557604519,3108.0811498652806,3357.6997421260444,3607.3183343868054,3856.9369266475665,4106.555518908327,4356.174111169089,4624.992471234017,4893.810831298944,5162.62919136387,5431.447551428797,5700.265911493728,5969.084271558653,6237.9026316235795,6506.720991688506,6775.539351753433,7044.357711818362] [-32.44484406163059,-2.703586226731659,-1.9724290741626191,-1.3850667932303509,-0.9217020565686767,-0.5664874822047068,-0.306524083241527,-0.13116129642901342,-0.0314950827378766,0.0,-0.03497500992835967,-0.1347088833538237,-0.29330597417862236,-0.5056653512152138,-0.7673419707232938,-1.0744371696821986,-1.4235113040235206,-1.8115133338280316,-2.235723533730379,-2.6937064803301496] False 58564.699990555186 58565.699990555186
413.52331434760555 476.5900816815941 549.2752115212968 7.969210032141028e-13 4.0890517116625027e-13 5.708459680380017e-13 7.770779013087879e-11 3.682405877293326e-08 0.004811052441641955 4.169834747466692e-09 7.77926574105276e-10 8.200272122728371e-10 7.358259359377149e-10 5.573998774473912e-09 0.0009471283666943896 0.0001766967686160991 0.00018625942782907122 0.00016713410940312698 0.0012660675242421404 7304.65831579475 1362.7609156617339 1436.5122260410662 1289.0096052824015 9764.453261589555 128.58561432964063 -390.3069129583468 [0.0,4523.322586156458,4870.989552361244,5218.656518566029,5566.323484770817,5913.990450975606,6261.6574171803895,6609.324383385175,6956.991349589964,7304.65831579475,7664.199275471844,8023.7402351489345,8383.28119482603,8742.822154503125,9102.363114180218,9461.904073857311,9821.4450335344,10180.9859932115,10540.526952888591,10900.067912565688] [-64.29280716482032,-2.686101384060578,-1.9777633262432914,-1.4003557866614642,-0.9390223009291958,-0.5813690198996824,-0.31694148992284,-0.13683450624290572,-0.033396175458108246,0.0,-0.03299346751174426,-0.1291202622912806,-0.2834579727443156,-0.4916542616434185,-0.7498408797459319,-1.0545634382860953,-1.4027235778873433,-1.7915309829881494,-2.218463285378391,-2.6812323412447654] False 58564.699990555186 58565.699990555186
549.2752115212968 633.0528961793416 729.6086933380817 4.286715132304246e-13 2.1507681980132953e-13 3.0364009255205916e-13 5.494827804101032e-11 3.456899066540509e-08 0.0037698715532290886 1.430888178702559e-09 3.7937246318963424e-10 4.0743429108217376e-10 3.513106352970948e-10 2.1449806158071303e-09 0.0005734369791032146 0.000152035779234452 0.0001632817242735697 0.00014078983419533433 0.0008596137859484535 4712.448104847131 1249.4149240999548 1341.832982784772 1156.9968654151378 7064.220662623376 60.37068346101512 -279.96039950699253 [0.0,2295.635653453013,2597.737209877277,2899.838766301543,3201.940322725808,3504.0418791500715,3806.143435574337,4108.2449919986,4410.346548422867,4712.448104847131,5061.45808270424,5410.468060561347,5759.478038418453,6108.488016275557,6457.497994132662,6806.5079719897785,7155.517949846882,7504.527927703989,7853.5379055610965,8202.547883418201] [-30.18534173050756,-2.6954310859333646,-1.9447368506230305,-1.3536937503993158,-0.8949457112476011,-0.5478254911928957,-0.2963059047092429,-0.12768642766377525,-0.031717909661324484,0.0,-0.0342686520050961,-0.13607803070732416,-0.29801614872667415,-0.5138640950405602,-0.7783490766743739,-1.0869588111736448,-1.4357997332943455,-1.821487086803529,-2.2410586136118127,-2.6919059724921794] False 58564.699990555186 58565.699990555186
729.6086933380817 840.8915725798939 969.1477682383326 2.2048610334360355e-13 1.0817700858685215e-13 1.5443939618725092e-13 3.715264542431587e-11 3.10308303944004e-08 0.0027839586535215594 7.954331147350559e-10 2.3513779529654247e-10 2.585975658612164e-10 2.1167802473186855e-10 1.238767917496465e-09 0.000562449671123282 0.00016626561452278107 0.00018285398630954464 0.00014967724273601748 0.0008759311058177811 5150.454705032831 1522.5246996656754 1674.4274598670295 1370.6219394643213 8021.061646696117 54.72837627061671 -226.90534946025434 [0.0,2296.256486334183,2653.0312636715125,3009.8060410088447,3366.580818346176,3723.355595683509,4080.130373020839,4436.905150358169,4793.679927695501,5150.454705032831,5578.070427459331,6005.686149885828,6433.301872312325,6860.917594738825,7288.533317165317,7716.149039591818,8143.764762018322,8571.380484444817,8998.996206871316,9426.611929297811] [-27.364188135308353,-2.6966653313498057,-1.9228873546254022,-1.3247728476226825,-0.8674938502940108,-0.5259384457962994,-0.28135544710727345,-0.119343346172883,-0.028582180181842887,0.0,-0.03737694001185332,-0.14317425158694164,-0.30901420424916637,-0.5280137837539769,-0.7944439282496489,-1.1034814869623233,-1.4510250116601924,-1.8335555171059923,-2.2480295721955486,-2.691796059469368] False 58564.699990555186 58565.699990555186
969.1477682383326 1116.9661194245136 1287.3303254983532 1.0844445414444575e-13 5.202904518147593e-14 7.511498788099377e-14 2.4022205334717153e-11 2.663714766464637e-08 0.0019347284220170846 2.8961743892195086e-10 1.1671738687950526e-10 1.2812327971892398e-10 1.0531149404008652e-10 5.221221958188388e-10 0.00036133057216964937 0.00014561816560598525 0.0001598483093470309 0.00013138802186493957 0.0006514066019641051 3855.654471791938 1553.8495068976515 1705.6952724523144 1402.0037413429886 6950.9722433297575 27.2968790830613 -157.2578350306155 [0.0,1155.5425271712693,1493.0565202488526,1830.5705133264369,2168.0845064040195,2505.598499481603,2843.112492559187,3180.6264856367698,3518.1404787143533,3855.654471791938,4327.218987255912,4798.783502719885,5270.348018183858,5741.912533647833,6213.477049111805,6685.041564575779,7156.606080039756,7628.170595503728,8099.735110967704,8571.299626431675] [-13.64843954153065,-2.693286988219967,-1.84049256679711,-1.2276071972411842,-0.783349500723233,-0.46483558189089536,-0.24408859230402413,-0.10176384334567956,-0.023884813503713076,0.0,-0.042146192532896976,-0.15766034424663644,-0.33424939799246545,-0.5625433273282852,-0.8352253575661734,-1.1464656519774508,-1.4915390851398627,-1.866559328092734,-2.2682889989812054,-2.6940010510178354] False 58564.699990555186 58565.699990555186
