data/PKS1510-089_allsed_14d_min11.ecsv
# %ECSV 1.0
# ---
# datatype:
# - {name: e_min, unit: MeV, datatype: float64}
# - {name: e_ref, unit: MeV, datatype: float64}
# - {name: e_max, unit: MeV, datatype: float64}
# - {name: ref_dnde_e_min, unit: ph / (cm2 MeV s), datatype: float64}
# - {name: ref_dnde_e_max, unit: ph / (cm2 MeV s), datatype: float64}
# - {name: ref_dnde, unit: ph / (cm2 MeV s), datatype: float64}
# - {name: ref_flux, unit: ph / (cm2 s), datatype: float64}
# - {name: ref_eflux, unit: MeV / (cm2 s), datatype: float64}
# - {name: ref_npred, datatype: float64}
# - {name: dnde, unit: ph / (cm2 MeV s), datatype: float64}
# - {name: dnde_err, unit: ph / (cm2 MeV s), datatype: float64}
# - {name: dnde_errp, unit: ph / (cm2 MeV s), datatype: float64}
# - {name: dnde_errn, unit: ph / (cm2 MeV s), datatype: float64}
# - {name: dnde_ul, unit: ph / (cm2 MeV s), datatype: float64}
# - {name: e2dnde, unit: MeV / (cm2 s), datatype: float64}
# - {name: e2dnde_err, unit: MeV / (cm2 s), datatype: float64}
# - {name: e2dnde_errp, unit: MeV / (cm2 s), datatype: float64}
# - {name: e2dnde_errn, unit: MeV / (cm2 s), datatype: float64}
# - {name: e2dnde_ul, unit: MeV / (cm2 s), datatype: float64}
# - {name: norm, datatype: float64}
# - {name: norm_err, datatype: float64}
# - {name: norm_errp, datatype: float64}
# - {name: norm_errn, datatype: float64}
# - {name: norm_ul, datatype: float64}
# - {name: ts, datatype: float64}
# - {name: loglike, datatype: float64}
# - {name: norm_scan, datatype: string, subtype: 'float64[20]'}
# - {name: dloglike_scan, datatype: string, subtype: 'float64[20]'}
# - {name: ShowUL, datatype: bool}
# - {name: tstart, datatype: float64}
# - {name: tend, datatype: float64}
# meta: !!omap
# - {UL_CONF: 0.95}
# - {EXTNAME: SED}
# - {CONFIG: '{"bin_index": 2.0, "use_local_index": true, "free_background": false, "free_radius": null, "free_pars": [], "ul_confidence":
#     0.95, "cov_scale": 3.0, "make_plots": false, "write_fits": true, "write_npy": true, "optimizer": {"optimizer": "MINUIT", "tol":
#     0.001, "max_iter": 100, "init_lambda": 0.0001, "retries": 3, "min_fit_quality": 2, "verbosity": 0}, "prefix": "", "outfile": null,
#     "loge_bins": []}'}
# - {SRCNAME: 4FGL J1512.8-0906}
# - {CREATOR: fermipy 1.2.0}
# - {STVER: 2.2.0}
# schema: astropy-2.0
e_min e_ref e_max ref_dnde_e_min ref_dnde_e_max ref_dnde ref_flux ref_eflux ref_npred dnde dnde_err dnde_errp dnde_errn dnde_ul e2dnde e2dnde_err e2dnde_errp e2dnde_errn e2dnde_ul norm norm_err norm_errp norm_errn norm_ul ts loglike norm_scan dloglike_scan ShowUL tstart tend
[from data line 519]
176.4411988580621 203.35272664697808 234.36890988269914 4.019226039121057e-12 2.195894928131442e-12 2.970824477198162e-12 1.7225204549266183e-10 3.488029205339562e-08 0.09429105792226378 3.0864753870012538e-09 3.9801802974617043e-10 4.147091476017463e-10 3.813269118905946e-10 3.7831207961596605e-09 0.00012763295316850682 1.6458973483074042e-05 1.7149190120654467e-05 1.576875684549362e-05 0.00015644086502052967 1038.9288935414197 133.9756127637498 139.59395810312765 128.357267424372 1273.4245409636553 131.51227468886327 -1036.7663130370586 [0.0,744.8461310195241,781.606476334761,818.3668216499984,855.127166965235,891.887512280472,928.6478575957092,965.4082029109461,1002.1685482261827,1038.9288935414197,1072.660239599876,1106.3915856583324,1140.1229317167888,1173.8542777752446,1207.5856238337008,1241.3169698921574,1275.0483159506132,1308.7796620090694,1342.5110080675256,1376.2423541259816] [-65.75613734443164,-2.7035366397251437,-2.0290990086862166,-1.4621332995020566,-0.9963162334549907,-0.6259037352820087,-0.345659921385959,-0.15079686164267514,-0.036923185741216,0.0,-0.03062822604078974,-0.12024106644707899,-0.26635127105441825,-0.46663587555531194,-0.7189215566440907,-1.0211716161604727,-1.3714743786529198,-1.7680328196645405,-2.209155269269786,-2.693247058043653] False 58574.65603222185 58588.65603222185
234.36890988269914 270.1158072739371 311.3149665447022 2.2967442674113697e-12 1.2438434685929345e-12 1.6902042350106404e-12 1.302056306738817e-10 3.50150998500075e-08 0.08638764305991431 1.7242203217976976e-09 2.283291939193008e-10 2.3858520187797743e-10 2.1807318596062415e-10 2.126027612334581e-09 0.0001258035103009033 1.6659480076928332e-05 1.7407784563637023e-05 1.5911175590219638e-05 0.00015512039456157131 1020.1254298637122 135.08970643294086 141.15761689383973 129.02179597204199 1257.8524939746096 138.941576441797 -907.1136307459471 [0.0,724.7885501444354,761.7056601093452,798.622770074255,835.539880039164,872.4569900040742,909.3740999689833,946.2912099338929,983.2083198988031,1020.1254298637122,1054.3966227819378,1088.6678157001627,1122.9390086183885,1157.2102015366133,1191.4813944548387,1225.7525873730644,1260.023780291289,1294.2949732095146,1328.566166127739,1362.837359045965] [-69.4707882208985,-2.7089245068953005,-2.0297220486671677,-1.4603454597375958,-0.9937429556922552,-0.6235675338974715,-0.3440827579715915,-0.1500840999212869,-0.03683281566020469,0.0,-0.030735471161733585,-0.12098172887613146,-0.268028667124554,-0.4693593567440075,-0.7226314574598973,-1.0256608611942966,-1.3764072482866823,-1.7729612905380918,-2.2135332776095993,-2.69644297824766] False 58574.65603222185 58588.65603222185
311.3149665447022 358.7979888064861 413.52331434760555 1.2895873971715303e-12 6.922896421956208e-13 9.448640101982183e-13 9.670876833657008e-11 3.453833118342747e-08 0.07456770603424634 9.514973962516725e-10 1.3186663565139267e-10 1.377099471933052e-10 1.2602332410948017e-10 1.180584301829371e-09 0.00012249196573202144 1.6975982781496713e-05 1.7728227317291696e-05 1.6223738245701733e-05 0.00015198369686888314 1007.0204664182974 139.56149692242911 145.7457853267326 133.37720851812566 1249.4753626838874 137.70816748976426 -805.0297639215379 [0.0,699.6185287361111,738.0437709463844,776.4690131566572,814.8942553669309,853.319497577204,891.744739787477,930.1699819977507,968.5952242080238,1007.0204664182974,1042.2547493283694,1077.4890322384408,1112.7233151485125,1147.9575980585844,1183.191880968656,1218.4261638787268,1253.660446788799,1288.8947296988713,1324.129012608943,1359.3632955190149] [-68.85408374488213,-2.7060781800074665,-2.012773841458852,-1.4356058369093034,-0.9661962192351439,-0.5970900639073307,-0.3216207396220625,-0.1337993581845467,-0.028223308268707115,0.0,-0.03829747477300316,-0.13475357470349536,-0.28647802094212693,-0.49080150059046446,-0.7452530929307386,-1.0475405572880163,-1.3955330525008094,-1.787245932235919,-2.2208273202319333,-2.6945462180905224] False 58574.65603222185 58588.65603222185
413.52331434760555 476.5900816815941 549.2752115212968 7.114696317705256e-13 3.7861669582879936e-13 5.190127947974785e-13 7.057368138482299e-11 3.347214341358798e-08 0.06170104347061556 4.986759985757967e-10 7.447030845443381e-11 7.839561168518564e-11 7.054500522368199e-11 6.315872346353582e-10 0.000113268321802856 1.6915044812393657e-05 1.7806630753534576e-05 1.602345887125274e-05 0.00014345752822186422 960.8163875235145 143.48453294584485 151.04755117988185 135.92151471180787 1216.9010879236741 148.70548438353762 -651.4235137126977 [0.0,655.3547364968723,693.5374428752023,731.7201492535328,769.9028556318632,808.0855620101935,846.2682683885241,884.4509747668543,922.6336811451844,960.8163875235145,997.8725810991118,1034.9287746747084,1071.9849682503063,1109.041161825903,1146.0973554015,1183.1535489770972,1220.2097425526947,1257.2659361282908,1294.322129703889,1331.3783232794856] [-74.35274219176881,-2.7012042560520513,-2.0101164954066917,-1.43700005592666,-0.9720046273486105,-0.6065099330517114,-0.3329252825161575,-0.1445288294422653,-0.03533738245414497,0.0,-0.03176903198504988,-0.1246017123087313,-0.27489613800310053,-0.47937177581559354,-0.735031635977407,-1.0391299147920563,-1.3891441765724721,-1.7827513257235523,-2.217806760980011,-2.6923262152738516] False 58574.65603222185 58588.65603222185
549.2752115212968 633.0528961793416 729.6086933380817 3.8570273957061496e-13 2.0345015083264869e-13 2.8012725776369435e-13 5.061301072743934e-11 3.187920712167097e-08 0.048862939565025965 2.385850360170522e-10 4.2166819560404765e-11 4.439316142807129e-11 3.9940477692738234e-11 3.145827262788641e-10 9.561437738405532e-05 1.689860464780259e-05 1.7790824441108384e-05 1.6006384854496798e-05 0.00012607090541412875 851.7023224434449 150.5273706565722 158.4749794877863 142.5797618253581 1122.9993424782504 116.93966650580887 -465.8777556178503 [0.0,539.7734415080838,578.7645516250041,617.7556617419241,656.7467718588442,695.7378819757646,734.7289920926847,773.7201022096054,812.7112123265251,851.7023224434449,891.2236573569245,930.7449922704033,970.2663271838819,1009.7876620973614,1049.3089970108401,1088.8303319243187,1128.3516668377974,1167.873001751276,1207.3943366647552,1246.915671578234] [-58.46983325290444,-2.691427193373329,-1.991820149893556,-1.4173445312275703,-0.9552374161054331,-0.5946706277756562,-0.32637047385941287,-0.14232767934788626,-0.035572799822602974,0.0,-0.03106893772269359,-0.1247764867628689,-0.2767061998239342,-0.4829102302199999,-0.739843973794791,-1.044311864479596,-1.3934220954525927,-1.784548543495589,-2.215298552172044,-2.683485515122811] False 58574.65603222185 58588.65603222185
729.6086933380817 840.8915725798939 969.1477682383326 2.0544485517619444e-13 1.0741984644916965e-13 1.4855589788627972e-13 3.5662435571205255e-11 2.983089486358491e-08 0.037440206697417544 1.1641392163456596e-10 2.4405325588294696e-11 2.5912254757924357e-11 2.2898396418665035e-11 1.6131905863142225e-10 8.231612529652138e-05 1.7256972455019175e-05 1.8322520016672547e-05 1.6191424893365807e-05 0.00011406848645392724 783.6371580728578 164.28378768897545 174.42764054888158 154.13993482906932 1085.9148706092624 87.09715216787299 -402.21252201048947 [0.0,453.3698468937455,494.6532607911343,535.9366746885231,577.2200885859123,618.5035024833015,659.7869163806909,701.0703302780793,742.3537441754687,783.6371580728578,827.9554752771479,872.2737924814377,916.5921096857277,960.9104268900179,1005.2287440943074,1049.547061298598,1093.8653785028873,1138.1836957071773,1182.5020129114682,1226.8203301157582] [-43.548576083936496,-2.7044444891149624,-1.9873209856897347,-1.4061452952051923,-0.9438168456343874,-0.5863709995780937,-0.32224480863089866,-0.14174775449004073,-0.03667200672839499,0.0,-0.02988192384168542,-0.12516077094977618,-0.2802285003308498,-0.49019193618687495,-0.7507543634486069,-1.0581208845430297,-1.4089220016576292,-1.8001513436825007,-2.2291144892909642,-2.6933865808996984] False 58574.65603222185 58588.65603222185
969.1477682383326 1116.9661194245136 1287.3303254983532 1.0752408257743099e-13 5.572870711686314e-14 7.740916034919277e-14 2.469053688719988e-11 2.7428103197766486e-08 0.027735647471272884 7.09186305765593e-11 1.5471735481292098e-11 1.6445696777795464e-11 1.4497774184788731e-11 9.933280728518451e-11 8.847902757203053e-05 1.930274314530936e-05 2.0517870224143502e-05 1.808761606647522e-05 0.00012392893268159096 916.1529495559092 199.86956855621594 212.45155875104336 187.28757836138854 1283.217733367655 96.22112600102093 -311.4351819282493 [0.0,514.6881517669824,564.8712514905983,615.0543512142143,665.23745093783,715.4205506614459,765.6036503850619,815.7867501086776,865.9698498322941,916.1529495559092,970.2856272206866,1024.4183048854643,1078.5509825502413,1132.683660215019,1186.8163378797958,1240.9490155445735,1295.0816932093503,1349.2143708741282,1403.3470485389043,1457.4797262036825] [-48.11056300051047,-2.702522408892264,-1.9728481076504636,-1.3862928796897904,-0.9232677485176168,-0.568069136667134,-0.30789794985616936,-0.13217299162312202,-0.03203802567952607,0.0,-0.03444405862404665,-0.13380642841281087,-0.2921728138077242,-0.5044229789473889,-0.7660925315727809,-1.0732638283130314,-1.422478884458144,-1.8106691313673764,-2.235098228809136,-2.693315104709086] False 58574.65603222185 58588.65603222185
1287.3303254983532 1483.6791717563765 1709.9759409858673 5.529478209325281e-14 2.8408044370829e-14 3.963352902758535e-14 1.6796576490155685e-11 2.477969697942051e-08 0.019827301270776587 3.8011568366072884e-11 9.465176001033266e-12 1.0318135600895736e-11 8.612216401170795e-12 5.5709149367537e-11 8.367501310791604e-05 2.083572870047864e-05 2.27133519811512e-05 1.895810541980608e-05 0.00012263276691629717 959.0760474449916 238.8173910641519 260.33855309009215 217.29622903821164 1405.606584484638 83.07171892375584 -226.10347308398997 [0.0,500.65449508925576,557.9571891337227,615.2598831781897,672.5625772226566,729.8652712671236,787.1679653115905,844.4706593560575,901.7733534005245,959.0760474449916,1025.030201752944,1090.9843560608958,1156.938510368848,1222.892664676801,1288.8468189847542,1354.800973292706,1420.7551276006586,1486.7092819086113,1552.6634362165637,1618.6175905245166] [-41.53585946187792,-2.7005934046350717,-1.9574457748245493,-1.368421400870261,-0.9086934196706977,-0.5590963857780764,-0.3045110817441241,-0.1327901471206303,-0.034020046908466384,0.0,-0.032124043027010885,-0.13221100535741925,-0.29295013617687005,-0.5081730871334571,-0.7726254828274648,-1.0817931716102862,-1.4317681120529642,-1.8191434802365904,-2.2409306499195907,-2.6944927720718397] False 58574.65603222185 58588.65603222185
1709.9759409858673 1970.7884119509856 2271.3810595726877 2.794026272425773e-14 1.4228910146954503e-14 1.993889384559145e-14 1.1227465114266172e-11 2.1997176045091513e-08 0.013615987303202237 2.8310716685690548e-11 6.814776909997237e-12 7.40616802364654e-12 6.223385796347933e-12 4.093723065062689e-11 0.0001099590207823125 2.6468640981171675e-05 2.8765608185435597e-05 2.4171673776907747e-05 0.00015900048896175817 1419.8739862367097 341.783098038009 371.44327468717955 312.12292138883834 2053.134490190299 103.3011523782962 -196.63911795870564 [0.0,757.4293735767936,840.2349501592831,923.0405267417727,1005.846103324262,1088.6516799067515,1171.457256489242,1254.2628330717314,1337.0684096542204,1419.8739862367097,1513.7010458034647,1607.5281053702206,1701.3551649369754,1795.1822245037315,1889.0092840704863,1982.8363436372422,2076.663403203997,2170.490462770753,2264.317522337508,2358.1445819042633] [-51.6505761891481,-2.7037457991622205,-1.9551419730477448,-1.36235470525952,-0.9004848387038464,-0.5502238561974764,-0.2962870660472845,-0.1263618831914073,-0.030379942981824115,0.0,-0.036081668659164734,-0.1389223072844743,-0.30138196813362583,-0.5174205896388173,-0.781881979464174,-1.0903285116853851,-1.438912860041512,-1.8242772153311648,-2.24347319545177,-2.6938975402282495] False 58574.65603222185 58588.65603222185
2271.3810595726877 2617.821317854317 3017.1020504598932 1.387218109023854e-14 7.002770049871851e-15 9.856150073183818e-15 7.374173638006295e-12 1.9187067014933386e-08 0.009025892724939921 1.4628827846774702e-11 4.138552120278808e-12 4.478014092255949e-12 3.7990901483016655e-12 2.2553724783685895e-11 0.00010025118830335187 2.8361449889150278e-05 3.068777886307492e-05 2.6035120915225637e-05 0.0001545604154969786 1484.233472314528 419.89540434644954 454.337044282588 385.45376441031107 2288.2895061682434 88.53045756058003 -187.37014398170018 [0.0,694.9347698385966,793.5971076480877,892.2594454575795,990.9217832670705,1089.5841210765625,1188.246458886053,1286.9087966955442,1385.5711345050365,1484.233472314528,1604.837921577479,1725.442370840431,1846.046820103383,1966.6512693663346,2087.255718629286,2207.8601678922387,2328.46461715519,2449.069066418141,2569.6735156810932,2690.2779649440463] [-44.265228780290016,-2.698315089922147,-1.919264624336023,-1.3189789728387211,-0.8615854190048253,-0.5211056440679727,-0.2781093389624232,-0.1176759407647694,-0.028094181609020552,0.0,-0.03819200998833594,-0.1457366621461631,-0.3136124914722416,-0.5344670471326651,-0.8022276857263932,-1.1118197878762999,-1.4589586306143758,-1.8399929287031966,-2.2517853603341393,-2.691620046377892] False 58574.65603222185 58588.65603222185
3017.1020504598932 3477.2827010020824 4007.6519721450045 6.767479407340339e-15 3.386382598244097e-15 4.787199024376628e-15 4.759000023023808e-12 1.6444511489229616e-08 0.0058221932767631435 3.665782649969687e-12 1.9274337910254205e-12 2.150141397478896e-12 1.704726184571945e-12 7.663982575739267e-12 4.4324792519734434e-05 2.3305556013647834e-05 2.5998423919686563e-05 2.0612688107609106e-05 9.266900686196219e-05 765.7468660282055 402.6224481603632 449.1439329199144 356.1009634008121 1600.9325153840334 21.420558288959825 -118.276092826019 [0.0,141.46565284274212,219.50080449092505,297.535956139108,375.57110778729106,453.606259435474,531.6414110836569,609.6765627318396,687.7117143800227,765.7468660282055,894.792865507622,1023.8388649870395,1152.884864466455,1281.9308639458723,1410.976863425289,1540.0228629047053,1669.0688623841227,1798.1148618635398,1927.1608613429555,2056.2068608223726] [-10.710279144479912,-2.6855905731038376,-1.7148662175938654,-1.0973112751754002,-0.6805844362743585,-0.3955369563562101,-0.2044263843329901,-0.0841859727041907,-0.019588090192669938,0.0,-0.046515682277288306,-0.17096182724034747,-0.35683608007589385,-0.5925169412733311,-0.8694809363495182,-1.1812737293560645,-1.5228799938576145,-1.8903186806582397,-2.2803727126143087,-2.69040247964584] False 58574.65603222185 58588.65603222185
