data/PKS1510-089_allsed_14d_min11.ecsv
# %ECSV 1.0
# ---
# datatype:
# - {name: e_min, unit: MeV, datatype: float64}
# - {name: e_ref, unit: MeV, datatype: float64}
# - {name: e_max, unit: MeV, datatype: float64}
# - {name: ref_dnde_e_min, unit: ph / (cm2 MeV s), datatype: float64}
# - {name: ref_dnde_e_max, unit: ph / (cm2 MeV s), datatype: float64}
# - {name: ref_dnde, unit: ph / (cm2 MeV s), datatype: float64}
# - {name: ref_flux, unit: ph / (cm2 s), datatype: float64}
# - {name: ref_eflux, unit: MeV / (cm2 s), datatype: float64}
# - {name: ref_npred, datatype: float64}
# - {name: dnde, unit: ph / (cm2 MeV s), datatype: float64}
# - {name: dnde_err, unit: ph / (cm2 MeV s), datatype: float64}
# - {name: dnde_errp, unit: ph / (cm2 MeV s), datatype: float64}
# - {name: dnde_errn, unit: ph / (cm2 MeV s), datatype: float64}
# - {name: dnde_ul, unit: ph / (cm2 MeV s), datatype: float64}
# - {name: e2dnde, unit: MeV / (cm2 s), datatype: float64}
# - {name: e2dnde_err, unit: MeV / (cm2 s), datatype: float64}
# - {name: e2dnde_errp, unit: MeV / (cm2 s), datatype: float64}
# - {name: e2dnde_errn, unit: MeV / (cm2 s), datatype: float64}
# - {name: e2dnde_ul, unit: MeV / (cm2 s), datatype: float64}
# - {name: norm, datatype: float64}
# - {name: norm_err, datatype: float64}
# - {name: norm_errp, datatype: float64}
# - {name: norm_errn, datatype: float64}
# - {name: norm_ul, datatype: float64}
# - {name: ts, datatype: float64}
# - {name: loglike, datatype: float64}
# - {name: norm_scan, datatype: string, subtype: 'float64[20]'}
# - {name: dloglike_scan, datatype: string, subtype: 'float64[20]'}
# - {name: ShowUL, datatype: bool}
# - {name: tstart, datatype: float64}
# - {name: tend, datatype: float64}
# meta: !!omap
# - {UL_CONF: 0.95}
# - {EXTNAME: SED}
# - {CONFIG: '{"bin_index": 2.0, "use_local_index": true, "free_background": false, "free_radius": null, "free_pars": [], "ul_confidence":
#     0.95, "cov_scale": 3.0, "make_plots": false, "write_fits": true, "write_npy": true, "optimizer": {"optimizer": "MINUIT", "tol":
#     0.001, "max_iter": 100, "init_lambda": 0.0001, "retries": 3, "min_fit_quality": 2, "verbosity": 0}, "prefix": "", "outfile": null,
#     "loge_bins": []}'}
# - {SRCNAME: 4FGL J1512.8-0906}
# - {CREATOR: fermipy 1.2.0}
# - {STVER: 2.2.0}
# schema: astropy-2.0
e_min e_ref e_max ref_dnde_e_min ref_dnde_e_max ref_dnde ref_flux ref_eflux ref_npred dnde dnde_err dnde_errp dnde_errn dnde_ul e2dnde e2dnde_err e2dnde_errp e2dnde_errn e2dnde_ul norm norm_err norm_errp norm_errn norm_ul ts loglike norm_scan dloglike_scan ShowUL tstart tend
[from data line 1317]
969.1477682383326 1116.9661194245136 1287.3303254983532 1.0876551406028055e-13 5.080406798797773e-14 7.433525792694756e-14 2.3797387018601465e-11 2.637123009351519e-08 0.029144739316243173 1.727910197641824e-11 8.024654381559823e-12 9.109724513119798e-12 6.939584249999848e-12 3.335868526057791e-11 2.1557637644187153e-05 1.0011665630169792e-05 1.1365413570694952e-05 8.657917689644633e-06 4.161873979998895e-05 232.44826826859412 107.95219664732977 122.54917474117481 93.35521855348473 448.75993157057337 16.00299759869023 -243.40389987952406 [0.0,52.365949568071784,74.87623940563708,97.38652924320243,119.89681908076766,142.40710891833297,164.91739875589826,187.42768859346364,209.93797843102888,232.44826826859412,265.23752173870656,298.02677520881883,330.8160286789312,363.6052821490434,396.39453561915576,429.1837890892681,461.9730425593801,494.7622960294926,527.5515494996051,560.3408029697174] [-8.001498799345114,-2.6922298716055195,-1.8144521001318594,-1.2023831777110843,-0.7658021137045807,-0.4553978462929251,-0.2409150790802812,-0.102283361532443,-0.025416938668598732,0.0,-0.039350311258544934,-0.1536551866039133,-0.32990932176309684,-0.5583627850637924,-0.8314953164436076,-1.1433702291256225,-1.4892095506699832,-1.865104543743115,-2.2678124904544745,-2.694610355702281] False 56446.65603222185 56460.65603222185
1287.3303254983532 1483.6791717563765 1709.9759409858673 4.9812918691058116e-14 2.2757843005952188e-14 3.366949039173841e-14 1.433048672168921e-11 2.108316880527632e-08 0.018538100004544367 1.1254170257284159e-11 5.634864913150719e-12 6.203087200575611e-12 5.0666426257258266e-12 2.2560325433464304e-11 2.4773848706476315e-05 1.2404050023099183e-05 1.3654879951782814e-05 1.1153220094415554e-05 4.966213201686437e-05 334.2542499557889 167.3581883060922 184.23466255068956 150.4817140614948 670.0524769154214 10.09267233262284 -255.40498573461613 [0.0,51.04069563702606,86.44238992687143,121.84408421671672,157.2457785065621,192.6474727964075,228.0491670862528,263.4508613760981,298.85255566594356,334.2542499557889,385.4509917780181,436.6477336002473,487.84447542247693,539.0412172447062,590.2379590669356,641.434700889165,692.6314427113944,743.8281845336237,795.0249263558529,846.2216681780823] [-5.04633616631142,-2.701000228851882,-1.806791578195913,-1.190534227913787,-0.7540569120513112,-0.44539883130241265,-0.23328137012961747,-0.09720765991801272,-0.022910411119795526,0.0,-0.04225170158545666,-0.1583067665318083,-0.3354316156142545,-0.5640786901732326,-0.8368800336205879,-1.1480148962852184,-1.4927945470859925,-1.867379656501754,-2.268582000301336,-2.6937216916662976] False 56446.65603222185 56460.65603222185
1709.9759409858673 1970.7884119509856 2271.3810595726877 2.1825109632381358e-14 9.752756433036681e-15 1.4589550314143938e-14 8.256078547651478e-12 1.6125855715933812e-08 0.011004342318351679 9.256748793146191e-12 3.911406801261157e-12 4.304580833685396e-12 3.518232768836917e-12 1.7104836303957317e-11 3.5953276782875644e-05 1.5191931257796174e-05 1.6719021938063352e-05 1.3664840577528996e-05 6.643530333428644e-05 634.4780060953746 268.09646062012047 295.0454771393667 241.14744410087422 1172.403256827931 22.640421324907265 -170.611120277198 [0.0,174.98774949625528,232.42403157114515,289.8603136460352,347.2965957209249,404.73287779581483,462.1691598707048,519.6054419455947,577.0417240204848,634.4780060953746,716.6081250754349,798.7382440554949,880.8683630355551,962.9984820156153,1045.128600995676,1127.2587199757354,1209.3888389557962,1291.5189579358562,1373.6490769159166,1455.779195895977] [-11.320210662453633,-2.688576041283312,-1.8242543266583766,-1.2110563885526346,-0.7702848922683074,-0.4560875059762566,-0.2392102920521495,-0.09975442230475551,-0.023521999748169264,0.0,-0.04239933668682738,-0.15889690490686803,-0.3366503002352488,-0.5659762646598381,-0.8393793907954716,-1.1509303466918368,-1.4958520828828057,-1.8702353485808203,-2.270837624807484,-2.694937590938906] False 56446.65603222185 56460.65603222185
2271.3810595726877 2617.821317854317 3017.1020504598932 9.148176843156391e-15 3.9984100639602255e-15 6.047988290048561e-15 4.550591794024198e-12 1.1800245162230573e-08 0.006136370964354709 3.0949624517747723e-12 1.841960380818748e-12 2.09189126629077e-12 1.5920294953467265e-12 7.1167841506952125e-12 2.120974194204384e-05 1.2622933219183844e-05 1.4335706691174857e-05 1.0910159747192832e-05 4.8771239601603326e-05 511.7342004228517 304.55753094785814 345.8821621286528 263.2328997670635 1176.7192344610294 15.851856107756646 -85.76342984288786 [0.0,75.65812740573512,130.16763653287472,184.6771456600143,239.18665478715388,293.6961639142935,348.20567304143304,402.7151821685727,457.22469129571226,511.7342004228517,616.4976004909504,721.2610005590493,826.024400627148,930.787800695247,1035.5512007633456,1140.3146008314438,1245.078000899543,1349.8414009676414,1454.6048010357401,1559.3682011038395] [-7.925928053878323,-2.697074535738352,-1.6430917005933452,-1.020686774790704,-0.6196442721403912,-0.354221500514285,-0.18069352829093077,-0.07366362062701626,-0.01704638741048825,0.0,-0.05197139895346936,-0.18731184286478708,-0.38422955725900465,-0.628569022554629,-0.910605659871095,-1.2233650099692,-1.5616710738942459,-1.9215741915512154,-2.2999900716390016,-2.6944627980399645] False 56446.65603222185 56460.65603222185
100.0 115.25240587974294 132.83117061068992 1.8272747621896396e-11 9.614427756751451e-12 1.3254509116827921e-11 4.360263017641349e-10 4.9996822296145175e-08 0.2221964663829575 2.512873217617563e-09 7.420658734762673e-10 7.721956976690442e-10 7.119360492834905e-10 3.811660748671049e-09 3.337878910923922e-05 9.85694786440968e-06 1.0257165846191762e-05 9.456729882627596e-06 5.0630735921679466e-05 189.5862906327644 55.98591897561417 58.25909438537144 53.7127435658569 287.5746446039081 14.995677124202757 -1101.9505155512059 [0.0,68.64520399682094,83.76283982631384,98.88047565580682,113.99811148529977,129.11574731479269,144.23338314428554,159.3510189737785,174.46865480327145,189.5862906327644,203.70412267696162,217.82195472115882,231.93978676535602,246.0576188095531,260.1754508537504,274.2932828979474,288.41111494214454,302.52894698634185,316.64677903053894,330.764611074736] [-7.497838562101379,-2.7138016662647715,-2.0305589890451756,-1.4591582875307267,-0.9918566966437083,-0.6217822161688673,-0.34280046316803237,-0.14940679562619152,-0.036638099732726914,0.0,-0.0309159156588521,-0.12161341471005471,-0.26928831251393603,-0.47135129185835467,-0.7254052442965531,-1.0292256199061285,-1.3807433083863998,-1.7780296617204385,-2.2192833379392596,-2.702818700937314] False 56460.65603222185 56474.65603222185
132.83117061068992 153.091119887046 176.4411988580621 1.0038025993152514e-11 5.249699137800456e-12 7.25924351440778e-12 3.172630768348903e-10 4.831556898751468e-08 0.22156912452189606 1.8072937725370102e-09 4.1159052492559157e-10 4.2894804645738954e-10 3.9423300339379355e-10 2.5274015579623904e-09 4.2357347130728955e-05 9.646402264485872e-06 1.005320860445317e-05 9.239595924518574e-06 5.923443479754804e-05 248.96447804099495 56.698817736130145 59.0899100720392 54.30772540022108 348.1632146581295 28.70424050027168 -1220.6326330975596 [0.0,126.38304839756015,141.70572710298947,157.02840580841885,172.35108451384818,187.67376321927756,202.99644192470686,218.31912063013618,233.64179933556554,248.96447804099495,263.25534889247814,277.54621974396133,291.83709059544475,306.127961446928,320.41883229841113,334.7097031498943,349.0005740013775,363.29144485286093,377.5823157043442,391.8731865558273] [-14.35212025013584,-2.7109560032417903,-2.025424419933188,-1.4530797028467077,-0.9857964887478374,-0.6164045418690876,-0.3385356500641592,-0.14650106487192716,-0.03519229606445151,0.0,-0.03209227618413024,-0.12366561451949565,-0.2718793133642521,-0.4741160730516185,-0.7279577368590253,-1.0311643548282063,-1.3816560263069277,-1.7774970799321181,-2.216882230723968,-2.698124418175439] False 56460.65603222185 56474.65603222185
176.4411988580621 203.35272664697808 234.36890988269914 5.447858314181351e-12 2.8319032813936166e-12 3.927824822531884e-12 2.280660949550361e-10 4.6128162307501177e-08 0.19971526980527243 1.0770849926486107e-09 2.1538023690478108e-10 2.2543709003269306e-10 2.0532338377686905e-10 1.4578700922816076e-09 4.4539975599412036e-05 8.906474940983764e-06 9.32234926471989e-06 8.490600617247638e-06 6.0286327244854063e-05 274.21920307390866 54.83448133156472 57.3948941764098 52.27406848671963 371.1647433761727 43.318781649509674 -1022.6088256548851 [0.0,156.90962917059207,171.57332590850666,186.23702264642128,200.90071938433582,215.5644161222504,230.22811286016494,244.89180959807956,259.5555063359941,274.21920307390866,288.1865115260027,302.1538199780966,316.12112843019054,330.0884368822846,344.0557453343787,358.0230537864724,371.9903622385664,385.9576706906603,399.92497914275447,413.8922875948481] [-21.659390824754837,-2.7075556367713034,-2.020360200509458,-1.4482018781714032,-0.9821961041523082,-0.6145346075232965,-0.33831142974486283,-0.14738355632334788,-0.03625808576077816,0.0,-0.031002289578054842,-0.12239250104630628,-0.27097930595164144,-0.47383878245170763,-0.7282841679643752,-1.03183987045486,-1.3822190273988326,-1.7773040377317102,-2.215129599058855,-2.6938678670142053] False 56460.65603222185 56474.65603222185
234.36890988269914 270.1158072739371 311.3149665447022 2.921032037289899e-12 1.509230060941713e-12 2.099645055634819e-12 1.6197062989358182e-10 4.35090465669137e-08 0.16718205033611344 3.070520812634212e-10 1.0063989247415602e-10 1.0658426472838671e-10 9.469552021992533e-11 4.903639734789289e-10 2.2403302628901995e-05 7.3429431201424965e-06 7.776659674032677e-06 6.9092265662523174e-06 3.577820560914738e-05 146.23999444067232 47.93185981795764 50.762991793468345 45.100727842446936 233.54612826722243 15.221763304374235 -973.3078305959341 [0.0,48.558108667415176,60.76834438907228,72.97858011072947,85.18881583238661,97.3990515540437,109.60928727570088,121.81952299735798,134.02975871901512,146.23999444067232,159.06332881326927,171.88666318586618,184.7099975584631,197.5333319310599,210.3566663036569,223.18000067625383,236.00333504885086,248.82666942144786,261.6500037940446,274.4733381666416] [-7.610881652187118,-2.705974522252859,-1.9800217867436913,-1.3947109855741928,-0.9311188275702307,-0.574226061541026,-0.31187720053912926,-0.1340710264480549,-0.032461880879282035,0.0,-0.03377399837711437,-0.13119314534219484,-0.2870863121443108,-0.4969522243661686,-0.7568438019125097,-1.0632769527188657,-1.4131577903492598,-1.8037239260746674,-2.232496648612596,-2.697241623107857] False 56460.65603222185 56474.65603222185
311.3149665447022 358.7979888064861 413.52331434760555 1.5473190218353095e-12 7.946310028510571e-13 1.1088497039957696e-12 1.1364390949194964e-10 4.054406956973406e-08 0.13414436265394647 2.678736852712863e-10 6.628563425415259e-11 7.046610825822708e-11 6.210516025007808e-11 3.885058872932482e-10 3.448498588227537e-05 8.533347197344674e-06 9.07152468523688e-06 7.995169709452468e-06 5.001469265232316e-05 241.57799231581743 59.778736482762746 63.54883624381246 56.00863672171303 350.3683915802627 31.98320156652062 -790.4787125462685 [0.0,116.69109310058735,132.3019555024911,147.91281790439484,163.5236803062986,179.1345427082023,194.7454051101061,210.35626751201002,225.96712991391362,241.57799231581743,257.4656319096696,273.35327150352174,289.24091109737407,305.1285506912262,321.0161902850784,336.9038298789307,352.7914694727828,368.679109066635,384.56674866048735,400.4543882543396] [-15.99160078326031,-2.7082982085660205,-1.9904258580677379,-1.4067221588944676,-0.9412392951459196,-0.5809634972695221,-0.31510839121369827,-0.1346136527337194,-0.03178035842825011,0.0,-0.0347022409417832,-0.1318125565792343,-0.2867159726126829,-0.49533740984998076,-0.7540570712919816,-1.0596421812244898,-1.4091913663221476,-1.8000889255079073,-2.2299669179276407,-2.6966734927062816] False 56460.65603222185 56474.65603222185
413.52331434760555 476.5900816815941 549.2752115212968 8.097595986326058e-13 4.133634299320852e-13 5.785542369659074e-13 7.877008317519443e-11 3.732293391770721e-08 0.10465441439673473 1.450152090828905e-10 3.7562206104871985e-11 4.011501762541529e-11 3.5009394584328685e-11 2.140831508072393e-10 3.2938479926085034e-05 8.531808350237172e-06 9.111649123879273e-06 7.951967576595072e-06 4.8626441391720617e-05 250.65101907020664 64.92426069137132 69.33665862649133 60.51186275625131 370.0312557210684 31.954737879596223 -702.0371538346683 [0.0,117.22266793012061,133.90121182263132,150.57975571514206,167.25829960765282,183.93684350016363,200.6153873926744,217.2939312851852,233.97247517769583,250.65101907020664,268.1544056881969,285.6577923061871,303.16117892417725,320.6645655421675,338.167952160158,355.6713387781482,373.1747253961382,390.6781120141286,408.1814986321188,425.6848852501088] [-15.977368939798112,-2.7059067948553093,-1.9765944394832786,-1.3892152153016468,-0.9247160260848659,-0.5679030165894119,-0.30642741411088537,-0.130091527805007,-0.03035898809343962,0.0,-0.03599407593014803,-0.1354348102388485,-0.2930022913006951,-0.5040611341892145,-0.7645441722352189,-1.0708603440808702,-1.4198208900684222,-1.808579595481433,-2.234583945083614,-2.6955348493729616] False 56460.65603222185 56474.65603222185
549.2752115212968 633.0528961793416 729.6086933380817 4.186870091696778e-13 2.1242634091015695e-13 2.982283510072974e-13 5.394889464631802e-11 3.394919736212702e-08 0.07867998369205598 9.159700472194663e-11 2.2865683673687195e-11 2.4388685419885906e-11 2.134268192748848e-11 1.3396005091065057e-10 3.6708046417912606e-05 9.163559225751698e-06 9.773911266888138e-06 8.553207184615256e-06 5.368529005835368e-05 307.1371464603153 76.67173022435982 81.77856108418456 71.56489936453507 449.1861704569217 47.49387272545209 -587.416126303398 [0.0,153.86696459766594,173.02573733049715,192.18451006332828,211.34328279615937,230.50205552899067,249.66082826182182,268.819600994653,287.9783737274841,307.1371464603153,328.07557635462433,349.01400624893296,369.95243614324175,390.8908660375507,411.8292959318594,432.76772582616826,453.7061557204767,474.6445856147857,495.58301550909465,516.5214454034033] [-23.746936362726046,-2.7040721834234773,-1.971227286463204,-1.384582030648403,-0.9227294164429622,-0.5689123219960948,-0.30973238862225116,-0.1342841354611437,-0.03355529502675836,0.0,-0.0326421812242188,-0.1308107306844022,-0.28846443344377803,-0.5004084478530331,-0.7621386179457659,-1.0697206320432997,-1.4196949660425844,-1.8090012049799498,-2.234917133681847,-2.695009227496257] False 56460.65603222185 56474.65603222185
