data/PKS1830-211_allsed_14d_min11.ecsv
# %ECSV 1.0
# ---
# datatype:
# - {name: e_min, unit: MeV, datatype: float64}
# - {name: e_ref, unit: MeV, datatype: float64}
# - {name: e_max, unit: MeV, datatype: float64}
# - {name: ref_dnde_e_min, unit: ph / (cm2 MeV s), datatype: float64}
# - {name: ref_dnde_e_max, unit: ph / (cm2 MeV s), datatype: float64}
# - {name: ref_dnde, unit: ph / (cm2 MeV s), datatype: float64}
# - {name: ref_flux, unit: ph / (cm2 s), datatype: float64}
# - {name: ref_eflux, unit: MeV / (cm2 s), datatype: float64}
# - {name: ref_npred, datatype: float64}
# - {name: dnde, unit: ph / (cm2 MeV s), datatype: float64}
# - {name: dnde_err, unit: ph / (cm2 MeV s), datatype: float64}
# - {name: dnde_errp, unit: ph / (cm2 MeV s), datatype: float64}
# - {name: dnde_errn, unit: ph / (cm2 MeV s), datatype: float64}
# - {name: dnde_ul, unit: ph / (cm2 MeV s), datatype: float64}
# - {name: e2dnde, unit: MeV / (cm2 s), datatype: float64}
# - {name: e2dnde_err, unit: MeV / (cm2 s), datatype: float64}
# - {name: e2dnde_errp, unit: MeV / (cm2 s), datatype: float64}
# - {name: e2dnde_errn, unit: MeV / (cm2 s), datatype: float64}
# - {name: e2dnde_ul, unit: MeV / (cm2 s), datatype: float64}
# - {name: norm, datatype: float64}
# - {name: norm_err, datatype: float64}
# - {name: norm_errp, datatype: float64}
# - {name: norm_errn, datatype: float64}
# - {name: norm_ul, datatype: float64}
# - {name: ts, datatype: float64}
# - {name: loglike, datatype: float64}
# - {name: norm_scan, datatype: string, subtype: 'float64[20]'}
# - {name: dloglike_scan, datatype: string, subtype: 'float64[20]'}
# - {name: ShowUL, datatype: bool}
# - {name: tstart, datatype: float64}
# - {name: tend, datatype: float64}
# meta: !!omap
# - {UL_CONF: 0.95}
# - {EXTNAME: SED}
# - {CONFIG: '{"bin_index": 2.0, "use_local_index": true, "free_background": false, "free_radius": null, "free_pars": [], "ul_confidence":
#     0.95, "cov_scale": 3.0, "make_plots": false, "write_fits": true, "write_npy": true, "optimizer": {"optimizer": "MINUIT", "tol":
#     0.001, "max_iter": 100, "init_lambda": 0.0001, "retries": 3, "min_fit_quality": 2, "verbosity": 0}, "prefix": "", "outfile": null,
#     "loge_bins": []}'}
# - {SRCNAME: 4FGL J1833.6-2103}
# - {CREATOR: fermipy 1.2.0}
# - {STVER: 2.2.0}
# schema: astropy-2.0
e_min e_ref e_max ref_dnde_e_min ref_dnde_e_max ref_dnde ref_flux ref_eflux ref_npred dnde dnde_err dnde_errp dnde_errn dnde_ul e2dnde e2dnde_err e2dnde_errp e2dnde_errn e2dnde_ul norm norm_err norm_errp norm_errn norm_ul ts loglike norm_scan dloglike_scan ShowUL tstart tend
[from data line 230]
1709.9759409858673 1970.7884119509856 2271.3810595726877 2.0319895876052996e-14 8.7431614582775e-15 1.3328920828773722e-14 7.555500593185382e-12 1.4744387573116732e-08 0.007777970519712296 9.940741601663252e-12 4.945096592838504e-12 5.460578557265323e-12 4.429614628411685e-12 1.995556953915423e-11 3.860990961494714e-05 1.9206789607601507e-05 2.1208925147602346e-05 1.7204654067600665e-05 7.750757107423681e-05 745.8024343729122 371.00502406491216 409.67897006915473 332.3310780606696 1497.1631833895563 11.440500055046641 -496.1749281044805 [0.0,128.79684325355487,205.92254214347454,283.04824103339416,360.1739399233141,437.29963881323357,514.425337703153,591.5510365930729,668.6767354829924,745.8024343729122,861.0510496473814,976.29966492185,1091.5482801963192,1206.796895470788,1322.0455107452572,1437.2941260197258,1552.542741294195,1667.7913565686642,1783.0399718431327,1898.288587117602] [-5.720250027523321,-2.7055497057459093,-1.7994163045742653,-1.1787579340843308,-0.7422663074158891,-0.43581918753869786,-0.22673664260486248,-0.09362110053535844,-0.021627815982640186,0.0,-0.04455087517197853,-0.16422452982482127,-0.34502401991306897,-0.5766440135134303,-0.8512621174259039,-1.162790849004125,-1.5063934920449356,-1.8781589676065664,-2.27487662368992,-2.693876063958328] False 55788.65603222185 55802.65603222185
3017.1020504598932 3477.2827010020824 4007.6519721450045 3.325613671951261e-15 1.386286568314923e-15 2.1471501030040933e-15 2.150735985342209e-12 7.399936350722065e-09 0.002243231528780365 2.9135882046199864e-12 1.882956188179107e-12 2.147705932941646e-12 1.6182064434165679e-12 7.034579640545476e-12 3.5229637157782485e-05 2.276775530198963e-05 2.5968975512453886e-05 1.956653509152537e-05 8.505858442897716e-05 1356.955995085561 876.9560104552771 1000.2588686914692 753.653152219085 3276.2402734225916 12.025757163930507 -255.9842498973706 [0.0,140.59806976663643,292.6428104315019,444.68755109636766,596.7322917612333,748.7770324260993,900.821773090965,1052.8665137558298,1204.9112544206964,1356.955995085561,1658.7303232335912,1960.5046513816221,2262.2789795296508,2564.053307677682,2865.8276358257094,3167.6019639737397,3469.3762921217694,3771.1506202697997,4072.9249484178295,4374.69927656586] [-6.0128785819652535,-2.6954693111617303,-1.5738891698884458,-0.963204847619977,-0.581056579360336,-0.33126152515302465,-0.16881888224173736,-0.06881933119052519,-0.015931529174281422,0.0,-0.05177946484337781,-0.18650717390590899,-0.382586068933108,-0.6261000453755514,-0.907515577443121,-1.2199937513785244,-1.5584492075761887,-1.9189898852206966,-2.2985656462115003,-2.694738362550879] False 55788.65603222185 55802.65603222185
100.0 115.25240587974294 132.83117061068992 7.195394447874176e-12 4.246975676841954e-12 5.52798925518178e-12 1.8132890377320646e-10 2.084854565150779e-08 0.10337418606309139 5.041621537826705e-09 1.2923162628496478e-09 1.322354930207159e-09 1.2622775954921367e-09 7.236755892560935e-09 6.696844906455887e-05 1.7165988199355095e-05 1.7564995334223428e-05 1.6766981064486758e-05 9.61266756632678e-05 912.0172462529362 233.77691294140402 239.21083583287017 228.34299004993787 1309.1117870349342 18.210694877410788 -3638.6275873900054 [0.0,392.9117107229498,457.79990266419816,522.6880946054466,587.5762865466947,652.4644784879432,717.3526704291917,782.2408623704397,847.1290543116879,912.0172462529362,968.754653759692,1025.4920612664482,1082.2294687732049,1138.9668762799613,1195.7042837867175,1252.441691293474,1309.17909880023,1365.9165063069868,1422.653913813742,1479.3913213204985] [-9.105347438705394,-2.7140903986069134,-2.0518262638920532,-1.4888786765682198,-1.0214378485156885,-0.6459479345344334,-0.3590829783238405,-0.15772578246969715,-0.03894927267856474,0.0,-0.02931854848020521,-0.11604088330204831,-0.2586036840248198,-0.4555174161173454,-0.7053613562266037,-1.006779051074318,-1.3584741639065214,-1.7592066681954748,-2.2077893531750306,-2.7030846100528834] False 55816.65603222185 55830.65603222185
132.83117061068992 153.091119887046 176.4411988580621 5.05411923641903e-12 2.9110053961933963e-12 3.8356965951728595e-12 1.672130723027353e-10 2.5522764372170406e-08 0.12574443585503048 3.5725510587670718e-09 6.83364772296668e-10 7.000447319290219e-10 6.666848126643141e-10 4.737828224589354e-09 8.372948971435205e-05 1.6015945673540884e-05 1.640687206913311e-05 1.5625019277948663e-05 0.00011103996362084899 931.3956331329883 178.159235315084 182.5078481989459 173.8106224312221 1235.1936882994885 36.341837178348214 -3733.215145021074 [0.0,537.828000552446,587.0239546250136,636.2199086975817,685.4158627701489,734.6118168427167,783.8077709152852,833.0037249878525,882.19967906042,931.3956331329883,974.7703837917264,1018.1451344504637,1061.5198851092018,1104.89463576794,1148.269386426678,1191.6441370854163,1235.018887744154,1278.3936384028925,1321.7683890616304,1365.1431397203685] [-18.170918589174107,-2.7131490686742836,-2.0486207649655626,-1.4848309400531434,-1.0175448212694391,-0.6428294739989724,-0.3570237398471363,-0.15671198034988265,-0.03870104692123277,0.0,-0.029426325838358025,-0.11650535803892126,-0.2595167566432792,-0.45682744130499486,-0.706885369052543,-1.0082138798652522,-1.3594065473103,-1.7591224795878588,-2.2060820232563856,-2.699062827795842] False 55816.65603222185 55830.65603222185
176.4411988580621 203.35272664697808 234.36890988269914 3.3805010902430297e-12 1.8999884777809148e-12 2.5343466851612002e-12 1.468384312975128e-10 2.9754047611901496e-08 0.13471905479703267 1.5634320148565096e-09 3.368160322436554e-10 3.474017793942767e-10 3.262302850930341e-10 2.1424887917915556e-09 6.465155885406195e-05 1.392812819788065e-05 1.4365873522537715e-05 1.3490382873223585e-05 8.85969066134242e-05 616.8974529059215 132.90053575374665 137.077449359372 128.7236221481213 845.3811013055146 29.77247427644943 -3520.6209236776076 [0.0,326.4063937744474,362.7177761658817,399.02915855731584,435.34054094875023,471.65192334018434,507.9633057316186,544.2746881230527,580.586070514487,616.8974529059215,649.6404581641578,682.3834634223946,715.1264686806314,747.8694739388679,780.6124791971047,813.3554844553411,846.0984897135778,878.8414949718144,911.5845002300512,944.327505488288] [-14.886237138224715,-2.7118859255506322,-2.0377185373472457,-1.4697208248521747,-1.002096406596138,-0.6295728890127066,-0.3473366844773409,-0.1509780243395653,-0.036444265845602786,0.0,-0.0312242436921224,-0.12077989372755837,-0.26646514459298487,-0.466216598392748,-0.7180971977568333,-1.0202854928234046,-1.3710660649412603,-1.7688209571024345,-2.212021983717932,-2.699223811081083] False 55816.65603222185 55830.65603222185
234.36890988269914 270.1158072739371 311.3149665447022 2.1530860988743104e-12 1.180874226416491e-12 1.594529360474842e-12 1.2279354863721667e-10 3.303168990092625e-08 0.13061053303634573 7.896899770825323e-10 1.6997073950080916e-10 1.775683188532451e-10 1.6237316014837321e-10 1.0888253337528745e-09 5.7617793915596046e-05 1.2401498467056723e-05 1.2955837225417704e-05 1.1847159708695742e-05 7.944347213577026e-05 495.2495680903403 106.59618048688223 111.36095907344487 101.83140190031959 682.8506020288196 33.19572512325067 -3139.085423934032 [0.0,264.6948036830508,293.5141492339621,322.33349478487315,351.15284033578445,379.9721858866957,408.7915314376069,437.61087698851804,466.4302225394293,495.2495680903403,522.2861653741707,549.3227626580001,576.3593599418302,603.3959572256604,630.4325545094903,657.4691517933198,684.5057490771499,711.54234636098,738.5789436448093,765.6155409286395] [-16.597862561625334,-2.709958981103682,-2.0255942194930867,-1.454135798921925,-0.9874599665781716,-0.6183861854956376,-0.34052961694351325,-0.14818208777887776,-0.036215087319305894,0.0,-0.031152684556673194,-0.12212045110709369,-0.2700029019097201,-0.47212973428031546,-0.7260357854511312,-1.0294394669340363,-1.3802240409227124,-1.7764212929200767,-2.216197235241907,-2.697839540176119] False 55816.65603222185 55830.65603222185
311.3149665447022 358.7979888064861 413.52331434760555 1.3058293739741708e-12 6.988774704218156e-13 9.553087091017067e-13 9.778621873921836e-11 3.492061852445099e-08 0.1178419009186269 4.1081888968434183e-10 9.633080331805866e-11 1.0097318058125794e-10 9.168842605485937e-11 5.814696710105006e-10 5.2887179256107235e-05 1.2401241984957244e-05 1.2998883049324921e-05 1.1803600920589568e-05 7.48560776899791e-05 430.03783569673726 100.83735487834103 105.6969120235539 95.97779773312816 608.6720088182453 29.74661171641128 -2943.8179724032348 [0.0,215.66803636138692,242.46426127830566,269.2604861952245,296.05671111214326,322.8529360290621,349.6491609459809,376.4453858628999,403.2416107798186,430.03783569673726,455.8268766258719,481.61591755500694,507.40495848414145,533.1939994132765,558.9830403424112,584.7720812715459,610.5611222006808,636.3501631298155,662.13920405895,687.9282449880852] [-14.87330585820564,-2.707696822166781,-2.0142947520339476,-1.4397543966747435,-0.9737861367007099,-0.6075490193111364,-0.33337423519242293,-0.14455387485122628,-0.035176910694190155,0.0,-0.03184707830359912,-0.12433625653511626,-0.27407564383429417,-0.4779833931174835,-0.733248755421755,-1.0372992891670947,-1.3877730644817348,-1.7824949542045943,-2.219456293497842,-2.6967973355044705] False 55816.65603222185 55830.65603222185
413.52331434760555 476.5900816815941 549.2752115212968 7.541449890317255e-13 3.9388108684779207e-13 5.450169244350426e-13 7.415077813279464e-11 3.5153172380831855e-08 0.09997185523750707 2.724344699005213e-10 5.427342850387469e-11 5.734602695238983e-11 5.120083005535954e-11 3.700441660458693e-10 6.18802494906769e-05 1.2327563754177329e-05 1.3025467946140299e-05 1.1629659562214356e-05 8.405113099619574e-05 499.86423849667324 99.58118008928588 105.21880033695095 93.9435598416208 678.9590367848709 51.210485344636254 -2505.4383491065837 [0.0,288.23890218706094,314.6920692257624,341.14523626446396,367.5984033031654,394.05157034186703,420.5047373805687,446.9579044192701,473.41107145797156,499.86423849667324,525.8325826139999,551.8009267313267,577.7692708486534,603.7376149659801,629.705959083307,655.6743032006335,681.6426473179607,707.6109914352871,733.5793355526142,759.5476796699407] [-25.605242672318127,-2.7034802258594937,-2.0056959062285387,-1.4299241392068325,-0.9648044196496812,-0.600604358358396,-0.3289133501507422,-0.14240626658283873,-0.034658595384826185,0.0,-0.0322001259373792,-0.12572938629273267,-0.27676693286684895,-0.48186564482966787,-0.7379033279084979,-1.0420417710183756,-1.3916921722429834,-1.784485767409933,-2.218248738407965,-2.6909806654357453] False 55816.65603222185 55830.65603222185
549.2752115212968 633.0528961793416 729.6086933380817 4.1475591622053057e-13 2.1137459006082318e-13 2.960892800599433e-13 5.355413127663802e-11 3.370433160043704e-08 0.07891560154327859 1.3553378870693105e-10 2.979952077022824e-11 3.1640191927081956e-11 2.7958849613374523e-11 1.8946490668370498e-10 5.431597487442219e-05 1.194233583276763e-05 1.267999578650747e-05 1.1204675879027789e-05 7.59291923379295e-05 457.746355016609 100.64370031969858 106.86030889290012 94.42709174649704 639.8911390690936 47.43920769277611 -2198.635365118853 [0.0,247.03421301983687,273.3732307694335,299.7122485190298,326.0512662686265,352.3902840182229,378.7293017678196,405.0683195174161,431.40733726701245,457.746355016609,484.36717982981776,510.9880046430261,537.6088294562348,564.2296542694435,590.8504790826519,617.4713038958602,644.092128709069,670.7129535222773,697.333778335486,723.9546031486944] [-23.719603846388054,-2.6943582128951675,-1.9773185343883597,-1.3943739250535145,-0.9299346442744536,-0.5711308241475308,-0.3071998022905973,-0.12903894823648443,-0.02887266473589989,0.0,-0.0373269058227379,-0.13628284899050414,-0.2922481260366112,-0.5011363620092197,-0.7593132707233963,-1.0635305405694453,-1.4108715574702728,-1.7987064865224056,-2.2246548225921288,-2.686553953585644] False 55816.65603222185 55830.65603222185
729.6086933380817 840.8915725798939 969.1477682383326 2.17196843746535e-13 1.0801549457505666e-13 1.5316861459653982e-13 3.682947769822107e-11 3.077072598053341e-08 0.058418017091877106 8.505809271792963e-11 1.8208330692755527e-11 1.9313993930517754e-11 1.71026674549933e-11 1.1836608497481513e-10 6.014446141270855e-05 1.2875085811904477e-05 1.3656898780125702e-05 1.2093272843683254e-05 8.369649733329256e-05 555.3232491002186 118.87768744737907 126.09628925215902 111.65908564259912 772.7828921519088 62.2275609129365 -1760.5318108010404 [0.0,312.54934658862373,342.89608440257314,373.2428222165226,403.589560030472,433.93629784442135,464.28303565837075,494.62977347231987,524.9765112862696,555.3232491002186,587.1704600566278,619.0176710130376,650.8648819694467,682.7120929258559,714.5593038822655,746.406514838675,778.2537257950843,810.1009367514936,841.9481477079026,873.7953586643121] [-31.11378045646825,-2.6889700342553624,-1.9767935901236342,-1.3983094491513839,-0.9373699986883821,-0.5807083712040821,-0.3172784579016934,-0.1377758283726962,-0.03428269692358299,0.0,-0.03202703646798,-0.1278884099026527,-0.28242493365792143,-0.49110657695632653,-0.7499321002242141,-1.0553481675217427,-1.4041835354539671,-1.793595042064453,-2.221022925391935,-2.6841535876135367] False 55816.65603222185 55830.65603222185
969.1477682383326 1116.9661194245136 1287.3303254983532 1.083076542747191e-13 5.2561053162870865e-14 7.545041003387144e-14 2.411928074049602e-11 2.675199316193985e-08 0.04053761852684623 1.8264257863704422e-11 8.095523675960066e-12 8.820186258426688e-12 7.370861093493443e-12 3.404293237081167e-11 2.278673124350368e-05 1.0100083105271491e-05 1.1004181789823302e-05 9.195984420719679e-06 4.2472415603374614e-05 242.0696965795835 107.29595335964109 116.90044168702467 97.69146503225751 451.1961214727529 11.18722225816191 -1399.9632876383419 [0.0,48.15802575326006,72.39698460655048,96.63594345984092,120.87490231313134,145.1138611664218,169.3528200197122,193.59177887300268,217.83073772629308,242.0696965795835,273.5635431393167,305.05738969905,336.55123625878326,368.0450828185164,399.53892937824975,431.03277593798305,462.52662249771635,494.0204690574495,525.5143156171824,557.0081621769161] [-5.593611129080955,-2.692207675027703,-1.8641591423142927,-1.2574991246112859,-0.8103941084957569,-0.48515583094763315,-0.25683543016816657,-0.10791846406550576,-0.02555721375961184,0.0,-0.03934569049329184,-0.14893692848386308,-0.3188262816236147,-0.541183354845316,-0.8097156931141853,-1.119278431523071,-1.4656025755766677,-1.8451006385423625,-2.2547243271244497,-2.6918582044486357] False 55816.65603222185 55830.65603222185
