data/PKS1510-089_allsed_14d_min11.ecsv
# %ECSV 1.0
# ---
# datatype:
# - {name: e_min, unit: MeV, datatype: float64}
# - {name: e_ref, unit: MeV, datatype: float64}
# - {name: e_max, unit: MeV, datatype: float64}
# - {name: ref_dnde_e_min, unit: ph / (cm2 MeV s), datatype: float64}
# - {name: ref_dnde_e_max, unit: ph / (cm2 MeV s), datatype: float64}
# - {name: ref_dnde, unit: ph / (cm2 MeV s), datatype: float64}
# - {name: ref_flux, unit: ph / (cm2 s), datatype: float64}
# - {name: ref_eflux, unit: MeV / (cm2 s), datatype: float64}
# - {name: ref_npred, datatype: float64}
# - {name: dnde, unit: ph / (cm2 MeV s), datatype: float64}
# - {name: dnde_err, unit: ph / (cm2 MeV s), datatype: float64}
# - {name: dnde_errp, unit: ph / (cm2 MeV s), datatype: float64}
# - {name: dnde_errn, unit: ph / (cm2 MeV s), datatype: float64}
# - {name: dnde_ul, unit: ph / (cm2 MeV s), datatype: float64}
# - {name: e2dnde, unit: MeV / (cm2 s), datatype: float64}
# - {name: e2dnde_err, unit: MeV / (cm2 s), datatype: float64}
# - {name: e2dnde_errp, unit: MeV / (cm2 s), datatype: float64}
# - {name: e2dnde_errn, unit: MeV / (cm2 s), datatype: float64}
# - {name: e2dnde_ul, unit: MeV / (cm2 s), datatype: float64}
# - {name: norm, datatype: float64}
# - {name: norm_err, datatype: float64}
# - {name: norm_errp, datatype: float64}
# - {name: norm_errn, datatype: float64}
# - {name: norm_ul, datatype: float64}
# - {name: ts, datatype: float64}
# - {name: loglike, datatype: float64}
# - {name: norm_scan, datatype: string, subtype: 'float64[20]'}
# - {name: dloglike_scan, datatype: string, subtype: 'float64[20]'}
# - {name: ShowUL, datatype: bool}
# - {name: tstart, datatype: float64}
# - {name: tend, datatype: float64}
# meta: !!omap
# - {UL_CONF: 0.95}
# - {EXTNAME: SED}
# - {CONFIG: '{"bin_index": 2.0, "use_local_index": true, "free_background": false, "free_radius": null, "free_pars": [], "ul_confidence":
#     0.95, "cov_scale": 3.0, "make_plots": false, "write_fits": true, "write_npy": true, "optimizer": {"optimizer": "MINUIT", "tol":
#     0.001, "max_iter": 100, "init_lambda": 0.0001, "retries": 3, "min_fit_quality": 2, "verbosity": 0}, "prefix": "", "outfile": null,
#     "loge_bins": []}'}
# - {SRCNAME: 4FGL J1512.8-0906}
# - {CREATOR: fermipy 1.2.0}
# - {STVER: 2.2.0}
# schema: astropy-2.0
e_min e_ref e_max ref_dnde_e_min ref_dnde_e_max ref_dnde ref_flux ref_eflux ref_npred dnde dnde_err dnde_errp dnde_errn dnde_ul e2dnde e2dnde_err e2dnde_errp e2dnde_errn e2dnde_ul norm norm_err norm_errp norm_errn norm_ul ts loglike norm_scan dloglike_scan ShowUL tstart tend
[from data line 97]
176.4411988580621 203.35272664697808 234.36890988269914 3.7636437179055595e-12 2.0784875938041912e-12 2.7969066439847015e-12 1.62122344906766e-10 3.283741070003634e-08 0.0710252875577696 1.0469109350671405e-08 7.211441087279946e-10 7.424376178062498e-10 6.998505996497396e-10 1.1706363976154652e-08 0.0004329220796957152 2.9820990196345067e-05 3.070152644115816e-05 2.894045395153198e-05 0.0004840854430378891 3743.102893043388 257.83631723245287 265.44955277753303 250.22308168737277 4185.46825698723 642.1636965029625 -1488.2703964010375 [0.0,3163.2316110521733,3235.715521301076,3308.1994315499787,3380.683341798879,3453.1672520477805,3525.6511622966823,3598.135072545584,3670.6189827944854,3743.102893043388,3806.357700847167,3869.612508650948,3932.8673164547245,3996.122124258505,4059.376932062282,4122.631739866063,4185.886547669841,4249.14135547362,4312.396163277402,4375.65097108118] [-321.08184825148123,-2.707406115604499,-2.0488067557130307,-1.4881149372029085,-1.0218993994540142,-0.6469121717736925,-0.36007546977020866,-0.15846975899421523,-0.039322861979826484,0.0,-0.02894531008496415,-0.11517984148485994,-0.25717834689157826,-0.4534775690094648,-0.7026728584855846,-1.0034150225901612,-1.3544073858195134,-1.7544030453791493,-2.202202306085155,-2.6966502806596964] False 55844.65603222185 55858.65603222185
234.36890988269914 270.1158072739371 311.3149665447022 2.1581150420094636e-12 1.1830921517980394e-12 1.5978889100556081e-12 1.2305374677513217e-10 3.310132674464784e-08 0.06714045276094899 5.850418705447916e-09 4.1530945637209043e-10 4.2791187431448203e-10 4.0270703842969893e-10 6.563619463066971e-09 0.00042686146345151903 3.0302036701606048e-05 3.122154124252165e-05 2.9382532160690447e-05 0.00047889840891809026 3661.3425805954903 259.9113453748404 267.7982628339227 252.0244279157581 4107.681968228036 657.8794083054026 -1355.1525329165852 [0.0,3078.3333528840485,3151.209506347978,3224.085659811908,3296.961813275839,3369.837966739768,3442.714120203701,3515.5902736676294,3588.466427131562,3661.3425805954903,3725.19696954363,3789.0513584917708,3852.9057474399087,3916.7601363880513,3980.6145253361915,4044.46891428433,4108.3233032324715,4172.17769218061,4236.032081128748,4299.886470076889] [-328.9397041527013,-2.7071054805387575,-2.0470496566431393,-1.4857191625278574,-1.019461550581127,-0.6448300288457176,-0.358567993185261,-0.15759500634135293,-0.03899406291998275,0.0,-0.029196608913025557,-0.11581205143011175,-0.2582376548211869,-0.4549334814842041,-0.704424392232113,-1.0052963911202824,-1.3561932277712003,-1.7558132355295584,-2.202906385889719,-2.696271541524311] False 55844.65603222185 55858.65603222185
311.3149665447022 358.7979888064861 413.52331434760555 1.2194128808945759e-12 6.63589964436615e-13 8.995499709668053e-13 9.203623734603854e-11 3.288016255270272e-08 0.05919717302829208 3.205987325805046e-09 2.423079462905147e-10 2.5000221416390833e-10 2.3461367841712097e-10 3.622977800322075e-09 0.0004127259740245627 3.119375499138371e-05 3.218428423549259e-05 3.0203225747274835e-05 0.0004664076584057663 3563.9902498794595 269.3657429949005 277.9192065285874 260.81227946121356 4027.5447915675254 679.1084897335072 -1167.8160708948444 [0.0,2963.8566049079727,3038.87331052941,3113.8900161508454,3188.9067217722813,3263.923427393716,3338.9401330151536,3413.9568386365863,3488.973544258023,3563.9902498794595,3630.346718397798,3696.703186916139,3763.0596554344784,3829.4161239528175,3895.7725924711567,3962.1290609894963,4028.485529507839,4094.841998026177,4161.198466544517,4227.554935062856] [-339.5542448667536,-2.706610772735985,-2.043836492801802,-1.4813956127870824,-1.0151714995217844,-0.6413032859666146,-0.356164759445619,-0.15634540737528368,-0.03863335924756939,0.0,-0.029443352679891177,-0.1166452692382336,-0.25981919033370104,-0.45726254415330914,-0.7073514774720024,-1.0085359978443194,-1.359335488740271,-1.7583345635405294,-2.2041792278951107,-2.6955733231334307] False 55844.65603222185 55858.65603222185
413.52331434760555 476.5900816815941 549.2752115212968 6.789482307956129e-13 3.6678584080724067e-13 4.990276522367852e-13 6.782735377777716e-11 3.2181022918100205e-08 0.049930922193445415 1.6895405925067385e-09 1.4078455568117553e-10 1.4560757823716766e-10 1.359615331251834e-10 1.9330322781866478e-09 0.00038375905011990184 3.197753732545782e-05 3.307302953381505e-05 3.088204511710059e-05 0.00043906529042157897 3385.665273124109 282.11774447796375 291.78258476161125 272.45290419431626 3873.597524149698 601.7026120002727 -910.430324669071 [0.0,2762.777629598586,2840.638585039275,2918.499540479966,2996.3604959206555,3074.2214513613467,3152.082406802036,3229.9433622427264,3307.8043176834185,3385.665273124109,3455.552992702406,3525.440712280699,3595.328431858996,3665.2161514372897,3735.1038710155863,3804.9915905938824,3874.879310172177,3944.7670297504733,4014.65474932877,4084.542468907067] [-300.85130600013633,-2.7064946947915587,-2.0406433366545116,-1.4770875503364778,-1.0110869344998719,-0.6382312540825978,-0.3544100480941097,-0.1557856868981844,-0.03876941670318956,0.0,-0.029241190445418397,-0.11683338387081221,-0.2607434938188362,-0.45904537669309775,-0.7099123591840453,-1.011610412862069,-1.3624919094169172,-1.7609898978968204,-2.205612852133868,-2.6949398424638957] False 55844.65603222185 55858.65603222185
549.2752115212968 633.0528961793416 729.6086933380817 3.725245097010966e-13 1.9976262736678613e-13 2.72793832071795e-13 4.9264553552585114e-11 3.104193398678431e-08 0.040400448950456136 9.469114173149392e-10 8.516752793033539e-11 8.822199365486222e-11 8.211306220580854e-11 1.0920327195581432e-09 0.00037948040294509636 3.413139521380605e-05 3.5355490586118905e-05 3.290729984149318e-05 0.0004376386311005098 3471.161389989665 312.2047418869817 323.40171691141313 301.0077668625502 4003.1430009412297 581.6428127477418 -805.4676717566216 [0.0,2768.0256746309965,2855.91763905083,2943.809603470666,3031.7015678904986,3119.5935323103336,3207.4854967301635,3295.3774611499985,3383.2694255698325,3471.161389989665,3548.205282207066,3625.249174424466,3702.2930666418665,3779.3369588592627,3856.380851076665,3933.4247432940633,4010.4686355114654,4087.512527728864,4164.556419946265,4241.600312163661] [-290.8214063738709,-2.7055130648019485,-2.023452633262764,-1.4501348632277313,-0.9797849248196826,-0.6070862430120769,-0.3271327228934524,-0.13538708476789907,-0.027644390467344238,0.0,-0.03877586754663298,-0.1340133919567279,-0.2835571564900192,-0.48537559835824595,-0.7375515915585993,-1.0382739140909507,-1.3858295012724966,-1.7785963994215308,-2.2150373449293284,-2.693693902973223] False 55844.65603222185 55858.65603222185
729.6086933380817 840.8915725798939 969.1477682383326 2.014011074194647e-13 1.0720777764877776e-13 1.4694136634196524e-13 3.5256177653235386e-11 2.9503532518794244e-08 0.03172641713751856 5.336311989931044e-10 5.235425057059232e-11 5.4630492841177984e-11 5.0078008300006657e-11 6.256850366725486e-10 0.00037732989338112416 3.7019619211030296e-05 3.8629147017669644e-05 3.541009140439095e-05 0.00044242103651977123 3631.592738502415 356.2934786433953 371.78429873886347 340.80265854792714 4258.0591990443345 559.1782960428682 -651.4802693269189 [0.0,2851.3183207653383,2948.852622982474,3046.386925199606,3143.92122741674,3241.455529633875,3338.9898318510104,3436.5241340681446,3534.058436285279,3631.592738502415,3721.6885087326687,3811.7842789629262,3901.8800491931815,3991.97581942344,4082.071589653695,4172.167359883949,4262.263130114204,4352.358900344461,4442.454670574717,4532.550440804974] [-279.5891480214341,-2.7060544097470256,-2.032826711257144,-1.466444866709253,-1.0007320466987721,-0.6300414375434684,-0.34919670091562693,-0.15344061900725592,-0.03839060481857359,0.0,-0.029402836087797368,-0.11827589742722466,-0.26405582770144065,-0.4643443345734113,-0.7168941847724,-1.0195966625938127,-1.370470311273266,-1.7676508022427697,-2.209381798763957,-2.6940066985715703] False 55844.65603222185 55858.65603222185
969.1477682383326 1116.9661194245136 1287.3303254983532 1.0729486949344594e-13 5.669548107111019e-14 7.799445007430262e-14 2.486268037484333e-11 2.763193655272194e-08 0.024146286818026885 3.0293314208669713e-10 3.255991721179905e-11 3.4077341073297e-11 3.10424933503011e-11 3.604034462828305e-10 0.00037794342069585846 4.0622186149178305e-05 4.251534435864197e-05 3.872902793971464e-05 0.00044964413725232536 3884.034592180639 417.46453985867385 436.9200762468701 398.0090034704775 4620.885793020998 596.6973572303407 -554.6807858016689 [0.0,2976.8415961120318,3090.2407206206067,3203.639845129184,3317.0389696377592,3430.438094146337,3543.8372186549113,3657.2363431634885,3770.635467672063,3884.034592180639,3990.2934538870577,4096.55231559348,4202.811177299898,4309.070039006319,4415.328900712737,4521.587762419155,4627.8466241255755,4734.105485831997,4840.364347538412,4946.623209244834] [-298.34867861517034,-2.7052113956611947,-2.0253151890133267,-1.456026904396822,-0.990062085207569,-0.6208434373588716,-0.34241153862319607,-0.14934926547857685,-0.036717477501042595,0.0,-0.030805692159674436,-0.12148932791160405,-0.2691444278865447,-0.4710743428257729,-0.7247723862102475,-1.0279042736424344,-1.3782925540116366,-1.7739027666259517,-2.2128310990588034,-2.6932933540897466] False 55844.65603222185 55858.65603222185
1287.3303254983532 1483.6791717563765 1709.9759409858673 5.632564280747695e-14 2.954477556405025e-14 4.079373083266314e-14 1.7277174274869223e-11 2.550120402083226e-08 0.017734840219863823 1.2625360575911004e-10 1.775069350755604e-11 1.8787457826848415e-11 1.6713929188263664e-11 1.584179539300655e-10 0.00027792255281537675 3.907467057436763e-05 4.135690389794812e-05 3.6792437250787155e-05 0.00034872605739306295 3094.9266757925466 435.13287814663994 460.547673462744 409.71808283053593 3883.3896948504107 322.6988100885965 -365.9950455362982 [0.0,2178.06381854159,2292.6716756979604,2407.2795328543284,2521.8873900106973,2636.495247167067,2751.1031043234375,2865.7109614798064,2980.3188186361763,3094.9266757925466,3208.9110654915407,3322.895455190534,3436.8798448895272,3550.8642345885205,3664.848624287514,3778.8330139865075,3892.817403685501,4006.801793384496,4120.78618308349,4234.770572782485] [-161.34940504429824,-2.7000467334996756,-2.010822816553514,-1.439681996727586,-0.9764052451358793,-0.6120648373430981,-0.33881369227219693,-0.14971623562087188,-0.03861129758217885,0.0,-0.028621237375205055,-0.11970853635250478,-0.2693168440159752,-0.473868455740444,-0.7301084248370557,-1.0350665743536638,-1.3860249672151213,-1.7804899162695165,-2.2161677917067095,-2.6909440216503526] False 55844.65603222185 55858.65603222185
1709.9759409858673 1970.7884119509856 2271.3810595726877 2.91369076081065e-14 1.5171308686778686e-14 2.1024866694006244e-14 1.1830675071725692e-11 2.3191140462125027e-08 0.012480640139508004 7.22238508290697e-11 1.1273440707717331e-11 1.1965142706766702e-11 1.0581738708667964e-11 9.26895302651592e-11 0.00028051793963613684 4.3786122224684384e-05 4.647269760647541e-05 4.1099546842893356e-05 0.0003600067811028226 3435.1633178087764 536.1955855316389 569.0948190495646 503.2963520137133 4408.566846779727 296.9770168555117 -263.3756869750365 [0.0,2315.543803271458,2455.4962425886238,2595.4486819057875,2735.4011212229525,2875.3535605401175,3015.305999857281,3155.258439174447,3295.2108784916113,3435.1633178087764,3576.672937253549,3718.1825566983257,3859.692176143099,4001.2017955878737,4142.71141503265,4284.221034477423,4425.730653922196,4567.240273366971,4708.749892811747,4850.259512256518] [-148.48850842775585,-2.6937202930936337,-1.9919884265871701,-1.4157686610758446,-0.9524804391129464,-0.5913595589392457,-0.3231230411078059,-0.13970811102893776,-0.034066417560836726,0.0,-0.032738508447380354,-0.1280228319197363,-0.2813688365852727,-0.48876170381981865,-0.7465923881076151,-1.0516045042680844,-1.4008496513085333,-1.7916496113380163,-2.221564189579624,-2.688363712766602] False 55844.65603222185 55858.65603222185
2271.3810595726877 2617.821317854317 3017.1020504598932 1.4852202305311857e-14 7.676716349134869e-15 1.0677834249408747e-14 7.982857640038915e-12 2.0782394497113903e-08 0.008475460780720256 3.76594870088899e-11 7.0018542685879214e-12 7.488560400264401e-12 6.5151481369114415e-12 5.059152123839088e-11 0.00025808002958816964 4.798362644670791e-05 5.131901794670785e-05 4.464823494670797e-05 0.00034670311082655677 3526.884397084098 655.7373063714327 701.3182847148107 610.1563280280548 4737.994621071425 212.98072563080012 -213.42872666503004 [0.0,2190.119297140161,2357.2149346331516,2524.310572126145,2691.406209619136,2858.501847112127,3025.5974846051204,3192.6931220981132,3359.788759591107,3526.884397084098,3703.8799787871944,3880.8755604902917,4057.871142193389,4234.866723896484,4411.862305599579,4588.857887302675,4765.853469005773,4942.849050708871,5119.844632411969,5296.840214115063] [-106.49036281540006,-2.6915676219425677,-1.9735817705149827,-1.3919678217564808,-0.9299447755118706,-0.5736699196012296,-0.31158822282318965,-0.13395278117761222,-0.03246495594993348,0.0,-0.034048934086484905,-0.13227976783477402,-0.2891639340703023,-0.49986228144621236,-0.7601146496463684,-1.0661507486559287,-1.414617585704974,-1.8025198793671109,-2.227170764154323,-2.6861507210842035] False 55844.65603222185 55858.65603222185
3017.1020504598932 3477.2827010020824 4007.6519721450045 7.460163655281598e-15 3.8277013217568966e-15 5.3437139036295785e-15 5.30785789006236e-12 1.8351903632469258e-08 0.00561798310791628 2.4964156306972065e-11 4.8608636152720135e-12 5.215406046776747e-12 4.506321183767281e-12 3.4012743491498164e-11 0.0003018539707328001 5.8775108015593844e-05 6.306205604728345e-05 5.448815998390424e-05 0.0004112649172749154 4671.686538086516 909.641440940616 975.9890107953419 843.2938710858901 6365.000841155791 244.23581950522282 -145.95551232206896 [0.0,2829.485765281115,3059.7608618817917,3290.035958482466,3520.3110550831425,3750.5861516838163,3980.861248284491,4211.136344885165,4441.411441485842,4671.686538086516,4920.174021278619,5168.661504470719,5417.148987662821,5665.636470854921,5914.123954047026,6162.611437239123,6411.098920431224,6659.586403623326,6908.073886815428,7156.561370007532] [-122.11790975261141,-2.7032056916284546,-1.9748415626261817,-1.388275440685618,-0.9247136800167937,-0.5688815311106339,-0.3081942068667445,-0.13215882458422357,-0.03193405146015493,0.0,-0.034740891471756186,-0.13453669137061297,-0.2933869150066073,-0.5060874359956529,-0.7680952428258365,-1.075420777128727,-1.4245413612973152,-1.8123309400317567,-2.236002577008776,-2.6930610224960105] False 55844.65603222185 55858.65603222185
