data/PKS1510-089_allsed_14d_min11.ecsv
# %ECSV 1.0
# ---
# datatype:
# - {name: e_min, unit: MeV, datatype: float64}
# - {name: e_ref, unit: MeV, datatype: float64}
# - {name: e_max, unit: MeV, datatype: float64}
# - {name: ref_dnde_e_min, unit: ph / (cm2 MeV s), datatype: float64}
# - {name: ref_dnde_e_max, unit: ph / (cm2 MeV s), datatype: float64}
# - {name: ref_dnde, unit: ph / (cm2 MeV s), datatype: float64}
# - {name: ref_flux, unit: ph / (cm2 s), datatype: float64}
# - {name: ref_eflux, unit: MeV / (cm2 s), datatype: float64}
# - {name: ref_npred, datatype: float64}
# - {name: dnde, unit: ph / (cm2 MeV s), datatype: float64}
# - {name: dnde_err, unit: ph / (cm2 MeV s), datatype: float64}
# - {name: dnde_errp, unit: ph / (cm2 MeV s), datatype: float64}
# - {name: dnde_errn, unit: ph / (cm2 MeV s), datatype: float64}
# - {name: dnde_ul, unit: ph / (cm2 MeV s), datatype: float64}
# - {name: e2dnde, unit: MeV / (cm2 s), datatype: float64}
# - {name: e2dnde_err, unit: MeV / (cm2 s), datatype: float64}
# - {name: e2dnde_errp, unit: MeV / (cm2 s), datatype: float64}
# - {name: e2dnde_errn, unit: MeV / (cm2 s), datatype: float64}
# - {name: e2dnde_ul, unit: MeV / (cm2 s), datatype: float64}
# - {name: norm, datatype: float64}
# - {name: norm_err, datatype: float64}
# - {name: norm_errp, datatype: float64}
# - {name: norm_errn, datatype: float64}
# - {name: norm_ul, datatype: float64}
# - {name: ts, datatype: float64}
# - {name: loglike, datatype: float64}
# - {name: norm_scan, datatype: string, subtype: 'float64[20]'}
# - {name: dloglike_scan, datatype: string, subtype: 'float64[20]'}
# - {name: ShowUL, datatype: bool}
# - {name: tstart, datatype: float64}
# - {name: tend, datatype: float64}
# meta: !!omap
# - {UL_CONF: 0.95}
# - {EXTNAME: SED}
# - {CONFIG: '{"bin_index": 2.0, "use_local_index": true, "free_background": false, "free_radius": null, "free_pars": [], "ul_confidence":
#     0.95, "cov_scale": 3.0, "make_plots": false, "write_fits": true, "write_npy": true, "optimizer": {"optimizer": "MINUIT", "tol":
#     0.001, "max_iter": 100, "init_lambda": 0.0001, "retries": 3, "min_fit_quality": 2, "verbosity": 0}, "prefix": "", "outfile": null,
#     "loge_bins": []}'}
# - {SRCNAME: 4FGL J1512.8-0906}
# - {CREATOR: fermipy 1.2.0}
# - {STVER: 2.2.0}
# schema: astropy-2.0
e_min e_ref e_max ref_dnde_e_min ref_dnde_e_max ref_dnde ref_flux ref_eflux ref_npred dnde dnde_err dnde_errp dnde_errn dnde_ul e2dnde e2dnde_err e2dnde_errp e2dnde_errn e2dnde_ul norm norm_err norm_errp norm_errn norm_ul ts loglike norm_scan dloglike_scan ShowUL tstart tend
[from data line 1232]
132.83117061068992 153.091119887046 176.4411988580621 7.121829408520441e-12 3.908779406509678e-12 5.276140647168131e-12 2.3027739213736996e-10 3.5108623664931e-08 0.10396201586111783 4.534026342467835e-09 6.663217199612003e-10 6.917311885902015e-10 6.40912251332199e-10 5.694183391987426e-09 0.00010626348112636272 1.561650951384715e-05 1.6212028460174918e-05 1.5020990567519385e-05 0.0001334539554252262 859.3452384369983 126.28960532332205 131.10552482361803 121.47368582302607 1079.2326764533223 86.26299200948688 -1085.8158695663801 [0.0,583.992118899049,618.4112588412926,652.8303987835363,687.2495387257795,721.6686786680236,756.0878186102674,790.5069585525113,824.9260984947547,859.3452384369983,890.869724068542,922.3942097000855,953.9186953316289,985.443180963173,1016.9676665947167,1048.4921522262605,1080.0166378578035,1111.5411234893472,1143.0656091208914,1174.590094752435] [-43.13149600474344,-2.7030934571648686,-2.0295355245295923,-1.4630727113458306,-0.9974545000213766,-0.6270088412957193,-0.3465697014453326,-0.15141591270662502,-0.037219237529143356,0.0,-0.030315676706095473,-0.11951051748155805,-0.26514730331723513,-0.4649492688558894,-0.7167856970149842,-1.0186591383189807,-1.3686940359602886,-1.7651265717254319,-2.206295576036382,-2.6906343686428045] False 56320.65603222185 56334.65603222185
176.4411988580621 203.35272664697808 234.36890988269914 4.2470681099454725e-12 2.2995309729668367e-12 3.1251023444231893e-12 1.8124150075638096e-10 3.6692797137270505e-08 0.10713262484789843 2.0980929159442953e-09 3.3943145090729066e-10 3.540109892755791e-10 3.248519125390022e-10 2.6896412566262687e-09 8.676103364105181e-05 1.4036281857299955e-05 1.4639179760071227e-05 1.3433383954528683e-05 0.00011122293668461544 671.3677456638773 108.61450714182632 113.27980663011537 103.94920765353726 860.6570154177477 73.59522924928524 -996.1415038372309 [0.0,433.88311171587276,463.56869095937367,493.25427020287395,522.9398494463748,552.625428689875,582.311007933376,611.9965871768763,641.6821664203773,671.3677456638773,698.7098845346081,726.0520234053379,753.3941622760682,780.7363011467982,808.0784400175287,835.4205788882581,862.762717758989,890.1048566297188,917.4469955004492,944.7891343711794] [-36.79761462464262,-2.7048432671730325,-2.0181423429537517,-1.4448886066462592,-0.9771957443863357,-0.6080395131137948,-0.33113148370762246,-0.14081562689398197,-0.03198287841223646,0.0,-0.034892143854108326,-0.1283789491403695,-0.2776757159707586,-0.4802076684691201,-0.7335885233745785,-1.0356017904458668,-1.3841843906184295,-1.777412250098564,-2.2134875866420316,-2.6907276512266662] False 56320.65603222185 56334.65603222185
234.36890988269914 270.1158072739371 311.3149665447022 2.4648345372484974e-12 1.3165527099793075e-12 1.8014118323318268e-12 1.38826228797741e-10 3.7321182870232404e-08 0.09980978235572507 1.2875849587450576e-09 1.9335550696130944e-10 2.0274431804789475e-10 1.8396669587472413e-10 1.630053465800478e-09 9.394548108091338e-05 1.410771071668038e-05 1.4792742308822264e-05 1.3422679124538496e-05 0.00011893285642408404 714.7643507361392 107.33553732186913 112.5474555063034 102.12361913743486 904.875518492884 100.76974682637729 -878.4708861905813 [0.0,482.05347121080507,511.14233115147204,540.2311910921388,569.3200510328055,598.4089109734723,627.4977709141391,656.5866308548058,685.6754907954727,714.7643507361392,742.2129667497338,769.6615827633278,797.1101987769221,824.5588147905157,852.0074308041098,879.4560468177042,906.9046628312981,934.3532788448924,961.8018948584867,989.2505108720802] [-50.38487341318864,-2.7049457363759757,-2.021249687186696,-1.4505332648938065,-0.9846694733757886,-0.6164327575515927,-0.3393663657590196,-0.14767368090235777,-0.03612844185499853,0.0,-0.031194702254765616,-0.12241156746858906,-0.2706185377851398,-0.4730219879224933,-0.727041589449982,-1.030288462687281,-1.3805461071858645,-1.7757536921816381,-2.213991360804698,-2.693467260182274] False 56320.65603222185 56334.65603222185
311.3149665447022 358.7979888064861 413.52331434760555 1.3921537494884248e-12 7.335641942581276e-13 1.0105613012217048e-12 1.0348869947886016e-10 3.694345804187615e-08 0.08647614067286558 9.803780904339117e-10 1.3122696159394824e-10 1.3735004979592975e-10 1.2510387339196676e-10 1.2119625961298951e-09 0.00012620995068502716 1.6893633704102687e-05 1.7681895567105073e-05 1.6105371841100302e-05 0.0001560232128626531 970.1322317099383 129.85551834936004 135.91461461059532 123.79642208812476 1199.2964649098565 154.04059351069282 -911.6596183307521 [0.0,687.817140484431,723.1065268876192,758.3959132908075,793.6852996939963,828.9746860971846,864.2640725003732,899.5534589035614,934.8428453067497,970.1322317099383,1003.1961428821077,1036.2600540542767,1069.323965226446,1102.3878763986152,1135.451787570784,1168.5156987429536,1201.579609915123,1234.6435210872912,1267.7074322594608,1300.7713434316304] [-77.02029675534641,-2.7060154876154456,-2.02430112659124,-1.454217245550467,-0.9881044920030035,-0.6191156111199234,-0.341101175605786,-0.14851506972206607,-0.03633572131445817,0.0,-0.03107475769593293,-0.12193533092317921,-0.2696879070956584,-0.47165740759567143,-0.7253653072820043,-1.028510244911331,-1.378951008677518,-1.7746915521644269,-2.2138677534599083,-2.6947356768716872] False 56320.65603222185 56334.65603222185
413.52331434760555 476.5900816815941 549.2752115212968 7.652208131319355e-13 3.9779692788234803e-13 5.517268242667895e-13 7.507444332382917e-11 3.558712496668048e-08 0.07114488341203595 3.3303919827623964e-10 6.000793669666447e-11 6.361461678115136e-11 5.6401256612177555e-11 4.417824283906657e-10 7.564589270599228e-05 1.3630089083684035e-05 1.4449303566868191e-05 1.2810874600499878e-05 0.00010034562402985842 603.6306078081806 108.76385569327948 115.3009315174973 102.22677986906166 800.7267527326896 89.39472131090679 -615.4470958220419 [0.0,376.0945174353127,404.53652873192107,432.9785400285296,461.42055132513804,489.86256262174675,518.3045739183553,546.7465852149638,575.1885965115724,603.6306078081806,632.2118347405417,660.7930616729025,689.3742886052634,717.955515537624,746.5367424699853,775.117969402346,803.6991963347067,832.2804232670672,860.8616501994284,889.4428771317889] [-44.697360655453394,-2.6944229204692647,-1.9946728718476834,-1.4194762233393021,-0.9564212272337045,-0.5949364544488844,-0.32593701164171307,-0.14155287823200524,-0.03491732228064848,0.0,-0.03178312059583277,-0.12580951971506238,-0.2777974741707112,-0.483909954900696,-0.7406939173625915,-1.0450297313152532,-1.3940887675435079,-1.7852975995864426,-2.216307610130002,-2.6849690439044025] False 56320.65603222185 56334.65603222185
549.2752115212968 633.0528961793416 729.6086933380817 4.093654955580725e-13 2.0992469074501044e-13 2.9314829874434907e-13 5.301161556492158e-11 3.3367776934251466e-08 0.05556970761426894 2.0446064800205482e-10 3.7783578436907534e-11 3.9840108979883097e-11 3.572704789393196e-11 2.7265921665763964e-10 8.193882518625238e-05 1.5141994602412231e-05 1.5966161493683012e-05 1.4317827711141443e-05 0.00010926980867685755 697.4648970429889 128.88895688205278 135.90428172543193 121.8736320386736 930.1067678902763 104.92676575618361 -554.4195176240329 [0.0,431.19656809521206,464.4801092136844,497.7636503321566,531.0471914506282,564.3307325691005,597.6142736875728,630.8978148060448,664.1813559245169,697.4648970429889,731.4553136172847,765.4457301915797,799.4361467658753,833.4265633401711,867.4169799144665,901.4073964887623,935.3978130630574,969.3882296373532,1003.3786462116485,1037.369062785944] [-52.46338287809181,-2.6935520056590576,-1.9873451941307394,-1.4098242505767757,-0.9470575995799209,-0.5873393748263425,-0.3207312291407334,-0.13871747977236737,-0.03394130457115807,0.0,-0.03261855457776619,-0.12800488560890244,-0.2815085151563608,-0.48899615405332497,-0.7467764367852396,-1.0515380068497961,-1.4002981888532986,-1.7903601320980442,-2.219276790006461,-2.6848204584830455] False 56320.65603222185 56334.65603222185
729.6086933380817 840.8915725798939 969.1477682383326 2.131151280217884e-13 1.078119770088674e-13 1.5157956089963763e-13 3.642637541636064e-11 3.04461977355108e-08 0.04161610047137254 9.915207098151197e-11 2.1685590746592172e-11 2.3019151755476128e-11 2.0352029737708216e-11 1.388373483461221e-10 7.011029423048224e-05 1.5333851655896254e-05 1.627681082741559e-05 1.439089248437692e-05 9.817169975745216e-05 654.1255984186522 143.06408210900165 151.86184482166 134.2663193963433 915.9371324346804 71.26687967020678 -358.9910858096242 [0.0,364.2219854728193,400.45993709104846,436.69788870927755,472.93584032750675,509.1737919457358,545.4117435639649,581.6496951821941,617.8876468004228,654.1255984186522,692.6855913388156,731.2455842589792,769.8055771791428,808.3655700993064,846.9255630194699,885.4855559396336,924.0455488597975,962.6055417799605,1001.1655347001237,1039.725527620287] [-35.63343983510339,-2.7042503206698143,-1.9785285358200326,-1.392965170968921,-0.9292401814270193,-0.5725231153917889,-0.3106243712348373,-0.1333925882650533,-0.032276537993084276,0.0,-0.03426169290236203,-0.13291810746807187,-0.290362186603204,-0.5017119844543458,-0.7626888320070861,-1.069520312002453,-1.418862175914171,-1.8077349016379003,-2.2334716944147317,-2.69367552376184] False 56320.65603222185 56334.65603222185
969.1477682383326 1116.9661194245136 1287.3303254983532 1.0797375625071619e-13 5.388543383624645e-14 7.62772095615653e-14 2.435950122546713e-11 2.7036247587797035e-08 0.02984877492862359 4.807044736261879e-11 1.23927363932255e-11 1.3261556609271924e-11 1.1523916177179075e-11 7.117739583585349e-11 5.997333004062275e-05 1.5461342895579403e-05 1.654529456280347e-05 1.4377391228355335e-05 8.880186655419417e-05 630.2072091903138 162.46971362033116 173.86001251878756 151.07941472187477 933.1410554341843 61.439665561343304 -326.41699828789103 [0.0,313.87934712786375,353.42032988566984,392.9613126434763,432.5022954012821,472.04327815908863,511.584260916895,551.1252436747012,590.6662264325074,630.2072091903138,675.1798487581399,720.1524883259658,765.1251278937921,810.0977674616179,855.0704070294433,900.0430465972695,945.0156861650964,989.9883257329221,1034.960965300748,1079.9336048685745] [-30.719832780671652,-2.6988565253107026,-1.94853501804414,-1.3561947892346211,-0.8956757581491956,-0.5469778793955697,-0.29444413239593814,-0.12557264849840521,-0.030212074863811722,0.0,-0.036007471456514395,-0.13873253490385196,-0.3010276139924599,-0.5168653618432018,-0.781113427697278,-1.0893635118401335,-1.4377996549867476,-1.8230953802313365,-2.2423323863579867,-2.6929355669200277] False 56320.65603222185 56334.65603222185
1287.3303254983532 1483.6791717563765 1709.9759409858673 5.3238158729181816e-14 2.6210580722170553e-14 3.7355094122100034e-14 1.5853615959977905e-11 2.336508290541249e-08 0.020467966254562375 2.714717050092672e-11 7.727916716311848e-12 8.491360343983388e-12 6.964473088640308e-12 4.172848572327702e-11 5.975917188240334e-05 1.7011493088283837e-05 1.8692064511629474e-05 1.5330921664938197e-05 9.185707772545206e-05 726.7327559714515 206.87718497113505 227.314655297836 186.4397146444341 1117.0761767292563 60.20350120216 -225.8466040669656 [0.0,337.7896954030587,386.40757797410777,435.0254605451568,483.6433431162059,532.2612256872549,580.8791082583041,629.4969908293533,678.1148734004023,726.7327559714515,784.7850210148198,842.8372860581883,900.8895511015564,958.9418161449249,1016.9940811882932,1075.046346231662,1133.0986112750302,1191.1508763183988,1249.2031413617663,1307.2554064051355] [-30.10175060108,-2.696967647378017,-1.9310244903902856,-1.3352253850006832,-0.8774538072023006,-0.5340903166181477,-0.2872250577421198,-0.12293471756430563,-0.03016840356542616,0.0,-0.035854488748896074,-0.14039031110101519,-0.3053083388554114,-0.523758363805257,-0.7900170958684214,-1.0992514389326686,-1.4473411915000156,-1.8307440525832703,-2.2463913217365246,-2.691606248910176] False 56320.65603222185 56334.65603222185
1709.9759409858673 1970.7884119509856 2271.3810595726877 2.554634242269694e-14 1.2407457280537326e-14 1.7803515166494224e-14 1.0041434997945585e-11 1.9651504118590337e-08 0.013328200899669351 1.4080291935760152e-11 4.575272359122948e-12 5.087207877234552e-12 4.0633368410113455e-12 2.2973727923402328e-11 5.468795194322411e-05 1.7770389708142737e-05 1.9758750825955418e-05 1.578202859033006e-05 8.923011925916462e-05 790.8714545461737 256.9870228624007 285.7417667050691 228.2322790197323 1290.4040414804329 50.931773449519255 -171.14685507638148 [0.0,330.1437073966195,387.73467579031376,445.3256441840078,502.9166125777023,560.5075809713968,618.098549365091,675.6895177587852,733.2804861524795,790.8714545461737,865.7549125097066,940.6383704732394,1015.5218284367721,1090.4052864003045,1165.2887443638374,1240.1722023273692,1315.0556602909028,1389.939118254435,1464.8225762179677,1539.7060341815009] [-25.465886724759628,-2.694832121814869,-1.9022996017274636,-1.301191823754408,-0.8483813577585693,-0.5139525580060536,-0.27628034642415855,-0.11921234016131166,-0.030358034946061707,0.0,-0.03541898047407699,-0.14323930838861543,-0.3129256732455019,-0.5361013260337302,-0.8059941491196128,-1.1170501058670084,-1.4646567328402114,-1.8449410451461574,-2.254619012575148,-2.690881556858784] False 56320.65603222185 56334.65603222185
2271.3810595726877 2617.821317854317 3017.1020504598932 1.192985918309726e-14 5.7159684072547995e-15 8.257765932356202e-15 6.189716113342404e-12 1.608539850604816e-08 0.008296705382609293 4.377719417795281e-12 2.1828671755079074e-12 2.441062425061558e-12 1.9246719259542575e-12 8.956031559361221e-12 3.0000460617177542e-05 1.4959163546469433e-05 1.6728572610076728e-05 1.318975448286214e-05 6.137558085395328e-05 530.1336285934393 264.3411297182489 295.6080912268054 233.07416820969246 1084.5586606262382 24.042370285545587 -132.63463872430336 [0.0,119.24611815116988,170.60705695645368,221.96799576173728,273.328934567021,324.6898733723048,376.0508121775884,427.4117509828721,478.772689788156,530.1336285934393,616.2444248461512,702.355221098863,788.466017351575,874.576813604286,960.6876098569977,1046.798406109709,1132.9092023624203,1219.0199986151326,1305.1307948678443,1391.2415911205555] [-12.021185142772794,-2.7002215201632964,-1.7422560235842752,-1.117464793039943,-0.6927963037595362,-0.40206737954773075,-0.20747401174355673,-0.08535396843882381,-0.019895607124453818,0.0,-0.04756437306232897,-0.17449669896129194,-0.36311234871661213,-0.6011079351394812,-0.8795684351013051,-1.191821027806327,-1.5327371353646697,-1.898287261132623,-2.2852459782037045,-2.690990017986536] False 56320.65603222185 56334.65603222185
