data/PKS1510-089_allsed_14d_min11.ecsv
# %ECSV 1.0
# ---
# datatype:
# - {name: e_min, unit: MeV, datatype: float64}
# - {name: e_ref, unit: MeV, datatype: float64}
# - {name: e_max, unit: MeV, datatype: float64}
# - {name: ref_dnde_e_min, unit: ph / (cm2 MeV s), datatype: float64}
# - {name: ref_dnde_e_max, unit: ph / (cm2 MeV s), datatype: float64}
# - {name: ref_dnde, unit: ph / (cm2 MeV s), datatype: float64}
# - {name: ref_flux, unit: ph / (cm2 s), datatype: float64}
# - {name: ref_eflux, unit: MeV / (cm2 s), datatype: float64}
# - {name: ref_npred, datatype: float64}
# - {name: dnde, unit: ph / (cm2 MeV s), datatype: float64}
# - {name: dnde_err, unit: ph / (cm2 MeV s), datatype: float64}
# - {name: dnde_errp, unit: ph / (cm2 MeV s), datatype: float64}
# - {name: dnde_errn, unit: ph / (cm2 MeV s), datatype: float64}
# - {name: dnde_ul, unit: ph / (cm2 MeV s), datatype: float64}
# - {name: e2dnde, unit: MeV / (cm2 s), datatype: float64}
# - {name: e2dnde_err, unit: MeV / (cm2 s), datatype: float64}
# - {name: e2dnde_errp, unit: MeV / (cm2 s), datatype: float64}
# - {name: e2dnde_errn, unit: MeV / (cm2 s), datatype: float64}
# - {name: e2dnde_ul, unit: MeV / (cm2 s), datatype: float64}
# - {name: norm, datatype: float64}
# - {name: norm_err, datatype: float64}
# - {name: norm_errp, datatype: float64}
# - {name: norm_errn, datatype: float64}
# - {name: norm_ul, datatype: float64}
# - {name: ts, datatype: float64}
# - {name: loglike, datatype: float64}
# - {name: norm_scan, datatype: string, subtype: 'float64[20]'}
# - {name: dloglike_scan, datatype: string, subtype: 'float64[20]'}
# - {name: ShowUL, datatype: bool}
# - {name: tstart, datatype: float64}
# - {name: tend, datatype: float64}
# meta: !!omap
# - {UL_CONF: 0.95}
# - {EXTNAME: SED}
# - {CONFIG: '{"bin_index": 2.0, "use_local_index": true, "free_background": false, "free_radius": null, "free_pars": [], "ul_confidence":
#     0.95, "cov_scale": 3.0, "make_plots": false, "write_fits": true, "write_npy": true, "optimizer": {"optimizer": "MINUIT", "tol":
#     0.001, "max_iter": 100, "init_lambda": 0.0001, "retries": 3, "min_fit_quality": 2, "verbosity": 0}, "prefix": "", "outfile": null,
#     "loge_bins": []}'}
# - {SRCNAME: 4FGL J1512.8-0906}
# - {CREATOR: fermipy 1.2.0}
# - {STVER: 2.2.0}
# schema: astropy-2.0
e_min e_ref e_max ref_dnde_e_min ref_dnde_e_max ref_dnde ref_flux ref_eflux ref_npred dnde dnde_err dnde_errp dnde_errn dnde_ul e2dnde e2dnde_err e2dnde_errp e2dnde_errn e2dnde_ul norm norm_err norm_errp norm_errn norm_ul ts loglike norm_scan dloglike_scan ShowUL tstart tend
[from data line 1873]
100.0 115.25240587974294 132.83117061068992 1.9514974974635717e-11 1.018510767067556e-11 1.4098302071781674e-11 4.6389743581112987e-10 5.3182478499570456e-08 0.15677670820778142 9.943230302723227e-09 1.232361203096941e-09 1.2747001357690646e-09 1.1900222704248176e-09 1.2062446479175613e-08 0.00013207709207624122 1.63695981222565e-05 1.6931991121181038e-05 1.580720512333197e-05 0.00016022688862576934 705.2785684472607 87.4120299609385 90.415152780733 84.40890714114401 855.595689307799 127.08728412556775 -1056.7484448235944 [0.0,511.55091471584547,535.7668714322723,559.9828281486995,584.1987848651261,608.4147415815531,632.6306982979797,656.8466550144069,681.0626117308336,705.2785684472607,726.8918339479192,748.5050994485773,770.1183649492358,791.7316304498943,813.3448959505523,834.9581614512106,856.571426951869,878.1846924525269,899.7979579531855,921.4112234538437] [-63.543642062783874,-2.710271234523134,-2.0355754138770408,-1.4667700401068942,-0.9983939112132703,-0.6254240468272201,-0.3432282439603114,-0.14752404530759122,-0.03434308905139005,0.0,-0.033133280698848466,-0.12405154011707964,-0.27060802796790995,-0.47078012958559157,-0.7226596397092635,-1.0244439931432225,-1.3744283395913044,-1.7709983653433028,-2.21262377750395,-2.6978523774910173] False 57062.65603222185 57076.65603222185
132.83117061068992 153.091119887046 176.4411988580621 1.125737189270819e-11 5.7932300914349725e-12 8.075676169789839e-12 3.531212797763305e-10 5.375591367851837e-08 0.172145510345899 3.625157002971904e-09 5.808804353956676e-10 6.045066403088651e-10 5.572542304824702e-10 4.640420071543173e-09 8.496240949401571e-05 1.3614031441587015e-05 1.4167756230604152e-05 1.306030665256988e-05 0.00010875701935653694 448.89826272791794 71.92963452010044 74.85523535109715 69.00403368910374 574.6169081051619 71.89235830166353 -1029.6062134127326 [0.0,292.60306225819096,312.139962316907,331.6768623756226,351.21376243433855,370.7506624930545,390.28756255177046,409.8244626104864,429.36136266920204,448.89826272791794,466.95505696100247,485.0118511940868,503.06864542717096,521.1254396602556,539.1822338933398,557.2390281264239,575.2958223595083,593.3526165925929,611.4094108256772,629.4662050587618] [-35.94617915083177,-2.7064440354504313,-2.0281799805532046,-1.4594179943374002,-0.9931739463704616,-0.62317484340997,-0.34376051586491485,-0.14980225557656013,-0.03663494143006574,0.0,-0.030809417735554234,-0.12082206207378476,-0.26740814065851737,-0.4681246213772283,-0.7206970890881621,-1.0230038205347682,-1.373061753071397,-1.7690140776678618,-2.209119231041086,-2.691741097890599] False 57062.65603222185 57076.65603222185
176.4411988580621 203.35272664697808 234.36890988269914 6.3136180549322486e-12 3.2036732024334434e-12 4.497418034048687e-12 2.613395910469135e-10 5.282790283563987e-08 0.1668146436160302 2.224760803162745e-09 3.2360568038509783e-10 3.382053767232219e-10 3.090059840469738e-10 2.7944451302818444e-09 9.199904609545e-05 1.3381849349455772e-05 1.3985580831276738e-05 1.2778117867634807e-05 0.0001155568212036676 494.6751194395776 71.95365828463582 75.19989784422175 68.70741872504989 621.3443155886081 100.67546406955671 -1077.9255584560876 [0.0,337.72340426181097,357.3423686590318,376.9613330562526,396.58029745347335,416.19926185069426,435.81822624791505,455.437190645136,475.0561550423569,494.6751194395776,512.9312172342419,531.1873150289061,549.4434128235703,567.6995106182343,585.9556084128983,604.2117062075625,622.4678040022269,640.723901796891,658.979999591555,677.2360973862192] [-50.337732034778355,-2.7072815839155737,-2.027199924510569,-1.457638160101169,-0.9912983140770848,-0.6216379247703117,-0.3427654532338238,-0.14935356082378348,-0.03656666437996137,0.0,-0.03089818609237227,-0.1213242516223545,-0.2685214350683509,-0.4699349971144784,-0.7231922113169276,-1.0260848252321466,-1.3765536297446488,-1.7726748354330084,-2.2126480043223182,-2.694785325734756] False 57062.65603222185 57076.65603222185
234.36890988269914 270.1158072739371 311.3149665447022 3.4426420949324423e-12 1.722455126373907e-12 2.435117353370677e-12 1.8804678819894308e-10 5.047541979715669e-08 0.14586172435311084 1.2275941355540268e-09 1.7746038464631053e-10 1.8602654255384817e-10 1.6889422673877291e-10 1.5417367972830592e-09 8.956839768393553e-05 1.2947962070518845e-05 1.3572970789495375e-05 1.232295335154232e-05 0.00011248904713990361 504.1211397285626 72.87549587730167 76.39325566644712 69.35773608815624 633.126282455749 114.27577752079901 -857.284708330409 [0.0,345.9306193691225,365.70443441405234,385.4782494589825,405.2520645039125,425.0258795488424,444.7996945937727,464.57350963870283,484.3473246836328,504.1211397285626,522.7508174516264,541.3804951746902,560.0101728977539,578.6398506208178,597.2695283438811,615.8992060669451,634.528883790009,653.1585615130729,671.7882392361367,690.4179169592005] [-57.137888760399505,-2.707507779702837,-2.0238188287233925,-1.4528037839658055,-0.9864768845897061,-0.6177202942442364,-0.34015906669321794,-0.148058254947955,-0.03623755933438133,0.0,-0.031169392210813385,-0.12236139067874774,-0.27056671420166367,-0.4730093386341423,-0.7271223216747558,-1.0305267348159077,-1.3810132294624964,-1.776525846900313,-2.2151477482475457,-2.6950885942601417] False 57062.65603222185 57076.65603222185
311.3149665447022 358.7979888064861 413.52331434760555 1.8250624147816223e-12 9.00367689618823e-13 1.281884249769485e-12 1.315545958842932e-10 4.688953807788382e-08 0.1186082148113532 6.352390907494627e-10 1.0139018510048702e-10 1.06725412823331e-10 9.605495737764305e-11 8.161639844336207e-10 8.177813753590382e-05 1.3052566541766128e-05 1.373940240066981e-05 1.2365730682862446e-05 0.00010506968406512593 495.5510537427188 79.09464923897733 83.25666911230316 74.9326293656515 636.6908592412985 100.1533576049228 -764.4510845741339 [0.0,325.8143125743822,347.0314052204244,368.24849786646615,389.46559051250836,410.6826831585505,431.8997758045925,453.1168684506344,474.33396109667655,495.5510537427188,515.9782596036458,536.4054654645729,556.8326713255001,577.259877186427,597.6870830473541,618.1142889082812,638.5414947692086,658.9687006301351,679.3959064910622,699.8231123519898] [-50.0766788024614,-2.704903222798066,-2.0145076767596493,-1.4412346760851733,-0.9755417266148925,-0.609073634132983,-0.3344673193893186,-0.1451959361752415,-0.03544303670082627,0.0,-0.03171224712821186,-0.1241761398196104,-0.2739498561771825,-0.47789167234270735,-0.7331250522300934,-1.0370087634532865,-1.387111164262251,-1.7811879729765678,-2.217162961699273,-2.693111118743559] False 57062.65603222185 57076.65603222185
413.52331434760555 476.5900816815941 549.2752115212968 9.406651923718766e-13 4.57603169409432e-13 6.560879311361433e-13 8.947398288149298e-11 4.234656249408139e-08 0.09160163230843477 2.474838405682603e-10 5.437372254373673e-11 5.785219969669087e-11 5.0895245390782586e-11 3.4670696444511433e-10 5.6213010801705266e-05 1.2350344352430394e-05 1.314043906456803e-05 1.1560249640292758e-05 7.875036322625732e-05 377.2113901557284 82.87566340319368 88.17750937211812 77.57381743426923 528.4458804854467 52.477190434357226 -710.016999990475 [0.0,205.77915325748066,227.20818286976157,248.63721248204266,270.0662420943235,291.4952717066045,312.92430131888545,334.35333093116645,355.7823605434475,377.2113901557284,399.2203031217341,421.22921608773987,443.2381290537455,465.24704201975163,487.25595498575706,509.2648679517634,531.2737809177687,553.2826938837749,575.2916068497806,597.3005198157861] [-26.238595217178613,-2.6896555635958066,-1.978234066845289,-1.3994266572918832,-0.9375809042869605,-0.5798630901906563,-0.31559726651312303,-0.13579085557489634,-0.03278627940653678,0.0,-0.03343021935040724,-0.1295178504994965,-0.28353330535492205,-0.49130307668224305,-0.749122737490211,-1.0536866636440436,-1.402030714645889,-1.7914850694975257,-2.2196351037451905,-2.684288694654356] False 57062.65603222185 57076.65603222185
549.2752115212968 633.0528961793416 729.6086933380817 4.714016285382819e-13 2.2610284755069611e-13 3.2647396611757685e-13 5.91751618061069e-11 3.7188733522399385e-08 0.06700797923750046 1.1613054382228482e-10 2.986845174153613e-11 3.1880187946920223e-11 2.7856715536152034e-11 1.715027465383779e-10 4.654000866192591e-05 1.196996033099312e-05 1.277617562408055e-05 1.1163745037905693e-05 6.873074943707048e-05 355.71149884723536 91.48800468451213 97.65001579157722 85.32599357744706 525.318292842415 47.37598702503465 -650.0864422387918 [0.0,174.19213699432555,196.8820572259392,219.57197745755298,242.26189768916683,264.95181792078046,287.6417381523941,310.3316583840079,333.0215786156217,355.71149884723536,380.76095003343465,405.810401219634,430.8598524058334,455.90930359203264,480.9587547782317,506.00820596443134,531.0576571506305,556.1071083368295,581.1565595230289,606.2060107092283] [-23.687993512517323,-2.700626676945376,-1.9607788654575415,-1.3720272850520132,-0.9109022332584118,-0.5592981957860275,-0.30291931570479846,-0.1302563890753845,-0.031889745767443856,0.0,-0.03413554846929401,-0.13384912217929923,-0.29284165227829817,-0.5057374600463618,-0.7679073439098829,-1.0753327064866198,-1.4244997038520069,-1.8123157222794362,-2.236042707981028,-2.6932433894031647] False 57062.65603222185 57076.65603222185
729.6086933380817 840.8915725798939 969.1477682383326 2.29664964577654e-13 1.0861650908565854e-13 1.5794114952002306e-13 3.8046849412435404e-11 3.175021880612732e-08 0.046914434924527404 8.299312678928805e-11 1.8914655785355716e-11 2.010702459667366e-11 1.7722286974037773e-11 1.1773976751758733e-10 5.868432681945353e-05 1.3374527322045055e-05 1.42176496831336e-05 1.253140496095651e-05 8.325362911306027e-05 525.4686764120744 119.75761758627571 127.30706758674428 112.20816758580716 745.4660667938269 73.91230626276752 -436.6838140977399 [0.0,286.5729021097662,316.43487389755455,346.29684568534316,376.15881747313176,406.02078926092025,435.88276104870886,465.7447328364975,495.60670462428595,525.4686764120744,557.9390652863166,590.4094541605588,622.8798430348007,655.350231909043,687.8206207832852,720.2910096575275,752.7613985317695,785.2317874060121,817.7021762802541,850.1725651544962] [-36.95615313138376,-2.7039712001513294,-1.9704147168117174,-1.3824260398573074,-0.9194121268293429,-0.5649824600433817,-0.3058632567919517,-0.1311438087032002,-0.03173943323002959,0.0,-0.03470235728366333,-0.13459400644143216,-0.2935762442882037,-0.5063934146421616,-0.7684822280294838,-1.0758535772965274,-1.424998742484263,-1.8128141523913541,-2.236540441325076,-2.6937126435335017] False 57062.65603222185 57076.65603222185
969.1477682383326 1116.9661194245136 1287.3303254983532 1.0878542074773367e-13 5.072918982190756e-14 7.428725502377809e-14 2.3783585046723138e-11 2.6354907481478634e-08 0.03142998012544118 4.069608650792194e-11 1.0914378463129697e-11 1.1702799617245033e-11 1.012595730901436e-11 6.114380761540175e-11 5.077297927123708e-05 1.361692386217648e-05 1.4600568589467651e-05 1.2633279134885308e-05 7.628382832381155e-05 547.820571575781 146.92127821436114 157.53441978034007 136.3081366483822 823.072646792921 55.36616207283021 -308.20309129699956 [0.0,264.49153127086913,299.9076613089832,335.3237913470972,370.7399213852112,406.1560514233251,441.57218146143936,476.98831149955316,512.4044415376675,547.820571575781,588.7371033336314,629.6536350914815,670.5701668493316,711.486698607182,752.4032303650321,793.3197621228819,834.2362938807324,875.1528256385826,916.0693573964328,956.9858891542825] [-27.683081036415103,-2.6928097206608754,-1.9387288493246615,-1.3462539454459375,-0.8874213441885104,-0.5411166241472642,-0.2909792136855458,-0.12405770533632676,-0.02991292041599536,0.0,-0.03618995551198623,-0.13962666913283783,-0.30280563052292564,-0.5194415602017557,-0.7842149693219085,-1.0925817606085957,-1.440627856725314,-1.8249565958313951,-2.2426003732270487,-2.690950494676713] False 57062.65603222185 57076.65603222185
1287.3303254983532 1483.6791717563765 1709.9759409858673 5.009783064529236e-14 2.3035216030473822e-14 3.397078673761331e-14 1.4454907215728115e-11 2.1269422922626713e-08 0.0201245948583737 1.1155221831496276e-11 5.0379769129282156e-12 5.590991404534552e-12 4.484962421321878e-12 2.1487723131296752e-11 2.4556033152404135e-05 1.1090118149476373e-05 1.2307471098146835e-05 9.872765200805908e-06 4.7301008402360825e-05 328.376905653025 148.30321569650434 164.58233504330548 132.02409634970317 632.5353397690081 21.758983783068857 -266.70100179706367 [0.0,84.69096533278599,115.15170787281583,145.61245041284576,176.07319295287556,206.53393549290547,236.9946780329355,267.45542057296524,297.91616311299515,328.376905653025,374.90469132260426,421.43247699218335,467.9602626617628,514.488048331342,561.015834000921,607.5436196705002,654.0714053400793,700.5991910096586,747.1269766792376,793.6547623488168] [-10.879491891534428,-2.690858883565511,-1.8022995260343464,-1.1874308468064783,-0.7526926820347057,-0.4460969581388099,-0.23567023083273853,-0.10030119379740654,-0.02529571512889106,0.0,-0.039771356554240356,-0.15660047916162512,-0.3359072352437238,-0.56704351710232,-0.8419803749524704,-1.1545031864792463,-1.4996954286758637,-1.8735948942115215,-2.2729573771376863,-2.6950897667048253] False 57062.65603222185 57076.65603222185
9392.473966813408 10825.05221838098 12476.13311942254 1.0004951874659348e-16 4.168615503729429e-17 6.45808001644231e-17 2.013854699639906e-13 2.157020283204525e-09 0.00029668131889160065 2.1288944792035132e-13 2.1943507646394985e-13 2.7534252287137975e-13 1.6352763005652002e-13 7.943504083676271e-13 2.4946759241262984e-05 2.5713787485053555e-05 3.2265120202313316e-05 1.9162454767793797e-05 9.308337535902715e-05 3296.4820407665075 3397.837684037157 4263.5353258299065 2532.1400422444085 12300.101676430242 10.037851811395825 -76.3049468122233 [0.0,366.27578230738953,732.5515646147791,1098.8273469221679,1465.1031292295581,1831.3789115369484,2197.6546938443357,2563.9304761517283,2930.2062584591163,3296.4820407665075,4766.220782527978,6235.959524289451,7705.6982660509175,9175.437007812385,10645.175749573858,12114.914491335328,13584.653233096802,15054.391974858268,16524.130716619748,17993.869458381218] [-5.0189259056979125,-1.3121067755580356,-0.7382062129244957,-0.4446284788381263,-0.2669786523613453,-0.15312285836483852,-0.07971616364949341,-0.034267044801069346,-0.0093038209623586,0.0,-0.06611073639319898,-0.231779050072916,-0.4544445397471861,-0.7140884011928961,-0.9996795153623879,-1.3044882424425879,-1.6241051162265165,-1.9554833837551229,-2.2964295663803824,-2.6453118651000125] False 57062.65603222185 57076.65603222185
