data/PKS1830-211_allsed_1d_min11.ecsv
# %ECSV 1.0
# ---
# datatype:
# - {name: e_min, unit: MeV, datatype: float64}
# - {name: e_ref, unit: MeV, datatype: float64}
# - {name: e_max, unit: MeV, datatype: float64}
# - {name: ref_dnde_e_min, unit: ph / (cm2 MeV s), datatype: float64}
# - {name: ref_dnde_e_max, unit: ph / (cm2 MeV s), datatype: float64}
# - {name: ref_dnde, unit: ph / (cm2 MeV s), datatype: float64}
# - {name: ref_flux, unit: ph / (cm2 s), datatype: float64}
# - {name: ref_eflux, unit: MeV / (cm2 s), datatype: float64}
# - {name: ref_npred, datatype: float64}
# - {name: dnde, unit: ph / (cm2 MeV s), datatype: float64}
# - {name: dnde_err, unit: ph / (cm2 MeV s), datatype: float64}
# - {name: dnde_errp, unit: ph / (cm2 MeV s), datatype: float64}
# - {name: dnde_errn, unit: ph / (cm2 MeV s), datatype: float64}
# - {name: dnde_ul, unit: ph / (cm2 MeV s), datatype: float64}
# - {name: e2dnde, unit: MeV / (cm2 s), datatype: float64}
# - {name: e2dnde_err, unit: MeV / (cm2 s), datatype: float64}
# - {name: e2dnde_errp, unit: MeV / (cm2 s), datatype: float64}
# - {name: e2dnde_errn, unit: MeV / (cm2 s), datatype: float64}
# - {name: e2dnde_ul, unit: MeV / (cm2 s), datatype: float64}
# - {name: norm, datatype: float64}
# - {name: norm_err, datatype: float64}
# - {name: norm_errp, datatype: float64}
# - {name: norm_errn, datatype: float64}
# - {name: norm_ul, datatype: float64}
# - {name: ts, datatype: float64}
# - {name: loglike, datatype: float64}
# - {name: norm_scan, datatype: string, subtype: 'float64[20]'}
# - {name: dloglike_scan, datatype: string, subtype: 'float64[20]'}
# - {name: ShowUL, datatype: bool}
# - {name: tstart, datatype: float64}
# - {name: tend, datatype: float64}
# meta: !!omap
# - {UL_CONF: 0.95}
# - {EXTNAME: SED}
# - {CONFIG: '{"bin_index": 2.0, "use_local_index": true, "free_background": false, "free_radius": null, "free_pars": [], "ul_confidence":
#     0.95, "cov_scale": 3.0, "make_plots": false, "write_fits": true, "write_npy": true, "optimizer": {"optimizer": "MINUIT", "tol":
#     0.001, "max_iter": 100, "init_lambda": 0.0001, "retries": 3, "min_fit_quality": 2, "verbosity": 0}, "prefix": "", "outfile": null,
#     "loge_bins": []}'}
# - {SRCNAME: 4FGL J1833.6-2103}
# - {CREATOR: fermipy 1.2.0}
# - {STVER: 2.2.0}
# schema: astropy-2.0
e_min e_ref e_max ref_dnde_e_min ref_dnde_e_max ref_dnde ref_flux ref_eflux ref_npred dnde dnde_err dnde_errp dnde_errn dnde_ul e2dnde e2dnde_err e2dnde_errp e2dnde_errn e2dnde_ul norm norm_err norm_errp norm_errn norm_ul ts loglike norm_scan dloglike_scan ShowUL tstart tend
[from data line 85]
5323.411028602609 6135.359285332078 7071.149185711414 3.2795143430901767e-16 1.2417042045868793e-16 2.0179659929785827e-16 3.584668690536846e-13 2.1712700964097314e-09 3.0906840328914775e-05 6.546989015237612e-12 6.786043556809527e-12 8.52873782852414e-12 5.043349285094917e-12 2.452095438087663e-11 0.00024644590842265847 0.00025544455093193025 0.0003210441528093871 0.00018984494905447343 0.0009230333003035264 32443.505183028617 33628.13635324503 42264.031496068215 24992.241210421842 121513.21908394955 9.458710350298404 -23.065982994198016 [0.0,3604.833909225401,7209.667818450802,10814.501727676208,14419.335636901604,18024.16954612701,21629.003455352416,25233.837364577823,28838.671273803207,32443.505183028617,46744.548488385364,61045.59179374212,75346.63509909886,89647.67840445561,103948.72170981237,118249.76501516915,132550.80832052586,146851.85162588264,161152.89493123943,175453.9382365962] [-4.729355175149202,-1.3111699063517364,-0.7402369855976865,-0.447166782118007,-0.2694091636616527,-0.1552068693643136,-0.08134152219903612,-0.03537603911677678,-0.009865988708845919,0.0,-0.0624415197071464,-0.22290853714703474,-0.439838997410952,-0.6935706300070024,-0.9732291100753017,-1.272162884295355,-1.5860044847688783,-1.9117307622321142,-2.2471617078369484,-2.5906730716125708] False 58493.00000212926 58494.00000212926
100.0 115.25240587974294 132.83117061068992 5.813964255438005e-12 3.523002210775586e-12 4.525771638657688e-12 1.483794177253549e-10 1.7070739207443796e-08 0.002378389579147561 3.385482743136278e-08 1.1669562483469484e-08 1.2404559953393018e-08 1.0934565013545953e-08 5.5256573752755106e-08 0.00044969763585308187 0.0001550081645193843 0.00016477122195196811 0.00014524510708680046 0.0007339795375514391 7480.454193089575 2578.4691352501814 2740.871821158021 2416.066449342342 12209.315485733128 14.199763303213103 -327.8908627898915 [0.0,2309.909574303831,2956.2276516520496,3602.5457290002682,4248.863806348486,4895.181883696703,5541.499961044923,6187.818038393139,6834.136115741354,7480.454193089575,8176.792778834279,8873.131364578976,9569.46995032368,10265.808536068382,10962.147121813081,11658.485707557782,12354.824293302485,13051.162879047179,13747.501464791882,14443.84005053659] [-7.099881651606552,-2.7008799566783637,-1.9663924774903876,-1.379070647315359,-0.9171028078337145,-0.5635788635124186,-0.3050699709881428,-0.13069809247184594,-0.03150330923455158,0.0,-0.03456453353408051,-0.13363610182807406,-0.2914672019156228,-0.5031045617662926,-0.7642432542294841,-1.0711136316318743,-1.420392471040259,-1.8091322707762174,-2.2347043549632986,-2.694752621262694] False 58498.00000212926 58499.00000212926
132.83117061068992 153.091119887046 176.4411988580621 3.980029785447718e-12 2.3707002503420866e-12 3.0717189989857275e-12 1.338142902713894e-10 2.044113373348013e-08 0.003303055001338481 2.599173576577067e-08 6.502479690424314e-09 6.924359856660808e-09 6.080599524187822e-09 3.7891815338043084e-08 0.0006091654777382829 0.00015239790765791362 0.00016228546712411152 0.00014251034819171576 0.0008880663454253689 8461.625485388819 2116.8862427101612 2254.2295890174887 1979.5428964028342 12335.70367294497 30.351953513462718 -403.96372493900367 [0.0,4055.5420311219927,4606.302462905348,5157.062894688699,5707.823326472052,6258.583758255407,6809.34419003876,7360.104621822114,7910.8650536054665,8461.625485388819,9026.760145035141,9591.894804681453,10157.02946432777,10722.164123974086,11287.298783620407,11852.433443266715,12417.568102913034,12982.702762559355,13547.837422205668,14112.972081851987] [-15.175976756731359,-2.709494913544802,-1.9953400162303296,-1.4133648215015455,-0.94829330765333,-0.5875441364800054,-0.320607025533036,-0.1385940604368443,-0.033909220083955915,0.0,-0.03280568953732654,-0.12874639932869059,-0.2830869705882719,-0.4916385224920532,-0.7506745234922505,-1.0568627547198162,-1.4072096292215974,-1.7990142264677047,-2.229830044792493,-2.6974329430657917] False 58498.00000212926 58499.00000212926
176.4411988580621 203.35272664697808 234.36890988269914 2.632690565617464e-12 1.541487138291021e-12 2.0145120118776722e-12 1.166115266826906e-10 2.3651996876971076e-08 0.003956663128720313 9.690036428761999e-09 2.9530907200357575e-09 3.165515051726016e-09 2.740666388345499e-09 1.5169368855261336e-08 0.00040070559801707017 0.00012211718621183445 0.00013090142758069755 0.00011333294484297138 0.0006272887685589018 4810.115984232915 1465.9087176567696 1571.3557591426445 1360.4616761708946 7530.046366475808 20.58672359053685 -345.70294801068394 [0.0,1838.0460863139456,2209.5548235538167,2581.063560793687,2952.5722980335595,3324.0810352734306,3695.5897725133,4067.0985097531748,4438.607246993044,4810.115984232915,5210.53922498113,5610.962465729344,6011.38570647756,6411.808947225775,6812.232187973993,7212.655428722204,7613.07866947042,8013.501910218634,8413.925150966852,8814.348391715062] [-10.293361795268424,-2.7068400237530454,-1.9642001978584176,-1.372574002776787,-0.9089234728213,-0.5554909691873036,-0.29824048744092124,-0.12584694247726702,-0.02901426924381667,0.0,-0.03718976621115644,-0.13866132479654425,-0.29851237691855204,-0.5116696231628453,-0.7737349492817884,-1.080866489972891,-1.4296853523320578,-1.8172015327807003,-2.24075440556436,-2.6979644229117525] False 58498.00000212926 58499.00000212926
234.36890988269914 270.1158072739371 311.3149665447022 1.6827238180250658e-12 9.685068468432438e-13 1.2766086084244789e-12 9.81952808312535e-11 2.6444832986566017e-08 0.004158034162313334 5.679635484435419e-09 1.6747887965460147e-09 1.7913249232711699e-09 1.55825266982086e-09 8.79435773061572e-09 0.00041440068426207847 0.00012219686020081296 0.00013069963309680227 0.00011369408730482368 0.0006416587598270706 4449.002965321471 1311.904671090185 1403.1903838420187 1220.6189583383516 6888.844139527808 25.729849640854468 -351.95065042494156 [0.0,1836.0592866702234,2162.6772465016293,2489.2952063330345,2815.913166164442,3142.5311259958467,3469.1490858272537,3795.767045658658,4122.385005490066,4449.002965321471,4810.9431670598815,5172.883368798291,5534.823570536701,5896.763772275107,6258.703974013518,6620.64417575193,6982.584377490341,7344.524579228746,7706.4647809671615,8068.404982705571] [-12.864924820427234,-2.705868094826826,-1.9582623059564526,-1.3658701359531733,-0.9036363669589491,-0.5524632890752628,-0.2974057394487204,-0.126513638315771,-0.030058697593631223,0.0,-0.03613204183210428,-0.13785166770355772,-0.29867508188641523,-0.5130852415536538,-0.7763435908491374,-1.0843462576172556,-1.4335125365923886,-1.8206972356782671,-2.2431209402546415,-2.698313923765454] False 58498.00000212926 58499.00000212926
311.3149665447022 358.7979888064861 413.52331434760555 1.0392628351676865e-12 5.879833322760187e-13 7.817091690216496e-13 7.9900573466574e-11 2.8570906951990892e-08 0.00398462870146889 3.7155598139717843e-09 1.0498826473978297e-09 1.123166989691609e-09 9.7659830510405e-10 5.670006054955193e-09 0.00047832629621608156 0.00013515768910594416 0.00014459202195888347 0.00012572335625300483 0.000729933881185547 4753.122978744133 1343.0604232413102 1436.8092817656368 1249.3115647169834 7253.344696022315 30.729776964059056 -341.5047967612484 [0.0,2086.0026307310004,2419.392674232641,2752.7827177342815,3086.1727612359255,3419.5628047375667,3752.9528482392075,4086.3428917408505,4419.732935242494,4753.122978744133,5123.29888250075,5493.474786257368,5863.650690013984,6233.826593770603,6604.002497527217,6974.178401283833,7344.354305040452,7714.530208797072,8084.706112553686,8454.882016310303] [-15.364888482029528,-2.6966296141775956,-1.9537018321297523,-1.3642197160741034,-0.9037031323093743,-0.5534192094719401,-0.29866216046963245,-0.1276429603365159,-0.0307436844632889,0.0,-0.035292867410362305,-0.13623909120155986,-0.2963532948386387,-0.5101122443312534,-0.7727684420820538,-1.0802075386534966,-1.4288376148448378,-1.8155020534164805,-2.237410146571449,-2.692081226871778] False 58498.00000212926 58499.00000212926
413.52331434760555 476.5900816815941 549.2752115212968 6.202068263932274e-13 3.449426483215147e-13 4.62531928847255e-13 6.281861536526809e-11 2.982508750634183e-08 0.003587898521348193 1.8082000585643268e-09 5.493301377109288e-10 5.926731203673238e-10 5.059871550545339e-10 2.853484342882082e-09 0.0004107111364941232 0.00012477380702490587 0.00013461865001201817 0.00011492896403779359 0.0006481350290209571 3909.351864790855 1187.6588478551018 1281.3669357797917 1093.950759930412 6169.269978817844 36.476815652442724 -229.11352236544667 [0.0,1661.2049607450763,1942.2233237507985,2223.241686756521,2504.2600497622434,2785.278412767965,3066.296775773686,3347.31513877941,3628.3335017851305,3909.351864790855,4246.243828840555,4583.135792890256,4920.027756939951,5256.919720989655,5593.811685039353,5930.703649089052,6267.595613138754,6604.487577188449,6941.379541238151,7278.271505287854] [-18.238407826221362,-2.69773239364514,-1.929922241577401,-1.3341039299145336,-0.8769417435312619,-0.5342386908038748,-0.28782238044871633,-0.12366577900374409,-0.030694782173895874,0.0,-0.03513679496515465,-0.13913105281682192,-0.3036670469027172,-0.521892929302453,-0.7880907978090761,-1.0974356679432162,-1.4458158829723402,-1.8296969562319987,-2.246016738700348,-2.6921035860679297] False 58498.00000212926 58499.00000212926
549.2752115212968 633.0528961793416 729.6086933380817 3.576589453061931e-13 1.9552794870717633e-13 2.6444719683235814e-13 4.7731947026207905e-11 3.008993617616108e-08 0.0030472681393326206 1.4815565587421505e-09 3.8679393579706774e-10 4.1539191880768405e-10 3.581959527864515e-10 2.208774882584809e-09 0.0005937426348619352 0.00015500997868333048 0.00016647079108652094 0.00014354916628014005 0.0008851797191706196 5602.466490432716 1462.650920222343 1570.7934278880437 1354.5084125566427 8352.423126591222 63.1340952957994 -270.454612622589 [0.0,2773.7334164712433,3127.3250507164284,3480.916684961611,3834.508319206794,4188.099953451978,4541.691587697161,4895.283221942344,5248.874856187527,5602.466490432716,6011.76031888922,6421.0541473457315,6830.34797580224,7239.641804258746,7648.935632715258,8058.229461171764,8467.523289628269,8876.817118084788,9286.11094654129,9695.4047749978] [-31.5670476478997,-2.69572755868802,-1.9406791718438967,-1.3473716500215005,-0.8879379545177812,-0.5412616916464685,-0.2909410388068636,-0.12397046743018336,-0.029855543095095527,0.0,-0.0363681418226065,-0.1401418771849876,-0.30372640379908944,-0.520763472880617,-0.7858745475260207,-1.0944676959867934,-1.442590071903453,-1.8268136043808454,-2.244145281543979,-2.6919559178608665] False 58498.00000212926 58499.00000212926
729.6086933380817 840.8915725798939 969.1477682383326 1.9928813590150344e-13 1.0709543579573934e-13 1.4609192230678635e-13 3.5042900005459285e-11 2.9331631469732145e-08 0.002461026278769575 7.300587191399925e-10 2.2292958199935072e-10 2.474108519427715e-10 1.9844831205592995e-10 1.1574361325597549e-09 0.0005162235251140425 0.00015763320354213504 0.00017494387614713924 0.00014032253093713084 0.000818421511557604 4997.255889390672 1525.9541970514208 1693.5286225012496 1358.379771601592 7922.65660061062 48.68881675094826 -182.4978584421405 [0.0,2185.221875461362,2536.726127202525,2888.2303789436896,3239.7346306848517,3591.2388824260165,3942.7431341671827,4294.247385908344,4645.751637649508,4997.255889390672,5434.379720587311,5871.503551783942,6308.627382980582,6745.751214177217,7182.875045373853,7619.998876570492,8057.122707767126,8494.24653896376,8931.3703701604,9368.494201357034] [-24.34440837547413,-2.694727481235759,-1.915100025330105,-1.3161928147293622,-0.8606868488952273,-0.5218659820379514,-0.2799241216347923,-0.11975762865230877,-0.029577455033575006,0.0,-0.03643576959015604,-0.14318706283646065,-0.3108815388183075,-0.5319238199062681,-0.8000707118580692,-1.1101265950198922,-1.4577202846688238,-1.839138483729755,-2.2511993987082235,-2.6911554062979803] False 58498.00000212926 58499.00000212926
1287.3303254983532 1483.6791717563765 1709.9759409858673 5.5821916334759226e-14 2.898636716568761e-14 4.022529754733493e-14 1.7041671107297053e-11 2.5147607234440735e-08 0.001372751240203987 2.4872992509530016e-10 8.950345694600725e-11 9.792280304382195e-11 8.108411084819256e-11 4.2533757957923796e-10 0.0005475301503543415 0.00019702430746965498 0.00021555784674143932 0.0001784907681978707 0.0009362972662382403 6183.420391175689 2225.0539437448406 2434.3586999845497 2015.749187505132 10573.882743284223 41.143517990008775 -126.78820987370264 [0.0,2221.3309715248497,2716.5921489812044,3211.8533264375606,3707.1145038939144,4202.375681350267,4697.6368588066225,5192.898036262976,5688.159213719333,6183.420391175689,6849.883140592023,7516.345890008356,8182.808639424688,8849.271388841029,9515.734138257361,10182.196887673697,10848.65963709003,11515.122386506368,12181.5851359227,12848.047885339036] [-20.571758995004387,-2.696335521635717,-1.8705153375148313,-1.260737026039834,-0.8107617528027617,-0.48407366007828045,-0.25554889194599184,-0.1071269502333081,-0.025370405098882998,0.0,-0.04094713716131082,-0.1544638876773945,-0.3290434452204636,-0.5557418167131232,-0.8274652605527422,-1.1384901833435492,-1.484129819059774,-1.8604968013840733,-2.264330241764526,-2.6928673154558] False 58498.00000212926 58499.00000212926
1709.9759409858673 1970.7884119509856 2271.3810595726877 2.806181032126151e-14 1.4323676281723286e-14 2.0048648007306383e-14 1.1288426699259604e-11 2.2117811982577263e-08 0.000934030680900054 7.315780731193174e-11 4.261508120932581e-11 4.811213257202175e-11 3.7118029846629874e-11 1.64635002035864e-10 0.0002841454331202813 0.00016551727221743748 0.00018686785799535379 0.0001441666864395212 0.0006394434945374491 3649.0145013903484 2125.583789679757 2399.769428566361 1851.3981507931533 8211.775775397206 13.519202276044808 -77.91173517863172 [0.0,514.0266155734201,905.9001013005363,1297.7735870276529,1689.6470727547683,2081.5205584818846,2473.3940442090006,2865.267529936116,3257.1410156632337,3649.0145013903484,4360.547648691508,5072.080795992662,5783.613943293817,6495.147090594974,7206.680237896131,7918.2133851972885,8629.746532498442,9341.279679799602,10052.812827100757,10764.345974401915] [-6.759601138022404,-2.693130716006479,-1.6808829362603888,-1.0639336692302237,-0.6564730089586845,-0.38132535866981243,-0.1981988560279433,-0.08313465286472876,-0.020622733907956103,0.0,-0.04601810267540429,-0.17463555221499405,-0.36596209879196806,-0.6065808991825747,-0.8869967518183159,-1.200234937904355,-1.541017256904837,-1.9052506570309617,-2.2896957290646185,-2.6917439123025417] False 58498.00000212926 58499.00000212926
