data/PKS1510-089_allsed_14d_min11.ecsv
# %ECSV 1.0
# ---
# datatype:
# - {name: e_min, unit: MeV, datatype: float64}
# - {name: e_ref, unit: MeV, datatype: float64}
# - {name: e_max, unit: MeV, datatype: float64}
# - {name: ref_dnde_e_min, unit: ph / (cm2 MeV s), datatype: float64}
# - {name: ref_dnde_e_max, unit: ph / (cm2 MeV s), datatype: float64}
# - {name: ref_dnde, unit: ph / (cm2 MeV s), datatype: float64}
# - {name: ref_flux, unit: ph / (cm2 s), datatype: float64}
# - {name: ref_eflux, unit: MeV / (cm2 s), datatype: float64}
# - {name: ref_npred, datatype: float64}
# - {name: dnde, unit: ph / (cm2 MeV s), datatype: float64}
# - {name: dnde_err, unit: ph / (cm2 MeV s), datatype: float64}
# - {name: dnde_errp, unit: ph / (cm2 MeV s), datatype: float64}
# - {name: dnde_errn, unit: ph / (cm2 MeV s), datatype: float64}
# - {name: dnde_ul, unit: ph / (cm2 MeV s), datatype: float64}
# - {name: e2dnde, unit: MeV / (cm2 s), datatype: float64}
# - {name: e2dnde_err, unit: MeV / (cm2 s), datatype: float64}
# - {name: e2dnde_errp, unit: MeV / (cm2 s), datatype: float64}
# - {name: e2dnde_errn, unit: MeV / (cm2 s), datatype: float64}
# - {name: e2dnde_ul, unit: MeV / (cm2 s), datatype: float64}
# - {name: norm, datatype: float64}
# - {name: norm_err, datatype: float64}
# - {name: norm_errp, datatype: float64}
# - {name: norm_errn, datatype: float64}
# - {name: norm_ul, datatype: float64}
# - {name: ts, datatype: float64}
# - {name: loglike, datatype: float64}
# - {name: norm_scan, datatype: string, subtype: 'float64[20]'}
# - {name: dloglike_scan, datatype: string, subtype: 'float64[20]'}
# - {name: ShowUL, datatype: bool}
# - {name: tstart, datatype: float64}
# - {name: tend, datatype: float64}
# meta: !!omap
# - {UL_CONF: 0.95}
# - {EXTNAME: SED}
# - {CONFIG: '{"bin_index": 2.0, "use_local_index": true, "free_background": false, "free_radius": null, "free_pars": [], "ul_confidence":
#     0.95, "cov_scale": 3.0, "make_plots": false, "write_fits": true, "write_npy": true, "optimizer": {"optimizer": "MINUIT", "tol":
#     0.001, "max_iter": 100, "init_lambda": 0.0001, "retries": 3, "min_fit_quality": 2, "verbosity": 0}, "prefix": "", "outfile": null,
#     "loge_bins": []}'}
# - {SRCNAME: 4FGL J1512.8-0906}
# - {CREATOR: fermipy 1.2.0}
# - {STVER: 2.2.0}
# schema: astropy-2.0
e_min e_ref e_max ref_dnde_e_min ref_dnde_e_max ref_dnde ref_flux ref_eflux ref_npred dnde dnde_err dnde_errp dnde_errn dnde_ul e2dnde e2dnde_err e2dnde_errp e2dnde_errn e2dnde_ul norm norm_err norm_errp norm_errn norm_ul ts loglike norm_scan dloglike_scan ShowUL tstart tend
[from data line 954]
729.6086933380817 840.8915725798939 969.1477682383326 2.205950138510338e-13 1.0818231926403058e-13 1.5448132643295712e-13 3.71633207003981e-11 3.1039421426731324e-08 0.04996169284884089 1.2739437367677715e-10 2.2356400205347154e-11 2.3521481320734835e-11 2.1191319089959477e-11 1.675632301523564e-10 9.008038796741075e-05 1.580818010975852e-05 1.6632007378252383e-05 1.4984352841264658e-05 0.00011848373162454924 824.6587248981493 144.71911085673867 152.2610004966707 137.17722121680663 1084.6827511225226 124.08073714591114 -534.8887665546592 [0.0,524.7180575728711,562.2106409885308,599.7032244041906,637.1958078198501,674.68839123551,712.1809746511699,749.6735580668296,787.166141482489,824.6587248981493,862.594889903774,900.5310549093996,938.4672199150248,976.4033849206496,1014.339549926275,1052.2757149319011,1090.2118799375262,1128.1480449431515,1166.0842099487766,1204.0203749544014] [-62.04036857295557,-2.6910663843543716,-1.9887031012708576,-1.4127318204486983,-0.9501074557201719,-0.5897673691010823,-0.32224286598841445,-0.13936230963554408,-0.03402092905321297,0.0,-0.03257372563075478,-0.1275396076209745,-0.28043520400808575,-0.4872750530887515,-0.7444839955337557,-1.0488418617238722,-1.397437261877144,-1.7876287274668812,-2.2170118351510837,-2.683391234153987] False 55942.65603222185 55956.65603222185
969.1477682383326 1116.9661194245136 1287.3303254983532 1.0841687810957832e-13 5.2135798067362396e-14 7.518244784665366e-14 2.404171152547209e-11 2.666022341354988e-08 0.03454169426269593 4.324165894450934e-11 1.0949819960758023e-11 1.1708099863984992e-11 1.0191540057531054e-11 6.36364166593408e-11 5.3948869329636806e-05 1.3661141146412748e-05 1.4607181247857e-05 1.2715101044968495e-05 7.939364054849758e-05 575.1563055343381 145.64330205225414 155.72916550769256 135.55743859681573 846.4265062124235 64.44742874096607 -384.90269264805187 [0.0,290.6310526904764,326.1967092959591,361.76236590144185,397.32802250692464,432.8936791124072,468.45933571788987,504.0249923233725,539.590648928855,575.1563055343381,615.346589273565,655.5368730127923,695.7271567520195,735.9174404912466,776.1077242304737,816.2980079697008,856.4882917089282,896.6785754481556,936.8688591873822,977.0591429266095] [-32.22371437048304,-2.700987779703439,-1.9547820341127249,-1.3638361543647193,-0.9030527002153121,-0.5531511365995812,-0.29897330282568646,-0.12836923041601267,-0.03143875508322935,0.0,-0.034741545765825776,-0.13612623981225624,-0.2972219866325645,-0.5121607949092777,-0.7759281727693974,-1.0842026283064001,-1.433231539809185,-1.8197338785270176,-2.240823062425136,-2.6939451115084694] False 55942.65603222185 55956.65603222185
1287.3303254983532 1483.6791717563765 1709.9759409858673 5.1233634758378224e-14 2.4158659267043597e-14 3.518147133278857e-14 1.4955023941930692e-11 2.2018358258541154e-08 0.02258764694173543 3.207100969958709e-11 7.565698896894315e-12 8.221403795756804e-12 6.909993998031825e-12 4.604133727298328e-11 7.05980382380707e-05 1.6654402372231854e-05 1.809780811331709e-05 1.5210996631146619e-05 0.00010135097459597076 911.5880741945385 215.047825184139 233.6856158740179 196.41003449426006 1308.6814032724517 95.54436213914391 -257.34778251841607 [0.0,492.36007813815024,544.7635776451988,597.1670771522472,649.5705766592957,701.9740761663443,754.3775756733928,806.7810751804415,859.18457468749,911.5880741945385,970.316355789257,1029.0446373839743,1087.7729189786924,1146.5012005734104,1205.2294821681292,1263.9577637628468,1322.6860453575646,1381.4143269522822,1440.1426085470005,1498.8708901417183] [-47.77218106957196,-2.701403465415183,-1.9575442874127589,-1.3665568035231672,-0.9047624932741201,-0.5536714944807954,-0.29855890553949394,-0.12750008327179785,-0.030697633437966942,0.0,-0.03571425084493285,-0.1377367045176925,-0.2992207548953729,-0.5143451401960988,-0.7781173311946077,-1.0862221050448966,-1.4349033540198661,-1.820870717834623,-2.2412250164410352,-2.6933981024827744] False 55942.65603222185 55956.65603222185
1709.9759409858673 1970.7884119509856 2271.3810595726877 2.327933139884015e-14 1.076382667385182e-14 1.582955110735207e-14 8.944986579426054e-12 1.748545994098914e-08 0.013896170311968215 7.657807525768282e-12 3.2596210519432666e-12 3.590056502513334e-12 2.9291856013731984e-12 1.4209620818280329e-11 2.9742977764265126e-05 1.2660390867966133e-05 1.3943804459357544e-05 1.137697727657472e-05 5.51902662236668e-05 483.76656254084196 205.91999291940303 226.79458679317347 185.04539904563256 897.6641676011039 29.707480909430274 -191.18183536430348 [0.0,136.31396730650226,179.7455417107947,223.17711611508722,266.6086905193796,310.0402649236721,353.4718393279645,396.903413732257,440.33498813654955,483.76656254084196,547.0469220159376,610.3272814910335,673.6076409661295,736.8880004412254,800.1683599163215,863.4487193914173,926.7290788665133,990.0094383416082,1053.2897978167048,1116.5701572918003] [-14.853740454715137,-2.7011583616662165,-1.819084442659289,-1.2008667982222505,-0.7603187148492339,-0.4483584223437447,-0.23419572611260264,-0.09716139239500876,-0.022665185326729897,0.0,-0.04347616900281537,-0.16151165366497366,-0.3406942546017149,-0.57102348423129,-0.8448306084497403,-1.1560973218166168,-1.5000079472336836,-1.8726448918997107,-2.270775444984622,-2.6916987615489347] False 55942.65603222185 55956.65603222185
2271.3810595726877 2617.821317854317 3017.1020504598932 1.0170514013216258e-14 4.611238953289472e-15 6.848260391714044e-15 5.144499283491988e-12 1.335181049202371e-08 0.00809711955214043 5.90237757956618e-12 2.378701785121725e-12 2.6294857379187068e-12 2.1279178323247433e-12 1.0728545352411921e-11 4.0448925393365075e-05 1.630121586469647e-05 1.8019835397214395e-05 1.4582596332178547e-05 7.352259740911711e-05 861.8798412962914 347.34394562446863 383.9640415980993 310.72384965083796 1566.6088522849939 33.86128257640274 -146.86574755329718 [0.0,274.84725889925886,348.2263316988881,421.605404498517,494.9844772981461,568.3635500977753,641.7426228974043,715.1216956970334,788.5007684966627,861.8798412962914,969.3386517275974,1076.797462158903,1184.25627259021,1291.7150830215155,1399.1738934528219,1506.6327038841287,1614.091514315434,1721.550324746741,1829.0091351780466,1936.4679456093531] [-16.93064128820137,-2.6935718063270997,-1.8381382400329755,-1.2263097095006685,-0.7844384097564046,-0.46821002929178235,-0.248837250468398,-0.10653524532810366,-0.027104904824795995,0.0,-0.03838224340344709,-0.15313979961638324,-0.33056933218469453,-0.5604157038855533,-0.8347958949267138,-1.1475139207310576,-1.493607447799775,-1.869037809081874,-2.2704720901151916,-2.6951262189717795] False 55942.65603222185 55956.65603222185
7071.149185711414 8149.575733880153 9392.473966813408 2.502681181795076e-16 1.0491204523128781e-16 1.6203746521838047e-16 3.802607518603111e-13 3.066722786905309e-09 0.0006099215180883633 5.309655128942449e-13 3.7516932121272026e-13 4.374069376759238e-13 3.129317047495168e-13 1.4035602126184517e-12 3.526438496374247e-05 2.491708980817824e-05 2.9050637492321916e-05 2.078354212403457e-05 9.321827210165272e-05 3276.807077786945 2315.3245498323404 2699.41853932622 1931.2305603384611 8661.948708756036 22.3514125029605 -40.64288660059193 [0.0,348.03309750063113,714.1298450364204,1080.22659257221,1446.323340107999,1812.4200876437878,2178.516835179577,2544.613582715367,2910.7103302511555,3276.807077786945,4139.190126479448,5001.5731751719495,5863.956223864453,6726.339272556955,7588.722321249457,8451.10536994196,9313.48841863446,10175.871467326962,11038.254516019459,11900.637564711968] [-11.17570625148025,-2.6768420690974253,-1.4756038360148835,-0.8752458503724441,-0.5167429392581582,-0.2898185617626794,-0.1457850362884372,-0.058804341448798425,-0.01350602857235117,0.0,-0.05883184874213043,-0.20622224795162225,-0.413862672840132,-0.6651658986292119,-0.9495730002235803,-1.259945352620214,-1.5912303233963954,-1.9397201931682702,-2.302613495091144,-2.67774179146771] False 55942.65603222185 55956.65603222185
100.0 115.25240587974294 132.83117061068992 1.3544397495235485e-11 7.394583560021444e-12 1.0007755944699278e-11 3.2887625247557947e-10 3.7743380722285956e-08 0.0957363996255874 2.7228109776752707e-08 1.9543628379369178e-09 2.01058000009806e-09 1.898145675775776e-09 3.057726047143083e-08 0.00036167416951624363 2.5960030356119113e-05 2.6706769501946664e-05 2.5213291210291565e-05 0.0004061613302488138 2720.7008171671487 195.28482196571434 200.90218138892433 189.66746254250438 3055.3563296701323 481.6784751465907 -1552.9831154958647 [0.0,2280.2126218939334,2335.2736463030847,2390.3346707122364,2445.3956951213886,2500.4567195305403,2555.517743939691,2610.5787683488443,2665.6397927579956,2720.7008171671487,2768.576079021324,2816.4513408755,2864.3266027296754,2912.2018645838525,2960.0771264380287,3007.952388292203,3055.8276501463793,3103.7029120005554,3151.5781738547316,3199.453435708908] [-240.83923757329535,-2.714571774939941,-2.0548515120678985,-1.4929038593695623,-1.0254106329637125,-0.6492252904481575,-0.36136101120678177,-0.15897981195485045,-0.03938259004689826,0.0,-0.029046136691249558,-0.11534470989317924,-0.2574181074705848,-0.4538468454932172,-0.7032664927348833,-1.0043647992524711,-1.3558790128049623,-1.7565933683740695,-2.2053367373878245,-2.7009804244637508] False 55956.65603222185 55970.65603222185
132.83117061068992 153.091119887046 176.4411988580621 7.932700542830747e-12 4.28829354505325e-12 5.8324736203999724e-12 2.5466253753302173e-10 3.881253589280925e-08 0.10623892476905661 1.5781739631842766e-08 1.059364403207825e-09 1.0894091967976325e-09 1.0293196096180173e-09 1.7595568789031025e-08 0.00036987491135675755 2.482820803483538e-05 2.5532364586964774e-05 2.4124051482705995e-05 0.00041238542758512424 2705.8398646920086 181.63209508612866 186.78339032469114 176.4807998475662 3016.827839132923 611.8846917358737 -1597.8145207062473 [0.0,2296.093843388613,2347.3120960515366,2398.530348714462,2449.7486013773864,2500.966854040312,2552.1851067032353,2603.4033593661597,2654.6216120290837,2705.8398646920086,2750.2921096241303,2794.7443545562505,2839.1965994883726,2883.648844420494,2928.101089352613,2972.5533342847334,3017.005579216855,3061.4578241489753,3105.9100690810988,3150.3623140132186] [-305.94234586793687,-2.7078358591625147,-2.0503710560867603,-1.490075832684397,-1.02374334594856,-0.6483282278859406,-0.3609356794920586,-0.15881148472203677,-0.039332851798235424,0.0,-0.028976579007121472,-0.1150324314116915,-0.2567330843746731,-0.4526991129639555,-0.7016032998758419,-1.0021679787698758,-1.3531625469902337,-1.7534011347402156,-2.20174041891255,-2.697077570817328] False 55956.65603222185 55970.65603222185
176.4411988580621 203.35272664697808 234.36890988269914 4.555135094373511e-12 2.4382269311685678e-12 3.3326345527544035e-12 1.9333921697691337e-10 3.913141977117927e-08 0.10538474977667428 9.123296207355045e-09 6.098016691843307e-10 6.275029153814303e-10 5.921004229872311e-10 1.0171558941765547e-08 0.0003772695685440402 2.5216720733580683e-05 2.594870853313144e-05 2.4484732934029926e-05 0.00042061767656809167 2737.562748911277 182.9788593772855 188.29034670567245 177.66737204889853 3052.1075085652014 680.879920848779 -1626.9179421739484 [0.0,2326.4763880917176,2377.8621831941614,2429.247978296608,2480.6337733990526,2532.019568501497,2583.405363603942,2634.791158706387,2686.176953808832,2737.562748911277,2782.473703386671,2827.3846578620655,2872.2956123374584,2917.20656681285,2962.117521288245,3007.028475763638,3051.939430239032,3096.8503847144257,3141.7613391898185,3186.672293665212] [-340.4399604243895,-2.7075412857245738,-2.051513397612098,-1.4923233308647923,-1.0267237548041521,-0.6516343764985777,-0.3641303980855355,-0.1614319703523961,-0.0408945399701679,0.0,-0.02759495753639385,-0.11265927525164443,-0.2537215692095742,-0.44936830803771954,-0.6982407484558735,-0.999032074266097,-1.3504847226281527,-1.7513878829306577,-2.2005751549097567,-2.696922353867194] False 55956.65603222185 55970.65603222185
234.36890988269914 270.1158072739371 311.3149665447022 2.5644857800578687e-12 1.3591975205652265e-12 1.8669876040776076e-12 1.4391206114049773e-10 3.8681344061647407e-08 0.09536266291026058 3.953518472678949e-09 3.175071542110658e-10 3.282767097418899e-10 3.0673759868024163e-10 4.504497731425762e-09 0.000288458786626477 2.3166131404689977e-05 2.3951905631469534e-05 2.2380357177910416e-05 0.00032865963797769517 2117.5922454140778 170.06387911607555 175.8322920971274 164.2954661350237 2412.7089658162067 495.7967746556392 -1274.4598746625834 [0.0,1739.6986216284236,1786.9353246016296,1834.1720275748373,1881.4087305480434,1928.6454335212504,1975.882136494457,2023.1188394676642,2070.355542440871,2117.5922454140778,2159.7789060527925,2201.965566691507,2244.1522273302226,2286.338887968937,2328.525548607652,2370.7122092463665,2412.8988698850826,2455.085530523796,2497.27219116251,2539.458851801224] [-247.8983873278196,-2.7074559167654115,-2.047282965292652,-1.486632769276639,-1.0214035562619301,-0.6477529232774941,-0.3620759023137907,-0.16098533034391949,-0.04129423646509167,0.0,-0.02708069988830175,-0.11251886887566798,-0.25449645301819146,-0.45128256875068473,-0.7012278874096864,-1.002759471367881,-1.3543760184579696,-1.7546434761713954,-2.2021909913123636,-2.6957071644844746] False 55956.65603222185 55970.65603222185
311.3149665447022 358.7979888064861 413.52331434760555 1.415527011460392e-12 7.428649289020147e-13 1.0254488640236544e-12 1.0502598779079675e-10 3.7488656046158665e-08 0.08089852891976479 2.445852735397669e-09 1.9341994878618297e-10 1.9986769793071776e-10 1.8697219964164817e-10 2.779969874582596e-09 0.00031486928984791277 2.490010990249709e-05 2.5730167315551875e-05 2.4070052489442305e-05 0.00035788219279935283 2385.153293554431 188.61978941323522 194.9075228836641 182.33205594280636 2710.978550090304 616.1603426021807 -1094.026011459483 [0.0,1966.465542889892,2018.8015117229595,2071.137480556026,2123.4734493890946,2175.809418222161,2228.1453870552286,2280.4813558882956,2332.817324721362,2385.153293554431,2431.798750584629,2478.444207614826,2525.0896646450215,2571.7351216752195,2618.3805787054157,2665.0260357356133,2711.671492765811,2758.316949796007,2804.962406826205,2851.6078638564013] [-308.08017130109033,-2.7066326521164683,-2.0431003299299846,-1.480536694615239,-1.0145831907982483,-0.641165328830084,-0.3564681586522056,-0.1569143597157563,-0.03914461687509174,0.0,-0.02895823048265811,-0.11601675778842946,-0.2592842470608048,-0.4569627429470984,-0.7073415328457031,-1.008791510761057,-1.35975999323,-1.7587659442142467,-2.204395570597171,-2.695298254075169] False 55956.65603222185 55970.65603222185
