data/PKS1830-211_allsed_14d_min11.ecsv
# %ECSV 1.0
# ---
# datatype:
# - {name: e_min, unit: MeV, datatype: float64}
# - {name: e_ref, unit: MeV, datatype: float64}
# - {name: e_max, unit: MeV, datatype: float64}
# - {name: ref_dnde_e_min, unit: ph / (cm2 MeV s), datatype: float64}
# - {name: ref_dnde_e_max, unit: ph / (cm2 MeV s), datatype: float64}
# - {name: ref_dnde, unit: ph / (cm2 MeV s), datatype: float64}
# - {name: ref_flux, unit: ph / (cm2 s), datatype: float64}
# - {name: ref_eflux, unit: MeV / (cm2 s), datatype: float64}
# - {name: ref_npred, datatype: float64}
# - {name: dnde, unit: ph / (cm2 MeV s), datatype: float64}
# - {name: dnde_err, unit: ph / (cm2 MeV s), datatype: float64}
# - {name: dnde_errp, unit: ph / (cm2 MeV s), datatype: float64}
# - {name: dnde_errn, unit: ph / (cm2 MeV s), datatype: float64}
# - {name: dnde_ul, unit: ph / (cm2 MeV s), datatype: float64}
# - {name: e2dnde, unit: MeV / (cm2 s), datatype: float64}
# - {name: e2dnde_err, unit: MeV / (cm2 s), datatype: float64}
# - {name: e2dnde_errp, unit: MeV / (cm2 s), datatype: float64}
# - {name: e2dnde_errn, unit: MeV / (cm2 s), datatype: float64}
# - {name: e2dnde_ul, unit: MeV / (cm2 s), datatype: float64}
# - {name: norm, datatype: float64}
# - {name: norm_err, datatype: float64}
# - {name: norm_errp, datatype: float64}
# - {name: norm_errn, datatype: float64}
# - {name: norm_ul, datatype: float64}
# - {name: ts, datatype: float64}
# - {name: loglike, datatype: float64}
# - {name: norm_scan, datatype: string, subtype: 'float64[20]'}
# - {name: dloglike_scan, datatype: string, subtype: 'float64[20]'}
# - {name: ShowUL, datatype: bool}
# - {name: tstart, datatype: float64}
# - {name: tend, datatype: float64}
# meta: !!omap
# - {UL_CONF: 0.95}
# - {EXTNAME: SED}
# - {CONFIG: '{"bin_index": 2.0, "use_local_index": true, "free_background": false, "free_radius": null, "free_pars": [], "ul_confidence":
#     0.95, "cov_scale": 3.0, "make_plots": false, "write_fits": true, "write_npy": true, "optimizer": {"optimizer": "MINUIT", "tol":
#     0.001, "max_iter": 100, "init_lambda": 0.0001, "retries": 3, "min_fit_quality": 2, "verbosity": 0}, "prefix": "", "outfile": null,
#     "loge_bins": []}'}
# - {SRCNAME: 4FGL J1833.6-2103}
# - {CREATOR: fermipy 1.2.0}
# - {STVER: 2.2.0}
# schema: astropy-2.0
e_min e_ref e_max ref_dnde_e_min ref_dnde_e_max ref_dnde ref_flux ref_eflux ref_npred dnde dnde_err dnde_errp dnde_errn dnde_ul e2dnde e2dnde_err e2dnde_errp e2dnde_errn e2dnde_ul norm norm_err norm_errp norm_errn norm_ul ts loglike norm_scan dloglike_scan ShowUL tstart tend
[from data line 73]
413.52331434760555 476.5900816815941 549.2752115212968 1.0009366720996514e-12 4.772979555622327e-13 6.911910208042561e-13 9.433102859843375e-11 4.4624340030999254e-08 0.09961828411465845 4.2492658945075105e-10 7.584691077084033e-11 7.991509348293451e-11 7.177872805874613e-11 5.606223604505281e-10 9.651702069872543e-05 1.7227723655198623e-05 1.81517629711118e-05 1.6303684339285445e-05 0.00012733870111002605 614.7744641652243 109.73364596459366 115.61940343198745 103.84788849719986 811.0961276640994 68.68962445282159 -2391.4690279045763 [0.0,380.08012984692266,409.4169216367102,438.75371342649805,468.0905052162855,497.42729700607356,526.7640887958612,556.100880585649,585.4376723754366,614.7744641652243,643.1590965596998,671.5437289541753,699.9283613486505,728.312993743126,756.6976261376013,785.0822585320769,813.4668909265521,841.851523321028,870.2361557155033,898.620788109978] [-34.344812226410795,-2.7005524603646336,-2.0096048578516275,-1.4368714020347397,-0.9722596239216728,-0.6070220234282715,-0.33351921362282155,-0.14503395290330445,-0.03562333455329281,0.0,-0.031311111348259146,-0.12341502211529587,-0.2728230850134423,-0.4763654006401339,-0.7311516803965787,-1.0345380564008337,-1.3840987727098764,-1.7776019103880571,-2.212988467206742,-2.6883542436826247] False 55186.65603222185 55200.65603222185
549.2752115212968 633.0528961793416 729.6086933380817 4.807424713962644e-13 2.284491729478428e-13 3.31398883509553e-13 6.008896183805162e-11 3.775474860464518e-08 0.06978456948174117 1.7787535680626077e-10 3.8501479702206356e-11 4.0911092304146473e-11 3.6091867100266246e-11 2.4784380258731416e-10 7.128461104233608e-05 1.542969781989259e-05 1.6395364453967705e-05 1.446403118581747e-05 9.932488335600836e-05 536.7409658190153 116.17866449781357 123.44969865587117 108.90763033975597 747.8715678297382 49.703424325780816 -1952.3133727490606 [0.0,294.2790895645741,324.586824096379,354.8945586281844,385.20229315998944,415.51002769179456,445.8177622235999,476.1254967554051,506.43323128721,536.7409658190153,567.5034811832969,598.2659965475779,629.0285119118596,659.7910272761407,690.553542640422,721.3160580047037,752.0785733689848,782.8410887332665,813.6036040975481,844.366119461829] [-24.851712162890408,-2.6937351108874736,-1.9826546980496005,-1.4028285099097957,-0.9394464024160243,-0.5802214215445929,-0.3148309941473144,-0.1345074095054315,-0.03173158701611101,0.0,-0.03462097699889455,-0.1313997629063124,-0.2857558773105211,-0.4936286559277505,-0.7513992541637435,-1.0558269951070542,-1.4039969727264179,-1.7932765767375258,-2.2212791558265508,-2.6858334417690912] False 55186.65603222185 55200.65603222185
729.6086933380817 840.8915725798939 969.1477682383326 2.29315170117461e-13 1.0860005267898416e-13 1.578088703300501e-13 3.8012972553788305e-11 3.172297325077535e-08 0.04779387534746338 5.355996061276038e-11 2.0066072378814114e-11 2.1531851390353282e-11 1.8600293367274942e-11 9.109221090995287e-11 3.7872175138266675e-05 1.418869242570971e-05 1.522514276667171e-05 1.3152242084747705e-05 6.441117816079481e-05 339.39765553572585 127.15427426130631 136.44259251916824 117.86595600344437 577.2312463769473 14.865033878807935 -1614.01988254414 [0.0,93.82439041838612,124.52104855805362,155.2177066977211,185.9143648373885,216.61102297705594,247.30768111672347,278.0043392563908,308.7009973960583,339.39765553572585,374.8595638940201,410.32147225231404,445.78338061060856,481.2452889689026,516.7071973271968,552.1691056854914,587.6310140437854,623.0929224020798,658.5548307603739,694.0167391186682] [-7.432516939403968,-2.6968391086591055,-1.908589695640103,-1.3074340075768305,-0.8513732785397679,-0.5124377830188678,-0.270848450702033,-0.1119788859170967,-0.02463265823439542,0.0,-0.04040223375864116,-0.14624041877209493,-0.31033973287048866,-0.5267797485535084,-0.790603200677424,-1.0976069868686409,-1.444188559128861,-1.8272306695278075,-2.2440133177258303,-2.6921454011448986] False 55186.65603222185 55200.65603222185
1287.3303254983532 1483.6791717563765 1709.9759409858673 5.112040476279191e-14 2.4045390635596716e-14 3.506009272622013e-14 1.490487202551607e-11 2.1943235173996786e-08 0.020943970506721143 2.070641040029329e-11 7.1497234266137255e-12 7.774832104886497e-12 6.524614748340953e-12 3.4586588375218265e-11 4.558110165243446e-05 1.573871395356175e-05 1.711476811540559e-05 1.436265979171791e-05 7.613559134901536e-05 590.5977078265895 203.92768160783314 221.7573172324211 186.09804598324516 986.4944923363608 30.65048950929804 -1061.688680381543 [0.0,219.05804083836992,265.5004992118975,311.94295758542467,358.385415958952,404.8278743324796,451.270332706007,497.7127910795343,544.1552494530621,590.5977078265895,649.7964490280725,708.995190229556,768.1939314310391,827.3926726325221,886.5914138340056,945.7901550354886,1004.9888962369714,1064.1876374384553,1123.3863786399381,1182.5851198414218] [-15.32524475464902,-2.6978169408989743,-1.905613180598948,-1.305594283092887,-0.8532394916121575,-0.5184280156358909,-0.27974560020516037,-0.12137285010476262,-0.03126072940699487,0.0,-0.03375923637145206,-0.13875085397148723,-0.30531582918229105,-0.5257254667549205,-0.7936889619627436,-1.104010229719961,-1.4523424691121818,-1.8350086422299228,-2.248867562653004,-2.691212262162253] False 55186.65603222185 55200.65603222185
2271.3810595726877 2617.821317854317 3017.1020504598932 1.1089628413144634e-14 5.180776420258816e-15 7.579768162170403e-15 5.687056543383251e-12 1.4770334170036932e-08 0.008349472588619067 3.397465643273005e-12 1.97912022954173e-12 2.240077926182866e-12 1.7181625329005937e-12 7.658887190386201e-12 2.3282792820138657e-05 1.3562888078589652e-05 1.5351228160187337e-05 1.177454799699197e-05 5.248626547251498e-05 448.2281740791618 261.1056416499981 295.5338314122577 226.67745188773853 1010.4381857760072 13.263837027648606 -547.13010313584 [0.0,67.15170926821303,114.78626736958164,162.42082547095023,210.05538357231876,257.6899416736876,305.32449977505615,352.95905787642465,400.5936159777932,448.2281740791618,534.8330366505883,621.4378992220145,708.0427617934404,794.6476243648666,881.2524869362934,967.8573495077196,1054.462212079145,1141.067074650572,1227.6719372219982,1314.2767997934247] [-6.631918513824303,-2.674564192994467,-1.6624303404058764,-1.0461712514209012,-0.6420355335704926,-0.3710271152019686,-0.19176395472345575,-0.07979353359246488,-0.01943191829082025,0.0,-0.046054612858256405,-0.17247228684618676,-0.35986598722081453,-0.5952721989455085,-0.8695710656444362,-1.1760887007379779,-1.509784803481125,-1.8667534528025271,-2.2439021610362033,-2.6387376509537717] False 55186.65603222185 55200.65603222185
3017.1020504598932 3477.2827010020824 4007.6519721450045 5.112564547108967e-15 2.3803280361099657e-15 3.488492615429376e-15 3.477188796416745e-12 1.1994889093229428e-08 0.005133833398349941 2.1550103897063863e-12 1.4546033591124807e-12 1.6608696125883815e-12 1.2483371056365802e-12 5.328845157161231e-12 2.6057297314776007e-05 1.7588329218510165e-05 2.0082396587511937e-05 1.5094261849508391e-05 6.443370448133808e-05 617.7483019958006 416.97189000167714 476.099506486688 357.8442735166663 1527.549501923007 9.401846370135331 -429.05628069478695 [0.0,47.10205366044863,118.43283470236763,189.7636157442866,261.0943967862056,332.42517782812473,403.75595887004357,475.0867399119625,546.4175209538818,617.7483019958006,759.525930520374,901.3035590449476,1043.0811875695217,1184.8588160940942,1326.6364446186678,1468.4140731432412,1610.1917016678156,1751.9693301923878,1893.7469587169621,2035.5245872415344] [-4.700923185067666,-2.6517600307542466,-1.5401260579026257,-0.9476293578117634,-0.576303587047903,-0.33208990906967983,-0.17188529262074326,-0.07201089145888773,-0.017927182288531185,0.0,-0.04685679389041297,-0.1766501298075127,-0.36852513271668386,-0.608925249030051,-0.8884777362636669,-1.2003978454363846,-1.5395964405885252,-1.9021464701857553,-2.2849466710946444,-2.6855003109619133] False 55186.65603222185 55200.65603222185
16572.19366947696 19099.851911122612 22013.03884703687 4.2544640952980846e-17 1.9407245517521887e-17 2.873454875979994e-17 1.5745142720161043e-13 2.981918685828245e-09 0.00023536751590813587 1.241649670861044e-13 1.2509378569394793e-13 1.5692586459911038e-13 9.32617067887855e-14 4.5245131881644916e-13 4.529591924479231e-05 4.5634756306817755e-05 5.724723693899325e-05 3.402227567464226e-05 0.00016505620611245036 4321.103773858913 4353.427880132783 5461.225993520803 3245.629766744763 15745.89956496673 11.152533588687533 -59.27934742288244 [0.0,480.1226415398789,960.2452830797578,1440.3679246196375,1920.4905661595155,2400.613207699394,2880.735849239275,3360.858490779153,3840.981132319031,4321.103773858913,6185.518065005768,8049.932356152624,9914.34664729948,11778.760938446338,13643.175229593187,15507.589520740052,17372.00381188691,19236.418103033768,21100.832394180616,22965.246685327475] [-5.576266794343766,-1.299409806689269,-0.7233290860360739,-0.43078468288705096,-0.2549832481035992,-0.14330451064992644,-0.07224045789266142,-0.029229440583911526,-0.006764636808668456,0.0,-0.07216589759072178,-0.2394082692860806,-0.4617236814930905,-0.720022629374462,-1.0036929041080356,-1.3062214370020797,-1.6233219630781406,-1.952022955555158,-2.2901794448037265,-2.636192298666316] False 55186.65603222185 55200.65603222185
100.0 115.25240587974294 132.83117061068992 3.581729632949757e-11 1.7344954214320738e-11 2.492487442126624e-11 8.222039092455635e-10 9.409348523036143e-08 0.46613988701301 7.800967826033617e-09 1.3462281724202328e-09 1.3726943886929128e-09 1.3197619561475528e-09 1.0075601271358395e-08 0.00010362116882283751 1.788210640516694e-05 1.8233660254080518e-05 1.7530552556253363e-05 0.00013383539114810927 312.97922285127845 54.011432501806816 55.07327200500201 52.94959299861162 404.2387977995892 43.16378939031438 -3719.610072597606 [0.0,192.2773976613257,207.36512581006977,222.45285395881382,237.5405821075579,252.6283102563021,267.71603840504616,282.80376655379024,297.8914947025344,312.97922285127845,326.0028425420979,339.0264622329172,352.050081923737,365.07370161455634,378.0973213053756,391.1209409961952,404.1445606870149,417.1681803778341,430.19180006865366,443.21541975947315] [-21.58189469515719,-2.711788381887345,-2.051728797526721,-1.4896169574476517,-1.0221253519289348,-0.6461165041923778,-0.35862774785300644,-0.15685756414995922,-0.03815328551490893,0.0,-0.0300059502555996,-0.11678608102147336,-0.25893829563437976,-0.4551186690873692,-0.7040380523253589,-1.0044589312165044,-1.3551925169681454,-1.7550960472217412,-2.2030702792758348,-2.6980571587778286] False 55228.65603222185 55242.65603222185
132.83117061068992 153.091119887046 176.4411988580621 1.7777933844662036e-11 8.57937480718257e-12 1.2350042823838796e-11 5.412157707474281e-10 8.226497985309347e-08 0.40936028236749306 4.5994795785215186e-09 7.091614302012215e-10 7.258179313481544e-10 6.925049290542886e-10 5.806758068442395e-09 0.00010779750148458239 1.66205391327116e-05 1.7010915734338257e-05 1.623016253108494e-05 0.00013609235584534105 372.4262048422476 57.42177904293218 58.770478912602385 56.073079173261966 470.1812091885091 59.89915972034942 -3922.2510673554916 [0.0,245.33235207317503,261.2190836693091,277.10581526544297,292.99254686157724,308.87927845771145,324.7660100538453,340.65274164997936,356.5394732461136,372.4262048422476,386.3551903213711,400.28417580049484,414.21316127961825,428.1421467587418,442.0711322378656,456.0001177169891,469.92910319611235,483.8580886752362,497.7870741543597,511.7160596334831] [-29.94957986017471,-2.712467711012323,-2.0498194817200783,-1.4868819245821214,-1.0197229354371302,-0.6446717581738994,-0.35829481628752546,-0.1573743776707488,-0.03888965386158816,0.0,-0.029274703654664336,-0.11597022706246207,-0.25846317229070337,-0.4552078269834965,-0.7047309576910266,-1.0056270485893037,-1.3565539395349333,-1.7562288229573824,-2.2034245638797074,-2.696966311509641] False 55228.65603222185 55242.65603222185
176.4411988580621 203.35272664697808 234.36890988269914 8.7630999875249e-12 4.214306522229613e-12 6.07703788307892e-12 3.537934397046502e-10 7.142641725299973e-08 0.3281592718515509 1.3649903161415942e-09 3.306951307959878e-10 3.4157609351391213e-10 3.198141680780635e-10 1.9364487380762815e-09 5.644553195832585e-05 1.3675014652537195e-05 1.4124967829178075e-05 1.3225061475896315e-05 8.007667002335431e-05 224.6144161684945 54.41715802311928 56.20766236541103 52.626653680827516 318.65010146936646 22.700724776414063 -3554.142280176584 [0.0,105.97583398421138,120.80565675724667,135.63547953028217,150.46530230331746,165.29512507635292,180.1249478493883,194.9547706224236,209.78459339545898,224.6144161684945,238.0980186895218,251.58162121054906,265.0652237315764,278.5488262526037,292.032428773631,305.51603129465843,318.99963381568574,332.48323633671316,345.9668388577404,359.4504413787679] [-11.350362388207031,-2.7118364059006126,-2.0378013708605067,-1.4702755254552358,-1.003223716447792,-0.6311823070163882,-0.3491846418037312,-0.15269870412521414,-0.03757459602320523,0.0,-0.030183855350514932,-0.1191217890518601,-0.2645307684524596,-0.4642771125982108,-0.7163628919734037,-1.018913899090876,-1.3701689720346621,-1.7684704880980462,-2.21225587331719,-2.700049997262795] False 55228.65603222185 55242.65603222185
234.36890988269914 270.1158072739371 311.3149665447022 4.289653802435688e-12 2.05581767081092e-12 2.9696373665329194e-12 2.2967701459237255e-10 6.158730034657667e-08 0.24772959743777667 6.566671593010823e-10 1.625496735521522e-10 1.698193732441341e-10 1.5527997386017026e-10 9.429019316550327e-10 4.791211000997084e-05 1.1860038576628003e-05 1.239045439908577e-05 1.1329622754170238e-05 6.879652871045515e-05 221.1270529868595 54.73721316415496 57.18522239717096 52.28920393113896 317.5141659656175 23.982694665011877 -3199.665982069626 [0.0,103.81006615035858,118.47468950492116,133.1393128594838,147.8039362140464,162.46855956860898,177.13318292317155,191.79780627773405,206.46242963229676,221.1270529868595,235.0150291525349,248.9030053182107,262.79098148388636,276.67895764956194,290.5669338152377,304.4549099809132,318.34288614658897,332.23086231226466,346.11883847794036,360.0068146436159] [-11.991347332505939,-2.7097985930631694,-2.0227264779778125,-1.4503142387370644,-0.9838179742437205,-0.6155630376069894,-0.33876881038759166,-0.14740882310798042,-0.03609786937977333,0.0,-0.031201472594148072,-0.1225802348999423,-0.27106213229762943,-0.4738292332012861,-0.728290772681703,-1.0320582086646937,-1.382923700007268,-1.778841448899584,-2.217911454422847,-2.6983653065290127] False 55228.65603222185 55242.65603222185
