data/PKS1830-211_allsed_1d_1_min11.ecsv
# %ECSV 1.0
# ---
# datatype:
# - {name: e_min, unit: MeV, datatype: float64}
# - {name: e_ref, unit: MeV, datatype: float64}
# - {name: e_max, unit: MeV, datatype: float64}
# - {name: ref_dnde_e_min, unit: ph / (cm2 MeV s), datatype: float64}
# - {name: ref_dnde_e_max, unit: ph / (cm2 MeV s), datatype: float64}
# - {name: ref_dnde, unit: ph / (cm2 MeV s), datatype: float64}
# - {name: ref_flux, unit: ph / (cm2 s), datatype: float64}
# - {name: ref_eflux, unit: MeV / (cm2 s), datatype: float64}
# - {name: ref_npred, datatype: float64}
# - {name: dnde, unit: ph / (cm2 MeV s), datatype: float64}
# - {name: dnde_err, unit: ph / (cm2 MeV s), datatype: float64}
# - {name: dnde_errp, unit: ph / (cm2 MeV s), datatype: float64}
# - {name: dnde_errn, unit: ph / (cm2 MeV s), datatype: float64}
# - {name: dnde_ul, unit: ph / (cm2 MeV s), datatype: float64}
# - {name: e2dnde, unit: MeV / (cm2 s), datatype: float64}
# - {name: e2dnde_err, unit: MeV / (cm2 s), datatype: float64}
# - {name: e2dnde_errp, unit: MeV / (cm2 s), datatype: float64}
# - {name: e2dnde_errn, unit: MeV / (cm2 s), datatype: float64}
# - {name: e2dnde_ul, unit: MeV / (cm2 s), datatype: float64}
# - {name: norm, datatype: float64}
# - {name: norm_err, datatype: float64}
# - {name: norm_errp, datatype: float64}
# - {name: norm_errn, datatype: float64}
# - {name: norm_ul, datatype: float64}
# - {name: ts, datatype: float64}
# - {name: loglike, datatype: float64}
# - {name: norm_scan, datatype: string, subtype: 'float64[20]'}
# - {name: dloglike_scan, datatype: string, subtype: 'float64[20]'}
# - {name: ShowUL, datatype: bool}
# - {name: tstart, datatype: float64}
# - {name: tend, datatype: float64}
# meta: !!omap
# - {UL_CONF: 0.95}
# - {EXTNAME: SED}
# - {CONFIG: '{"bin_index": 2.0, "use_local_index": true, "free_background": false, "free_radius": null, "free_pars": [], "ul_confidence":
#     0.95, "cov_scale": 3.0, "make_plots": false, "write_fits": true, "write_npy": true, "optimizer": {"optimizer": "MINUIT", "tol":
#     0.001, "max_iter": 100, "init_lambda": 0.0001, "retries": 3, "min_fit_quality": 2, "verbosity": 0}, "prefix": "", "outfile": null,
#     "loge_bins": []}'}
# - {SRCNAME: 4FGL J1833.6-2103}
# - {CREATOR: fermipy 1.2.0}
# - {STVER: 2.2.0}
# schema: astropy-2.0
e_min e_ref e_max ref_dnde_e_min ref_dnde_e_max ref_dnde ref_flux ref_eflux ref_npred dnde dnde_err dnde_errp dnde_errn dnde_ul e2dnde e2dnde_err e2dnde_errp e2dnde_errn e2dnde_ul norm norm_err norm_errp norm_errn norm_ul ts loglike norm_scan dloglike_scan ShowUL tstart tend
[from data line 302]
100.0 115.25240587974294 132.83117061068992 2.6065566031944503e-11 1.3127017962010961e-11 1.8497652648142076e-11 6.093500722655591e-10 6.979879179599932e-08 0.015756504264987523 6.657722606473633e-08 1.107651123382667e-08 1.1631890042556465e-08 1.0521132425096874e-08 8.620256769388869e-08 0.0008843530874191472 0.0001471305953471655 0.00015450775707676043 0.0001397534336175706 0.0011450387976426485 3599.225660204157 598.8063158348476 628.8306015804002 568.7820300892951 4660.1895566758285 76.35808702372583 -607.804201584932 [0.0,2304.5486518491407,2466.3832778935175,2628.2179039378957,2790.0525299822725,2951.8871560266484,3113.721782071027,3275.556408115402,3437.3910341597793,3599.225660204157,3752.7174164631547,3906.2091727221505,4059.700928981148,4213.192685240145,4366.684441499143,4520.17619775814,4673.667954017137,4827.159710276133,4980.651466535133,5134.143222794128] [-38.179043511862915,-2.701165137096609,-2.0120659750475625,-1.4390692568016448,-0.9731411868932582,-0.6063236853048011,-0.33156452196135433,-0.14258040411664297,-0.033745522720778354,0.0,-0.03322171552611053,-0.12633349307668595,-0.27609670904757877,-0.4795420745145975,-0.733939668117273,-1.0367731065277894,-1.3857171759116227,-1.7786183747458608,-2.213477918605463,-2.6884368372323024] False 58542.00000212926 58543.00000212926
132.83117061068992 153.091119887046 176.4411988580621 1.30805109547706e-11 6.590834524059558e-12 9.285013903761345e-12 4.062801135726997e-10 6.181753938995463e-08 0.014819343140360926 3.0201587904886256e-08 5.686901521914086e-09 5.991802914432912e-09 5.3820001293952575e-09 4.0370447719264695e-08 0.0007078313233994697 0.00013328329103012658 0.000140429231728762 0.00012613735033149113 0.0009461577823440556 3252.724036595319 612.481745408085 645.3197568186346 579.6437339975353 4347.914622175276 56.55490939798938 -633.8563091685112 [0.0,1942.239836811783,2106.0503617847244,2269.8608867576663,2433.6714117306074,2597.481936703552,2761.292461676494,2925.102986649435,3088.9135116223765,3252.724036595319,3411.201794413382,3569.6795522314465,3728.1573100495098,3886.6350678675763,4045.112825685639,4203.590583503705,4362.068341321768,4520.546099139831,4679.023856957898,4837.501614775962] [-28.27745469899469,-2.7029407403838377,-2.0108107273373435,-1.4371681388772686,-0.9719249007395092,-0.6063240438594448,-0.33270551739201437,-0.14432271720318113,-0.03519685468256739,0.0,-0.03181107394505034,-0.12445324879615782,-0.2743965630057801,-0.47842940478358287,-0.7336198961800164,-1.0372831057834446,-1.3869530467554796,-1.7803586313046935,-2.215402917657798,-2.690145113705171] False 58542.00000212926 58543.00000212926
176.4411988580621 203.35272664697808 234.36890988269914 6.57076321737371e-12 3.3124421049540675e-12 4.665326649111729e-12 2.7115513438999717e-10 5.48036005679285e-08 0.01268040789352625 1.2243977076019757e-08 2.7471414805848598e-09 2.91601735845309e-09 2.5782656027166293e-09 1.7222769935370384e-08 0.00050631699812718 0.00011360070500332407 0.00012058411627626727 0.00010661729373038086 0.0007122016905920666 2624.462979103723 588.8422584746368 625.040340746193 552.6441762030805 3691.6536034297997 43.06511556722205 -500.0194430498074 [0.0,1390.5241399478464,1544.76649484233,1699.0088497368151,1853.2512046312988,2007.4935595257841,2161.7359144202683,2315.978269314754,2470.220624209237,2624.462979103723,2779.9867415565514,2935.5105040093795,3091.0342664622094,3246.558028915037,3402.0817913678666,3557.605553820696,3713.129316273524,3868.6530787263537,4024.1768411791845,4179.7006036320145] [-21.532557783611026,-2.6962626985040856,-1.9848275654664462,-1.4045095292262886,-0.9405448955471911,-0.5807314788759754,-0.3148441647746836,-0.1342120193013443,-0.03140541126225571,0.0,-0.03494278708188858,-0.13174731020404806,-0.2859656601773395,-0.49364764975854314,-0.7512661999649595,-1.055656556200006,-1.4039663169490382,-1.7936140076158722,-2.2222544744944344,-2.6877497716697007] False 58542.00000212926 58543.00000212926
234.36890988269914 270.1158072739371 311.3149665447022 3.3040034009669136e-12 1.6664402423833107e-12 2.346470589703311e-12 1.8115222319916985e-10 4.863400547600929e-08 0.01013271717577998 6.325832425534412e-09 1.5137958276387477e-09 1.6070612680985193e-09 1.4205303871789763e-09 9.095043895002627e-09 0.0004615488604598867 0.00011045040276364403 0.00011725528706483707 0.00010364551846245102 0.0006635975889317802 2695.8924834997647 645.1373540676481 684.884470809292 605.3902373260042 3876.0527981527393 45.123576918958975 -463.25439725308604 [0.0,1378.480826466153,1543.157283595354,1707.8337407245556,1872.510197853758,2037.1866549829588,2201.8631121121593,2366.539569241361,2531.216026370562,2695.8924834997647,2869.59143882268,3043.2903941455943,3216.989349468512,3390.688304791426,3564.387260114341,3738.0862154372567,3911.7851707601744,4085.4841260830867,4259.183081406004,4432.88203672892] [-22.561788459479487,-2.706400562002216,-1.9802829910922242,-1.3945798500665205,-0.9306562607278579,-0.5736047433468912,-0.3112813872526772,-0.13364014569850724,-0.032259864257184745,0.0,-0.03414170099694047,-0.13220918622340605,-0.2888578063769387,-0.499429442757787,-0.759835788171074,-1.0664659221352508,-1.4161122755186284,-1.8059107038985758,-2.2332915186245827,-2.6959391237061254] False 58542.00000212926 58543.00000212926
311.3149665447022 358.7979888064861 413.52331434760555 1.6630247552233154e-12 8.391986045367988e-13 1.181358562796899e-12 1.2114432465372885e-10 4.3202069909073575e-08 0.00782231153402694 3.398768514157652e-09 8.684674567645453e-10 9.263791371915644e-10 8.105557763375264e-10 5.005119476839811e-09 0.000437543852465945 0.00011180302371026222 0.00011925834161475167 0.00010434770580577278 0.0006443390448118186 2876.999939892062 735.1429820836315 784.1642379925162 686.1217261747469 4236.748802996824 41.759657471978926 -416.94755496592995 [0.0,1402.5624851307189,1586.8671669758871,1771.1718488210545,1955.4765306662223,2139.781212511391,2324.0858943565586,2508.3905762017266,2692.6952580468947,2876.999939892062,3077.871205693903,3278.742471495742,3479.613737297582,3680.485003099422,3881.356268901262,4082.227534703103,4283.098800504942,4483.970066306783,4684.841332108621,4885.712597910461] [-20.879828735989463,-2.7027884753489957,-1.9667782631892123,-1.3784851248112773,-0.9161452151456615,-0.5627138759017498,-0.30455919561177325,-0.13058510012433544,-0.031623313013540155,0.0,-0.034630413451395725,-0.1344053727510186,-0.2932399770288612,-0.5059046484348642,-0.7678680875039277,-1.0751752272111617,-1.424351131949038,-1.8123244265937615,-2.2363656311949853,-2.6940370149759474] False 58542.00000212926 58543.00000212926
413.52331434760555 476.5900816815941 549.2752115212968 8.37896795770722e-13 4.2305556527968166e-13 5.95379628960227e-13 8.109002142989658e-11 3.841222255393341e-08 0.005928137994032474 2.038404953420651e-09 5.22287800501905e-10 5.582840393055103e-10 4.862915616982995e-10 3.0095031336311745e-09 0.00046299944029388085 0.0001186314617705904 0.00012680757927402685 0.00011045534426715394 0.0006835728416454493 3423.706244334439 877.2349188601399 937.6942242389102 816.7756134813695 5054.7633597860595 49.31831797673476 -345.8351440177044 [0.0,1690.2481617698988,1906.9304220904662,2123.6126824110347,2340.2949427316007,2556.9772030521694,2773.6594633727373,2990.3417236933037,3207.023984013872,3423.706244334439,3665.271903042964,3906.8375617514916,4148.403220460018,4389.968879168544,4631.534537877068,4873.100196585594,5114.665855294116,5356.231514002644,5597.797172711172,5839.362831419693] [-24.65915898836738,-2.7011341880358373,-1.9580938336463873,-1.3678128819362314,-0.9063812909242301,-0.555292259537282,-0.29989953217921084,-0.12839456869295418,-0.031105074867070925,0.0,-0.03512251074886308,-0.13626821089314944,-0.29680237674779164,-0.5110780211966812,-0.7742457433886898,-1.082107700651818,-1.4310038771987479,-1.8177223823445843,-2.239427891242201,-2.6936039661391646] False 58542.00000212926 58543.00000212926
549.2752115212968 633.0528961793416 729.6086933380817 4.2261016873553444e-13 2.1347131435405973e-13 3.0035836625498756e-13 5.434213207679095e-11 3.4193092235319044e-08 0.004374621112910773 9.875569444439133e-10 3.01053332270934e-10 3.2411016591392693e-10 2.779964986279411e-10 1.556949913812185e-09 0.00039576934056985934 0.0001206489200036131 0.00012988908372060727 0.00011140875628661896 0.000623956971956409 3287.9288722909496 1002.3137894396338 1079.0782023323945 925.549376546873 5183.640906111538 36.96163300264527 -300.4896434189861 [0.0,1387.06946083791,1624.6768872695404,1862.28431370117,2099.8917401328,2337.4991665644307,2575.10659299606,2812.7140194276894,3050.321445859317,3287.9288722909496,3570.86233882687,3853.795805362793,4136.729271898714,4419.662738434636,4702.596204970557,4985.529671506479,5268.463138042402,5551.396604578322,5834.330071114244,6117.263537650165] [-18.480816501322636,-2.697473258638354,-1.925936954794281,-1.3283142040901907,-0.8706197271553151,-0.5282553891243538,-0.2827889729709341,-0.12001952688234496,-0.02875389407449802,0.0,-0.03719929040596526,-0.14257760287432575,-0.30792672310303715,-0.5264838168190522,-0.7926058226505575,-1.1015314615585226,-1.449203845017621,-1.8321359519388238,-2.247307041523868,-2.6920817894867355] False 58542.00000212926 58543.00000212926
729.6086933380817 840.8915725798939 969.1477682383326 2.133530303391492e-13 1.0782393494283487e-13 1.5167255276794533e-13 3.644993431579753e-11 3.046516716240776e-08 0.003183013458192191 5.252283280055224e-10 1.656310951421951e-10 1.802860327956062e-10 1.5097615748878405e-10 8.473515179855919e-10 0.00037138823476029714 0.0001171175215926813 0.0001274800080303232 0.00010675503515503943 0.0005991611032884318 3462.909527270281 1092.0307736601885 1188.6529863543515 995.4085609660257 5586.716268183443 53.26292405424351 -178.9053072655538 [0.0,1452.6400755422248,1703.9237570082328,1955.2074384742389,2206.491119940247,2457.774801406253,2709.058482872259,2960.3421643382667,3211.625845804274,3462.909527270281,3782.6957943368843,4102.482061403487,4422.268328470088,4742.054595536691,5061.840862603293,5381.627129669894,5701.413396736499,6021.1996638031005,6340.985930869701,6660.772197936306] [-26.631462027121756,-2.6947147847895394,-1.8996331040640655,-1.2968053832474027,-0.8429664295111934,-0.5081835651750168,-0.27085218070524775,-0.11484639977877009,-0.027797095104290293,0.0,-0.038229573662022176,-0.14727208163216687,-0.3171592203023863,-0.5399182249059322,-0.8090684339309462,-1.1192679595157529,-1.4660596073896954,-1.845684261773215,-2.2549412514208313,-2.691082136335581] False 58542.00000212926 58543.00000212926
969.1477682383326 1116.9661194245136 1287.3303254983532 1.0781799430431734e-13 5.4516051085986793e-14 7.66668851948661e-14 2.4473179482492093e-11 2.7170793513401558e-08 0.002279804088055712 2.6354816765174524e-10 1.0425219791575219e-10 1.1436195263663687e-10 9.414244319486754e-11 4.707164939773743e-10 0.000328806202300307 0.00013006642991893124 0.00014267949448917803 0.00011745336534868445 0.0005872721640369593 3437.5749971044 1359.807401210729 1491.6733912687373 1227.941411152721 6139.762855644163 35.92182194939261 -232.22959817096907 [0.0,1085.4572267088156,1379.4719480082638,1673.4866693077115,1967.50139060716,2261.5161119066065,2555.530833206056,2849.545554505504,3143.5602758049517,3437.5749971044,3848.331105423939,4259.087213743481,4669.8433220630195,5080.599430382559,5491.3555387021,5902.11164702164,6312.86775534118,6723.6238636607195,7134.379971980261,7545.136080299799] [-17.960910974696304,-2.696786173032507,-1.8436265762407231,-1.230591887464925,-0.7861413441440845,-0.46729626633745625,-0.246071797644845,-0.10315129966545555,-0.02459779801515083,0.0,-0.04114752456672477,-0.155730840337867,-0.33152359944730847,-0.5592056282062003,-0.831496639240271,-1.1425929324198876,-1.4877875835174734,-1.8632064057563014,-2.265619540036994,-2.6923039430367908] False 58542.00000212926 58543.00000212926
1287.3303254983532 1483.6791717563765 1709.9759409858673 5.4540264700286615e-14 2.759098230109311e-14 3.879200275884896e-14 1.6448170885938798e-11 2.425686368109778e-08 0.0016044536882377225 1.5089474024654483e-10 6.604481915343661e-11 7.313012822259612e-11 5.895951008427711e-11 2.8547139209537095e-10 0.000332165177886073 0.0001453847169670125 0.0001609816353452796 0.00012978779858874542 0.0006284092843913096 3889.841449656111 1702.5369781499855 1885.1856831731686 1519.8882731268027 7359.02690742749 28.036308090040848 -130.0145525028572 [0.0,1077.1117562015686,1428.7029678833867,1780.2941795652043,2131.8853912470204,2483.476602928839,2835.067814610656,3186.659026292474,3538.2502379742923,3889.841449656111,4419.997777973012,4950.154106289908,5480.310434606811,6010.466762923707,6540.623091240605,7070.779419557505,7600.935747874408,8131.092076191304,8661.248404508207,9191.404732825105] [-14.018154045020424,-2.69583344653725,-1.816778320794299,-1.2017514915104925,-0.7637853623403998,-0.4534397870617397,-0.2397673597003802,-0.10204464366756838,-0.025681570740800908,0.0,-0.03980801407595891,-0.15658529291653167,-0.3358693986773176,-0.5670061078623974,-0.8419095289578422,-1.1542909804052215,-1.4991583338322414,-1.872479136605051,-2.2709469908617166,-2.6918152960358555] False 58542.00000212926 58543.00000212926
1709.9759409858673 1970.7884119509856 2271.3810595726877 2.7617018704804024e-14 1.3977950406684934e-14 1.9647628809508792e-14 1.106568726956778e-11 2.167706810123405e-08 0.0011107126138957951 1.0429072386373227e-10 4.523608841973288e-11 5.0060210036622315e-11 4.041196680284344e-11 1.9643528687655655e-10 0.00040506589783828476 0.00017569728247713578 0.0001944342044355991 0.00015696036051867247 0.0007629560223375158 5308.0565026380755 2302.368843503402 2547.9008445230224 2056.8368424837813 9997.913172173146 38.787322790317376 -128.53566547989988 [0.0,1526.8905916968379,1999.5363305644921,2472.1820694321473,2944.8278082998004,3417.4735471674558,3890.11928603511,4362.765024902764,4835.410763770419,5308.0565026380755,6029.131598944609,6750.206695251143,7471.281791557683,8192.356887864218,8913.431984170755,9634.507080477286,10355.582176783822,11076.65727309036,11797.732369396897,12518.807465703436] [-19.393661395158688,-2.6917514091349233,-1.7967555310592616,-1.1781088423256847,-0.7419809394318122,-0.4357843782474333,-0.22700959138802546,-0.09411845734288704,-0.022085437898340388,0.0,-0.04458992379738902,-0.165644687619249,-0.34826474681065633,-0.5815779532930492,-0.8573996644759347,-1.1694090586492507,-1.5126196038389423,-1.883025761348165,-2.277359778968645,-2.6929197302757473] False 58542.00000212926 58543.00000212926
