data/PKS1502+106_allsed_14d_min11.ecsv
# %ECSV 1.0
# ---
# datatype:
# - {name: e_min, unit: MeV, datatype: float64}
# - {name: e_ref, unit: MeV, datatype: float64}
# - {name: e_max, unit: MeV, datatype: float64}
# - {name: ref_dnde_e_min, unit: ph / (cm2 MeV s), datatype: float64}
# - {name: ref_dnde_e_max, unit: ph / (cm2 MeV s), datatype: float64}
# - {name: ref_dnde, unit: ph / (cm2 MeV s), datatype: float64}
# - {name: ref_flux, unit: ph / (cm2 s), datatype: float64}
# - {name: ref_eflux, unit: MeV / (cm2 s), datatype: float64}
# - {name: ref_npred, datatype: float64}
# - {name: dnde, unit: ph / (cm2 MeV s), datatype: float64}
# - {name: dnde_err, unit: ph / (cm2 MeV s), datatype: float64}
# - {name: dnde_errp, unit: ph / (cm2 MeV s), datatype: float64}
# - {name: dnde_errn, unit: ph / (cm2 MeV s), datatype: float64}
# - {name: dnde_ul, unit: ph / (cm2 MeV s), datatype: float64}
# - {name: e2dnde, unit: MeV / (cm2 s), datatype: float64}
# - {name: e2dnde_err, unit: MeV / (cm2 s), datatype: float64}
# - {name: e2dnde_errp, unit: MeV / (cm2 s), datatype: float64}
# - {name: e2dnde_errn, unit: MeV / (cm2 s), datatype: float64}
# - {name: e2dnde_ul, unit: MeV / (cm2 s), datatype: float64}
# - {name: norm, datatype: float64}
# - {name: norm_err, datatype: float64}
# - {name: norm_errp, datatype: float64}
# - {name: norm_errn, datatype: float64}
# - {name: norm_ul, datatype: float64}
# - {name: ts, datatype: float64}
# - {name: loglike, datatype: float64}
# - {name: norm_scan, datatype: string, subtype: 'float64[20]'}
# - {name: dloglike_scan, datatype: string, subtype: 'float64[20]'}
# - {name: ShowUL, datatype: bool}
# - {name: tstart, datatype: float64}
# - {name: tend, datatype: float64}
# meta: !!omap
# - {UL_CONF: 0.95}
# - {EXTNAME: SED}
# - {CONFIG: '{"bin_index": 2.0, "use_local_index": true, "free_background": false, "free_radius": null, "free_pars": [], "ul_confidence":
#     0.95, "cov_scale": 3.0, "make_plots": false, "write_fits": true, "write_npy": true, "optimizer": {"optimizer": "MINUIT", "tol":
#     0.001, "max_iter": 100, "init_lambda": 0.0001, "retries": 3, "min_fit_quality": 2, "verbosity": 0}, "prefix": "", "outfile": null,
#     "loge_bins": []}'}
# - {SRCNAME: 4FGL J1504.4+1029}
# - {CREATOR: fermipy 1.2.0}
# - {STVER: 2.2.0}
# schema: astropy-2.0
e_min e_ref e_max ref_dnde_e_min ref_dnde_e_max ref_dnde ref_flux ref_eflux ref_npred dnde dnde_err dnde_errp dnde_errn dnde_ul e2dnde e2dnde_err e2dnde_errp e2dnde_errn e2dnde_ul norm norm_err norm_errp norm_errn norm_ul ts loglike norm_scan dloglike_scan ShowUL tstart tend
[from data line 1595]
1287.3303254983532 1483.6791717563765 1709.9759409858673 5.118229615181419e-14 2.4107268235709664e-14 3.5126419433971896e-14 1.4932276937845377e-11 2.198428474774198e-08 0.03128927644792023 9.697267826626696e-12 3.85188706274698e-12 4.320915319791187e-12 3.3828588057027715e-12 1.7237912564811986e-11 2.134663333776543e-05 8.479173954664802e-06 9.511647678932016e-06 7.446700230397587e-06 3.794588389310312e-05 276.0676431839265 109.657833756369 123.01041180452029 96.30525570821771 490.7392453482077 25.957760399230665 -304.61796547159145 [0.0,85.02254361123258,108.90318105781931,132.78381850440599,156.66445595099282,180.5450933975795,204.42573084416625,228.30636829075308,252.18700573733977,276.0676431839265,308.4657409937119,340.86383880349706,373.26193661328233,405.6600344230676,438.0581322328528,470.4562300426381,502.85432785242335,535.2524256622087,567.650523471994,600.048621281779] [-12.978880199615332,-2.700224952994404,-1.8585925676526358,-1.2468682172584522,-0.7996580999898697,-0.47678559311248137,-0.2516443912873001,-0.10562421612576145,-0.02515271553323828,0.0,-0.04041774759986083,-0.15314120181983526,-0.32678709551737484,-0.5525637661735345,-0.8235265920715733,-1.1340853829894968,-1.479667316862276,-1.856479635377923,-2.2613384300526604,-2.691542455657725] False 58462.65603222185 58476.65603222185
1709.9759409858673 1970.7884119509856 2271.3810595726877 2.2790213183179197e-14 1.0419914857505935e-14 1.541012916730862e-14 8.71198549794499e-12 1.7025495789661266e-08 0.018799973801099767 4.008723622007247e-12 1.8845795513938165e-12 2.102636140916919e-12 1.6665229618707144e-12 7.939569073335254e-12 1.5569910467354534e-05 7.319720103107634e-06 8.166653415509795e-06 6.472786790705476e-06 3.083734157739434e-05 260.1356275787383 122.29485755329061 136.44506921963358 108.14464588694767 515.2175550986573 23.1409211134889 -130.30524698055666 [0.0,64.63728308045489,89.07457614274033,113.51186920502573,137.94916226731112,162.38645532959657,186.82374839188194,211.2610414541673,235.69833451645272,260.1356275787383,299.5413734975064,338.94711941627446,378.3528653350427,417.75861125381084,457.1643571725789,496.57010309134694,535.9758490101151,575.3815949288836,614.7873408476514,654.1930867664194] [-11.57046055674445,-2.69949524351847,-1.7867784447342103,-1.166404366528127,-0.7335982683297857,-0.4316915692572536,-0.22645932150183512,-0.09560947239228312,-0.02379664646403512,0.0,-0.04277693952766981,-0.1651426314538753,-0.3503047846391212,-0.5863025788628704,-0.8643120585554129,-1.1776354528301738,-1.5210676285565228,-1.8904823949388287,-2.2825529828583626,-2.6945576237405646] False 58462.65603222185 58476.65603222185
2271.3810595726877 2617.821317854317 3017.1020504598932 9.562074117867508e-15 4.243805156989411e-15 6.370210314653767e-15 4.789773233365565e-12 1.2424937587349045e-08 0.010523928912080205 1.8169244951548728e-12 1.0950210063633069e-12 1.2468075963493366e-12 9.43234416377277e-13 4.228582790835632e-12 1.2451362583838393e-05 7.5041663115378655e-06 8.544358059912843e-06 6.463974563162888e-06 2.8978429034821145e-05 285.2220578927035 171.89715131451248 195.724714689754 148.06958793927097 663.8058371649639 14.369002520284226 -77.78288789648803 [0.0,41.200257670756955,71.70298269850029,102.20570772624356,132.70843275398693,163.21115778173015,193.71388280947355,224.2166078372168,254.71933286496005,285.2220578927035,344.90726155799945,404.5924652232955,464.2776688885917,523.9628725538875,583.6480762191841,643.3332798844798,703.018483549776,762.7036872150721,822.3888908803683,882.0740945456648] [-7.184501260142113,-2.7038555047280965,-1.6525302357928382,-1.0293616690893543,-0.627126295731685,-0.36042816541197453,-0.18554896557770917,-0.07705468691187889,-0.018826699468036168,0.0,-0.04973783526371278,-0.1846723593875197,-0.38206385405067067,-0.627248799743171,-0.9102144066910682,-1.223816818283808,-1.5627787513717664,-1.9230900827947721,-2.3016313585244887,-2.695927575528998] False 58462.65603222185 58476.65603222185
4007.6519721450045 4618.915317184078 5323.411028602609 1.408266436922445e-15 5.889294269152333e-16 9.106972854031656e-16 1.211519696071938e-12 5.537376916539604e-09 0.002685528262150072 6.959520659615374e-13 4.966763516544723e-13 5.792059402077158e-13 4.141467631012286e-13 1.85254727123976e-12 1.484770493736358e-05 1.0596281381165408e-05 1.2356998877919417e-05 8.835563884411394e-06 3.9522945057837026e-05 764.1969259339998 545.3802922390328 636.0027085743442 454.75787590372124 2034.20752530259 14.873821396659167 -99.75601624875807 [0.0,76.3470590002209,162.3282923669432,248.30952573366557,334.2907591003878,420.2719924671101,506.2532258338326,592.2344592005551,678.2156925672767,764.1969259339998,967.6121382827653,1171.0273506315305,1374.4425629802954,1577.8577753290606,1781.2729876778253,1984.6882000265914,2188.1034123753566,2391.518624724121,2594.933837072886,2798.349049421651] [-7.436910698329584,-2.6756162319065027,-1.4793987252650567,-0.8797379843821318,-0.5209249881025073,-0.2933275947072502,-0.14846988154938856,-0.0606034910776998,-0.01440218940763316,0.0,-0.05728402659188703,-0.20394939937497725,-0.41144723193470156,-0.663068565942325,-0.948184205293785,-1.2596106635815971,-1.5922642658111954,-1.9424143607665911,-2.3072416184934923,-2.6845630792309834] False 58462.65603222185 58476.65603222185
100.0 115.25240587974294 132.83117061068992 8.800723125146903e-12 5.067097308353339e-12 6.677882932411647e-12 2.191635241762337e-10 2.518384613831756e-08 0.08834114302573041 2.6544001895294803e-09 7.549520043801549e-10 7.917203954743779e-10 7.18183613285932e-10 3.989029219781821e-09 3.5258708444443836e-05 1.0028115849670278e-05 1.051651469272201e-05 9.539717006618549e-06 5.298674208638669e-05 397.49127326658186 113.05259646226112 118.55859162066149 107.54660130386077 597.3493785613916 17.830487542266155 -783.7119974521677 [0.0,156.50859177436502,186.63142696089216,216.7542621474192,246.87709733394624,276.9999325204734,307.1227677070004,337.24560289352746,367.36843808005466,397.49127326658186,426.45559114571125,455.4199090248408,484.3842269039703,513.3485447831,542.3128626622296,571.2771805413588,600.2414984204884,629.205816299618,658.1701341787477,687.1344520578775] [-8.915243771133078,-2.714179775201842,-2.014676759482768,-1.4364030658524598,-0.9685378370429589,-0.6018053580791047,-0.3281791483224197,-0.1406556706616584,-0.03307853375054037,0.0,-0.03393011649859545,-0.12838583135908266,-0.2798760991435074,-0.485235373333353,-0.7415821893673638,-1.0462843336880496,-1.3969293565161252,-1.7912994547191374,-2.227349954750025,-2.7031907815238583] False 58476.65603222185 58490.65603222185
132.83117061068992 153.091119887046 176.4411988580621 5.8954947050321095e-12 3.322863057103747e-12 4.4260503339548666e-12 1.9304585006565223e-10 2.945070327858506e-08 0.11157051986037816 1.2768428245320591e-09 3.5336362909638014e-10 3.7284809365582763e-10 3.338791645369327e-10 1.911121934736583e-09 2.9925226087712495e-05 8.281744854351296e-06 8.738400126195875e-06 7.825089582506718e-06 4.4790756449712754e-05 288.4835752401271 79.83723691199745 84.23946081125376 75.43501301274115 431.78947154650035 20.728144657873372 -690.4324238785194 [0.0,121.23920068010544,142.14474750010817,163.0502943201108,183.95584114011356,204.86138796011625,225.76693478011893,246.6724816001217,267.5780284201245,288.4835752401271,309.25102680083506,330.0184783615431,350.78592992225134,371.5533814829592,392.3208330436672,413.0882846043753,433.8557361650833,454.6231877257912,475.39063928649927,496.1580908472072] [-10.364072328936686,-2.70554508442126,-2.002051018879797,-1.4242292063509012,-0.9592164556385114,-0.5962370817109104,-0.326151986761829,-0.14112657093835423,-0.034381146159262244,0.0,-0.0323564310627944,-0.12647953518501254,-0.2783495601112236,-0.4843665163617743,-0.741290657817558,-1.0461934681724188,-1.3964169615411492,-1.789539627865338,-2.223347737225936,-2.6958110022277424] False 58476.65603222185 58490.65603222185
176.4411988580621 203.35272664697808 234.36890988269914 3.784641574260587e-12 2.088181523558103e-12 2.811230799607316e-12 1.6295647410152695e-10 3.3005651220827216e-08 0.12303321110074444 1.1330801283979997e-09 2.1468036876609742e-10 2.2573980790401637e-10 2.036209296281784e-10 1.5133010954056448e-09 4.685550501165518e-05 8.877533761752289e-06 9.334867354466076e-06 8.420200169038499e-06 6.25785284578005e-05 403.05482159496563 76.3652592295463 80.29927956663985 72.43123889245273 538.3055335111684 55.41807492945395 -729.8741434825797 [0.0,238.32283515889213,258.9143334634011,279.5058317679105,300.09733007241965,320.6888283769288,341.28032668143794,361.8718249859472,382.4633232904565,403.05482159496563,422.7024258855919,442.350030176218,461.99763446684443,481.64523875747045,501.29284304809664,520.9404473387231,540.5880516293494,560.2356559199752,579.8832602106015,599.530864501228] [-27.709037464726975,-2.703980939916619,-2.0049947609184073,-1.4271911386747433,-0.959990992073358,-0.5942452709410873,-0.32197895134936516,-0.13619110464503592,-0.03069670693344051,0.0,-0.035931593096393044,-0.1316521663397907,-0.2836878782979966,-0.4888811429193538,-0.744351975219729,-1.047465194807387,-1.3958024380541474,-1.787138144860137,-2.219418851725777,-2.6907452517048114] False 58476.65603222185 58490.65603222185
234.36890988269914 270.1158072739371 311.3149665447022 2.3282620771588574e-12 1.2575540512702864e-12 1.7111152525619369e-12 1.3182619370905073e-10 3.544867154584699e-08 0.12082317109963692 5.969885092879125e-10 1.1423275941991512e-10 1.2101108856993405e-10 1.0745443026989624e-10 8.034205737214235e-10 4.355780356388506e-05 8.334713345334317e-06 8.829277520380254e-06 7.840149170288382e-06 5.8619613250318496e-05 348.8885441200307 66.75924327650178 70.72059488029947 62.797891672704104 469.530367705224 65.82617223400507 -594.5510199827391 [0.0,208.15792242870987,225.74925014012487,243.34057785154005,260.931905562955,278.5232332743703,296.11456098578526,313.70588869720046,331.2972164086156,348.8885441200307,366.40873752740623,383.92893093478193,401.4491243421577,418.9693177495333,436.4895111569091,454.00970456428473,471.52989797166066,489.05009137903613,506.57028478641195,524.0904781937875] [-32.913086117002536,-2.697474321636605,-1.995903659136843,-1.4192871185633749,-0.9551967683079283,-0.5930689908375371,-0.32384042095532095,-0.1396697949130612,-0.03372227623196977,0.0,-0.032944760721193234,-0.1276326611028935,-0.2799160255796096,-0.4860747712345983,-0.7427580570818009,-1.0469357046719097,-1.3958574719024455,-1.7870186900415774,-2.218131095777153,-2.687097934486701] False 58476.65603222185 58490.65603222185
311.3149665447022 358.7979888064861 413.52331434760555 1.3725923675248113e-12 7.257510605185518e-13 9.980783368006739e-13 1.0219996312309234e-10 3.64863688403015e-08 0.10891560777006082 3.4312498657678655e-10 7.087474511770973e-11 7.523842038107364e-11 6.651106985434582e-11 4.717007777810265e-10 4.41725371641974e-05 9.124130958659987e-06 9.685893043276623e-06 8.562368874043351e-06 6.072486980556969e-05 343.78562676419654 71.01120473659185 75.38328165928272 66.63912781390098 472.60897305221226 59.75949756427849 -584.2697998341316 [0.0,195.57971012674363,214.1054497064253,232.631189286107,251.1569288657885,269.6826684454702,288.2084080251517,306.7341476048333,325.25988718451487,343.78562676419654,362.5282943376528,381.2709619111093,400.01362948456557,418.75629705802197,437.49896463147815,456.2416322049346,474.9842997783911,493.7269673518474,512.4696349253037,531.2123024987599] [-29.879748782139245,-2.69256670286552,-1.9838979949344093,-1.4052529715833089,-0.9422025383452137,-0.5827529269708975,-0.3168107477962394,-0.13578960008067043,-0.03231511620742822,0.0,-0.03402783348280991,-0.13011793890927947,-0.2837948148654732,-0.4910842365196686,-0.7484386275590396,-1.0526760758947376,-1.4009300714430992,-1.7906077546080041,-2.219354982609275,-2.6850269041233332] False 58476.65603222185 58490.65603222185
413.52331434760555 476.5900816815941 549.2752115212968 7.754480975227008e-13 4.0139661735540424e-13 5.579088126928059e-13 7.592567450093012e-11 3.598700553629296e-08 0.09183588615478766 8.220887043382875e-11 3.001098496578497e-11 3.237590722147917e-11 2.7646062710090765e-11 1.3921203864308433e-10 1.8672767123226355e-05 6.816638283040458e-06 7.35380224493503e-06 6.279474321145886e-06 3.162035878384025e-05 147.35180474572343 53.79191775253338 58.030822394099545 49.55301311096722 249.5247170790558 16.09691269588825 -451.46060585190617 [0.0,44.406076597870104,57.27429261635176,70.14250863483342,83.01072465331511,95.87894067179676,108.74715669027839,121.6153727087601,134.4835887272418,147.35180474572343,162.59269971194934,177.8335946781751,193.07448964440087,208.31538461062684,223.55627957685263,238.79717454307846,254.03806950930425,269.27896447553,284.51985944175584,299.7607544079815] [-8.048456347944125,-2.6978592450179235,-1.9210538337275125,-1.3229927748697037,-0.8664450210318364,-0.5254873346159457,-0.28119326684412727,-0.119238131720806,-0.028468709517312618,0.0,-0.0370516194850552,-0.14169577555259139,-0.3060338754474401,-0.5235586829356862,-0.788835875448342,-1.097273497275637,-1.4449513382770078,-1.8284922273053894,-2.2449633035472516,-2.69179915280057] False 58476.65603222185 58490.65603222185
549.2752115212968 633.0528961793416 729.6086933380817 4.1984713344314493e-13 2.1273583315459672e-13 2.9885871198711335e-13 5.4065255033069616e-11 3.402136926784604e-08 0.07228236837782331 9.0702739213451e-11 2.3889169116520128e-11 2.5497133123501683e-11 2.2281205109538572e-11 1.349675571355316e-10 3.634966417718928e-05 9.573727126521137e-06 1.0218128300836712e-05 8.929325952205562e-06 5.408905419214318e-05 303.4970558842602 79.93465861403504 85.31500706126683 74.55431016680326 451.6099137218772 43.11611839209081 -397.5856616438015 [0.0,144.6045046519597,164.46607355599724,184.3276424600349,204.18921136407238,224.05078026810995,243.91234917214754,263.7739180761851,283.63548698022277,303.4970558842602,325.3878468253328,347.2786377664053,369.16942870747766,391.06021964855006,412.9510105896228,434.8418015306948,456.73259247176725,478.6233834128398,500.5141743539124,522.4049652949847] [-21.558059196045406,-2.7017575566065943,-1.9609840948219812,-1.3716734447307886,-0.9102219847503079,-0.5584690314705654,-0.30209498334181717,-0.12957822009224174,-0.03148960633677689,0.0,-0.03459251138428954,-0.1346758928771692,-0.2939615666090276,-0.5070779926071509,-0.7693955920734652,-1.076892257493796,-1.426048530454466,-1.8137648360610115,-2.237295366092553,-2.69419470185926] False 58476.65603222185 58490.65603222185
