data/PKS1502+106_allsed_14d_min11.ecsv
# %ECSV 1.0
# ---
# datatype:
# - {name: e_min, unit: MeV, datatype: float64}
# - {name: e_ref, unit: MeV, datatype: float64}
# - {name: e_max, unit: MeV, datatype: float64}
# - {name: ref_dnde_e_min, unit: ph / (cm2 MeV s), datatype: float64}
# - {name: ref_dnde_e_max, unit: ph / (cm2 MeV s), datatype: float64}
# - {name: ref_dnde, unit: ph / (cm2 MeV s), datatype: float64}
# - {name: ref_flux, unit: ph / (cm2 s), datatype: float64}
# - {name: ref_eflux, unit: MeV / (cm2 s), datatype: float64}
# - {name: ref_npred, datatype: float64}
# - {name: dnde, unit: ph / (cm2 MeV s), datatype: float64}
# - {name: dnde_err, unit: ph / (cm2 MeV s), datatype: float64}
# - {name: dnde_errp, unit: ph / (cm2 MeV s), datatype: float64}
# - {name: dnde_errn, unit: ph / (cm2 MeV s), datatype: float64}
# - {name: dnde_ul, unit: ph / (cm2 MeV s), datatype: float64}
# - {name: e2dnde, unit: MeV / (cm2 s), datatype: float64}
# - {name: e2dnde_err, unit: MeV / (cm2 s), datatype: float64}
# - {name: e2dnde_errp, unit: MeV / (cm2 s), datatype: float64}
# - {name: e2dnde_errn, unit: MeV / (cm2 s), datatype: float64}
# - {name: e2dnde_ul, unit: MeV / (cm2 s), datatype: float64}
# - {name: norm, datatype: float64}
# - {name: norm_err, datatype: float64}
# - {name: norm_errp, datatype: float64}
# - {name: norm_errn, datatype: float64}
# - {name: norm_ul, datatype: float64}
# - {name: ts, datatype: float64}
# - {name: loglike, datatype: float64}
# - {name: norm_scan, datatype: string, subtype: 'float64[20]'}
# - {name: dloglike_scan, datatype: string, subtype: 'float64[20]'}
# - {name: ShowUL, datatype: bool}
# - {name: tstart, datatype: float64}
# - {name: tend, datatype: float64}
# meta: !!omap
# - {UL_CONF: 0.95}
# - {EXTNAME: SED}
# - {CONFIG: '{"bin_index": 2.0, "use_local_index": true, "free_background": false, "free_radius": null, "free_pars": [], "ul_confidence":
#     0.95, "cov_scale": 3.0, "make_plots": false, "write_fits": true, "write_npy": true, "optimizer": {"optimizer": "MINUIT", "tol":
#     0.001, "max_iter": 100, "init_lambda": 0.0001, "retries": 3, "min_fit_quality": 2, "verbosity": 0}, "prefix": "", "outfile": null,
#     "loge_bins": []}'}
# - {SRCNAME: 4FGL J1504.4+1029}
# - {CREATOR: fermipy 1.2.0}
# - {STVER: 2.2.0}
# schema: astropy-2.0
e_min e_ref e_max ref_dnde_e_min ref_dnde_e_max ref_dnde ref_flux ref_eflux ref_npred dnde dnde_err dnde_errp dnde_errn dnde_ul e2dnde e2dnde_err e2dnde_errp e2dnde_errn e2dnde_ul norm norm_err norm_errp norm_errn norm_ul ts loglike norm_scan dloglike_scan ShowUL tstart tend
[from data line 1474]
1287.3303254983532 1483.6791717563765 1709.9759409858673 5.862071716681716e-14 3.216049668032826e-14 4.3419711881147825e-14 1.836608369117507e-11 2.7137188867291034e-08 0.022007672181558857 2.128604081910067e-11 7.0153639353655694e-12 7.787091185849492e-12 6.243636684881648e-12 3.476746207798997e-11 4.685704434504757e-05 1.5442947883530377e-05 1.714175407795233e-05 1.3744141689108425e-05 7.653374933356745e-05 490.2391079279074 161.57094626902702 179.34460751754844 143.79728502050563 800.729912099796 44.062957168774346 -142.84601772960985 [0.0,196.70350036500938,233.3954513103716,270.0874022557337,306.7793532010961,343.47130414645846,380.16325509182076,416.85520603718294,453.5471569825454,490.2391079279074,536.8200916581835,583.4010753884596,629.982059118735,676.563042849011,723.1440265792871,769.7250103095628,816.3059940398388,862.886977770115,909.467961500391,956.048945230666] [-22.031478584387173,-2.696730787611159,-1.8997208868461257,-1.2959728171766187,-0.8417523261485371,-0.5069056518052548,-0.2697143291662485,-0.11398984721978422,-0.027326973569756774,0.0,-0.038743839826167914,-0.14808192785397978,-0.3181029693104733,-0.5408787649017484,-0.8099639895316102,-1.1200451057492273,-1.466687883378114,-1.846151950134356,-2.255252024515869,-2.691252359114884] False 58028.65603222185 58042.65603222185
1709.9759409858673 1970.7884119509856 2271.3810595726877 3.174712383925651e-14 1.7298272271176977e-14 2.343438482226984e-14 1.3169288563525042e-11 2.584284885275353e-08 0.016202583361373146 1.1572949014603554e-11 4.230820356060278e-12 4.638690215704637e-12 3.822950496415918e-12 1.997103551901267e-11 4.494941457461007e-05 1.643253572924925e-05 1.801670510479111e-05 1.4848366353707386e-05 7.756764104772259e-05 493.8447969671344 180.5389980640628 197.94375874959863 163.134237378527 852.2107864352415 50.93807447302231 -81.39698446442904 [0.0,178.4913083745404,217.9104944486147,257.32968052268905,296.7488665967633,336.16805267083765,375.5872387449117,415.0064248189861,454.4256108930603,493.8447969671344,548.3408374846938,602.8368780022525,657.3329185198116,711.8289590373706,766.3249995549297,820.8210400724884,875.3170805900472,929.8131211076064,984.3091616251651,1038.8052021427247] [-25.469037236511156,-2.697398435551605,-1.859847918456211,-1.247901698502318,-0.79986018201609,-0.47650389331481335,-0.2513099005992814,-0.10548155319203545,-0.025199756047882715,0.0,-0.041108369124742694,-0.15581313330419277,-0.3318626680283785,-0.5598585615815495,-0.832429342769089,-1.143683949365908,-1.4888382854617248,-1.8639528822504303,-2.2657441499996906,-2.691445717794764] False 58028.65603222185 58042.65603222185
2271.3810595726877 2617.821317854317 3017.1020504598932 1.6959423680778606e-14 9.177748549580839e-15 1.247594990724126e-14 9.314578385055037e-12 2.4275660734509894e-08 0.01162623980681865 1.0082181091889665e-11 3.517769783474545e-12 3.832465963419391e-12 3.2030736035296977e-12 1.6942645303630073e-11 6.909307059583522e-05 2.4107235703693168e-05 2.626384499081059e-05 2.1950626416575737e-05 0.00011610775261570945 808.1293341870335 281.96408366731015 307.1883096608909 256.7398576737293 1358.0244734548241 49.79780561046971 -98.41466415747738 [0.0,299.74086915908765,363.2894272875812,426.83798541607433,490.3865435445675,553.9351016730606,617.4836598015539,681.0322179300473,744.5807760585403,808.1293341870335,891.2634414299362,974.3975486728389,1057.531655915741,1140.665763158644,1223.7998704015467,1306.9339776444483,1390.0680848873515,1473.2021921302537,1556.336299373156,1639.470406616059] [-24.898902805234854,-2.6972746764477336,-1.8814169644209926,-1.2739880670725938,-0.8225889531773873,-0.4928785751339433,-0.26102025157871367,-0.1097336338615662,-0.02605747545985082,0.0,-0.03999355532035054,-0.15147352676183345,-0.32380809795130006,-0.5486177501119442,-0.8191733131043435,-1.1299842017154305,-1.4765085856195412,-1.8549443287767247,-2.2620749547696306,-2.69515402670433] False 58028.65603222185 58042.65603222185
3017.1020504598932 3477.2827010020824 4007.6519721450045 8.936577757790803e-15 4.803115452810422e-15 6.551596349263805e-15 6.4985912568320486e-12 2.2493491475538834e-08 0.008161736922807972 3.796729584028065e-12 1.7962259771408375e-12 1.9993588737906077e-12 1.5930930804910678e-12 7.518731902959833e-12 4.5908136715899725e-05 2.1719057390372893e-05 2.4175237791032536e-05 1.9262876989713254e-05 9.091270908081755e-05 579.5121343906815 274.1661545346391 305.17125402807716 243.16105504120102 1147.6183058507113 29.123690840863873 -66.6382340838413 [0.0,141.5140119866233,196.26377728713067,251.01354258763786,305.76330788814494,360.5130731886524,415.26283848915955,470.01260378966685,524.762369090174,579.5121343906815,667.4879812701788,755.4638281496764,843.4396750291738,931.4155219086718,1019.3913687881698,1107.367215667667,1195.3430625471647,1283.3189094266618,1371.2947563061598,1459.2706031856565] [-14.561845420431936,-2.7025819088732135,-1.7755425824846895,-1.1521781540877214,-0.7202417225385744,-0.4206292544544965,-0.2181800948070105,-0.09020469426616273,-0.021178892609853506,0.0,-0.046246003324398544,-0.17101925664941575,-0.3576833863446751,-0.5943975750248569,-0.8724308818082278,-1.1851587655725666,-1.5274347969886577,-1.895180704378788,-2.285109511032914,-2.694533018205391] False 58028.65603222185 58042.65603222185
4007.6519721450045 4618.915317184078 5323.411028602609 4.644990522560328e-15 2.4794956007444088e-15 3.3937049910367614e-15 4.47229429489748e-12 2.05588031007871e-08 0.005623034018669482 6.026399632085171e-13 6.079064820299254e-13 7.624247229132703e-13 4.5338824114658054e-13 2.1977596557070857e-12 1.2856949199254504e-05 1.2969307106259647e-05 1.6265857774453464e-05 9.672756438065828e-06 4.688783680251911e-05 177.5758248875999 179.1276742190289 224.6585147875075 133.5968336505503 647.5989107808927 9.328784074783783 -38.528668329660206 [0.0,19.730647209733316,39.46129441946663,59.19194162919994,78.92258883893327,98.65323604866656,118.38388325839988,138.1145304681332,157.84517767786653,177.5758248875999,254.45146965476962,331.3271144219396,408.2027591891096,485.0784039562794,561.9540487234493,638.8296934906191,715.705338257789,792.5809830249589,869.4566277921289,946.3322725592983] [-4.664392037391892,-1.2840169113878304,-0.7169396496197891,-0.42736330433503866,-0.2529951626655631,-0.1421308122502154,-0.07156975538568133,-0.028882686411009217,-0.006629137903821913,0.0,-0.07272926109564537,-0.24068756681032255,-0.46377195707923846,-0.7228564976981247,-1.0073125441042379,-1.3106185683453262,-1.6284835423516455,-1.9579330808079334,-2.2968204181706824,-2.6435452571138427] False 58028.65603222185 58042.65603222185
7071.149185711414 8149.575733880153 9392.473966813408 1.2044067615469667e-15 6.342023589067928e-16 8.739780370560685e-16 2.0327766255094066e-12 1.6482083376924452e-08 0.0025917443760069547 1.3574057785807406e-12 6.763494709038404e-13 7.588573425745636e-13 5.938415992331174e-13 2.7897886130369626e-12 9.015289838120604e-05 4.4920145532553826e-05 5.0399954067152494e-05 3.944033699795516e-05 0.0001852854417631367 1553.1348855779752 773.8746767391026 868.2796482285978 679.4697052496074 3192.0580320692757 54.842269280255934 -18.374788420167313 [0.0,369.477865781012,517.4349932556323,665.3921207302526,813.3492482048731,961.3063756794933,1109.263503154114,1257.2206306287349,1405.1777581033543,1553.1348855779752,1808.87139333316,2064.6079010883445,2320.34440884353,2576.0809165987143,2831.817424353899,3087.5539321090837,3343.290439864267,3599.026947619451,3854.7634553746384,4110.499963129822] [-27.421134640127967,-2.690758124209381,-1.7268204839095347,-1.1030024805578478,-0.6815304747933766,-0.3944048128566635,-0.2030228258555482,-0.08334924936368537,-0.01939887473523072,0.0,-0.048843934824134294,-0.17839876838705493,-0.36977367944648876,-0.6100218838411564,-0.8898819310466877,-1.2024993944924702,-1.5426588510705308,-1.906299678578037,-2.2901984274725464,-2.6917534063168134] False 58028.65603222185 58042.65603222185
12476.13311942254 14379.0435808939 16572.19366947696 2.956642905150161e-16 1.5356226730906653e-16 2.130795128908746e-16 8.748661772086957e-13 1.2511759709596275e-08 0.0011154969406601545 1.8807273263717258e-13 1.917371767696918e-13 2.403962728149373e-13 1.4307808072444626e-13 6.945467602019113e-13 3.8885334102810404e-05 3.96429831909905e-05 4.970358676881151e-05 2.9582379613169487e-05 0.00014360233108633947 882.6410858818277 899.838629103151 1128.1998421784106 671.4774160278914 3259.566115854661 13.831994860501416 -3.501299504085522 [0.0,98.07123176464754,196.14246352929507,294.21369529394275,392.28492705859014,490.35615882323793,588.4273905878855,686.4986223525327,784.5698541171803,882.6410858818277,1273.2635837342123,1663.886081586596,2054.5085794389806,2445.1310772913635,2835.7535751437467,3226.376072996131,3616.9985708485146,4007.621068700898,4398.243566553282,4788.866064405668] [-6.915997430250708,-1.3190794639701897,-0.7369942750732887,-0.44148255260860836,-0.2634763681252288,-0.14989765022372037,-0.07708538414051302,-0.0324122506687754,-0.008338561697145419,0.0,-0.06943189399551564,-0.23765788027040102,-0.4625526536861546,-0.7242542444831814,-1.011801893307707,-1.31850222594659,-1.6399663680627183,-1.9731601272321475,-2.3158981220719292,-2.6665540086516373] False 58028.65603222185 58042.65603222185
22013.03884703687 25370.556878452422 29240.177187505025 6.870920457612686e-17 3.520091939166218e-17 4.917954017423779e-17 3.5642760538651907e-13 8.990996332480098e-09 0.0004569045903961566 1.0760873308468621e-13 1.08147360051214e-13 1.355472558860447e-13 8.074746421638333e-14 3.9158739027446365e-13 6.926399200265189e-05 6.961068741326167e-05 8.72470456490161e-05 5.197432917750723e-05 0.00025205115877504583 2188.079284666757 2199.031541735844 2756.1716804552343 1641.8914030164535 7962.404465090805 15.728819473388254 -3.0434389441675807 [0.0,243.11992051852843,486.23984103705686,729.3597615555855,972.4796820741137,1215.5996025926424,1458.719523111171,1701.8394436296992,1944.9593641482275,2188.079284666757,3139.973458209889,4091.8676317530217,5043.761805296155,5995.655978839287,6947.55015238242,7899.44432592555,8851.338499468686,9803.232673011815,10755.12684655495,11707.021020098076] [-7.864409736694127,-1.3074334210014875,-0.7260044817160498,-0.4318339489833414,-0.2553404849213665,-0.14334314711548002,-0.07214660414202045,-0.029108823202333323,-0.0066827572710681515,0.0,-0.07377744716204937,-0.24393803010666204,-0.4697264211818375,-0.7317779662069075,-1.0193559549913944,-1.325882820866874,-1.6470355778956884,-1.979820283598607,-2.322077533038861,-2.672198497098738] False 58028.65603222185 58042.65603222185
29240.177187505025 33700.007692099294 38840.06964680279 3.2449134068631524e-17 1.6510830543784068e-17 2.3146536542206552e-17 2.2287886130511487e-13 7.46681248326028e-09 0.0002895720071180996 8.098299583030163e-14 8.242963116825981e-14 1.0338872367287602e-13 6.147053866364362e-14 2.9839099007644033e-13 9.197162051995117e-05 9.361455055692144e-05 0.0001174175931896792 6.981150792416368e-05 0.0003388798182199907 3498.7090048065343 3561.208002672603 4466.7038407388445 2655.712164606362 12891.388287502075 16.67241799153602 -13.935662703085105 [0.0,388.7454449785039,777.4908899570078,1166.2363349355119,1554.9817799140155,1943.7272248925192,2332.4726698710238,2721.2181148495283,3109.963559828031,3498.7090048065343,5034.921106307064,6571.133207807594,8107.345309308115,9643.557410808646,11179.76951230918,12715.981613809701,14252.193715310239,15788.405816810766,17324.617918311287,18860.83001981182] [-8.33620899576801,-1.3204841374199372,-0.7372093364103502,-0.4413579742490459,-0.2632320943527233,-0.1496273645247328,-0.07684061560773436,-0.03222642253713737,-0.008236013757917604,0.0,-0.06896741208605484,-0.235777379682224,-0.4589227980479986,-0.7187634862649013,-1.0044368063472415,-1.3092986754374767,-1.6289870715625625,-1.960483184509755,-2.3016106715729894,-2.6507485017144337] False 58028.65603222185 58042.65603222185
100.0 115.25240587974294 132.83117061068992 5.167187581433294e-12 3.176947086313679e-12 4.051651704091888e-12 1.3280144307109365e-10 1.5283781380244223e-08 0.04076688480899507 3.18889746327925e-09 9.206460512111489e-10 9.67514991764944e-10 8.737771106573538e-10 4.824065645860765e-09 4.235849830048427e-05 1.222904927004862e-05 1.2851614893952963e-05 1.1606483646144276e-05 6.407862868425e-05 787.061104008196 227.22734293309566 238.79520314834085 215.65948271785044 1190.6417427215652 17.40595919721136 -661.3244249212067 [0.0,304.4016066709718,364.73404383812453,425.0664810052779,485.3989181724308,545.7313553395836,606.0637925067368,666.3962296738895,726.7286668410432,787.061104008196,845.6029546024396,904.1448051966838,962.6866557909277,1021.228506385172,1079.7703569794155,1138.3122075736599,1196.8540581679038,1255.3959087621483,1313.9377593563906,1372.479609950635] [-8.70297959860568,-2.7140314867267534,-2.0129573795899205,-1.4342064702263997,-0.9665665574257218,-0.600435977881034,-0.3275165399237494,-0.14057796648978638,-0.033274469617367686,0.0,-0.03376002002573841,-0.12845448529344594,-0.2804155682063083,-0.4863259388038159,-0.7431735143464948,-1.0482134645928909,-1.398936098393392,-1.7930395548470415,-2.2284064478800474,-2.7030837858505947] False 58042.65603222185 58056.65603222185
132.83117061068992 153.091119887046 176.4411988580621 3.6072495752886135e-12 2.1785789927956786e-12 2.8033333990973883e-12 1.220905551627137e-10 1.8656346440359e-08 0.055739499764992595 1.2895402305501041e-09 4.4261270084709754e-10 4.682089571667141e-10 4.170164445274811e-10 2.0879621094331815e-09 3.0222813808391216e-05 1.0373465619777139e-05 1.0973362288847807e-05 9.773568950706475e-06 4.893534034642353e-05 460.00244957139535 157.88799897636474 167.0186490545388 148.7573488981907 744.8140524796156 12.175964622326092 -689.2280356270754 [0.0,131.22555918400388,172.32267048242784,213.4197817808518,254.51689307927563,295.61400437769953,336.71111567612337,377.80822697454727,418.9053382729712,460.00244957139535,501.3658069644859,542.7291643575762,584.0925217506668,625.455879143757,666.8192365368476,708.1825939299375,749.5459513230282,790.9093087161189,832.272666109209,873.6360235022993] [-6.087982311163046,-2.707895094856667,-1.997624156197844,-1.4172697588480787,-0.9522726734517164,-0.5906694137962631,-0.32248134638621195,-0.13927770517852878,-0.033855474094139026,0.0,-0.03271701877088162,-0.12761849268269998,-0.28043832131686486,-0.4873881332171095,-0.7450845424272075,-1.050490141819978,-1.400865181602967,-1.793727652558232,-2.2268200481036047,-2.698081483689748] False 58042.65603222185 58056.65603222185
