data/PKS1502+106_allsed_14d_min11.ecsv
# %ECSV 1.0
# ---
# datatype:
# - {name: e_min, unit: MeV, datatype: float64}
# - {name: e_ref, unit: MeV, datatype: float64}
# - {name: e_max, unit: MeV, datatype: float64}
# - {name: ref_dnde_e_min, unit: ph / (cm2 MeV s), datatype: float64}
# - {name: ref_dnde_e_max, unit: ph / (cm2 MeV s), datatype: float64}
# - {name: ref_dnde, unit: ph / (cm2 MeV s), datatype: float64}
# - {name: ref_flux, unit: ph / (cm2 s), datatype: float64}
# - {name: ref_eflux, unit: MeV / (cm2 s), datatype: float64}
# - {name: ref_npred, datatype: float64}
# - {name: dnde, unit: ph / (cm2 MeV s), datatype: float64}
# - {name: dnde_err, unit: ph / (cm2 MeV s), datatype: float64}
# - {name: dnde_errp, unit: ph / (cm2 MeV s), datatype: float64}
# - {name: dnde_errn, unit: ph / (cm2 MeV s), datatype: float64}
# - {name: dnde_ul, unit: ph / (cm2 MeV s), datatype: float64}
# - {name: e2dnde, unit: MeV / (cm2 s), datatype: float64}
# - {name: e2dnde_err, unit: MeV / (cm2 s), datatype: float64}
# - {name: e2dnde_errp, unit: MeV / (cm2 s), datatype: float64}
# - {name: e2dnde_errn, unit: MeV / (cm2 s), datatype: float64}
# - {name: e2dnde_ul, unit: MeV / (cm2 s), datatype: float64}
# - {name: norm, datatype: float64}
# - {name: norm_err, datatype: float64}
# - {name: norm_errp, datatype: float64}
# - {name: norm_errn, datatype: float64}
# - {name: norm_ul, datatype: float64}
# - {name: ts, datatype: float64}
# - {name: loglike, datatype: float64}
# - {name: norm_scan, datatype: string, subtype: 'float64[20]'}
# - {name: dloglike_scan, datatype: string, subtype: 'float64[20]'}
# - {name: ShowUL, datatype: bool}
# - {name: tstart, datatype: float64}
# - {name: tend, datatype: float64}
# meta: !!omap
# - {UL_CONF: 0.95}
# - {EXTNAME: SED}
# - {CONFIG: '{"bin_index": 2.0, "use_local_index": true, "free_background": false, "free_radius": null, "free_pars": [], "ul_confidence":
#     0.95, "cov_scale": 3.0, "make_plots": false, "write_fits": true, "write_npy": true, "optimizer": {"optimizer": "MINUIT", "tol":
#     0.001, "max_iter": 100, "init_lambda": 0.0001, "retries": 3, "min_fit_quality": 2, "verbosity": 0}, "prefix": "", "outfile": null,
#     "loge_bins": []}'}
# - {SRCNAME: 4FGL J1504.4+1029}
# - {CREATOR: fermipy 1.2.0}
# - {STVER: 2.2.0}
# schema: astropy-2.0
e_min e_ref e_max ref_dnde_e_min ref_dnde_e_max ref_dnde ref_flux ref_eflux ref_npred dnde dnde_err dnde_errp dnde_errn dnde_ul e2dnde e2dnde_err e2dnde_errp e2dnde_errn e2dnde_ul norm norm_err norm_errp norm_errn norm_ul ts loglike norm_scan dloglike_scan ShowUL tstart tend
[from data line 906]
969.1477682383326 1116.9661194245136 1287.3303254983532 1.0738449766694634e-13 5.631522066389807e-14 7.77649129234767e-14 2.4795090266458667e-11 2.7551898736889062e-08 0.03298657161897156 1.659487407265025e-11 7.271935180835193e-12 7.99232025412999e-12 6.551550107540396e-12 3.112623006539359e-11 2.0703985803043862e-05 9.07256313519121e-06 9.971325142358295e-06 8.173801128024121e-06 3.8833498980162343e-05 213.39796379609098 93.51177680853347 102.77540286060248 84.24815075646445 400.2605917661459 19.041531804639476 -182.1601687254048 [0.0,53.20403910792964,73.22827969394982,93.25252027996997,113.27676086599013,133.30100145201038,153.3252420380305,173.3494826240507,193.37372321007086,213.39796379609098,241.88239522946103,270.36682666283116,298.8512580962013,327.3356895295715,355.8201209629416,384.3045523963116,412.7889838296818,441.2734152630519,469.75784669642184,498.24227812979234] [-9.520765902319738,-2.6848668251982417,-1.814306673945481,-1.2018492108348937,-0.7633880022644064,-0.4514679176575953,-0.23640278541969906,-0.09825480252570173,-0.022916789565044837,0.0,-0.042574502809372916,-0.15851161020637505,-0.3353735611262323,-0.5637677689591669,-0.8364075111014699,-1.1475129615340904,-1.4924135735373056,-1.8672751164313297,-2.2689068796920537,-2.69462213294085] False 57356.65603222185 57370.65603222185
1287.3303254983532 1483.6791717563765 1709.9759409858673 5.604069263350499e-14 2.9228200018887515e-14 4.047182443983819e-14 1.7143798855377536e-11 2.530093712152445e-08 0.024112085573975595 2.0084093995119616e-11 6.2391678061551934e-12 6.898684004858068e-12 5.579651607452319e-12 3.200931253095344e-11 4.421119413221081e-05 1.373430432900761e-05 1.5186099899237256e-05 1.2282508758777964e-05 7.046222402108223e-05 496.2487921683603 154.16077462556166 170.45646200390686 137.86508724721645 790.9036218156075 54.55856275110932 -154.05104502947427 [0.0,213.3990364861801,248.7552559464527,284.11147540672516,319.4676948669976,354.8239143272702,390.1801337875428,425.5363532478151,460.8925727080877,496.2487921683603,540.3757258205226,584.5026594726846,628.6295931248468,672.7565267770092,716.8834604291714,761.0103940813339,805.1373277334962,849.2642613856586,893.3911950378207,937.5181286899825] [-27.27928137555466,-2.694733492298951,-1.9076604025611061,-1.3063249264475019,-0.8510282263653437,-0.51373886505624,-0.273893571254888,-0.11594117015800975,-0.027824605597174923,0.0,-0.0383140727012119,-0.14669252915322772,-0.31563513114468833,-0.5374747584256738,-0.8059316611733607,-1.1157959295233297,-1.4626962099038394,-1.8429279314735822,-2.2533235208305484,-2.6911528325460665] False 57356.65603222185 57370.65603222185
1709.9759409858673 1970.7884119509856 2271.3810595726877 2.892638424814498e-14 1.500400165727478e-14 2.0832943075766643e-14 1.172406637856225e-11 2.2980079411197686e-08 0.01693458809197146 1.215428347596978e-11 4.075734959579673e-12 4.445646156922066e-12 3.705823762237279e-12 2.012795899156283e-11 4.720732167136515e-05 1.5830182969198375e-05 1.7266920635989458e-05 1.4393445302407296e-05 7.817713290802923e-05 583.4165356169922 195.63894283955784 213.3950129251466 177.88287275396908 966.1601300574825 48.68600708031704 -130.21556191621787 [0.0,228.95822107584962,273.2655103934924,317.5727997111353,361.880089028778,406.18737834642076,450.49466766406374,494.8019569817067,539.1092462993495,583.4165356169922,641.3260140786922,699.2354925403924,757.1449710020918,815.0544494637917,872.9639279254916,930.8734063871915,988.7828848488912,1046.692363310591,1104.601841772291,1162.5113202339908] [-24.34300354015852,-2.695632709348388,-1.8842773964185255,-1.2773847285138515,-0.8252685030122393,-0.4946127295391136,-0.26195175357861444,-0.1101130905577179,-0.02613832864008714,0.0,-0.04006846893759075,-0.1516989031771061,-0.32420528224460554,-0.5491660562690583,-0.8198219811778529,-1.1306624004679975,-1.477133209472214,-1.855425838094277,-2.262321630767957,-2.6950749974242] False 57356.65603222185 57370.65603222185
2271.3810595726877 2617.821317854317 3017.1020504598932 1.4767723755200882e-14 7.617998600075048e-15 1.0606625235833294e-14 7.930111829569898e-12 2.0644115827654762e-08 0.011514230697219241 4.395089689852784e-12 2.0731621526854225e-12 2.308458146235748e-12 1.837866159135097e-12 8.695845756307193e-12 3.01194988909994e-05 1.4207356291917236e-05 1.5819837018569485e-05 1.2594875565264985e-05 5.959253055019438e-05 414.37211102778156 195.45916882982505 217.6430386582229 173.2752990014272 819.8503824693696 27.316081135936088 -65.94139225799834 [0.0,102.37025873800808,141.37049027422978,180.37072181045153,219.37095334667325,258.3711848828949,297.37141641911666,336.3716479553383,375.37187949156,414.37211102778156,477.16472614738205,539.9573412669821,602.7499563865829,665.542571506183,728.3351866257835,791.1278017453836,853.9204168649841,916.7130319845843,979.5056471041848,1042.298262223785] [-13.658040567968044,-2.7022799194820664,-1.7748835628812145,-1.1515110436303928,-0.7197873005574422,-0.4204257663167681,-0.21817244763879273,-0.09030040344048018,-0.02127602065991141,0.0,-0.04608160160861985,-0.17077609277983186,-0.3574055795141504,-0.5941115862465551,-0.8721565005793792,-1.184914220695532,-1.527239078421033,-1.8950545290476555,-2.285075624561699,-2.694616176445834] False 57356.65603222185 57370.65603222185
3017.1020504598932 3477.2827010020824 4007.6519721450045 7.456958411630982e-15 3.825634063629911e-15 5.341122925996649e-15 5.305302986198539e-12 1.8343022257465853e-08 0.007667226363428092 2.7765569749205873e-12 1.4616244078654172e-12 1.6411945735005175e-12 1.2820542422303176e-12 5.872344169943462e-12 3.357272473140059e-05 1.7673224194279503e-05 1.9844495951096833e-05 1.5501952437462184e-05 7.100542006749049e-05 519.8451736443574 273.6548902013296 307.2751921721165 240.0345882305428 1099.4587189448907 29.025324768171316 -66.16459364923803 [0.0,104.97406734147349,156.832955629334,208.69184391719446,260.55073220505494,312.4096204929154,364.2685087807759,416.1273970686365,467.9862853564969,519.8451736443574,610.1926856111168,700.5401975778758,790.8877095446347,881.2352215113939,971.5827334781533,1061.9302454449125,1152.2777574116712,1242.6252693784306,1332.9727813451896,1423.3202933119494] [-14.512662384085658,-2.6960026023128876,-1.7097562539006788,-1.086467517211915,-0.6696302931922418,-0.38703094867997834,-0.1991036356605349,-0.081713884844973,-0.019009998528815686,0.0,-0.04870713805026128,-0.17786087487078817,-0.3687120371529886,-0.6084464650939054,-0.8879083004289754,-1.2003224683647602,-1.5405315087388232,-1.904516291056197,-2.289082436268629,-2.6916480223855928] False 57356.65603222185 57370.65603222185
4007.6519721450045 4618.915317184078 5323.411028602609 3.7242483534147296e-15 1.9001798803430437e-15 2.660214613627891e-15 3.510515605130899e-12 1.6120382522367992e-08 0.005003663384536061 1.910384760473177e-12 1.0393896485500956e-12 1.1713871170959717e-12 9.073921800042198e-13 4.131684132093925e-12 4.075687195662316e-05 2.2174732386633576e-05 2.499081636899855e-05 1.9358648404268608e-05 8.814691397310702e-05 718.1318193977864 390.7164644632257 440.33556957965965 341.09735934679185 1553.1394012076735 34.53629872358362 -18.227156900254084 [0.0,137.7226439114802,210.27379084726843,282.8249377830567,355.37608471884505,427.92723165463303,500.4783785904217,573.0295255262101,645.580672461998,718.1318193977864,848.6578766718231,979.1839339458597,1109.7099912198955,1240.236048493932,1370.762105767969,1501.288163042005,1631.8142203160423,1762.3402775900786,1892.8663348641144,2023.392392138152] [-17.26814936179181,-2.6930836776048395,-1.6831838696391586,-1.0609557882488794,-0.6505435737320617,-0.37466548696242796,-0.1922477765131525,-0.07875194035988287,-0.018299399334278377,0.0,-0.04962048790889284,-0.18053961848257316,-0.3731317515261736,-0.6141778755110785,-0.8943341146395092,-1.2067431607853685,-1.5462189991875341,-1.908741760313685,-2.291130741115243,-2.690824942716148] False 57356.65603222185 57370.65603222185
7071.149185711414 8149.575733880153 9392.473966813408 8.988337774416385e-16 4.536160402795926e-16 6.385338041111258e-16 1.4871470463774294e-12 1.2045955912028803e-08 0.002129945143643175 2.9950160291038455e-13 3.017167827156093e-13 3.782969384707464e-13 2.251366269604722e-13 1.0917948896695055e-12 1.9891574058583665e-05 2.003869652043537e-05 2.5124812336907233e-05 1.4952580703963509e-05 7.251219590681913e-05 469.04580616104926 472.51497222706274 592.4462198165946 352.5837246375308 1709.8466559485353 11.25979132350571 -13.706430642615501 [0.0,52.11620068456106,104.23240136912212,156.34860205368312,208.46480273824423,260.5810034228053,312.69720410736625,364.8134047919275,416.92960547648846,469.04580616104926,672.6570251205301,876.2682440800104,1079.8794630394907,1283.4906819989703,1487.1019009584516,1690.7131199179316,1894.3243388774122,2097.935557836892,2301.546776796373,2505.157995755854] [-5.629895661752855,-1.300005461301767,-0.7236050780364973,-0.43095383534794607,-0.2550980433585046,-0.14338505146062275,-0.07229601169326116,-0.029264621872215457,-0.006781731449276407,0.0,-0.07288718264085858,-0.24168710755750666,-0.46591081054195094,-0.726290956751944,-1.0121348500259213,-1.3168877331039024,-1.6362396217015416,-1.9672045269761362,-2.3076281826872815,-2.655905227495122] False 57356.65603222185 57370.65603222185
9392.473966813408 10825.05221838098 12476.13311942254 4.3437787546330093e-16 2.1800532389837975e-16 3.07728272075652e-16 9.522434033333393e-13 1.0244096467325285e-08 0.0013696052064307018 2.289507484438404e-13 2.3026829545868116e-13 2.888476351644645e-13 1.7168895575289783e-13 8.329170272677409e-13 2.6828850632711185e-05 2.6983243104904428e-05 3.3847672969455894e-05 2.0118813240352958e-05 9.760267946662502e-05 744.0029702163837 748.2844975715198 938.645101459687 557.9238936833525 2706.663972242942 12.405998863887653 -22.558569669446968 [0.0,82.66699669070927,165.33399338141854,248.00099007212793,330.6679867628371,413.3349834535465,496.00198014425587,578.668976834965,661.3359735256741,744.0029702163837,1064.410611481407,1384.8182527464305,1705.225894011453,2025.6335352764775,2346.0411765415,2666.448817806524,2986.8564590715478,3307.26410033657,3627.671741601595,3948.079382866616] [-6.202999431943827,-1.3032404209719282,-0.724422015529715,-0.4310667710522864,-0.25494164508863904,-0.14313619954261725,-0.07204537933253263,-0.029065861076482236,-0.006669953574053977,0.0,-0.07243252171361547,-0.2398068326991698,-0.46221565530665387,-0.7206043256254091,-1.0043760423568102,-1.3070253975352735,-1.6242702046698376,-1.9531411767581375,-2.29149456454698,-2.6377318569735664] False 57356.65603222185 57370.65603222185
100.0 115.25240587974294 132.83117061068992 6.1732403635907676e-12 3.713153568812074e-12 4.787712343823694e-12 1.5698859465446972e-10 1.8058049329700578e-08 0.06388007061371416 5.257170011038083e-09 9.097891831273338e-10 9.447636053330936e-10 8.748147609215742e-10 6.8434430452561236e-09 6.983160466656029e-05 1.208483622037472e-05 1.2549405564677078e-05 1.1620266876072364e-05 9.090225507089564e-05 1098.0546936617873 190.0258657563234 197.33090409073336 182.7208274219135 1429.37640229877 56.264561536827614 -922.4530290658925 [0.0,686.7766485305574,738.1864041719612,789.5961598133647,841.0059154547686,892.4156710961722,943.8254267375762,995.2351823789796,1046.6449380203833,1098.0546936617873,1145.566257278653,1193.0778208955198,1240.5893845123862,1288.1009481292522,1335.6125117461183,1383.1240753629845,1430.6356389798507,1478.1472025967178,1525.658766213583,1573.1703298304496] [-28.132280768413807,-2.7076693971413306,-2.0306622989971856,-1.4623976581360694,-0.9961249737594926,-0.6257523904896516,-0.3457600098272451,-0.1511273948856342,-0.03727251646228069,0.0,-0.030301583340360594,-0.11990926274734193,-0.26621424993572873,-0.4667884776338269,-0.7193675988567065,-1.021835991291482,-1.372213484473832,-1.7686435733544386,-2.209382919350219,-2.6927919707492265] False 57370.65603222185 57384.65603222185
132.83117061068992 153.091119887046 176.4411988580621 4.311526717949459e-12 2.539421930985631e-12 3.3088949067009324e-12 1.4417885399832572e-10 2.2018539740173986e-08 0.08447720606729635 2.5261288725399776e-09 4.488322397169474e-10 4.679933944076372e-10 4.296710850262575e-10 3.3127592276813297e-09 5.9204607008040584e-05 1.0519232274267117e-05 1.096831016796219e-05 1.0070154380572042e-05 7.764077688955248e-05 763.4358127918315 135.64415080334075 141.43495263626872 129.85334897041275 1001.1678584812626 56.308253833035906 -896.9021240400198 [0.0,470.3960553283073,507.02602501124767,543.655994694188,580.2859643771287,616.9159340600693,653.54590374301,690.1758734259503,726.805843108891,763.4358127918315,797.6346728300947,831.8335328683575,866.032392906622,900.2312529448847,934.4301129831483,968.6289730214114,1002.8278330596746,1037.0266930979387,1071.225553136202,1105.4244131744651] [-28.154126916517953,-2.7059411672967144,-2.023277353005483,-1.4526786265414557,-0.9863631881571564,-0.6174032755309327,-0.33959905490928577,-0.1473755724352941,-0.03569779605061285,0.0,-0.03158121216847576,-0.12266877310378277,-0.2704089614962868,-0.47216555194995635,-0.7254972877944965,-1.0281382737055083,-1.3779808375531957,-1.7730604909986596,-2.2115426824278757,-2.691711087414319] False 57370.65603222185 57384.65603222185
176.4411988580621 203.35272664697808 234.36890988269914 2.8873344770465237e-12 1.6652327407119988e-12 2.1927343442752972e-12 1.2696940745498806e-10 2.5743660213321707e-08 0.0974135138966408 1.3788767233260562e-09 2.417253012612913e-10 2.5305072459084694e-10 2.3039987793173575e-10 1.8045412889207878e-09 5.701976727065577e-05 9.995904773924273e-06 1.0464237433087026e-05 9.527572114761521e-06 7.46219894671625e-05 628.8389320511956 110.23920973025211 115.40418712896142 105.0742323315428 822.9639370733677 62.44245485497868 -875.5862427764494 [0.0,390.06764074070475,419.9140521545162,449.76046356832757,479.60687498213895,509.4532863959505,539.2996978097617,569.1461092235731,598.9925206373844,628.8389320511956,656.8817444656273,684.9245568800587,712.9673692944901,741.0101817089218,769.0529941233532,797.0958065377848,825.1386189522161,853.1814313666479,881.2242437810795,909.2670561955114] [-31.22122742748934,-2.705239653788567,-2.016863693920186,-1.4436579313081666,-0.9769269906132649,-0.6090084014816739,-0.33310820069800684,-0.14316882386629004,-0.033761835190148304,0.0,-0.03325404062400139,-0.12604707059279008,-0.2753237686038119,-0.4782772776366073,-0.7323218270774987,-1.0350691209280285,-1.3843078765598875,-1.777986014152816,-2.2141950882091805,-2.691156625063286] False 57370.65603222185 57384.65603222185
