data/PKS1510-089_allsed_14d_min11.ecsv
# %ECSV 1.0
# ---
# datatype:
# - {name: e_min, unit: MeV, datatype: float64}
# - {name: e_ref, unit: MeV, datatype: float64}
# - {name: e_max, unit: MeV, datatype: float64}
# - {name: ref_dnde_e_min, unit: ph / (cm2 MeV s), datatype: float64}
# - {name: ref_dnde_e_max, unit: ph / (cm2 MeV s), datatype: float64}
# - {name: ref_dnde, unit: ph / (cm2 MeV s), datatype: float64}
# - {name: ref_flux, unit: ph / (cm2 s), datatype: float64}
# - {name: ref_eflux, unit: MeV / (cm2 s), datatype: float64}
# - {name: ref_npred, datatype: float64}
# - {name: dnde, unit: ph / (cm2 MeV s), datatype: float64}
# - {name: dnde_err, unit: ph / (cm2 MeV s), datatype: float64}
# - {name: dnde_errp, unit: ph / (cm2 MeV s), datatype: float64}
# - {name: dnde_errn, unit: ph / (cm2 MeV s), datatype: float64}
# - {name: dnde_ul, unit: ph / (cm2 MeV s), datatype: float64}
# - {name: e2dnde, unit: MeV / (cm2 s), datatype: float64}
# - {name: e2dnde_err, unit: MeV / (cm2 s), datatype: float64}
# - {name: e2dnde_errp, unit: MeV / (cm2 s), datatype: float64}
# - {name: e2dnde_errn, unit: MeV / (cm2 s), datatype: float64}
# - {name: e2dnde_ul, unit: MeV / (cm2 s), datatype: float64}
# - {name: norm, datatype: float64}
# - {name: norm_err, datatype: float64}
# - {name: norm_errp, datatype: float64}
# - {name: norm_errn, datatype: float64}
# - {name: norm_ul, datatype: float64}
# - {name: ts, datatype: float64}
# - {name: loglike, datatype: float64}
# - {name: norm_scan, datatype: string, subtype: 'float64[20]'}
# - {name: dloglike_scan, datatype: string, subtype: 'float64[20]'}
# - {name: ShowUL, datatype: bool}
# - {name: tstart, datatype: float64}
# - {name: tend, datatype: float64}
# meta: !!omap
# - {UL_CONF: 0.95}
# - {EXTNAME: SED}
# - {CONFIG: '{"bin_index": 2.0, "use_local_index": true, "free_background": false, "free_radius": null, "free_pars": [], "ul_confidence":
#     0.95, "cov_scale": 3.0, "make_plots": false, "write_fits": true, "write_npy": true, "optimizer": {"optimizer": "MINUIT", "tol":
#     0.001, "max_iter": 100, "init_lambda": 0.0001, "retries": 3, "min_fit_quality": 2, "verbosity": 0}, "prefix": "", "outfile": null,
#     "loge_bins": []}'}
# - {SRCNAME: 4FGL J1512.8-0906}
# - {CREATOR: fermipy 1.2.0}
# - {STVER: 2.2.0}
# schema: astropy-2.0
e_min e_ref e_max ref_dnde_e_min ref_dnde_e_max ref_dnde ref_flux ref_eflux ref_npred dnde dnde_err dnde_errp dnde_errn dnde_ul e2dnde e2dnde_err e2dnde_errp e2dnde_errn e2dnde_ul norm norm_err norm_errp norm_errn norm_ul ts loglike norm_scan dloglike_scan ShowUL tstart tend
[from data line 1679]
3017.1020504598932 3477.2827010020824 4007.6519721450045 7.131258703284073e-15 3.6167743224048375e-15 5.0785975785115904e-15 5.046413073650504e-12 1.7443189446824968e-08 0.010178110608562108 3.6500769167503355e-12 1.3905794757512008e-12 1.525832073102551e-12 1.2553268783998501e-12 6.417064872422416e-12 4.41348867253132e-05 1.6814184754075024e-05 1.844959085634444e-05 1.5178778651805601e-05 7.759190770848121e-05 718.7174924420931 273.8117077113924 300.4435869379779 247.17982848480682 1263.55057143612 43.525012795941905 -89.73872042148719 [0.0,243.03964415826937,302.4993751937473,361.9591062292252,421.41883726470314,480.87856830018103,540.338299335659,599.7980303711371,659.2577614066149,718.7174924420931,801.7352988882261,884.7531053343597,967.7709117804935,1050.788718226627,1133.8065246727604,1216.824331118894,1299.8421375650275,1382.8599440111614,1465.8777504572945,1548.895556903428] [-21.762506397970952,-2.698630246419313,-1.8531892512253876,-1.2396141090855508,-0.7924498593219909,-0.4708652564383158,-0.2475849038681872,-0.10344235377939981,-0.024432829947471646,0.0,-0.042060280789158355,-0.15795508577082273,-0.33512878368983934,-0.5639957541643099,-0.837068014110514,-1.1483823214404225,-1.4931109833533895,-1.867289762049296,-2.2676228980880353,-2.691340370486188] False 56838.65603222185 56852.65603222185
4007.6519721450045 4618.915317184078 5323.411028602609 3.7013622728927406e-15 1.886123734683829e-15 2.642201209894185e-15 3.4868868606206744e-12 1.601140264976571e-08 0.0070439954691237094 1.518548887431877e-12 7.586957833571821e-13 8.512219352736335e-13 6.661696314407304e-13 3.1255223914859475e-12 3.2397297050047607e-05 1.6186303165787183e-05 1.8160291131103565e-05 1.4212315200470795e-05 6.668107835816247e-05 574.7287079217907 287.1453470372025 322.1639336497478 252.12676042465716 1182.9236849116114 38.12668124565971 -86.32041837744927 [0.0,135.2654213045093,190.1983321316694,245.13124295882955,300.0641537859897,354.99706461314986,409.92997544031016,464.86288626747023,519.7957970946302,574.7287079217907,669.6368030803776,764.5448982389639,859.4529933975513,954.3610885561377,1049.2691837147245,1144.177278873311,1239.085374031899,1333.9934691904855,1428.9015643490727,1523.8096595076586] [-19.063340622829855,-2.6932743650586417,-1.7281740027262487,-1.1037588431603353,-0.681944639311169,-0.3946145449398273,-0.20311185513239138,-0.08337293212892405,-0.0193962366150231,0.0,-0.04885885229037967,-0.1784156296674979,-0.3697876656134582,-0.6100330866808861,-0.8898935645590313,-1.20251674296712,-1.5426886175757488,-1.9063495640291137,-2.290276848934141,-2.691869302793606] False 56838.65603222185 56852.65603222185
9392.473966813408 10825.05221838098 12476.13311942254 5.477850057753596e-16 2.8312528845895336e-16 3.9381694703711946e-16 1.2174751750309757e-12 1.3106506108821735e-08 0.002492695148630819 3.0289607916594077e-13 2.2265275685664753e-13 2.60330864123976e-13 1.849746495893191e-13 8.2435442508188e-13 3.5493894300023264e-05 2.6090840922206505e-05 3.0506027676865142e-05 2.167565416754787e-05 9.659929871057503e-05 769.1291130175546 565.3711922043346 661.0453564341872 469.69702797448224 2093.2426379410736 15.85034902105015 -11.459111337460662 [0.0,65.54328981222629,153.4915177128923,241.43974561355833,329.38797351422403,417.33620141489024,505.28442931555605,593.2326572162223,681.1808851168881,769.1291130175546,980.4271801820689,1191.725247346584,1403.023314511099,1614.3213816756136,1825.6194488401288,2036.917516004643,2248.2155831691584,2459.513650333673,2670.8117174981858,2882.109784662703] [-7.925174510525075,-2.6577304026763926,-1.4660051116025397,-0.8746918522464142,-0.5203477453330727,-0.2948777295670375,-0.15073720289824166,-0.06268009900150417,-0.0156655784280737,0.0,-0.05468250954455911,-0.19981448684469427,-0.406233295754145,-0.6569445721089799,-0.941170705403831,-1.2516451232515813,-1.5832353498152578,-1.9321812636917421,-2.295645581956993,-2.671434556303705] False 56838.65603222185 56852.65603222185
100.0 115.25240587974294 132.83117061068992 2.4067169222896684e-11 1.224039147364955e-11 1.716367014804307e-11 5.652224396782669e-10 6.475915141608178e-08 0.31460456437167766 1.0676797385184788e-08 9.97820423242869e-10 1.024984769090413e-09 9.706560773953248e-10 1.2380942815410262e-08 0.000141821149504725 1.3254165487860447e-05 1.3614992673640738e-05 1.2893338302080155e-05 0.00016445751274349576 622.0579452467581 58.1356093793632 59.71827471919095 56.55294403953545 721.3458839875157 229.72958884126774 -1679.9011244641963 [0.0,492.1151840228496,508.358029175838,524.6008743288264,540.8437194818148,557.0865646348037,573.3294097877921,589.5722549407808,605.8151000937694,622.0579452467581,636.2586138180252,650.4592823892921,664.6599509605595,678.8606195318266,693.0612881030936,707.2619566743606,721.4626252456281,735.6632938168949,749.8639623881622,764.0646309594291] [-114.86479442063387,-2.712230097144129,-2.0491247086572457,-1.4856827339106076,-1.0181016880785592,-0.6428071870234362,-0.3564343393998115,-0.15581104620991937,-0.03794297386320977,0.0,-0.030205283952909667,-0.11775122334938715,-0.2610138323721003,-0.4584414481030308,-0.7085503356927347,-1.0099206306410906,-1.3611925871007315,-1.7610631044394722,-2.2082825072384367,-2.701651556475099] False 56852.65603222185 56866.65603222185
132.83117061068992 153.091119887046 176.4411988580621 1.2604976739446189e-11 6.384393249949524e-12 8.970793075926517e-12 3.9246310439430236e-10 5.972254617174865e-08 0.3030560543877748 4.532967040327013e-09 4.782814900677591e-10 4.93402952706323e-10 4.631600274291951e-10 5.3538015534248346e-09 0.00010623865437756462 1.1209431144425358e-05 1.1563831215868577e-05 1.085503107298214e-05 0.00012547646338044785 505.3028201588344 53.31540768131712 55.00104043536458 51.62977492726965 596.8035945218685 183.87320625462462 -1453.9172081135816 [0.0,386.5030239313923,401.3529984598225,416.20297298825295,431.0529475166833,445.9029220451133,460.75289657354375,475.6028711019739,490.45284563040417,505.3028201588344,518.4267682355261,531.5507163122182,544.67466438891,557.7986124656021,570.9225605422938,584.0465086189857,597.1704566956776,610.2944047723694,623.4183528490612,636.5423009257529] [-91.93660312731231,-2.709085961048004,-2.0413140537134495,-1.475954015035768,-1.0084496070423938,-0.6345631863700874,-0.3503454925355527,-0.15210902643593727,-0.03640450983220944,0.0,-0.03140546269219158,-0.12040164468612602,-0.26511686505364196,-0.46377515299627703,-0.7146895840064644,-1.016256200419548,-1.3669484548518085,-1.7653121225307586,-2.2099606350047907,-2.6995707933185713] False 56852.65603222185 56866.65603222185
176.4411988580621 203.35272664697808 234.36890988269914 6.547472089578565e-12 3.3026193573236584e-12 4.6501406499780734e-12 2.702672711019618e-10 5.4624901535726666e-08 0.264074834633519 2.2881400420532286e-09 2.610131410008167e-10 2.707019062762494e-10 2.513243757253841e-10 2.7405035198028644e-09 9.461992538813217e-05 1.0793501915493674e-05 1.1194154948356966e-05 1.0392848882630386e-05 0.00011332620984901605 492.05824388645505 56.13016049354281 58.21370290757245 54.04661807951318 589.3377697760145 168.51124708954467 -1431.8712193063589 [0.0,367.6739051137942,383.22194746037655,398.76998980695913,414.3180321535419,429.8660745001245,445.41411684670715,460.9621591932898,476.51020153987247,492.05824388645505,506.0304765981467,520.0027093098387,533.9749420215302,547.9471747332216,561.9194074449136,575.8916401566055,589.8638728682971,603.8361055799891,617.8083382916805,631.780571003372] [-84.25562354477233,-2.7023506397958954,-2.0324846402513685,-1.4671863515350196,-1.0011178910629042,-0.6293705349332868,-0.34741817583562806,-0.15107706670187326,-0.0364708427421192,0.0,-0.031117861105030897,-0.12035386242473578,-0.26556964232781866,-0.4647513759873618,-0.7159999256441552,-1.017521967778066,-1.3676219814165052,-1.7646949976783617,-2.207220024069102,-2.693754068414819] False 56852.65603222185 56866.65603222185
234.36890988269914 270.1158072739371 311.3149665447022 3.373027120912076e-12 1.6943845569772712e-12 2.3906495067112926e-12 1.8458791333587233e-10 4.9551659753840185e-08 0.21377495129010737 1.3380732478243457e-09 1.5412181249433964e-10 1.6033810636380281e-10 1.4790551862487648e-10 1.607125086549784e-09 9.76292353639153e-05 1.1245120348373006e-05 1.1698676996530996e-05 1.079156370021502e-05 0.00011725994342173622 559.7111764263058 64.46859402086004 67.06884715374804 61.86834088797205 672.2545827140644 185.0562216085791 -1300.1821455810082 [0.0,417.44222225923465,435.22584153011854,453.00946080100266,470.7930800718864,488.5766993427704,506.36031861365404,524.1439378845382,541.927557155422,559.7111764263058,575.9010470212326,592.0909176161592,608.2807882110864,624.4706588060129,640.6605294009398,656.8503999958664,673.0402705907927,689.2301411857204,705.4200117806465,721.6098823755735] [-92.52811080428955,-2.7084850594983436,-2.0357607658884262,-1.4690056446859217,-1.002402301745633,-0.6306326136111693,-0.3488201909174222,-0.15248107476782025,-0.037481271213209766,0.0,-0.03029603318077534,-0.11941520811569717,-0.26502892400526434,-0.46495352096735587,-0.7171380831046008,-1.0196535249524459,-1.3706828002875682,-1.7685120956030005,-2.211522890081369,-2.698184780284919] False 56852.65603222185 56866.65603222185
311.3149665447022 358.7979888064861 413.52331434760555 1.7233781434670552e-12 8.621444111016556e-13 1.2189343028255728e-12 1.2503403488127576e-10 4.458008901627984e-08 0.16649659065629452 7.411627642833655e-10 8.958393135641172e-11 9.35195975742059e-11 8.564826513861753e-11 8.986546591879505e-10 9.541432722999816e-05 1.1532676697884404e-05 1.2039338611392368e-05 1.1026014784376437e-05 0.00011568920330398471 608.0416004088976 73.49365027200405 76.72242659626617 70.2648739477419 737.2461806225386 192.1845629296772 -1153.2868331976267 [0.0,447.3488075527747,467.43540665979,487.52200576680536,507.6086048738211,527.6952039808363,547.7818030878515,567.868402194867,587.9550013018827,608.0416004088976,626.6436987341808,645.2457970594636,663.8478953847464,682.4499937100296,701.0520920353121,719.6541903605952,738.2562886858782,756.8583870111603,775.4604853364432,794.062583661726] [-96.0922814648386,-2.707435021303354,-2.0309316058551303,-1.4629494841685755,-0.9968053788918496,-0.6264505269600704,-0.346390535129558,-0.15161771898942789,-0.03755363567097447,0.0,-0.030096382104375152,-0.11966382876676107,-0.2660681424977156,-0.4668563989150698,-0.7197402155557029,-1.0225809404125812,-1.373376498760308,-1.77024967779721,-2.211437662372191,-2.695282662988575] False 56852.65603222185 56866.65603222185
413.52331434760555 476.5900816815941 549.2752115212968 8.732843401828433e-13 4.3509792073782976e-13 6.164123624867233e-13 8.399235712700925e-11 3.97745844030692e-08 0.12625598447362485 3.855361284161006e-10 4.9935629867990965e-11 5.2324835100293755e-11 4.7546424635688175e-11 4.738615922036693e-10 8.756994598653134e-05 1.1342284387998676e-05 1.1884963939207126e-05 1.0799604836790223e-05 0.00010763202453903701 625.4516487319872 81.01010444784276 84.88608970982597 77.13411918585956 768.7412210423922 205.06294639855832 -908.6030043090062 [0.0,450.80371720475455,472.63470864565846,494.46570008656266,516.2966915274668,538.127682968371,559.9586744092753,581.7896658501791,603.6206572910833,625.4516487319872,646.1326115823459,666.8135744327041,687.4945372830624,708.1755001334213,728.8564629837795,749.5374258341375,770.2183886844962,790.8993515348544,811.5803143852128,832.2612772355714] [-102.53147319927916,-2.7050472457925707,-2.0210251502495566,-1.4501613775704527,-0.9843015014662342,-0.6161736352753451,-0.3392633384829651,-0.1477101584215461,-0.03622143514792242,0.0,-0.0311528592948207,-0.12254260759448243,-0.27105223629575903,-0.47380963873467863,-0.7281621689818394,-1.0316544542821475,-1.382008970804236,-1.7771089769061064,-2.2149834663332513,-2.6937938591372586] False 56852.65603222185 56866.65603222185
549.2752115212968 633.0528961793416 729.6086933380817 4.389046340453942e-13 2.1776311399554694e-13 3.0915568870198835e-13 5.596779676496976e-11 3.5201112762192415e-08 0.09224598328682809 1.44074378211846e-10 2.5842554959954193e-11 2.721831439726726e-11 2.4466795522641125e-11 1.9064751225963451e-10 5.773866710037921e-05 1.0356558163742712e-05 1.0907901970650727e-05 9.805214356834698e-06 7.640312858188293e-05 466.02531823610394 83.59074700664884 88.04080077434527 79.14069323895241 616.6715322628587 110.05142799442206 -770.8076345225969 [0.0,292.747098222974,314.4068757246153,336.0666532262564,357.7264307278977,379.3862082295391,401.0459857311801,422.7057632328214,444.36554073446257,466.02531823610394,487.98714653820963,509.94897484031475,531.91080314242,553.8726314445255,575.8344597466308,597.7962880487363,619.7581163508419,641.7199446529473,663.6817729550526,685.6436012571581] [-55.02571399721103,-2.690985899577413,-1.9895006764722893,-1.4142182897943485,-0.952019994748639,-0.5918165304176455,-0.32414236405554675,-0.14084752953351654,-0.034860008291275335,0.0,-0.03170390255058919,-0.12594035095673917,-0.2782642729006284,-0.4847097157114604,-0.7417219759066711,-1.0461014714977637,-1.3949569833414444,-1.7856664360423338,-2.215843794578973,-2.683310958487482] False 56852.65603222185 56866.65603222185
729.6086933380817 840.8915725798939 969.1477682383326 2.1876352627555593e-13 1.0809269683656877e-13 1.5377496390701084e-13 3.698358716957916e-11 3.089477011267795e-08 0.06597075238259609 8.36305837490383e-11 1.6399351269320572e-11 1.7306625824313536e-11 1.549207671432761e-11 1.1328934982716958e-10 5.9135071766734484e-05 1.1595958927529455e-05 1.2237491528600866e-05 1.0954426326458045e-05 8.010674483081558e-05 543.8504527928911 106.64513164338906 112.54514639183408 100.74511689494406 736.7216804919995 100.53973207000467 -651.0803938154445 [0.0,326.13605660277665,353.3503561265409,380.5646556503052,407.7789551740696,434.99325469783383,462.2075542215982,489.4218537453622,516.6361532691267,543.8504527928911,572.045396787189,600.2403407814867,628.4352847757842,656.6302287700821,684.8251727643802,713.0201167586781,741.2150607529757,769.4100047472734,797.6049487415713,825.7998927358689] [-50.26986603500234,-2.6844658684830165,-1.9747131728823888,-1.3971342990156472,-0.93627694653037,-0.5793640159436109,-0.31569888685032765,-0.13622880166769846,-0.033218172713759486,0.0,-0.03302169551784573,-0.12912635312670773,-0.28339006540738865,-0.4914718703014387,-0.7495232930950806,-1.0541149726004733,-1.4021766147927792,-1.790947451132638,-2.2179350556677946,-2.6808808719390527] False 56852.65603222185 56866.65603222185
