data/PKS1830-211_allsed_14d_min11.ecsv
# %ECSV 1.0
# ---
# datatype:
# - {name: e_min, unit: MeV, datatype: float64}
# - {name: e_ref, unit: MeV, datatype: float64}
# - {name: e_max, unit: MeV, datatype: float64}
# - {name: ref_dnde_e_min, unit: ph / (cm2 MeV s), datatype: float64}
# - {name: ref_dnde_e_max, unit: ph / (cm2 MeV s), datatype: float64}
# - {name: ref_dnde, unit: ph / (cm2 MeV s), datatype: float64}
# - {name: ref_flux, unit: ph / (cm2 s), datatype: float64}
# - {name: ref_eflux, unit: MeV / (cm2 s), datatype: float64}
# - {name: ref_npred, datatype: float64}
# - {name: dnde, unit: ph / (cm2 MeV s), datatype: float64}
# - {name: dnde_err, unit: ph / (cm2 MeV s), datatype: float64}
# - {name: dnde_errp, unit: ph / (cm2 MeV s), datatype: float64}
# - {name: dnde_errn, unit: ph / (cm2 MeV s), datatype: float64}
# - {name: dnde_ul, unit: ph / (cm2 MeV s), datatype: float64}
# - {name: e2dnde, unit: MeV / (cm2 s), datatype: float64}
# - {name: e2dnde_err, unit: MeV / (cm2 s), datatype: float64}
# - {name: e2dnde_errp, unit: MeV / (cm2 s), datatype: float64}
# - {name: e2dnde_errn, unit: MeV / (cm2 s), datatype: float64}
# - {name: e2dnde_ul, unit: MeV / (cm2 s), datatype: float64}
# - {name: norm, datatype: float64}
# - {name: norm_err, datatype: float64}
# - {name: norm_errp, datatype: float64}
# - {name: norm_errn, datatype: float64}
# - {name: norm_ul, datatype: float64}
# - {name: ts, datatype: float64}
# - {name: loglike, datatype: float64}
# - {name: norm_scan, datatype: string, subtype: 'float64[20]'}
# - {name: dloglike_scan, datatype: string, subtype: 'float64[20]'}
# - {name: ShowUL, datatype: bool}
# - {name: tstart, datatype: float64}
# - {name: tend, datatype: float64}
# meta: !!omap
# - {UL_CONF: 0.95}
# - {EXTNAME: SED}
# - {CONFIG: '{"bin_index": 2.0, "use_local_index": true, "free_background": false, "free_radius": null, "free_pars": [], "ul_confidence":
#     0.95, "cov_scale": 3.0, "make_plots": false, "write_fits": true, "write_npy": true, "optimizer": {"optimizer": "MINUIT", "tol":
#     0.001, "max_iter": 100, "init_lambda": 0.0001, "retries": 3, "min_fit_quality": 2, "verbosity": 0}, "prefix": "", "outfile": null,
#     "loge_bins": []}'}
# - {SRCNAME: 4FGL J1833.6-2103}
# - {CREATOR: fermipy 1.2.0}
# - {STVER: 2.2.0}
# schema: astropy-2.0
e_min e_ref e_max ref_dnde_e_min ref_dnde_e_max ref_dnde ref_flux ref_eflux ref_npred dnde dnde_err dnde_errp dnde_errn dnde_ul e2dnde e2dnde_err e2dnde_errp e2dnde_errn e2dnde_ul norm norm_err norm_errp norm_errn norm_ul ts loglike norm_scan dloglike_scan ShowUL tstart tend
[from data line 1123]
729.6086933380817 840.8915725798939 969.1477682383326 2.3057602637190524e-13 1.0865926511447395e-13 1.5828525382544917e-13 3.8135011009631865e-11 3.182111993780092e-08 0.060964912451327624 6.845951051282436e-11 1.6028422718542946e-11 1.706725595099556e-11 1.4989589486090335e-11 9.798436888260345e-11 4.84076265620702e-05 1.1333675854911083e-05 1.2068233417478143e-05 1.0599118292344022e-05 6.928461366811362e-05 432.5071910256332 101.26289298065926 107.82593790964675 94.69984805167176 619.0366222658796 50.12357673053157 -1734.755774292476 [0.0,227.51507531989452,253.13908978311196,278.7631042463291,304.38711870954637,330.01113317276383,355.6351476359811,381.25916209919836,406.88317656241554,432.5071910256332,460.02747781176646,487.54776459789997,515.0680513840332,542.5883381701668,570.1086249563002,597.6289117424333,625.1491985285667,652.6694853147001,680.1897721008337,707.710058886967] [-25.061788365265784,-2.7032095676618155,-1.9745279545741141,-1.388149102293255,-0.9248594824489373,-0.56920189063203,-0.30854318979027084,-0.13241673431230083,-0.0320472074506597,0.0,-0.03443869498073582,-0.13360750592528348,-0.2916936823285141,-0.503659114378479,-0.7651066893993175,-1.0721744996749294,-1.4214511792658868,-1.8099074743702204,-2.234840430845452,-2.693827492258606] False 58938.65603222185 58952.65603222185
969.1477682383326 1116.9661194245136 1287.3303254983532 1.0886590722109131e-13 5.042770551273418e-14 7.40935753606331e-14 2.372794306359373e-11 2.628910662690538e-08 0.04030798042012407 3.7566458566564594e-11 1.018171952910708e-11 1.0890154074586161e-11 9.473284983628e-12 5.6522224360146703e-11 4.6868413790173213e-05 1.2702848822976438e-05 1.3586701192555903e-05 1.1818996453396978e-05 7.051787953230593e-05 507.01371048324586 137.41703622142606 146.9783853941572 127.85568704869495 762.8491955616669 38.79577904900043 -1421.9671648043875 [0.0,235.23100127602592,269.2038399269285,303.17667857783084,337.1495172287333,371.1223558796359,405.0951945305383,439.06803318144085,473.0408718323434,507.01371048324586,544.8818780988308,582.7500457144151,620.6182133300001,658.4863809455849,696.3545485611692,734.2227161767543,772.0908837923388,809.9590514079233,847.827219023508,885.6953866390928] [-19.397889524500215,-2.6984749400969577,-1.954685308343187,-1.364894552755004,-0.9043449601242628,-0.5541192613250132,-0.2993909443298435,-0.12829346869557412,-0.031160702111492355,0.0,-0.0348641286379916,-0.13561321911356572,-0.2956936869425135,-0.5095332790699558,-0.772349250310981,-1.0800019777248053,-1.4288815466095457,-1.815818686287912,-2.23801397352986,-2.692980936196136] False 58938.65603222185 58952.65603222185
1287.3303254983532 1483.6791717563765 1709.9759409858673 4.9661409255811037e-14 2.261106665940293e-14 3.3509661816900453e-14 1.4264491815991268e-11 2.0984387429030796e-08 0.025353419340881533 1.137833918666759e-11 4.6126039020895146e-12 5.053703285317125e-12 4.171504518861902e-12 2.0510074554798376e-11 2.504718225308756e-05 1.0153742888269034e-05 1.1124736674108375e-05 9.182749102429689e-06 4.514890679303992e-05 339.55398442514195 137.64996875507612 150.81331804931293 124.48661946083924 612.0645044664166 18.847063637597785 -1089.9741311449523 [0.0,97.58313014733297,127.82948693205907,158.07584371678516,188.3222005015113,218.56855728623754,248.81491407096354,279.0612708556896,309.3076276404159,339.55398442514195,380.802310625922,422.0506368267019,463.29896302748193,504.5472892282623,545.7956154290426,587.0439416298228,628.2922678306026,669.5405940313824,710.7889202321629,752.0372464329423] [-9.423531818798892,-2.6990667474087786,-1.866345191067694,-1.2565741178159442,-0.8086519555663472,-0.4841052525775922,-0.2570287884948357,-0.10909290861536647,-0.02682162203154803,0.0,-0.03872674111607921,-0.15057375925130145,-0.323916525726645,-0.5497793503009234,-0.8210785347357614,-1.1321194121794633,-1.478251111414238,-1.8556229679343232,-2.2610085265312136,-2.691675723621074] False 58938.65603222185 58952.65603222185
1709.9759409858673 1970.7884119509856 2271.3810595726877 2.1887470851698747e-14 9.7954025971757e-15 1.4642287691011154e-14 8.285381397509446e-12 1.6183664278507378e-08 0.015168264231910644 7.820386183390572e-12 3.355074346961663e-12 3.760427941261839e-12 2.9497207526614873e-12 1.4429927766416051e-11 3.037443440277847e-05 1.3031132130619264e-05 1.4605528314039336e-05 1.1456735947199195e-05 5.60459399445934e-05 534.0959246546892 229.13593953090614 256.8197006244012 201.4521784374111 985.4968069828685 18.489729801674912 -891.2836082399173 [0.0,140.9751851674333,190.11527760334027,239.2553700392472,288.39546247515415,337.53555491106124,386.67564734696805,435.81573978287497,484.9558322187822,534.0959246546892,602.2582741136501,670.4206235726115,738.5829730315724,806.7453224905338,874.907671949495,943.070021408456,1011.2323708674179,1079.3947203263783,1147.55706978534,1215.7194192443005] [-9.244864900837456,-2.689618437163972,-1.8400802410751567,-1.2302718520563758,-0.7877411939641661,-0.46965126283453174,-0.24835048391889814,-0.10484373321287421,-0.02546059332769346,0.0,-0.03962275919207059,-0.15229323814264717,-0.3262272687110226,-0.5524078573560018,-0.8237641096770858,-1.134636972845101,-1.4804186293241628,-1.8573014788717046,-2.262098746455422,-2.6921133310717096] False 58938.65603222185 58952.65603222185
100.0 115.25240587974294 132.83117061068992 1.526412037974083e-11 8.211548298379298e-12 1.1195626902077315e-11 3.6806054666145974e-10 4.222565518785993e-08 0.11654157902366075 1.2671576143652223e-08 2.0092126828766094e-09 2.0562650378000894e-09 1.962160327953129e-09 1.6091685606369336e-08 0.00016831802926438184 2.6688607267234517e-05 2.731360920568207e-05 2.606360532878696e-05 0.00021374774361932304 1131.8326570262045 179.46406221377438 183.6668063151118 175.26131811243692 1437.3188520049353 55.840255178993175 -2675.7229507203956 [0.0,734.9349362310267,784.5471513304246,834.1593664298216,883.7715815292187,933.3837966286158,982.9960117280132,1032.6082268274097,1082.2204419268069,1131.8326570262045,1175.3645525291233,1218.896448032042,1262.4283435349603,1305.960239037879,1349.4921345407977,1393.0240300437167,1436.5559255466346,1480.0878210495534,1523.6197165524711,1567.1516120553908] [-27.920127589496587,-2.712477270616546,-2.0497872710730007,-1.4868089136189155,-1.019625275492217,-0.6445715913059757,-0.3582128537805147,-0.15732392954396346,-0.03887185123130621,0.0,-0.02930802644823416,-0.11608371054580857,-0.25868461958043554,-0.4555454046826526,-0.7051727831840253,-1.0061409362319864,-1.3570872801810765,-1.7567085751288687,-2.203757338140349,-2.697038532348415] False 59064.65603222185 59078.65603222185
132.83117061068992 153.091119887046 176.4411988580621 9.557354005066888e-12 5.032930372653253e-12 6.935524295559813e-12 3.030522505937914e-10 4.6158938334259884e-08 0.1376390243045522 4.352475326157706e-09 9.557924447417928e-10 9.835790389359952e-10 9.280058505475902e-10 5.99402877078542e-09 0.0001020084897482926 2.2400803334825374e-05 2.305203471389019e-05 2.1749571955760553e-05 0.00014048139888145128 627.5625519680176 137.81113063848684 141.8175464493278 133.80471482764585 864.2502737136763 27.669513684296362 -2809.782606711378 [0.0,325.41921562042313,363.1871326638726,400.95504970732213,438.7229667507711,476.4908837942205,514.2588008376698,552.0267178811192,589.7946349245686,627.5625519680176,661.4331287201854,695.3037054723522,729.1742822245197,763.0448589766867,796.9154357288534,830.7860124810207,864.6565892331877,898.5271659853555,932.3977427375225,966.2683194896897] [-13.834756842148181,-2.712055331297506,-2.0423166628384024,-1.476506933714063,-1.0093998279321568,-0.6362160520488942,-0.3525699671804432,-0.154424285101868,-0.03805137110794021,0.0,-0.029854732483727275,-0.11796389595792789,-0.2623014077289554,-0.4609612798344642,-0.7121475948529223,-1.0141655513511978,-1.365413441129931,-1.7643754410928523,-2.2096151197324616,-2.699769572525838] False 59064.65603222185 59078.65603222185
176.4411988580621 203.35272664697808 234.36890988269914 5.73407704109088e-12 2.9558116310780135e-12 4.116898299879871e-12 2.391068999811879e-10 4.8351691822191766e-08 0.141604361627872 2.118249961013247e-09 4.803779649272962e-10 4.969832210443633e-10 4.6377270881022897e-10 2.9500719937230468e-09 8.759457444948851e-05 1.9864748819629356e-05 2.0551414874141403e-05 1.917808276511731e-05 0.00012199235484084043 514.5256954914469 116.68443812209627 120.71787662543548 112.65099961875707 716.5763589081441 27.202646863272093 -2777.541156514805 [0.0,261.1682043918209,292.8378907792743,324.5075771667275,356.1772635541809,387.84694994163374,419.5166363290875,451.18632271654053,482.8560091039939,514.5256954914469,543.4900579897908,572.4544204881348,601.4187829864782,630.3831454848224,659.3475079831661,688.3118704815099,717.2762329798543,746.2405954781975,775.2049579765412,804.1693204748847] [-13.601323431636047,-2.711326544871554,-2.0353216620023886,-1.4670606949757712,-1.0001050016981026,-0.628658776372049,-0.3474805625933186,-0.15181004826672506,-0.03730700863570746,0.0,-0.030359405666786188,-0.11965943994437112,-0.2655044016746615,-0.4656621403973986,-0.7180485013609541,-1.0207136486833406,-1.371829994177915,-1.769681505193148,-2.2126542018968394,-2.699227684698144] False 59064.65603222185 59078.65603222185
234.36890988269914 270.1158072739371 311.3149665447022 3.29647157736841e-12 1.6633841008149763e-12 2.341644381750375e-12 1.807769436769466e-10 4.8533765069782615e-08 0.12969232460521218 1.1465265095616252e-09 2.5408782701793924e-10 2.65039421358508e-10 2.4313623267737044e-10 1.5926634797854779e-09 8.365349702264901e-05 1.8538895615299396e-05 1.93379518577166e-05 1.7739839372882185e-05 0.00011620478772467069 489.6245213394011 108.5082897292923 113.18517167854134 103.83140778004325 680.1474605614388 30.80679299138137 -2581.3112127319446 [0.0,255.25605675444086,284.5521148275609,313.84817290068094,343.1442309738011,372.4402890469208,401.73634712004105,431.0324051931612,460.3284632662813,489.6245213394011,517.0501909384243,544.4758605374473,571.9015301364702,599.3271997354935,626.7528693345163,654.1785389335394,681.6042085325626,709.0298781315854,736.4555477306084,763.8812173296318] [-15.403396495690686,-2.70969136650001,-2.02622496356571,-1.455261000480732,-0.9887493784226535,-0.6195908165491346,-0.3414835503504037,-0.14880077630323285,-0.03649157490599464,0.0,-0.03088296356418141,-0.12150163308797346,-0.2690195965997191,-0.47082456455791544,-0.724503863330483,-1.027823311215343,-1.3787089188795107,-1.7752309623283509,-2.215590059992792,-2.69810495165666] False 59064.65603222185 59078.65603222185
311.3149665447022 358.7979888064861 413.52331434760555 1.8159132950778024e-12 8.969501342289704e-13 1.2762380944667818e-12 1.3096953711346085e-10 4.6682352606521575e-08 0.10906230614097534 6.137389840866297e-10 1.3050748931831442e-10 1.3705090631823536e-10 1.2396407231839348e-10 8.450728499946783e-10 7.901029987396873e-05 1.680101172354945e-05 1.764338503332637e-05 1.5958638413772532e-05 0.00010879129568866425 480.8969319655456 102.25951559049885 107.38662864901855 97.13240253197915 662.1592425884714 39.107016649148136 -2331.4655018109124 [0.0,262.39632143086396,289.70889774769915,317.02147406453435,344.3340503813697,371.6466266982048,398.9592030150402,426.27177933187517,453.58435564871075,480.8969319655456,507.1350815221507,533.3732310787556,559.6113806353601,585.849530191965,612.0876797485699,638.3258293051753,664.5639788617793,690.8021284183848,717.0402779749895,743.2784275315946] [-19.553508324574068,-2.7056943229467834,-2.009325737506515,-1.4331462960735735,-0.96666454789829,-0.6008260679932391,-0.32775238413614716,-0.1405378865001694,-0.03308971438946173,0.0,-0.033750288553164864,-0.12782273811080813,-0.27874024075435955,-0.48334578123512983,-0.7387627119492208,-1.04236114637024,-1.3917293573731513,-1.7846492987509919,-2.2190755461106164,-2.6931170910488618] False 59064.65603222185 59078.65603222185
413.52331434760555 476.5900816815941 549.2752115212968 9.585166752313407e-13 4.634776707458426e-13 6.665216245608781e-13 9.091695009065884e-11 4.30233711359885e-08 0.08594779963985688 5.196668694278414e-10 8.494716008715179e-11 8.937255776589765e-11 8.052176240840594e-11 6.712116020186084e-10 0.00011803614845058306 1.9294737048644534e-05 2.0299913495502562e-05 1.828956060178651e-05 0.00015245773197905064 779.6699315948096 127.44846822204337 134.0880092596825 120.80892718440424 1007.0364970691239 86.49104691253069 -2092.2027138793737 [0.0,506.07195392896506,540.2717011371952,574.4714483454262,608.6711955536566,642.8709427618872,677.0706899701177,711.2704371783487,745.4701843865793,779.6699315948096,812.5051959869144,845.3404603790189,878.1757247711234,911.0109891632281,943.8462535553325,976.6815179474369,1009.5167823395412,1042.3520467316466,1075.1873111237512,1108.0225755158551] [-43.245523456265346,-2.698283292247197,-2.0115172231176075,-1.440590593745128,-0.976252880705033,-0.6103933198915001,-0.33585558339336785,-0.1462892900631232,-0.036029801187396515,0.0,-0.03100646335133206,-0.122558935267989,-0.27132164276054027,-0.47424696674261213,-0.7285421712763309,-1.0316408819503522,-1.3811785133566445,-1.7749709998479375,-2.2109963046927987,-2.687378278324104] False 59064.65603222185 59078.65603222185
549.2752115212968 633.0528961793416 729.6086933380817 4.848320231724101e-13 2.294696223151232e-13 3.3354792945489816e-13 6.048794284660336e-11 3.8001843930979773e-08 0.06322002268645766 1.4896275157837558e-10 3.953183602035351e-11 4.2266203883544537e-11 3.679746815716248e-11 2.2193462129937034e-10 5.969771190748152e-05 1.584261926495893e-05 1.693843350856176e-05 1.4746805021356102e-05 8.89416242936072e-05 446.6007383760962 118.51920677474612 126.71703269937314 110.3213808501191 665.3755028911969 29.886468674471416 -1764.2454518057807 [0.0,204.19179118125632,234.49290958061133,264.7940279799662,295.0951463793213,325.3962647786765,355.6973831780311,385.9985015773862,416.29961997674104,446.6007383760962,478.6222385953502,510.64373881460415,542.6652390338586,574.6867392531123,606.7082394723667,638.7297396916207,670.7512399108743,702.7727401301288,734.7942403493828,766.8157405686368] [-14.943234337235708,-2.7037945783656596,-1.9759135839581177,-1.390022168638552,-0.9267278324073231,-0.5706496723564669,-0.30934932889863376,-0.13260184958289756,-0.03188309679444501,0.0,-0.03433635772944399,-0.13249498081108868,-0.2891259570967577,-0.4995820220008227,-0.7597962963136524,-1.0661860083248484,-1.4155757669882405,-1.805135752060096,-2.232331430056547,-2.694882278649402] False 59064.65603222185 59078.65603222185
