data/PKS1510-089_allsed_14d_min11.ecsv
# %ECSV 1.0
# ---
# datatype:
# - {name: e_min, unit: MeV, datatype: float64}
# - {name: e_ref, unit: MeV, datatype: float64}
# - {name: e_max, unit: MeV, datatype: float64}
# - {name: ref_dnde_e_min, unit: ph / (cm2 MeV s), datatype: float64}
# - {name: ref_dnde_e_max, unit: ph / (cm2 MeV s), datatype: float64}
# - {name: ref_dnde, unit: ph / (cm2 MeV s), datatype: float64}
# - {name: ref_flux, unit: ph / (cm2 s), datatype: float64}
# - {name: ref_eflux, unit: MeV / (cm2 s), datatype: float64}
# - {name: ref_npred, datatype: float64}
# - {name: dnde, unit: ph / (cm2 MeV s), datatype: float64}
# - {name: dnde_err, unit: ph / (cm2 MeV s), datatype: float64}
# - {name: dnde_errp, unit: ph / (cm2 MeV s), datatype: float64}
# - {name: dnde_errn, unit: ph / (cm2 MeV s), datatype: float64}
# - {name: dnde_ul, unit: ph / (cm2 MeV s), datatype: float64}
# - {name: e2dnde, unit: MeV / (cm2 s), datatype: float64}
# - {name: e2dnde_err, unit: MeV / (cm2 s), datatype: float64}
# - {name: e2dnde_errp, unit: MeV / (cm2 s), datatype: float64}
# - {name: e2dnde_errn, unit: MeV / (cm2 s), datatype: float64}
# - {name: e2dnde_ul, unit: MeV / (cm2 s), datatype: float64}
# - {name: norm, datatype: float64}
# - {name: norm_err, datatype: float64}
# - {name: norm_errp, datatype: float64}
# - {name: norm_errn, datatype: float64}
# - {name: norm_ul, datatype: float64}
# - {name: ts, datatype: float64}
# - {name: loglike, datatype: float64}
# - {name: norm_scan, datatype: string, subtype: 'float64[20]'}
# - {name: dloglike_scan, datatype: string, subtype: 'float64[20]'}
# - {name: ShowUL, datatype: bool}
# - {name: tstart, datatype: float64}
# - {name: tend, datatype: float64}
# meta: !!omap
# - {UL_CONF: 0.95}
# - {EXTNAME: SED}
# - {CONFIG: '{"bin_index": 2.0, "use_local_index": true, "free_background": false, "free_radius": null, "free_pars": [], "ul_confidence":
#     0.95, "cov_scale": 3.0, "make_plots": false, "write_fits": true, "write_npy": true, "optimizer": {"optimizer": "MINUIT", "tol":
#     0.001, "max_iter": 100, "init_lambda": 0.0001, "retries": 3, "min_fit_quality": 2, "verbosity": 0}, "prefix": "", "outfile": null,
#     "loge_bins": []}'}
# - {SRCNAME: 4FGL J1512.8-0906}
# - {CREATOR: fermipy 1.2.0}
# - {STVER: 2.2.0}
# schema: astropy-2.0
e_min e_ref e_max ref_dnde_e_min ref_dnde_e_max ref_dnde ref_flux ref_eflux ref_npred dnde dnde_err dnde_errp dnde_errn dnde_ul e2dnde e2dnde_err e2dnde_errp e2dnde_errn e2dnde_ul norm norm_err norm_errp norm_errn norm_ul ts loglike norm_scan dloglike_scan ShowUL tstart tend
100.0 115.25240587974294 132.83117061068992 1.2056448737164285e-11 6.6773640005790014e-12 8.972474395191485e-12 2.9474411123028797e-10 3.3837682923190586e-08 0.09852115235919294 2.5851089571389152e-08 1.7948969923455659e-09 1.8433322301660806e-09 1.746461754525051e-09 2.8908057879380452e-08 0.0003433830489329423 2.3841826861886826e-05 2.448519779573744e-05 2.319845592803621e-05 0.00038398911681996874 2881.1550117371444 200.04481632262826 205.44301928060742 194.6466133646491 3221.8601699072906 501.41523283218885 -1702.2235221341803 [0.0,2427.6537032355996,2484.341366798292,2541.029030360986,2597.7166939236795,2654.404357486372,2711.0920210490663,2767.779684611759,2824.467348174453,2881.1550117371444,2929.9336115349665,2978.7122113327887,3027.490811130609,3076.2694109284316,3125.048010726252,3173.826610524075,3222.6052103218963,3271.383810119717,3320.162409917539,3368.941009715362] [-250.70761641609442,-2.715076990330772,-2.054382027109341,-1.491449102342358,-1.0231128034138237,-0.6463644259833927,-0.35834153584096384,-0.15631840176047263,-0.03769721235312318,0.0,-0.03052982669805715,-0.11778031391463628,-0.260361982269842,-0.4569373935623844,-0.7062185237523408,-1.0069643025212827,-1.3579783067336848,-1.7581065962290268,-2.206235681399903,-2.7012906129170915] False 54948.65603222185 54962.65603222185
132.83117061068992 153.091119887046 176.4411988580621 7.320374773486595e-12 4.002242602852984e-12 5.4127549166111676e-12 2.3626410074795613e-10 3.6018081033475895e-08 0.11347217757574773 1.34411668257729e-08 9.261908301073798e-10 9.526629375647327e-10 8.997187226500268e-10 1.5028438189705074e-08 0.0003150191616507891 2.1707033519561862e-05 2.2327457416269607e-05 2.108660962285411e-05 0.00035221986757607 2483.2395024063235 171.11264861909763 176.00333882495062 166.2219584132446 2776.4859893405483 560.7929288598993 -1649.10897727981 [0.0,2097.5221549847047,2145.736823412407,2193.9514918401096,2242.1661602678114,2290.3808286955127,2338.595497123215,2386.810165550919,2435.0248339786212,2483.2395024063235,2525.1479786826144,2567.056454958904,2608.964931235195,2650.8734075114844,2692.781883787774,2734.690360064066,2776.598836340356,2818.5073126166453,2860.415788892937,2902.3242651692267] [-280.3964644299497,-2.7080198689266126,-2.0506217284564627,-1.4904181393990257,-1.024172425364668,-0.6488133672523873,-0.36142383025344316,-0.1592303680238274,-0.03959370378515814,0.0,-0.028744092349825223,-0.11464401168746008,-0.256253251643102,-0.45218155520706205,-0.7010919654612735,-1.001698070282373,-1.3527614257213827,-1.7530891441761014,-2.2015316347176395,-2.696980484063488] False 54948.65603222185 54962.65603222185
176.4411988580621 203.35272664697808 234.36890988269914 4.331278626807359e-12 2.337602508218879e-12 3.181950311023049e-12 1.8455476141776418e-10 3.7360740166228544e-08 0.11557117675147757 8.120098877715552e-09 5.401078170224629e-10 5.554360954945161e-10 5.247795385504098e-10 9.045469326888151e-09 0.00033578502007432107 2.2334717460017916e-05 2.2968577511718566e-05 2.170085740831727e-05 0.00037405124558843964 2551.925103791078 169.74112233977954 174.5583812450969 164.92386343446216 2842.743739759998 655.7987557011766 -1663.6391125836126 [0.0,2169.3218812990913,2217.1472841105883,2264.972686922087,2312.7980897335865,2360.6234925450844,2408.4488953565833,2456.2742981680803,2504.099700979579,2551.925103791078,2593.482537091581,2635.039970392085,2676.597403692588,2718.154836993091,2759.712270293594,2801.269703594097,2842.8271368945984,2884.3845701951022,2925.9420034956074,2967.4994367961094] [-327.8993778505883,-2.707716937146415,-2.050666887571424,-1.4906653436287343,-1.024507949568033,-0.6491526682307267,-0.36170873418632254,-0.1594265460837505,-0.039688402905312614,0.0,-0.02866351825628044,-0.11447750162642478,-0.2560064555291319,-0.45187027243900957,-0.7007413525291213,-1.0013419119622995,-1.3524414641724434,-1.7528544608233005,-2.2014380803068434,-2.697090152727924] False 54948.65603222185 54962.65603222185
234.36890988269914 270.1158072739371 311.3149665447022 2.4972833616396687e-12 1.3304752904245604e-12 1.8227928587335342e-12 1.404842652370247e-10 3.7764637340869114e-08 0.1064079635649442 3.975010212586949e-09 2.960996297911788e-10 3.0538823484168054e-10 2.8681102474067715e-10 4.484641646395144e-09 0.0002900268787599008 2.1604183847972763e-05 2.2281904152262807e-05 2.092646354368272e-05 0.00032721088739396433 2180.7251402931024 162.44282962404577 167.53863906064592 157.34702018744562 2460.313372914488 568.4181440265957 -1387.7450210276295 [0.0,1816.891416691469,1862.370632141674,1907.8498475918766,1953.3290630420813,1998.8082784922854,2044.2874939424908,2089.7667093926934,2135.2459248428995,2180.7251402931024,2220.730215874719,2260.7352914563357,2300.7403670379517,2340.745442619572,2380.750518201188,2420.755593782804,2460.7606693644207,2500.765744946039,2540.770820527656,2580.775896109273] [-284.2090720132978,-2.707363803137696,-2.0467252645566987,-1.4852166867062806,-1.0190427527957127,-0.6446306360928702,-0.35861255266581793,-0.15781001550953988,-0.039219592880954224,0.0,-0.028977936132605464,-0.11554376887261242,-0.25803431731196724,-0.4548601510962271,-0.7045011975815214,-1.005502675846401,-1.3564713285184098,-1.7560719253692696,-2.203024015269193,-2.6960989054216498] False 54948.65603222185 54962.65603222185
311.3149665447022 358.7979888064861 413.52331434760555 1.4030993380175216e-12 7.379243759391777e-13 1.0175368314647145e-12 1.0420895128459148e-10 3.7198901148438784e-08 0.09156749523066143 2.2761029584982763e-09 1.7796747177792788e-10 1.8378725806793916e-10 1.7214768548791656e-10 2.583047101353776e-09 0.00029301638311701625 2.2910819872249456e-05 2.3660035861291632e-05 2.216160388320728e-05 0.00033253114330071705 2236.875254158507 174.9002751298436 180.61975978145458 169.18079047823264 2538.5293401473787 592.5834240579511 -1233.3667804238619 [0.0,1847.3074292683,1896.0034073795753,1944.699385490851,1993.3953636021265,2042.0913417134038,2090.7873198246807,2139.4832979359553,2188.1792760472317,2236.875254158507,2280.0617949405737,2323.248335722643,2366.4348765047075,2409.6214172867762,2452.8079580688427,2495.9944988509087,2539.181039632977,2582.367580415043,2625.554121197112,2668.740661979179] [-296.29171202897555,-2.7069590158148458,-2.0440425903555024,-1.4816149618163763,-1.0154838416133316,-0.6417234179509705,-0.3566518010331947,-0.15681083392951223,-0.03894797502289293,0.0,-0.029156498902239036,-0.11619878529768357,-0.2593117408530361,-0.45676731547905547,-0.7069189393212127,-1.0081963813433958,-1.3591010119923794,-1.758201432112628,-2.20412943437168,-2.6955762670529566] False 54948.65603222185 54962.65603222185
413.52331434760555 476.5900816815941 549.2752115212968 7.682051286201704e-13 3.988489045937296e-13 5.535320894523106e-13 7.532299656850216e-11 3.570389123177144e-08 0.07516062821660419 1.1796892213112425e-09 1.0243095667794856e-10 1.0603988600592413e-10 9.882202734997298e-11 1.3570212936735857e-09 0.0002679523753468406 2.326597349122026e-05 2.408569886331027e-05 2.244624811913025e-05 0.0003082312463887005 2131.202948827195 185.04971731503105 191.56953684626438 178.5298977837977 2451.567523422686 530.575092622176 -939.679952608792 [0.0,1722.5530969169056,1773.6343284056923,1824.7155598944776,1875.796791383264,1926.8780228720498,1977.959254360837,2029.040485849622,2080.1217173384084,2131.202948827195,2177.1280084248765,2223.0530680225584,2268.978127620241,2314.9031872179226,2360.828246815604,2406.753306413285,2452.6783660109686,2498.603425608652,2544.5284852063323,2590.4535448040133] [-265.287546311088,-2.7068319754260983,-2.0395474747962226,-1.475258366607818,-1.0090457539266708,-0.6363452984082869,-0.3529133793559822,-0.154797238811625,-0.03830855813851031,0.0,-0.029632798838861163,-0.11764230251503704,-0.26194454351855256,-0.4605683379694483,-0.7116471607820358,-1.0134117471158106,-1.36418334300663,-1.762367537511068,-2.206448616826492,-2.694984387880595] False 54948.65603222185 54962.65603222185
549.2752115212968 633.0528961793416 729.6086933380817 4.098820311487688e-13 2.1006401731814962e-13 2.9343051322184114e-13 5.306366294028096e-11 3.3400067045787014e-08 0.0585889040451657 6.227147076670488e-10 6.096717587512201e-11 6.286027366255792e-11 5.907407808768609e-11 7.283366209352288e-10 0.0002495566363064924 2.443295966704028e-05 2.5191629905939424e-05 2.367428942814114e-05 0.0002918852485440509 2122.187978440607 207.77381058877552 214.22541566096064 201.3222055165904 2482.1434312953925 487.2269851383753 -791.3954645073775 [0.0,1670.0956028518663,1726.6071498004592,1783.1186967490517,1839.6302436976446,1896.1417906462368,1952.6533375948284,2009.1648845434222,2065.676431492015,2122.187978440607,2174.021380685609,2225.854782930613,2277.688185175613,2329.521587420617,2381.35498966562,2433.188391910621,2485.021794155625,2536.855196400624,2588.688598645627,2640.52200089063] [-243.61349256918766,-2.7065714937381244,-2.0347233937955025,-1.468781655889984,-1.002881025459601,-0.6316430711653993,-0.3501229821774814,-0.15376350720327991,-0.03835490756227955,0.0,-0.029474284346861168,-0.11812832715827426,-0.2635267175987792,-0.46338511305953034,-0.715557824624625,-1.018026663599585,-1.368890897475012,-1.7663581846479701,-2.208736374919795,-2.6944260777856925] False 54948.65603222185 54962.65603222185
729.6086933380817 840.8915725798939 969.1477682383326 2.1310177680385772e-13 1.0781130556637506e-13 1.5157434075640318e-13 3.642505303961252e-11 3.044513295890672e-08 0.04380693155322146 2.6061375244666444e-10 3.299937844592378e-11 3.426068572627046e-11 3.173807116557711e-11 3.184030568490297e-10 0.00018427962909572178 2.3333815515544263e-05 2.4225684174108578e-05 2.244194685697995e-05 0.0002251423674623284 1719.3790924382092 217.71084921924518 226.03222653187183 209.38947190661852 2100.6395624754114 281.0625281783043 -611.9699114881716 [0.0,1253.9393919353074,1312.11935449817,1370.2993170610328,1428.4792796238958,1486.6592421867579,1544.8392047496209,1603.0191673124837,1661.1991298753462,1719.3790924382092,1774.6147317265454,1829.8503710148814,1885.086010303217,1940.321649591554,1995.557288879891,2050.792928168227,2106.028567456564,2161.264206744899,2216.4998460332345,2271.7354853215725] [-140.53126408915216,-2.7047292762971438,-2.019902665017071,-1.448685334984816,-0.9828016035543214,-0.6148729831163564,-0.33829098220121523,-0.14711190655600603,-0.03596921447274326,0.0,-0.03138741612337981,-0.12308604875420315,-0.2719188015239524,-0.47495951536836856,-0.7295068357803984,-1.0330614285556976,-1.38330603847578,-1.7780879726939247,-2.2154036610205594,-2.6933850024465755] False 54948.65603222185 54962.65603222185
969.1477682383326 1116.9661194245136 1287.3303254983532 1.0796529024331953e-13 5.391949778491988e-14 7.6298323888031e-14 2.4365653243380702e-11 2.7043528432254398e-08 0.03140575035069659 1.567914974221465e-10 2.0417330329709118e-11 2.1318465435894378e-11 1.9516195223523858e-11 1.929476822083112e-10 0.00019561515938323 2.5472933113667483e-05 2.659720126800271e-05 2.4348664959332255e-05 0.0002407240968314932 2054.9795779556116 267.5986743781144 279.4093546167484 255.7879941394805 2528.8587268504743 335.38399872751506 -477.23871487658676 [0.0,1486.0089136751294,1557.1302467101896,1628.2515797452495,1699.3729127803092,1770.4942458153696,1841.6155788504311,1912.7369118854908,1983.8582449205503,2054.9795779556116,2123.8045249463225,2192.6294719370353,2261.454418927747,2330.2793659184586,2399.1043129091704,2467.9292598998823,2536.754206890593,2605.579153881307,2674.404100872018,2743.22904786273] [-167.69199936375753,-2.7026443316365203,-2.013763057018309,-1.4413572948566298,-0.9761355398348428,-0.6098885044515896,-0.3353262367993466,-0.14594490584431696,-0.03591697681969208,0.0,-0.03134112496832131,-0.1237570222483555,-0.2736987937063873,-0.47792163346809957,-0.7334508440773106,-1.0375524897247033,-1.3877079452415728,-1.7815917345356524,-2.217052159700984,-2.692094308285391] False 54948.65603222185 54962.65603222185
1287.3303254983532 1483.6791717563765 1709.9759409858673 5.330281399486339e-14 2.6278239494312768e-14 3.7425981775737424e-14 1.588293732075389e-11 2.340904927223286e-08 0.021537410015423974 7.508342107326357e-11 1.203688056066467e-11 1.2795491927364982e-11 1.1278269193964358e-11 9.654196788245281e-11 0.00016528142648541781 2.6496831937905435e-05 2.8166766086403208e-05 2.4826897789407666e-05 0.00021251820893658198 2006.184407483969 321.6182980259975 341.88794308824424 301.3486529637508 2579.5440306936503 240.1266218691319 -349.50831846882426 [0.0,1343.5531811206095,1426.3820844160302,1509.2109877114497,1592.0398910068693,1674.8687943022896,1757.6976975977095,1840.5266008931294,1923.3555041885493,2006.184407483969,2089.7714098649335,2173.3584122458965,2256.9454146268613,2340.5324170078234,2424.1194193887886,2507.706421769753,2591.293424150716,2674.8804265316803,2758.4674289126438,2842.0544312936063] [-120.06331093456595,-2.693782293167601,-1.9915429358296137,-1.415025534143922,-0.9515968280553011,-0.5904595653726687,-0.3223110494179764,-0.13907782872706775,-0.03370697168850256,0.0,-0.03306686240870249,-0.12854095057633685,-0.2819678352738606,-0.48935953157536005,-0.7471311810637076,-1.052048163693371,-1.4011816385107636,-1.791870947153484,-2.221691643925567,-2.688428168922826] False 54948.65603222185 54962.65603222185
1709.9759409858673 1970.7884119509856 2271.3810595726877 2.564395537297986e-14 1.2480028840953082e-14 1.7889586430404187e-14 1.0089240573628014e-11 1.9746000244502344e-08 0.014082998620477127 3.6777509146322775e-11 7.054233957364053e-12 7.515855715284862e-12 6.592612199443245e-12 4.963000965062784e-11 0.00014284410166791063 2.7398693820886165e-05 2.9191635943698542e-05 2.560575169807379e-05 0.0001927633031401884 2055.8054424230677 394.32068398043305 420.12462079678454 368.5167471640816 2774.2401896043457 184.67164567812557 -254.72116069384325 [0.0,1241.4792799900488,1343.2700502941761,1445.0608205983035,1546.8515909024309,1648.6423612065578,1750.4331315106856,1852.2239018148136,1954.0146721189394,2055.8054424230677,2161.611060905061,2267.4166793870554,2373.222297869048,2479.0279163510427,2584.833534833038,2690.6391533150295,2796.444771797023,2902.250390279019,3008.056008761011,3113.8616272430054] [-92.33582283906279,-2.703097224459242,-1.9691315170340147,-1.3782597180595815,-0.9119209317940431,-0.5549943661648058,-0.294993685249068,-0.12148487883288794,-0.02565701355322858,0.0,-0.04078557761144452,-0.14415622290530905,-0.3046797894055828,-0.5176127232844294,-0.7787875572933842,-1.084522570585051,-1.4315485602809588,-1.8169489679270612,-2.238110533780258,-2.692682327380652] False 54948.65603222185 54962.65603222185
2271.3810595726877 2617.821317854317 3017.1020504598932 1.2022333813260856e-14 5.77568908504386e-15 8.332902386444033e-15 6.245410990358891e-12 1.62311555668679e-08 0.00884027383372743 1.8677115573910697e-11 4.334084696972249e-12 4.645328774396228e-12 4.0228406195482685e-12 2.6786701819932288e-11 0.0001279940573486485 2.9701432379261785e-05 3.1834384447667854e-05 2.7568480310855712e-05 0.00018356895824485586 2241.369778229328 520.1170607761994 557.4682816341698 482.765839918229 3214.570455488462 129.28752432840315 -190.32781034233938 [0.0,1218.9494256085266,1346.7519696861254,1474.5545137637268,1602.3570578413257,1730.1596019189262,1857.9621459965265,1985.7646900741274,2113.5672341517284,2241.369778229328,2385.8975514164945,2530.425324603662,2674.953097790828,2819.4808709779963,2964.008644165163,3108.536417352331,3253.0641905394964,3397.5919637266625,3542.11973691383,3686.6475101009983] [-64.64376216420158,-2.703944107457801,-1.9574344926049605,-1.3654350610666484,-0.9035686054274095,-0.5528661379797768,-0.298269222051033,-0.1276187651430689,-0.030951814290062885,0.0,-0.03549467411212959,-0.13775806280932557,-0.2997202834672521,-0.5153914017400041,-0.7796509424340456,-1.0880864527995016,-1.4368679852349828,-1.8226492990750387,-2.2424892216844796,-2.693788416701551] False 54948.65603222185 54962.65603222185
