data/PKS1502+106_allsed_14d_min11.ecsv
# %ECSV 1.0
# ---
# datatype:
# - {name: e_min, unit: MeV, datatype: float64}
# - {name: e_ref, unit: MeV, datatype: float64}
# - {name: e_max, unit: MeV, datatype: float64}
# - {name: ref_dnde_e_min, unit: ph / (cm2 MeV s), datatype: float64}
# - {name: ref_dnde_e_max, unit: ph / (cm2 MeV s), datatype: float64}
# - {name: ref_dnde, unit: ph / (cm2 MeV s), datatype: float64}
# - {name: ref_flux, unit: ph / (cm2 s), datatype: float64}
# - {name: ref_eflux, unit: MeV / (cm2 s), datatype: float64}
# - {name: ref_npred, datatype: float64}
# - {name: dnde, unit: ph / (cm2 MeV s), datatype: float64}
# - {name: dnde_err, unit: ph / (cm2 MeV s), datatype: float64}
# - {name: dnde_errp, unit: ph / (cm2 MeV s), datatype: float64}
# - {name: dnde_errn, unit: ph / (cm2 MeV s), datatype: float64}
# - {name: dnde_ul, unit: ph / (cm2 MeV s), datatype: float64}
# - {name: e2dnde, unit: MeV / (cm2 s), datatype: float64}
# - {name: e2dnde_err, unit: MeV / (cm2 s), datatype: float64}
# - {name: e2dnde_errp, unit: MeV / (cm2 s), datatype: float64}
# - {name: e2dnde_errn, unit: MeV / (cm2 s), datatype: float64}
# - {name: e2dnde_ul, unit: MeV / (cm2 s), datatype: float64}
# - {name: norm, datatype: float64}
# - {name: norm_err, datatype: float64}
# - {name: norm_errp, datatype: float64}
# - {name: norm_errn, datatype: float64}
# - {name: norm_ul, datatype: float64}
# - {name: ts, datatype: float64}
# - {name: loglike, datatype: float64}
# - {name: norm_scan, datatype: string, subtype: 'float64[20]'}
# - {name: dloglike_scan, datatype: string, subtype: 'float64[20]'}
# - {name: ShowUL, datatype: bool}
# - {name: tstart, datatype: float64}
# - {name: tend, datatype: float64}
# meta: !!omap
# - {UL_CONF: 0.95}
# - {EXTNAME: SED}
# - {CONFIG: '{"bin_index": 2.0, "use_local_index": true, "free_background": false, "free_radius": null, "free_pars": [], "ul_confidence":
#     0.95, "cov_scale": 3.0, "make_plots": false, "write_fits": true, "write_npy": true, "optimizer": {"optimizer": "MINUIT", "tol":
#     0.001, "max_iter": 100, "init_lambda": 0.0001, "retries": 3, "min_fit_quality": 2, "verbosity": 0}, "prefix": "", "outfile": null,
#     "loge_bins": []}'}
# - {SRCNAME: 4FGL J1504.4+1029}
# - {CREATOR: fermipy 1.2.0}
# - {STVER: 2.2.0}
# schema: astropy-2.0
e_min e_ref e_max ref_dnde_e_min ref_dnde_e_max ref_dnde ref_flux ref_eflux ref_npred dnde dnde_err dnde_errp dnde_errn dnde_ul e2dnde e2dnde_err e2dnde_errp e2dnde_errn e2dnde_ul norm norm_err norm_errp norm_errn norm_ul ts loglike norm_scan dloglike_scan ShowUL tstart tend
[from data line 483]
969.1477682383326 1116.9661194245136 1287.3303254983532 1.0772577263537517e-13 5.4893327169780816e-14 7.689880416424596e-14 2.454097628651312e-11 2.725104462896982e-08 0.03294050936996451 2.3252721151676413e-11 8.741705202850147e-12 9.755258358224773e-12 7.728152047475522e-12 4.0203738761353315e-11 2.9010404447712776e-05 1.090626778015073e-05 1.217079018915719e-05 9.641745371144268e-06 5.0158719668513296e-05 302.3807899796671 113.67803827194749 126.8583882967646 100.49768824713038 522.8135755594235 28.565163069212872 -213.03604829103787 [0.0,100.51890476851469,125.75164041990864,150.98437607130273,176.2171117226968,201.4498473740909,226.6825830254849,251.915318676879,277.14805432827325,302.3807899796671,335.46238663017243,368.5439832806781,401.6255799311837,434.70717658168894,467.7887732321945,500.8703698826999,533.9519665332056,567.0335631837111,600.1151598342167,633.1967564847218] [-14.282581534606436,-2.700032944680032,-1.879359833589234,-1.2721384752638585,-0.8222529321448917,-0.49393106730178715,-0.26283378793922907,-0.11157383079537908,-0.02725093456760419,0.0,-0.0380137343046556,-0.14742837459974112,-0.3178298362008434,-0.5410278321494957,-0.8104506650049927,-1.1207354291465776,-1.4674419152776466,-1.8468475891961589,-2.2557973145297012,-2.6915910096307982] False 55088.65603222185 55102.65603222185
1287.3303254983532 1483.6791717563765 1709.9759409858673 5.422167434374003e-14 2.7249769772584582e-14 3.843862826052688e-14 1.6301913533370544e-11 2.403743888423427e-08 0.023078967054181554 1.3024108209327838e-11 4.9622058954462756e-12 5.4459539306882675e-12 4.478457860204283e-12 2.2901182172256056e-11 2.8670019995994557e-05 1.0923323114345425e-05 1.19881995435414e-05 9.858446685149452e-06 5.041246128009409e-05 338.8286418821677 129.09425023738498 141.67919556798512 116.50930490678483 595.7856252579537 34.572240543243026 -121.6338983023146 [0.0,112.94717365529567,141.1823571836546,169.41754071201365,197.65272424037255,225.88790776873154,254.1230912970906,282.3582748254496,310.59345835380856,338.8286418821677,377.9222090766055,417.0157762710434,456.1093434654811,495.20291065991916,534.2964778543569,573.3900450487946,612.4836122432324,651.5771794376707,690.6707466321087,729.764313826546] [-17.286120271621513,-2.698515794955526,-1.8561967246109674,-1.243733465244091,-0.7965410454229271,-0.47430426946129955,-0.2500859114027918,-0.10495371676321952,-0.02507010049805558,0.0,-0.04105386767447783,-0.15561283100818457,-0.33149511975162227,-0.5593667740854755,-0.8319105489410248,-1.1432788866845698,-1.4887215351530187,-1.8643247001483019,-2.266823775643104,-2.6934659904662794] False 55088.65603222185 55102.65603222185
1709.9759409858673 1970.7884119509856 2271.3810595726877 2.6546433534003495e-14 1.3157884552525287e-14 1.8689433049766462e-14 1.0533486972648609e-11 2.0624342397172008e-08 0.015331997891561144 9.708611829390106e-12 3.667400743059528e-12 4.022634811134084e-12 3.3121666749849715e-12 1.6996503364194082e-11 3.7708315962728595e-05 1.4244210028316868e-05 1.5623941622810153e-05 1.286447843382358e-05 6.601453744174175e-05 519.4706443763108 196.22857115536496 215.2357859343598 177.2213563763701 909.4178148120156 47.843181306439334 -103.95840610594823 [0.0,179.62676992755374,222.10725423364832,264.58773853974293,307.06822284583774,349.54870715193226,392.02919145802684,434.5096757641217,476.99016007021584,519.4706443763108,578.8271085480693,638.1835727198275,697.5400368915858,756.8965010633445,816.2529652351021,875.6094294068612,934.9658935786197,994.322357750378,1053.678821922136,1113.0352860938947] [-23.921590653219667,-2.695281638102827,-1.8479175911407566,-1.2347124238030034,-0.7887177844558693,-0.46841253366589797,-0.24621677217757565,-0.10284978739383632,-0.024287339590131296,0.0,-0.04191322885505144,-0.15742145348355052,-0.334095217857012,-0.5624679636910344,-0.8351570649702609,-1.1462893842128068,-1.4911127076259163,-1.8657251242403419,-2.2668817557941168,-2.691853681627805] False 55088.65603222185 55102.65603222185
2271.3810595726877 2617.821317854317 3017.1020504598932 1.2642104991546893e-14 6.180011134913104e-15 8.839024245724217e-15 6.620527038964399e-12 1.7213092591860337e-08 0.009727785545153633 4.824735380167258e-12 2.292683746387845e-12 2.544514456361814e-12 2.0408530364138758e-12 9.53109091758922e-12 3.306385584526737e-05 1.571173523857122e-05 1.743752818593531e-05 1.3985942291207135e-05 6.531645599522649e-05 545.8447953122393 259.38199541616893 287.87277708766277 230.89121374467513 1078.2967274017585 25.3265626435294 -110.66087176741036 [0.0,126.88051854392742,179.2510531399665,231.62158773600552,283.9921223320445,336.3626569280834,388.73319152412233,441.1037261201616,493.4742607162004,545.8447953122393,627.898656028223,709.952516744206,792.0063774601897,874.0602381761727,956.1140988921555,1038.1679596081392,1120.2218203241225,1202.2756810401056,1284.3295417560892,1366.3834024720725] [-12.6632813217647,-2.7074809831174633,-1.7830789414272914,-1.159759142589479,-0.7264775871930027,-0.4250081738995135,-0.22073370259225555,-0.09129694134837507,-0.021378072014329064,0.0,-0.04530903339130532,-0.16775015668685,-0.35175149803436057,-0.586110313622342,-0.862487103527485,-1.1744993371694932,-1.5171487535144337,-1.8864446677434614,-2.2791477592251397,-2.6925907730213368] False 55088.65603222185 55102.65603222185
4007.6519721450045 4618.915317184078 5323.411028602609 2.63867357716535e-15 1.254687249927371e-15 1.819535680878399e-15 2.40709827265781e-12 1.1035121577583983e-08 0.003511328733371899 2.0511417937297475e-12 1.0317295876482352e-12 1.1576444915012197e-12 9.058146837952502e-13 4.2372757724225245e-12 4.375983580983734e-05 2.201130974643217e-05 2.469762599012724e-05 1.9324993502737093e-05 9.039964601620424e-05 1127.2885798752454 567.0290494936364 636.2307173566145 497.8273816306582 2328.76761744894 31.12868291428576 -20.0324501289835 [0.0,259.50174687810824,367.97510100275025,476.4484551273925,584.9218092520346,693.3951633766767,801.8685175013185,910.3418716259608,1018.8152257506031,1127.2885798752454,1314.7898933348738,1502.291206794501,1689.7925202541287,1877.293833713757,2064.795147173385,2252.2964606330147,2439.7977740926412,2627.299087552269,2814.800401011897,3002.301714471526] [-15.56434145714288,-2.6933028773336467,-1.727907998239349,-1.1035101114826418,-0.6817688670571833,-0.3945101076287614,-0.20306251530517017,-0.08335918953598664,-0.019398624928850694,0.0,-0.04885937840345633,-0.17843755500665281,-0.36983326582697273,-0.6100939419972704,-0.8899547217019226,-1.2025590731453377,-1.5426902318511502,-1.9062867035894975,-2.2901244671436345,-2.6916014582531957] False 55088.65603222185 55102.65603222185
5323.411028602609 6135.359285332078 7071.149185711414 1.1564816164324763e-15 5.423486031866949e-16 7.919698158915169e-16 1.3924341608992094e-12 8.476499521486638e-09 0.002026556612200414 7.798570980332527e-13 5.567504805349946e-13 6.504562438889232e-13 4.630447171810657e-13 2.083716234111218e-12 2.9355874970516937e-05 2.095755432319426e-05 2.4484886035596632e-05 1.743022261079188e-05 7.84365666439021e-05 984.7055814309928 702.9945704537527 821.3144375416726 584.6747033658326 2631.055113843686 22.778542246093636 -24.589388068272413 [0.0,105.66316923129236,215.54347075625492,325.4237722812175,435.30407380618,545.1843753311429,655.0646768561052,764.9449783810678,874.8252799060305,984.7055814309928,1247.8843161403665,1511.0630508497393,1774.2417855591136,2037.4205202684866,2300.59925497786,2563.777989687235,2826.956724396607,3090.1354591059835,3353.314193815357,3616.492928524729] [-11.389271123046818,-2.680798983793345,-1.4871193786446284,-0.8873577041636587,-0.5277564281806271,-0.29906531285664784,-0.15293508688918322,-0.06367185986488977,-0.015976948081551257,0.0,-0.05458157334228275,-0.20000280284353522,-0.4069568461582804,-0.6583716023022816,-0.9434241652561539,-1.2548198407897289,-1.5874077676137972,-1.9374152796995254,-2.30199622139283,-2.678950372482255] False 55088.65603222185 55102.65603222185
100.0 115.25240587974294 132.83117061068992 4.917912850177506e-12 3.0421754145314446e-12 3.867965041674788e-12 1.2676788466296896e-10 1.459149830003159e-08 0.04305083270469659 2.267271339757423e-09 7.588478894812309e-10 8.017106411459767e-10 7.159851378164852e-10 3.6325636930089326e-09 3.0116430615204604e-05 1.0079865347524346e-05 1.0649216295446693e-05 9.510514399601997e-06 4.825176876602678e-05 586.1664506605049 196.18788724953362 207.2693606348739 185.10641386419334 939.140776576427 12.695015716879425 -607.9632255138629 [0.0,175.84918406062903,227.1388423856136,278.42850071059803,329.71815903558263,381.00781736056723,432.29747568555143,483.58713401053586,534.8767923355206,586.1664506605049,637.4076372766073,688.6488238927092,739.8900105088112,791.1311971249135,842.3723837410153,893.6135703571174,944.8547569732197,996.0959435893219,1047.3371302054238,1098.5783168215255] [-6.347507858439712,-2.710071082359036,-2.0038138214544006,-1.424394124872606,-0.9586222235705009,-0.5954474915050696,-0.3255006913747138,-0.1407551696433984,-0.03427123247138297,0.0,-0.03256973245174777,-0.1272345047844965,-0.27983320891644325,-0.48664651974263506,-0.7443337266563503,-1.0498807475681815,-1.4005569941415388,-1.7938793108841082,-2.227581618058025,-2.6995891915823904] False 55130.65603222185 55144.65603222185
132.83117061068992 153.091119887046 176.4411988580621 3.677068589847229e-12 2.214766465160433e-12 2.8537428410577603e-12 1.2429217069272963e-10 1.8991558771593447e-08 0.06215387088494633 1.1357611601175366e-09 3.8427479347245845e-10 4.0682708755059464e-10 3.6172249939432216e-10 1.8300816388135755e-09 2.6618710498385652e-05 9.006206444153935e-06 9.534762101998618e-06 8.477650786309252e-06 4.289142386850808e-05 397.99001640125306 134.6564196127862 142.55912680618457 126.75371241938784 641.291714335144 12.649831311536445 -635.0141452082939 [0.0,117.5525775779142,152.60725743083157,187.66193728374895,222.7166171366663,257.7712969895837,292.82597684250106,327.8806566954182,362.9353365483357,397.99001640125306,433.34793848660587,468.70586057195897,504.06378265731195,539.4217047426644,574.7796268280174,610.1375489133702,645.4954709987229,680.8533930840756,716.211315169429,751.5692372547819] [-6.324915655768223,-2.7081709227531974,-1.9972705951105354,-1.4166688619168326,-0.9516486562429236,-0.5901480047504037,-0.3221207376161601,-0.13908494295480978,-0.03379533392126177,0.0,-0.032809003079137256,-0.12792010179964564,-0.281010001877803,-0.4882385095351083,-0.7461750329543975,-1.051739028125894,-1.4021512593421903,-1.7948935473091296,-2.227675250930247,-2.6984051442552754] False 55130.65603222185 55144.65603222185
176.4411988580621 203.35272664697808 234.36890988269914 2.606562854846072e-12 1.5286821489037778e-12 1.9961478167207085e-12 1.1554456716992187e-10 2.343649282234114e-08 0.0771517855980593 6.64998827420879e-10 2.088188977600028e-10 2.2176067401302252e-10 1.9587712150698312e-10 1.0448088602952083e-09 2.7499251915235354e-05 8.635148270013024e-06 9.17032089098241e-06 8.09997564904364e-06 4.3205282276901944e-05 333.141073947793 104.61093913528536 111.094314837532 98.12756343303874 523.4125707241615 16.27452035700685 -630.6698476921764 [0.0,116.99653210912871,144.01459983896174,171.03266756879472,198.0507352986277,225.06880302846085,252.08687075829386,279.10493848812683,306.1230062179599,333.141073947793,360.85349924288573,388.56592453797873,416.2783498330716,443.9907751281644,471.70320042325704,499.4156257183503,527.1280510134432,554.8404763085359,582.5529016036287,610.2653268987218] [-8.137260178503425,-2.7076636817387225,-1.9883623680922256,-1.4052229413103987,-0.9409755194154741,-0.5818806344741461,-0.31676965810015645,-0.13640087563157977,-0.03301200892144607,0.0,-0.03330781144688899,-0.12937307553193023,-0.2835597223638615,-0.49179025925457154,-0.7504536652853631,-1.0563322429712798,-1.4065428173886403,-1.7984889508537663,-2.2298217251092183,-2.698407265596643] False 55130.65603222185 55144.65603222185
234.36890988269914 270.1158072739371 311.3149665447022 1.7517827328794763e-12 1.00035009461553e-12 1.3237809571760125e-12 1.0184190138975083e-10 2.7421797657386367e-08 0.08378606499786462 3.6946089417376583e-10 1.0966776020455848e-10 1.1739517484428407e-10 1.0194034556483286e-10 5.724554295946561e-10 2.6956808720077082e-05 8.001639364850216e-06 8.565451236766043e-06 7.437827492934388e-06 4.176780752632207e-05 279.0951872898422 82.84434037977843 88.68172200839038 77.00695875116647 432.4396921495686 21.89791994831876 -565.4817617146163 [0.0,110.86253472936082,131.891616299421,152.92069786948113,173.94977943954143,194.97886100960153,216.00794257966172,237.03702414972193,258.06610571978206,279.0951872898422,301.52854321993397,323.96189915002543,346.39525508011724,368.8286110102089,391.26196694030057,413.69532287039215,436.1286788004839,458.56203473057565,480.9953906606672,503.42874659075886] [-10.94895997415938,-2.6924342422322525,-1.9614081456686563,-1.3763912296773242,-0.9157908853507024,-0.5629555735000622,-0.30470829571299873,-0.13039908165887937,-0.031267629986928114,0.0,-0.03450495007723475,-0.13282242824891455,-0.28948595317638137,-0.4997745913419749,-0.759576574980656,-1.065283610963661,-1.413707805434342,-1.8020155326039458,-2.2276741886754508,-2.688408876468202] False 55130.65603222185 55144.65603222185
311.3149665447022 358.7979888064861 413.52331434760555 1.116189284195101e-12 6.206294921256092e-13 8.323100315183346e-13 8.510883813973374e-11 3.042079179524297e-08 0.0821088502898295 1.995395249844891e-10 5.957834068400698e-11 6.369333916993623e-11 5.5463342198077734e-11 3.1023845429103275e-10 2.568791964420566e-05 7.669877073952378e-06 8.199625505752018e-06 7.140128642152734e-06 3.993885665003015e-05 239.74182387358803 71.58190869731763 76.52597801055478 66.63783938408046 372.7438605120292 25.34170758706864 -424.4656339939123 [0.0,97.33077838869653,115.13215907430796,132.93353975991937,150.73492044553078,168.53630113114232,186.33768181675364,204.1390625023652,221.94044318797665,239.74182387358803,259.44335220008674,279.14488052658555,298.84640885308454,318.54793717958324,338.24946550608206,357.9509938325807,377.6525221590795,397.35405048557806,417.0555788120771,436.7571071385761] [-12.67085379353432,-2.7039457120388306,-1.9558373557362074,-1.3639980773842808,-0.9025755775555808,-0.5521081050320049,-0.29750901803708985,-0.12680223858745876,-0.030292430244458046,0.0,-0.03566428161917656,-0.13673110570670133,-0.296837362511269,-0.5105745772347063,-0.7733002285572752,-1.080994455141024,-1.4301494737648,-1.8176830177226293,-2.240869709365427,-2.6972860239908414] False 55130.65603222185 55144.65603222185
