data/PKS1830-211_allsed_14d_min11.ecsv
# %ECSV 1.0
# ---
# datatype:
# - {name: e_min, unit: MeV, datatype: float64}
# - {name: e_ref, unit: MeV, datatype: float64}
# - {name: e_max, unit: MeV, datatype: float64}
# - {name: ref_dnde_e_min, unit: ph / (cm2 MeV s), datatype: float64}
# - {name: ref_dnde_e_max, unit: ph / (cm2 MeV s), datatype: float64}
# - {name: ref_dnde, unit: ph / (cm2 MeV s), datatype: float64}
# - {name: ref_flux, unit: ph / (cm2 s), datatype: float64}
# - {name: ref_eflux, unit: MeV / (cm2 s), datatype: float64}
# - {name: ref_npred, datatype: float64}
# - {name: dnde, unit: ph / (cm2 MeV s), datatype: float64}
# - {name: dnde_err, unit: ph / (cm2 MeV s), datatype: float64}
# - {name: dnde_errp, unit: ph / (cm2 MeV s), datatype: float64}
# - {name: dnde_errn, unit: ph / (cm2 MeV s), datatype: float64}
# - {name: dnde_ul, unit: ph / (cm2 MeV s), datatype: float64}
# - {name: e2dnde, unit: MeV / (cm2 s), datatype: float64}
# - {name: e2dnde_err, unit: MeV / (cm2 s), datatype: float64}
# - {name: e2dnde_errp, unit: MeV / (cm2 s), datatype: float64}
# - {name: e2dnde_errn, unit: MeV / (cm2 s), datatype: float64}
# - {name: e2dnde_ul, unit: MeV / (cm2 s), datatype: float64}
# - {name: norm, datatype: float64}
# - {name: norm_err, datatype: float64}
# - {name: norm_errp, datatype: float64}
# - {name: norm_errn, datatype: float64}
# - {name: norm_ul, datatype: float64}
# - {name: ts, datatype: float64}
# - {name: loglike, datatype: float64}
# - {name: norm_scan, datatype: string, subtype: 'float64[20]'}
# - {name: dloglike_scan, datatype: string, subtype: 'float64[20]'}
# - {name: ShowUL, datatype: bool}
# - {name: tstart, datatype: float64}
# - {name: tend, datatype: float64}
# meta: !!omap
# - {UL_CONF: 0.95}
# - {EXTNAME: SED}
# - {CONFIG: '{"bin_index": 2.0, "use_local_index": true, "free_background": false, "free_radius": null, "free_pars": [], "ul_confidence":
#     0.95, "cov_scale": 3.0, "make_plots": false, "write_fits": true, "write_npy": true, "optimizer": {"optimizer": "MINUIT", "tol":
#     0.001, "max_iter": 100, "init_lambda": 0.0001, "retries": 3, "min_fit_quality": 2, "verbosity": 0}, "prefix": "", "outfile": null,
#     "loge_bins": []}'}
# - {SRCNAME: 4FGL J1833.6-2103}
# - {CREATOR: fermipy 1.2.0}
# - {STVER: 2.2.0}
# schema: astropy-2.0
e_min e_ref e_max ref_dnde_e_min ref_dnde_e_max ref_dnde ref_flux ref_eflux ref_npred dnde dnde_err dnde_errp dnde_errn dnde_ul e2dnde e2dnde_err e2dnde_errp e2dnde_errn e2dnde_ul norm norm_err norm_errp norm_errn norm_ul ts loglike norm_scan dloglike_scan ShowUL tstart tend
[from data line 1498]
5323.411028602609 6135.359285332078 7071.149185711414 6.512972068839233e-16 2.770640555228238e-16 4.247952983378546e-16 7.50031835334659e-13 4.555407443124308e-09 0.0010285697847303155 9.539027969880736e-13 6.779783378090085e-13 7.844517891851756e-13 5.715048864328413e-13 2.4847981439388965e-12 3.590741343898658e-05 2.552089013183735e-05 2.9528831245870655e-05 2.151294901780404e-05 9.35343460031347e-05 2245.5587449308373 1596.0118684500799 1846.6583605199735 1345.3653763801863 5849.401237870221 11.529537145438098 -183.3720935093316 [0.0,173.80341236034553,432.77282893165693,691.7422455029683,950.7116620742801,1209.6810786455912,1468.6504952169023,1727.6199117882147,1986.5893283595244,2245.5587449308373,2814.5083620616015,3383.4579791923684,3952.407596323131,4521.357213453895,5090.30683058466,5659.256447715425,6228.206064846187,6797.155681976957,7366.105299107716,7935.0549162384805] [-5.764768572719049,-2.6138600242341,-1.4583246034764556,-0.8766699165571197,-0.5231584214644158,-0.29597318597564026,-0.1499485593069494,-0.06083631644764864,-0.014026797541390579,0.0,-0.05470194309936005,-0.194395283394158,-0.3945600890190235,-0.6401292574093986,-0.9211389207673903,-1.2306354540718303,-1.5635618134877518,-1.9161184209936266,-2.285374054389422,-2.6690174149967447] False 59890.65603222185 59904.65603222185
9392.473966813408 10825.05221838098 12476.13311942254 8.179261058909766e-17 3.322003990272812e-17 5.212632528308616e-17 1.627560444565742e-13 1.7422225799251862e-09 0.000226901553464387 7.390905628118418e-13 4.4022611943686027e-13 4.996992410183484e-13 3.8075299785537223e-13 1.6961178175877129e-12 8.660792964644627e-05 5.158646950606791e-05 5.855563429987596e-05 4.461730471225986e-05 0.00019875406345178545 14178.834951399502 8445.37030082387 9586.312449699763 7304.428151947978 32538.603256156744 19.868040596945377 -148.77351640388014 [0.0,2080.2575494841135,3592.579724723537,5104.9018999629625,6617.224075202382,8129.546250441807,9641.868425681234,11154.190600920652,12666.51277616008,14178.834951399502,17053.700631575706,19928.56631175191,22803.431991928133,25678.29767210434,28553.16335228054,31428.02903245675,34302.894712632966,37177.760392809185,40052.62607298537,42927.49175316159] [-9.934020298472689,-2.6917540507955096,-1.6477900388075568,-1.030815998410759,-0.6308769910594378,-0.36421885091152717,-0.18836996264789718,-0.07865453417338131,-0.019399823415284345,0.0,-0.047640319541670806,-0.1789662993202512,-0.37279510419483586,-0.6151967074586366,-0.8964975270798448,-1.2096931576969894,-1.5495412441349572,-1.9120113782873602,-2.2939351951178253,-2.6927748911782885] False 59890.65603222185 59904.65603222185
16572.19366947696 19099.851911122612 22013.03884703687 8.533971471627112e-18 3.309188905497928e-18 5.314181377573074e-18 2.93482797639864e-14 5.537059013726304e-10 4.106965506167626e-05 1.2856803745134624e-13 1.322730676048634e-13 1.660137952821837e-13 9.853233992754312e-14 4.788090397262805e-13 4.69021784366852e-05 4.825378952773356e-05 6.056255352130504e-05 3.5945025534162094e-05 0.0001746716171726455 24193.38526794163 24890.58204958578 31239.768364473908 18541.395734697657 90100.24417814416 11.127718847964644 -84.55698964580486 [0.0,2688.1539186601804,5376.307837320361,8064.461755980543,10752.615674640721,13440.769593300914,16128.923511961086,18817.077430621273,21505.231349281443,24193.38526794163,34921.972570302045,45650.55987266248,56379.147175022896,67107.7344773833,77836.32177974368,88564.90908210418,99293.49638446461,110022.08368682502,120750.67098918541,131479.25829154585] [-5.563859423982322,-1.3187769754490688,-0.7404430936966406,-0.44550131702480655,-0.2672664312504054,-0.15314001150601086,-0.07962135670221926,-0.03415195743325228,-0.009226563078129857,0.0,-0.06596201326514972,-0.23088491618827334,-0.4525663775766162,-0.7111164289661076,-0.9955615744665351,-1.299201728918021,-1.6176440812273256,-1.9478519264752094,-2.287638164432508,-2.635375203953714] False 59890.65603222185 59904.65603222185
100.0 115.25240587974294 132.83117061068992 8.582615638701337e-12 4.956833818626765e-12 6.522468815578168e-12 2.1404823867750376e-10 2.4597853181645096e-08 0.03355050394857659 2.5879428465454e-08 3.7047933450444534e-09 3.793750782430493e-09 3.615835907658414e-09 3.2154196684708864e-08 0.00034375947778018685 4.921120368929488e-05 5.039283574354636e-05 4.802957163504341e-05 0.00042710795856762466 3967.7351011083338 568.004761662636 581.6433761046974 554.3661472205747 4929.758592009249 71.36582115960846 -1918.5148900981742 [0.0,2703.4764456801586,2861.5087776086807,3019.541109537204,3177.5734414657245,3335.6057733942457,3493.638105322768,3651.670437251289,3809.702769179811,3967.7351011083338,4105.119213167134,4242.503325225938,4379.88743728474,4517.271549343545,4654.655661402343,4792.039773461148,4929.423885519949,5066.807997578753,5204.192109637558,5341.5762216963585] [-35.68291057980423,-2.707454253520382,-2.042656838344783,-1.478457792396739,-1.010884975900126,-0.6362206081628301,-0.35097871386665247,-0.15188510977282021,-0.03585958720418603,0.0,-0.03183244457318324,-0.12047296887817538,-0.2642961273907076,-0.46175166853549854,-0.7113597065670092,-1.0117062891520163,-1.3614393213701987,-1.7592648114020903,-2.2039434071371033,-2.6942871963772177] False 59904.65603222185 59918.65603222185
132.83117061068992 153.091119887046 176.4411988580621 5.757213653249947e-12 3.255774003602082e-12 4.329455686969688e-12 1.8881769606639367e-10 2.880793657996706e-08 0.04686207007935915 1.7208841247075124e-08 1.8916921359021296e-09 1.934427658388614e-09 1.8489566134156455e-09 2.0406250880667753e-08 0.0004033217363421422 4.433538237250565e-05 4.5336970154348134e-05 4.3333794590663164e-05 0.0004782590773694967 3974.8278978506128 436.93532690391845 446.80620342428676 427.06445038355014 4713.352521908056 140.92378027821997 -2296.6603696674683 [0.0,2999.936764317503,3121.798156009141,3243.659547700778,3365.520939392417,3487.3823310840553,3609.243722775696,3731.1051144673343,3852.9665061589762,3974.8278978506128,4080.328594476838,4185.829291103057,4291.329987729276,4396.8306843554965,4502.331380981718,4607.832077607937,4713.332774234159,4818.833470860377,4924.334167486596,5029.834864112817] [-70.46189013910998,-2.7111804515898257,-2.0466512717162004,-1.482153550631665,-1.013921406139616,-0.6384187796411425,-0.35232012420874526,-0.15249314305674488,-0.03598331724469972,0.0,-0.031843235256474145,-0.12043423027716926,-0.26421919069980504,-0.4617133392252981,-0.7114966748886218,-1.012210063420298,-1.3625516275205882,-1.76127340926314,-2.2071782798770982,-2.699117074752394] False 59904.65603222185 59918.65603222185
176.4411988580621 203.35272664697808 234.36890988269914 3.702707857648597e-12 2.0503054268022304e-12 2.755300712154694e-12 1.5969970910459415e-10 3.234875422903816e-08 0.05594947699130309 8.828127675547263e-09 9.466749633535258e-10 9.722920043573835e-10 9.21057922349668e-10 1.0448096497149069e-08 0.0003650636615876131 3.914721684558484e-05 4.020654121555422e-05 3.808789247561547e-05 0.00043205314921246953 3204.052333236437 343.5831737629862 352.88054043184053 334.2858070941318 3791.998619627428 161.77475527892057 -2316.1547298657692 [0.0,2441.7249587894908,2537.0158805953574,2632.306802401226,2727.597724207096,2822.888646012962,2918.17956781883,3013.4704896247003,3108.7614114305684,3204.052333236437,3288.0195842677954,3371.9868352991516,3455.9540863305083,3539.9213373618654,3623.8885883932207,3707.8558394245783,3791.8230904559355,3875.790341487293,3959.75759251865,4043.7248435500046] [-80.88737763946028,-2.711446189367962,-2.048020300889675,-1.4848191748628778,-1.0177783149019888,-0.6430979161036703,-0.35721928879274856,-0.15680392574449797,-0.03871485805711927,0.0,-0.02945371284704379,-0.11657327262082617,-0.259644318962728,-0.4570345118422665,-0.7071881406304783,-1.0086211815191746,-1.3599167584011411,-1.7597209675677732,-2.206739031104462,-2.6997317478221703] False 59904.65603222185 59918.65603222185
234.36890988269914 270.1158072739371 311.3149665447022 2.2831842859837137e-12 1.2379334247453214e-12 1.6811990192932329e-12 1.295078046075673e-10 3.482839239145335e-08 0.057890384710356346 5.376207361670201e-09 5.289780799670668e-10 5.453800269126624e-10 5.125761330214711e-10 6.282771348016654e-09 0.00039226179488390504 3.8595589258979236e-05 3.9792317122257024e-05 3.739886139570144e-05 0.000458407014466896 3197.8411240867417 314.64334317149815 324.39944388138963 304.8872424616066 3737.0776903366846 219.8026918472433 -2264.643569834183 [0.0,2493.8524739899776,2581.8510552520725,2669.8496365141696,2757.848217776265,2845.8467990383597,2933.8453803004572,3021.8439615625507,3109.8425428246464,3197.8411240867417,3275.155361482375,3352.469598878008,3429.783836273642,3507.0980736692736,3584.412311064905,3661.72654846054,3739.0407858561725,3816.355023251805,3893.669260647436,3970.9834980430683] [-109.90134592362165,-2.70828318821259,-2.0421434861837042,-1.4775235298943699,-1.0101283067933764,-0.6359512915241794,-0.3512481474067499,-0.15251343045702015,-0.03645988696553104,0.0,-0.03134755111477716,-0.12002824256569511,-0.2642735971039656,-0.4624020957553512,-0.7128133442356557,-1.0139827321663688,-1.3644565351596611,-1.762847415703618,-2.207830283878593,-2.6981384833597986] False 59904.65603222185 59918.65603222185
311.3149665447022 358.7979888064861 413.52331434760555 1.3498232483492767e-12 7.166224927547888e-13 9.835210729874692e-13 1.0069737106095175e-10 3.5953382603353804e-08 0.05368421590548178 2.0150068637916145e-09 2.577200955548281e-10 2.6830303731643826e-10 2.4713715379321796e-10 2.465534808647399e-09 0.00025940391711178746 3.3177853389317475e-05 3.4540258945773926e-05 3.181544783286102e-05 0.000317403081166248 2048.7683681967096 262.03820399292215 272.7984632819928 251.2779447038515 2506.844923168018 133.28632187664016 -1903.8867532907752 [0.0,1473.0300197372176,1544.9973132946543,1616.9646068520915,1688.9319004095275,1760.8991939669645,1832.8664875243996,1904.833781081837,1976.8010746392747,2048.7683681967096,2114.607270729643,2180.446173262577,2246.2850757955116,2312.1239783284445,2377.962880861378,2443.801783394312,2509.640685927246,2575.47958846018,2641.318490993113,2707.157393526047] [-66.64316093832008,-2.702419715759106,-2.029425654962324,-1.4632258414308126,-0.9976740051533852,-0.6271813245537032,-0.34664837298328166,-0.15140738723584946,-0.03717300508583321,0.0,-0.030385878372726438,-0.11962887436811798,-0.2653139509598077,-0.4651832544973331,-0.7171222432832565,-1.0191473489157943,-1.3693949683377014,-1.7661116152894465,-2.207645085348531,-2.6924365099334864] False 59904.65603222185 59918.65603222185
413.52331434760555 476.5900816815941 549.2752115212968 7.651139242921947e-13 3.977592249281837e-13 5.516621443494424e-13 7.506553839654621e-11 3.558294151423781e-08 0.04603675235291976 1.4710791592057427e-09 1.6092514710966652e-10 1.6755722874322105e-10 1.5429306547611197e-10 1.7525686031937686e-09 0.00033413813393520347 3.655223311538446e-05 3.8058631576184025e-05 3.5045834654584895e-05 0.00039807511308960833 2666.6306076530564 291.7096066097492 303.73160540282487 279.6876078166735 3176.8875590702655 240.68635993230373 -1730.7593776681138 [0.0,2025.032715035026,2105.232451612279,2185.4321881895326,2265.6319247667875,2345.8316613440415,2426.0313979212947,2506.23113449855,2586.430871075803,2666.6306076530564,2740.00470125334,2813.3787948536246,2886.7528884539074,2960.126982054193,3033.5010756544752,3106.8751692547576,3180.249262855044,3253.6233564553254,3326.99745005561,3400.371543655893] [-120.34317996615187,-2.7079449386894794,-2.034785713576639,-1.4680165661977753,-1.001662219011223,-0.6302632870629168,-0.3488171054978011,-0.15272692472672134,-0.037758079042305326,0.0,-0.03000348214936821,-0.11902307403352097,-0.2646472639153217,-0.4646172921704874,-0.7168141950114659,-1.0192472132202965,-1.3700433952465119,-1.7674382485640763,-2.2097673137654965,-2.6954585531752855] False 59904.65603222185 59918.65603222185
549.2752115212968 633.0528961793416 729.6086933380817 4.1582850067185665e-13 2.116620233318564e-13 2.9667339248954757e-13 5.366191409887834e-11 3.377119010275922e-08 0.03684934289432923 7.075918535695319e-10 9.01008558586459e-11 9.385441303372092e-11 8.634729868357089e-11 8.628927138013248e-10 0.0002835716591892415 3.610845582989208e-05 3.7612716274141404e-05 3.460419538564276e-05 0.000345809405974039 2385.087006393611 303.7038647199221 316.35601779498177 291.0517116448624 2908.561184271779 190.16255801754141 -1387.934634449527 [0.0,1713.199573168593,1797.1855023217204,1881.1714314748479,1965.1573606279746,2049.1432897811023,2133.1292189342307,2217.1151480873564,2301.1010772404843,2385.087006393611,2461.1652294880255,2537.2434525824374,2613.3216756768506,2689.3998987712644,2765.4781218656763,2841.5563449600895,2917.634568054501,2993.7127911489165,3069.791014243329,3145.8692373377435] [-95.08127900877071,-2.705201844832118,-2.012119922543434,-1.4345687342492965,-0.9645355588231723,-0.5948565818268889,-0.31909800060270754,-0.131457557270096,-0.026682385635012906,0.0,-0.03959461778526929,-0.13672590168607712,-0.288650025097013,-0.4928250662201208,-0.7468911622709129,-1.048653081501925,-1.3960648643017066,-1.7872162423768714,-2.2203205920184246,-2.6937042159415796] False 59904.65603222185 59918.65603222185
729.6086933380817 840.8915725798939 969.1477682383326 2.1666807581453882e-13 1.0798932496922219e-13 1.5296352261108651e-13 3.6777388371958725e-11 3.0728795589148295e-08 0.02785180222652095 3.1089689663304866e-10 4.7602860766060714e-11 4.989617647697742e-11 4.5309545055143994e-11 3.960980470863744e-10 0.00021983477180573645 3.3659917957170066e-05 3.5281518370193595e-05 3.203831754414653e-05 0.0002800803891481324 2032.490435144539 311.20400441543273 326.1965704322832 296.21143839858223 2589.4934970441504 160.05343383595437 -1112.465325510712 [0.0,1378.6871627034684,1460.412571758602,1542.1379808137362,1623.8633898688695,1705.5887989240032,1787.3142079791387,1869.0396170342715,1950.7650260894054,2032.490435144539,2113.3725868312945,2194.2547385180487,2275.1368902048057,2356.01904189156,2436.9011935783165,2517.783345265071,2598.665496951826,2679.5476486385814,2760.429800325336,2841.3119520120913] [-80.02671691797718,-2.6994817595300447,-2.009223808415072,-1.437569219474426,-0.9741316663203179,-0.6098817742433766,-0.33691669144286607,-0.14827704492745397,-0.03779997725678186,0.0,-0.029331564851872827,-0.12076926174927394,-0.2704556329786101,-0.47489578594536397,-0.7309125348810994,-1.0356083407389178,-1.386332841466583,-1.780655009123393,-2.216339159514291,-2.691324187778264] False 59904.65603222185 59918.65603222185
