data/PKS1830-211_allsed_1d_1_min11.ecsv
# %ECSV 1.0
# ---
# datatype:
# - {name: e_min, unit: MeV, datatype: float64}
# - {name: e_ref, unit: MeV, datatype: float64}
# - {name: e_max, unit: MeV, datatype: float64}
# - {name: ref_dnde_e_min, unit: ph / (cm2 MeV s), datatype: float64}
# - {name: ref_dnde_e_max, unit: ph / (cm2 MeV s), datatype: float64}
# - {name: ref_dnde, unit: ph / (cm2 MeV s), datatype: float64}
# - {name: ref_flux, unit: ph / (cm2 s), datatype: float64}
# - {name: ref_eflux, unit: MeV / (cm2 s), datatype: float64}
# - {name: ref_npred, datatype: float64}
# - {name: dnde, unit: ph / (cm2 MeV s), datatype: float64}
# - {name: dnde_err, unit: ph / (cm2 MeV s), datatype: float64}
# - {name: dnde_errp, unit: ph / (cm2 MeV s), datatype: float64}
# - {name: dnde_errn, unit: ph / (cm2 MeV s), datatype: float64}
# - {name: dnde_ul, unit: ph / (cm2 MeV s), datatype: float64}
# - {name: e2dnde, unit: MeV / (cm2 s), datatype: float64}
# - {name: e2dnde_err, unit: MeV / (cm2 s), datatype: float64}
# - {name: e2dnde_errp, unit: MeV / (cm2 s), datatype: float64}
# - {name: e2dnde_errn, unit: MeV / (cm2 s), datatype: float64}
# - {name: e2dnde_ul, unit: MeV / (cm2 s), datatype: float64}
# - {name: norm, datatype: float64}
# - {name: norm_err, datatype: float64}
# - {name: norm_errp, datatype: float64}
# - {name: norm_errn, datatype: float64}
# - {name: norm_ul, datatype: float64}
# - {name: ts, datatype: float64}
# - {name: loglike, datatype: float64}
# - {name: norm_scan, datatype: string, subtype: 'float64[20]'}
# - {name: dloglike_scan, datatype: string, subtype: 'float64[20]'}
# - {name: ShowUL, datatype: bool}
# - {name: tstart, datatype: float64}
# - {name: tend, datatype: float64}
# meta: !!omap
# - {UL_CONF: 0.95}
# - {EXTNAME: SED}
# - {CONFIG: '{"bin_index": 2.0, "use_local_index": true, "free_background": false, "free_radius": null, "free_pars": [], "ul_confidence":
#     0.95, "cov_scale": 3.0, "make_plots": false, "write_fits": true, "write_npy": true, "optimizer": {"optimizer": "MINUIT", "tol":
#     0.001, "max_iter": 100, "init_lambda": 0.0001, "retries": 3, "min_fit_quality": 2, "verbosity": 0}, "prefix": "", "outfile": null,
#     "loge_bins": []}'}
# - {SRCNAME: 4FGL J1833.6-2103}
# - {CREATOR: fermipy 1.2.0}
# - {STVER: 2.2.0}
# schema: astropy-2.0
e_min e_ref e_max ref_dnde_e_min ref_dnde_e_max ref_dnde ref_flux ref_eflux ref_npred dnde dnde_err dnde_errp dnde_errn dnde_ul e2dnde e2dnde_err e2dnde_errp e2dnde_errn e2dnde_ul norm norm_err norm_errp norm_errn norm_ul ts loglike norm_scan dloglike_scan ShowUL tstart tend
[from data line 544]
729.6086933380817 840.8915725798939 969.1477682383326 2.2039040563320315e-13 1.0817234023972131e-13 1.5440254513357323e-13 3.714326393132607e-11 3.102328049095377e-08 0.004417395175941627 1.4718948376229584e-09 2.4212602625275495e-10 2.575816320846525e-10 2.266704204208574e-10 1.9035554328680413e-09 0.0010407748332489735 0.00017120698310581326 0.0001821356209210208 0.00016027834529060573 0.0013460014517225392 9532.840513410103 1568.1478957700624 1668.2473197693685 1468.0484717707564 12328.523673112257 228.3283202026829 -425.28881486525694 [0.0,6306.724085379829,6709.988638883614,7113.253192387393,7516.517745891179,7919.7822993949685,8323.046852898748,8726.311406402534,9129.575959906322,9532.840513410103,9940.768119647575,10348.695725885047,10756.623332122514,11164.550938359984,11572.478544597461,11980.406150834935,12388.333757072407,12796.261363309877,13204.18896954735,13612.116575784821] [-114.16416010134145,-2.6927064447388034,-1.9881679874540055,-1.4107692540097219,-0.9473859296999763,-0.5868574614193562,-0.31961113788423745,-0.13737238661644824,-0.0329385340850763,0.0,-0.033744753995733845,-0.1298664469512687,-0.28383671393436316,-0.49161143421571296,-0.7495635505975429,-1.0544271978507709,-1.4032509237650288,-1.7933582781191717,-2.222314415611322,-2.687897641020811] False 58575.00000212926 58576.00000212926
969.1477682383326 1116.9661194245136 1287.3303254983532 1.0841290114174762e-13 5.2151214088017685e-14 7.519218321970947e-14 2.4044527259702928e-11 2.666355446371621e-08 0.003034663588022013 9.529512028794462e-10 1.5604900747433527e-10 1.6601666573364804e-10 1.460813492150225e-10 1.2377504774317174e-09 0.0011889146063437832 0.00019468881904035742 0.0002071246021735672 0.00018225303590714762 0.0015442339725066946 12673.540813344252 2075.3355042021376 2207.8979306738834 1942.7730777303918 16461.158918807356 268.93629664959155 -243.91992652104443 [0.0,8373.465071153227,8910.974538927103,9448.484006700979,9985.99347447486,10523.502942248737,11061.012410022617,11598.521877796496,12136.031345570367,12673.540813344252,13224.816223046799,13776.091632749349,14327.367042451902,14878.642452154454,15429.917861857008,15981.19327155955,16532.468681262115,17083.74409096466,17635.019500667215,18186.29491036977] [-134.46814832479578,-2.6905742720045396,-1.9852019062942645,-1.4081218253580516,-0.9456577848999359,-0.5862257662020909,-0.3199263549405771,-0.13823200185774454,-0.033743800539326685,0.0,-0.03293456525312877,-0.12891255683797453,-0.2831516861830323,-0.4913980525615216,-0.7498507794243778,-1.055099654249716,-1.4040731652837621,-1.7939949191030564,-2.2223468652372276,-2.686838088779041] False 58575.00000212926 58576.00000212926
1287.3303254983532 1483.6791717563765 1709.9759409858673 5.1225838960975245e-14 2.415085177937071e-14 3.5173109672311173e-14 1.4951568934166894e-11 2.2013182827966598e-08 0.0019727371352080136 2.7136328345180553e-10 7.252326702026157e-11 7.816266520804568e-11 6.688386883247748e-11 4.088532778964396e-10 0.0005973530500284073 0.0001596457494231046 0.0001720597785612647 0.00014723172028494456 0.0009000103089072688 7715.077966661192 2061.8952289382883 2222.227887617698 1901.562570258879 11624.029882643426 95.86997467592101 -178.03350177099577 [0.0,3769.2740150761797,4262.4995090243065,4755.725002972434,5248.950496920558,5742.175990868687,6235.401484816811,6728.626978764938,7221.852472713066,7715.077966661192,8298.879346132848,8882.680725604503,9466.482105076157,10050.283484547816,10634.084864019474,11217.886243491128,11801.68762296278,12385.489002434446,12969.290381906101,13553.091761377755] [-47.93498733796051,-2.6984619767625873,-1.9321548376760234,-1.3353135671998473,-0.8764822459043558,-0.53235815067913,-0.28517578711228,-0.12106699732873949,-0.028989174538850193,0.0,-0.03722217551370477,-0.14259952387180874,-0.307968351231068,-0.5265713277212569,-0.7927492615462484,-1.1017133621843698,-1.449373937167934,-1.8322094762361587,-2.2471651714657526,-2.6915732450571] False 58575.00000212926 58576.00000212926
1709.9759409858673 1970.7884119509856 2271.3810595726877 2.324968240656116e-14 1.0742869820769778e-14 1.5804059967866714e-14 8.930825937252063e-12 1.745750216212676e-08 0.0012126959501052859 2.39704104151403e-10 5.6556496007575943e-11 6.066922715509407e-11 5.244376486005781e-11 3.457447234666426e-10 0.0009310124099864981 0.00021966582439133782 0.0002356397008121558 0.00020369194797051986 0.0013428749139458998 15167.2484563319 3578.605505330168 3838.8380756874217 3318.372934972914 21876.955932185847 155.04285529372225 -164.1384455481732 [0.0,8199.98089454031,9070.88933976426,9941.797784988208,10812.706230212161,11683.614675436103,12554.523120660057,13425.431565884006,14296.340011107954,15167.2484563319,16165.717137265778,17164.185818199654,18162.654499133536,19161.123180067414,20159.59186100129,21158.060541935167,22156.529222869045,23154.99790380293,24153.466584736805,25151.935265670683] [-77.52142764686113,-2.7038781841462196,-1.9517532188201017,-1.3578972134548906,-0.8963607684759154,-0.5471210552811101,-0.29440101015072173,-0.12554572654718754,-0.030247948657802226,0.0,-0.03624639517869355,-0.13975471296419073,-0.3030805376482135,-0.5199572712074598,-0.785059553433257,-1.0938233127256751,-1.4423069112788482,-1.8270826064652965,-2.245150711979761,-2.6938709862226915] False 58575.00000212926 58576.00000212926
2271.3810595726877 2617.821317854317 3017.1020504598932 1.0135957971015424e-14 4.590161913451866e-15 6.820974141198895e-15 5.124255803031719e-12 1.3298903356005552e-08 0.0007101501018053902 3.671489286616949e-11 1.9526961102889655e-11 2.194480248300008e-11 1.710911972277923e-11 7.818047158872412e-11 0.00025160673683607905 0.00013381803894490572 0.00015038747800208402 0.00011724859988772742 0.0005357698689860548 5382.646540823309 2862.7818693734966 3217.253434586827 2508.3103041601667 11461.775102842224 25.387123601595675 -53.4648463007609 [0.0,1059.6544319517463,1600.028445560692,2140.402459169638,2680.7764727785843,3221.150486387527,3761.524499996477,4301.898513605421,4842.272527214367,5382.646540823309,6331.142362011547,7279.63818319978,8228.134004388012,9176.629825576247,10125.125646764485,11073.62146795272,12022.117289140953,12970.613110329186,13919.108931517425,14867.60475270566] [-12.693561800797838,-2.6951162781802793,-1.7049580388976082,-1.0818914222137863,-0.6661929145781613,-0.3847932883417897,-0.19786187217225404,-0.08118378493900735,-0.018891358832895833,0.0,-0.048953177253849844,-0.1786406860936509,-0.37005029600600636,-0.61022908312016,-0.8899452508440078,-1.202381798179431,-1.5423587294259775,-1.9058458696367353,-2.289644797611068,-2.691173893940814] False 58575.00000212926 58576.00000212926
3017.1020504598932 3477.2827010020824 4007.6519721450045 4.244557377596589e-15 1.8838899463575416e-15 2.827769256921774e-15 2.824257448301877e-12 9.731594641959716e-09 0.00039592084365105973 4.413743803907168e-11 1.795107277354117e-11 1.98332230185425e-11 1.6068922528539845e-11 8.055738036392155e-11 0.0005336876105981526 0.00021705530637514627 0.00023981331661924549 0.0001942972961310471 0.0009740591604888734 15608.571290260927 6348.1391664474695 7013.7345789424 5682.543753952541 28487.96101970991 55.920104782369975 -68.78988083713926 [0.0,5034.368549347373,6356.143891961569,7677.919234575765,8999.694577189961,10321.46991980415,11643.245262418346,12965.020605032545,14286.79594764674,15608.571290260927,17586.380739179447,19564.19018809798,21541.999637016477,23519.809085935012,25497.618534853522,27475.42798377204,29453.237432690563,31431.046881609076,33408.85633052759,35386.66577944611] [-27.960052391184988,-2.6992225780889356,-1.820216738534313,-1.2012384500497006,-0.759957899640014,-0.4478801796022083,-0.23401832388999821,-0.09736270900984323,-0.023009101154059408,0.0,-0.043934674701318954,-0.16416782262518836,-0.3460990386900278,-0.5789688968702364,-0.8546186806316314,-1.1667136255583443,-1.5102361771915582,-1.8811439080398031,-2.2761317836450985,-2.6924627636438316] False 58575.00000212926 58576.00000212926
4007.6519721450045 4618.915317184078 5323.411028602609 1.7073393418946078e-15 7.426819743029114e-16 1.126059569136253e-15 1.4952439493002854e-12 6.840480979243552e-09 0.00021074352859812295 2.1186272504209416e-11 1.0658362949573689e-11 1.1981010289783208e-11 9.335715609364171e-12 4.387075887215189e-11 0.00045199596100123563 0.00022738955156624872 0.00025560741081850506 0.0001991716923139924 0.000935955383955906 18814.52197103605 9465.185716373082 10639.765975234573 8290.605457511592 38959.53648864515 35.54740406111874 -42.37611339932367 [0.0,4415.214784344359,6215.128182680819,8015.041581017283,9814.954979353746,11614.868377690209,13414.781776026672,15214.695174363129,17014.60857269959,18814.52197103605,21953.77610183495,25093.030232633842,28232.28436343276,31371.538494231645,34510.79262503054,37650.04675582945,40789.30088662835,43928.55501742724,47067.80914822615,50207.063279025024] [-17.77370203055937,-2.6927999622567924,-1.732512489963561,-1.1097765034435412,-0.688194859646245,-0.40030802368762863,-0.20776850981166461,-0.08667730264506446,-0.02112857254557099,0.0,-0.04644974633957588,-0.17468306831499802,-0.3654470883816643,-0.6055771947825832,-0.8856730517325957,-1.1987875219286366,-1.5396409485074045,-1.9041268147427246,-2.28898802074648,-2.6915976529499517] False 58575.00000212926 58576.00000212926
5323.411028602609 6135.359285332078 7071.149185711414 6.596705837584949e-16 2.8123545415512395e-16 4.307235264251252e-16 7.604209942945713e-13 4.6187420639509804e-09 0.00010768869643346113 2.0109734264008128e-11 8.979786733237076e-12 9.986127729611046e-12 7.973445736863102e-12 3.867000043469165e-11 0.0007569833578912573 0.0003380228214471854 0.0003759041468102073 0.00030014149608416336 0.0014556406561324134 46688.26527984858 20848.145462976183 23184.54209476989 18511.748831182467 89779.16937958078 56.96144613853264 -55.80925375767883 [0.0,13227.956620483003,17410.49520290371,21593.033785324405,25775.572367745117,29958.1109501658,34140.649532586496,38323.18811500721,42505.72669742791,46688.26527984858,53359.02253503965,60029.779790230765,66700.5370454218,73371.29430061292,80042.051555804,86712.80881099503,93383.5660661861,100054.32332137716,106725.08057656822,113395.83783175929] [-28.48072306926632,-2.6941869497337905,-1.7803126294273923,-1.1584861589991036,-0.7252017814356648,-0.4237867296506863,-0.2198153964321179,-0.0908008929934212,-0.02124218393132793,0.0,-0.04632610241944235,-0.1710018920048313,-0.3575257041975419,-0.5941177447296653,-0.872074368046448,-1.184782224526245,-1.5270982161947373,-1.8949435704166717,-2.2850290061669085,-2.6946632574155984] False 58575.00000212926 58576.00000212926
7071.149185711414 8149.575733880153 9392.473966813408 2.448255066381721e-16 1.0230353036425274e-16 1.5826090373905322e-16 3.714557936258706e-13 2.9954887617963292e-09 5.329460639463823e-05 1.1753994377571925e-11 5.980970092748113e-12 6.712521713542791e-12 5.249418471953436e-12 2.4428431062481387e-11 0.0007806484084681381 0.0003972296254376676 0.0004458160540287304 0.0003486431968466048 0.0016224285309075586 74269.72865612074 37791.83583211285 42414.276393939086 33169.39527028661 154355.43766867364 40.8017952025273 -43.96034565449811 [0.0,16570.58790830102,23782.98050177848,30995.37309525594,38207.76568873339,45420.15828221086,52632.55087568832,59844.94346916582,67057.33606264327,74269.72865612074,86765.97928511635,99262.22991411191,111758.48054310743,124254.73117210303,136750.98180109865,149247.23243009415,161743.4830590897,174239.73368808528,186735.98431708096,199232.2349460765] [-20.40089760126365,-2.6929945617346718,-1.7246236757251268,-1.10069763236951,-0.6798967266070903,-0.39344961585494787,-0.2025768574736304,-0.08321949426414221,-0.01940929114920209,0.0,-0.04876366789341091,-0.17829774717498026,-0.3696732928439701,-0.6099278944197195,-0.8897938325962116,-1.2024144988539405,-1.5425741066431016,-1.9062124633631612,-2.2901068641883526,-2.691656452398192] False 58575.00000212926 58576.00000212926
9392.473966813408 10825.05221838098 12476.13311942254 8.728471381860426e-17 3.574387919808724e-17 5.585601370104911e-17 1.7432846407321515e-13 1.866459252754363e-09 2.5045720021210638e-05 2.1780197731487006e-12 2.239182342102311e-12 2.809149596729873e-12 1.6692150874747484e-12 8.105714020796252e-12 0.00025522418059808734 0.0002623913178008373 0.00032918108129309433 0.00019560155430858032 0.0009498417987865113 38993.46961646481 40088.47380492986 50292.69743030571 29884.250179554016 145118.01834229368 10.057014164867937 -30.00807111173851 [0.0,4332.607735162756,8665.215470325513,12997.823205488274,17330.430940651026,21663.038675813794,25995.646410976547,30328.254146139305,34660.86188130205,38993.46961646481,56340.79789259331,73688.12616872173,91035.45444485018,108382.78272097874,125730.11099710716,143077.43927323568,160424.76754936404,177772.09582549255,195119.42410162103,212466.75237774942] [-5.028507082433968,-1.309984732631797,-0.7362466374467509,-0.44291921278989577,-0.2655419579112852,-0.1519676477909826,-0.07884686619517467,-0.03368616026228821,-0.009012881738790668,0.0,-0.06700542425968337,-0.23325528817952446,-0.45636729672763465,-0.7163867827924655,-1.0023113844992153,-1.3074262792049076,-1.627330412235061,-1.958982160935836,-2.3001913539347427,-2.6493284205085956] False 58575.00000212926 58576.00000212926
100.0 115.25240587974294 132.83117061068992 1.3009873973625781e-11 7.1381096939777834e-12 9.636695882332662e-12 3.1664071787107937e-10 3.634343474996685e-08 0.012645746582399732 1.1173427045373785e-07 1.0663627895849781e-08 1.1055866447183734e-08 1.0271389344515826e-08 1.3024667564030122e-07 0.0014841793941701435 0.00014164621763625357 0.0001468563682294866 0.00013643606704302056 0.0017300818393452056 11594.666036788054 1106.564742320014 1147.2673395715324 1065.8621450684952 13515.698454185695 283.59044374041423 -1034.2582709205108 [0.0,9133.611310992477,9441.243151716928,9748.874992441375,10056.506833165819,10364.138673890271,10671.770514614713,10979.402355339158,11287.034196063609,11594.666036788054,11870.674449736101,12146.682862684156,12422.69127563221,12698.699688580264,12974.70810152831,13250.716514476362,13526.724927424415,13802.73334037247,14078.741753320523,14354.75016626857] [-141.79522187020711,-2.713067708315748,-2.044775947330436,-1.479394494883536,-1.0120907776763488,-0.6383769913913966,-0.35407731381747,-0.15529898677687015,-0.03840672534033729,0.0,-0.029716638265199435,-0.11787907435996203,-0.2624392937318589,-0.46145852457834735,-0.713099440743008,-1.01561905835797,-1.3673622526409872,-1.7667558302875932,-2.21230310066926,-2.7025788957621444] False 58576.00000212926 58577.00000212926
