data/PKS1830-211_allsed_1d_min11.ecsv
# %ECSV 1.0
# ---
# datatype:
# - {name: e_min, unit: MeV, datatype: float64}
# - {name: e_ref, unit: MeV, datatype: float64}
# - {name: e_max, unit: MeV, datatype: float64}
# - {name: ref_dnde_e_min, unit: ph / (MeV s cm2), datatype: float64}
# - {name: ref_dnde_e_max, unit: ph / (MeV s cm2), datatype: float64}
# - {name: ref_dnde, unit: ph / (MeV s cm2), datatype: float64}
# - {name: ref_flux, unit: ph / (s cm2), datatype: float64}
# - {name: ref_eflux, unit: MeV / (s cm2), datatype: float64}
# - {name: ref_npred, datatype: float64}
# - {name: dnde, unit: ph / (MeV s cm2), datatype: float64}
# - {name: dnde_err, unit: ph / (MeV s cm2), datatype: float64}
# - {name: dnde_errp, unit: ph / (MeV s cm2), datatype: float64}
# - {name: dnde_errn, unit: ph / (MeV s cm2), datatype: float64}
# - {name: dnde_ul, unit: ph / (MeV s cm2), datatype: float64}
# - {name: e2dnde, unit: MeV / (s cm2), datatype: float64}
# - {name: e2dnde_err, unit: MeV / (s cm2), datatype: float64}
# - {name: e2dnde_errp, unit: MeV / (s cm2), datatype: float64}
# - {name: e2dnde_errn, unit: MeV / (s cm2), datatype: float64}
# - {name: e2dnde_ul, unit: MeV / (s cm2), datatype: float64}
# - {name: norm, datatype: float64}
# - {name: norm_err, datatype: float64}
# - {name: norm_errp, datatype: float64}
# - {name: norm_errn, datatype: float64}
# - {name: norm_ul, datatype: float64}
# - {name: ts, datatype: float64}
# - {name: loglike, datatype: float64}
# - {name: norm_scan, datatype: string, subtype: 'float64[20]'}
# - {name: dloglike_scan, datatype: string, subtype: 'float64[20]'}
# - {name: ShowUL, datatype: bool}
# - {name: tstart, datatype: float64}
# - {name: tend, datatype: float64}
# meta: !!omap
# - {UL_CONF: 0.95}
# - {EXTNAME: SED}
# - {CONFIG: '{"bin_index": 2.0, "use_local_index": true, "free_background": false, "free_radius": null, "free_pars": [], "ul_confidence":
#     0.95, "cov_scale": 3.0, "make_plots": false, "write_fits": true, "write_npy": true, "optimizer": {"optimizer": "MINUIT", "tol":
#     0.001, "max_iter": 100, "init_lambda": 0.0001, "retries": 3, "min_fit_quality": 2, "verbosity": 0}, "prefix": "", "outfile": null,
#     "loge_bins": []}'}
# - {SRCNAME: 4FGL J1833.6-2103}
# - {CREATOR: fermipy 1.2.0}
# - {STVER: 2.2.0}
# schema: astropy-2.0
e_min e_ref e_max ref_dnde_e_min ref_dnde_e_max ref_dnde ref_flux ref_eflux ref_npred dnde dnde_err dnde_errp dnde_errn dnde_ul e2dnde e2dnde_err e2dnde_errp e2dnde_errn e2dnde_ul norm norm_err norm_errp norm_errn norm_ul ts loglike norm_scan dloglike_scan ShowUL tstart tend
[from data line 1953]
132.83117061068992 153.091119887046 176.4411988580621 3.143383007339949e-12 1.935538378114637e-12 2.466604639543979e-12 1.0738888468388086e-10 1.6417336437065558e-08 0.00305398369560917 2.204059183909117e-08 5.918316610328667e-09 6.29744453358706e-09 5.539188687070273e-09 3.284945455588657e-08 0.0005165629482497308 0.00013870694123033995 0.0001475925210383561 0.0001298213614223238 0.0007698890854504394 8935.599765662486 2399.3778797978885 2553.0822542972755 2245.673505298501 13317.681329732566 24.742258039791523 -452.5925028114676 [0.0,3949.736741479033,4572.969619501965,5196.202497524897,5819.435375547828,6442.66825357076,7065.90113159369,7689.134009616623,8312.366887639557,8935.599765662486,9574.175191478596,10212.750617294703,10851.326043110806,11489.901468926917,12128.47689474303,12767.052320559136,13405.62774637524,14044.20317219135,14682.778598007457,15321.354023823562] [-12.371129019895761,-2.7024120118462065,-1.9882974152880593,-1.407234908033729,-0.9434225979870803,-0.5839798852097715,-0.31823526070587604,-0.1372245076818217,-0.03332761406755935,0.0,-0.03312174109407806,-0.12905568990635174,-0.2831323540632411,-0.49122773783221874,-0.7496775944073875,-1.0552083680844362,-1.404881001960348,-1.7960447846613192,-2.2262991178326956,-2.693461596649513] False 58559.699990555186 58560.699990555186
234.36890988269914 270.1158072739371 311.3149665447022 1.5842482468229605e-12 9.226520589635372e-13 1.2090119547963874e-12 9.297183394492505e-11 2.504509915024032e-08 0.004268777819377248 3.7036888846836154e-09 1.347834056688163e-09 1.4507098407699707e-09 1.244958272606355e-09 6.245125262445083e-09 0.00027023058298596283 9.834140886223256e-05 0.00010584748833411555 9.083532939034954e-05 0.00045566026009095055 3063.401374974296 1114.822770230717 1199.9135616605943 1029.7319788008394 5165.478503061485 15.957505830223795 -350.70991879147675 [0.0,915.1276903071852,1183.661900890574,1452.1961114739636,1720.7303220573522,1989.264532640741,2257.7987432241293,2526.3329538075195,2794.867164390909,3063.401374974296,3378.0650914854064,3692.7288079965165,4007.3925245076275,4322.056241018737,4636.719957529845,4951.383674040955,5266.047390552066,5580.711107063173,5895.374823574282,6210.038540085394] [-7.978752915111897,-2.699301720215999,-1.9151859861988783,-1.3132361494752445,-0.8552597939952875,-0.5146347833150458,-0.27193599206975705,-0.11248181701722615,-0.024861045269290116,0.0,-0.040912066173177664,-0.1483494816206985,-0.31452100782934167,-0.5330079171731654,-0.7984502961932662,-1.106319675637394,-1.4527506392331588,-1.8344137453474332,-2.248418025972285,-2.6922350731189795] False 58559.699990555186 58560.699990555186
311.3149665447022 358.7979888064861 413.52331434760555 1.0345501630851796e-12 5.859646147580758e-13 7.785947519474497e-13 7.958015231459912e-11 2.8457074109737405e-08 0.004254309303424103 3.6058211017730267e-09 9.667747879996285e-10 1.0344965600920049e-09 8.990530159072523e-10 5.407269819597938e-09 0.000464198973716745 0.00012445871598676446 0.00013317694582021426 0.0001157404861533147 0.0006961102700388185 4631.191120610581 1241.6918885999373 1328.6713755833625 1154.7124016165124 6944.90915341142 38.63127344631573 -334.7295542164882 [0.0,2170.564430829267,2478.1427670519315,2785.7211032745986,3093.299439497261,3400.877775719926,3708.4561119425884,4016.034448165251,4323.612784387918,4631.191120610581,4973.94983515611,5316.708549701634,5659.467264247161,6002.225978792692,6344.984693338219,6687.743407883749,7030.502122429273,7373.260836974801,7716.0195515203295,8058.778266065859] [-19.315636723157866,-2.7004666357501037,-1.957388439287456,-1.3672734849945414,-0.906041102706979,-0.5551161726082228,-0.29983257435685573,-0.12838444669205273,-0.031111961596252513,0.0,-0.035078022667050845,-0.1361392166587052,-0.2965748158794099,-0.5107595717260551,-0.7738620937436735,-1.0816993580713756,-1.4306234841151877,-1.8174324835393918,-2.2392990875474084,-2.6937133931729136] False 58559.699990555186 58560.699990555186
413.52331434760555 476.5900816815941 549.2752115212968 6.389819354494927e-13 3.5199381202578083e-13 4.742548758573588e-13 6.442657274143553e-11 3.058158833018046e-08 0.0039084725538337875 2.0358664046718553e-09 5.762398426417764e-10 6.187594337889873e-10 5.337202514945654e-10 3.1191683976652823e-09 0.0004624228391391992 0.00013088602643476755 0.00014054384583402248 0.00012122820703551261 0.0007084820020074604 4292.768526610112 1215.042526658369 1304.6980965043174 1125.3869568124207 6576.987515471389 40.06702944088261 -311.05287992277636 [0.0,1938.3519230211525,2232.653998469772,2526.9560739183908,2821.258149367012,3115.5602248156315,3409.8623002642507,3704.164375712871,3998.4664511614915,4292.768526610112,4632.16423760719,4971.559948604269,5310.955659601348,5650.351370598431,5989.747081595511,6329.1427925925855,6668.538503589669,7007.934214586748,7347.329925583826,7686.725636580907] [-20.033514720441303,-2.6979563682890557,-1.9432737315668192,-1.3504349069743853,-0.8911565383116908,-0.5442461936509062,-0.29336671593944175,-0.12562865601620388,-0.030664864490347554,0.0,-0.035358019653472184,-0.13798560175877128,-0.3004792948972863,-0.5166329994115131,-0.7811886189239203,-1.089649127487064,-1.4381360491562987,-1.8232791632853491,-2.2421300025557684,-2.692093192731136] False 58559.699990555186 58560.699990555186
549.2752115212968 633.0528961793416 729.6086933380817 3.7330070231332684e-13 1.9998151733430564e-13 2.732274526298206e-13 4.934423777049021e-11 3.1091419558474976e-08 0.0033192488015321778 1.2832957418828967e-09 3.9402852051752794e-10 4.238162090548405e-10 3.6424083198021533e-10 2.0280518656907886e-09 0.000514288429015191 0.00015790928169590317 0.00016984687569069896 0.00014597168770110735 0.0008127538913494025 4696.803815030824 1442.126392223747 1551.147972048927 1333.104812398567 7422.577219714718 37.683976125970275 -342.7018301904951 [0.0,1962.8525379669,2304.59644759989,2646.340357232881,2988.0842668658715,3329.828176498863,3671.5720861318537,4013.3159957648454,4355.059905397837,4696.803815030824,5101.599188100933,5506.394561171045,5911.189934241153,6315.985307311262,6720.780680381368,7125.576053451475,7530.371426521585,7935.166799591694,8339.962172661804,8744.757545731909] [-18.841988062985138,-2.6963595825874336,-1.9317277688192576,-1.3377325642888422,-0.8811444142317555,-0.5380952159491699,-0.29077620851205666,-0.12549403977027396,-0.03145986131846712,0.0,-0.03403156815602415,-0.136322643302492,-0.29901395388202445,-0.5156021380653328,-0.7806364600928077,-1.089497172455708,-1.4382302242217975,-1.823421778430145,-2.2421014410311386,-2.691666579460559] False 58559.699990555186 58560.699990555186
729.6086933380817 840.8915725798939 969.1477682383326 2.062622683976349e-13 1.074622573056973e-13 1.488805190715142e-13 3.574425825758851e-11 2.989681493311348e-08 0.002626429602740475 6.36251494605992e-10 2.2160069440238758e-10 2.462116410906303e-10 1.9698974771414486e-10 1.0647974295564362e-09 0.0004498925645206928 0.00015669354893381427 0.00017409591578831137 0.00013929118207931714 0.0007529168109457127 4273.571173541995 1488.4465461592226 1653.7532420367465 1323.1398502816985 7152.026579414092 37.03977003381419 -260.1905275573844 [0.0,1601.185438858384,1935.2336556938355,2269.2818725292873,2603.3300893647383,2937.378306200189,3271.42652303564,3605.4747398710915,3939.522956706544,4273.571173541995,4703.792394268462,5134.013614994924,5564.2348357213905,5994.456056447857,6424.67727717432,6854.898497900785,7285.119718627253,7715.340939353718,8145.562160080181,8575.783380806646] [-18.519885016907097,-2.6977577514388145,-1.8984916008520258,-1.2964815100609144,-0.8446446260709308,-0.511507184138793,-0.2748916166498816,-0.11852731255845583,-0.030090080900208704,0.0,-0.035100455672250064,-0.14166992163637815,-0.3097155359261592,-0.5312844453797538,-0.7999341964361406,-1.1103662075336729,-1.4581651788158752,-1.8396094683591286,-2.2515302899021776,-2.6912052870725347] False 58559.699990555186 58560.699990555186
969.1477682383326 1116.9661194245136 1287.3303254983532 1.0779311105389618e-13 5.4617559793260385e-14 7.672937304766482e-14 2.4491436244147294e-11 2.7192403392944238e-08 0.0019338927457968683 2.0176246021971505e-10 9.178978995114525e-11 1.0210758199185496e-10 8.147199791043555e-11 3.9183807253822366e-10 0.00025172153122033654 0.00011451816384343241 0.0001273907785432737 0.00010164554914359112 0.0004888623954244835 2629.53354374965 1196.279681499871 1330.7495934891194 1061.8097695106226 5106.754518830893 28.39947200525529 -131.29205503279894 [0.0,703.5199106642895,944.2716147999598,1185.0233189356297,1425.7750230712995,1666.5267272069705,1907.278431342641,2148.030135478311,2388.781839613981,2629.53354374965,3013.171739110215,3396.8099344707803,3780.4481298313444,4164.08632519191,4547.724520552474,4931.362715913041,5315.000911273608,5698.639106634169,6082.277301994729,6465.915497355296] [-14.199736002627645,-2.695676631512015,-1.7810294885234725,-1.158881312731836,-0.7254259464583583,-0.42390457686633454,-0.21986385157555333,-0.09080783134186277,-0.021233002573325166,0.0,-0.04631673429284433,-0.17093123301111746,-0.35738154245009923,-0.5939135872812074,-0.8718410062233488,-1.184562408926439,-1.5269431633852832,-1.894910596003342,-2.2851798762978888,-2.6950630131557887] False 58559.699990555186 58560.699990555186
1287.3303254983532 1483.6791717563765 1709.9759409858673 5.328101105694588e-14 2.6255413403538198e-14 3.7402071758909387e-14 1.5873047271396163e-11 2.3394219330952698e-08 0.0013245005148474764 9.354783042924607e-11 5.538056471723376e-11 6.267701261374786e-11 4.8084116820719655e-11 2.1321077763391427e-10 0.0002059272025295012 0.00012190945224913063 0.00013797115134826516 0.00010584775314999608 0.0004693417130662295 2501.140338755766 1480.6817406857092 1675.7631239723462 1285.6003573990722 5700.5071539419805 13.36701617489635 -125.93102819836311 [0.0,349.7371538074695,618.6625519260067,887.5879500445438,1156.5133481630808,1425.438746281618,1694.3641444001548,1963.289542518692,2232.214940637229,2501.140338755766,3002.8772547640488,3504.6141707723336,4006.351086780618,4508.088002788901,5009.824918797182,5511.561834805469,6013.298750813749,6515.035666822035,7016.772582830319,7518.509498838601] [-6.683508087448175,-2.6940713422099662,-1.652981511090573,-1.0319805873805166,-0.6289434538770138,-0.360683386198005,-0.18448267495404025,-0.07537920561482281,-0.01747530313041068,0.0,-0.05064829730400788,-0.18342454819409681,-0.3777672006598749,-0.6200880181162347,-0.9009179671081569,-1.213383075862012,-1.5523283457247175,-1.9137841821780341,-2.2946258850785313,-2.69234779492443] False 58559.699990555186 58560.699990555186
3017.1020504598932 3477.2827010020824 4007.6519721450045 4.6065757300947485e-15 2.088045556908962e-15 3.1014093547593763e-15 3.0947579986747574e-12 1.0668935458445462e-08 0.00026930306120365177 3.390888353418534e-11 2.1343470918448685e-11 2.4270151236170014e-11 1.8416790600727352e-11 8.055805757755341e-11 0.0004100090951221652 0.0002580744715235767 0.0002934624119012369 0.0002226865311459165 0.0009740673490141054 10933.378878911699 6881.861914066685 7825.52332181671 5938.200506316659 25974.661311293923 14.395923020562464 -59.241432510152706 [0.0,1175.561719021484,2395.2888640077613,3615.016008994038,4834.743153980315,6054.470298966596,7274.197443952872,8493.924588939146,9713.651733925424,10933.378878911699,13303.56821836808,15673.757557824461,18043.946897280835,20414.13623673721,22784.325576193594,25154.514915649972,27524.70425510634,29894.89359456272,32265.082934019087,34635.272273475486] [-7.197961510281232,-2.707934725468917,-1.6205236358329813,-1.0024410005832465,-0.6078171922035409,-0.3473678364730901,-0.17722070378044918,-0.0722748326522904,-0.01673858034878606,0.0,-0.05205513311301502,-0.1875788166121808,-0.3846872391651601,-0.6291965625955953,-0.9113747946641766,-1.2242470871346072,-1.5626392284674324,-1.9226037844713204,-2.3010585292631873,-2.695549281550008] False 58559.699990555186 58560.699990555186
5323.411028602609 6135.359285332078 7071.149185711414 6.817626808380247e-16 2.922841152801148e-16 4.463948946837775e-16 7.878812571912067e-13 4.78616128425851e-09 6.817880029438839e-05 6.407217040711173e-12 6.5849517563853524e-12 8.261704917021315e-12 4.9081985957493915e-12 2.3832252790919006e-11 0.00024118452320358658 0.0002478749259766202 0.00031099233077319687 0.0001847575211800435 0.0008971087587204859 14353.248921563023 14751.404719917506 18507.615152887982 10995.194286947031 53388.27364457557 9.757177367786213 -28.726040298761085 [0.0,1594.805435729225,3189.61087145845,4784.416307187676,6379.2217429169,7974.027178646128,9568.832614375351,11163.638050104571,12758.4434858338,14353.248921563023,20728.88435639489,27104.51979122674,33480.15522605858,39855.79066089044,46231.426095722294,52607.061530554165,58982.69696538601,65358.33240021788,71733.9678350497,78109.60326988155] [-4.878588683893106,-1.3064945002431543,-0.7345397321074962,-0.4418470808132824,-0.2648123353057237,-0.1514628087207548,-0.0785077289027889,-0.03347889094041534,-0.008916308400184647,0.0,-0.06712078551280243,-0.23320707891382497,-0.4560361025101436,-0.715710705509224,-1.0012543330704489,-1.30596546513177,-1.6254506002584534,-1.956672722734993,-2.2974446306481795,-2.646138753311824] False 58559.699990555186 58560.699990555186
100.0 115.25240587974294 132.83117061068992 4.172602138218014e-11 1.982945582359152e-11 2.876463623430991e-11 9.495361967142077e-10 1.0861730823996256e-07 0.01661086124603128 4.2892251114854036e-08 1.1400278532071477e-08 1.216404665692982e-08 1.0636510407213133e-08 6.383922447159128e-08 0.0005697427925713737 0.00015143123427029733 0.00016157645568030387 0.00014128601286029078 0.000847983891744008 1491.1452648128045 396.32966115780187 422.88199154838526 369.7773307672185 2219.364915710113 26.45457692482853 -352.1963110939655 [0.0,671.4379297854343,773.9013466638562,876.3647635422773,978.8281804206986,1081.29159729912,1183.755014177541,1286.2184310559633,1388.6818479343835,1491.1452648128045,1597.5935150972682,1704.0417653817315,1810.4900156661959,1916.9382659506584,2023.3865162351221,2129.834766519586,2236.2830168040477,2342.7312670885135,2449.1795173729756,2555.627767657438] [-13.227288462414265,-2.707551056670866,-1.9875369280246105,-1.4036253191950436,-0.9390110861511971,-0.5800301685575278,-0.3153956067421859,-0.1356571130192492,-0.03280907548230516,0.0,-0.03375319800534271,-0.13095665224602726,-0.28658312068739633,-0.4962157916261276,-0.7559499170210415,-1.0623139148340215,-1.412205427193328,-1.802839008308581,-2.231702956739582,-2.6965234111824543] False 58547.699990555186 58548.699990555186
