data/PKS1502+106_allsed_14d_min11.ecsv
# %ECSV 1.0
# ---
# datatype:
# - {name: e_min, unit: MeV, datatype: float64}
# - {name: e_ref, unit: MeV, datatype: float64}
# - {name: e_max, unit: MeV, datatype: float64}
# - {name: ref_dnde_e_min, unit: ph / (cm2 MeV s), datatype: float64}
# - {name: ref_dnde_e_max, unit: ph / (cm2 MeV s), datatype: float64}
# - {name: ref_dnde, unit: ph / (cm2 MeV s), datatype: float64}
# - {name: ref_flux, unit: ph / (cm2 s), datatype: float64}
# - {name: ref_eflux, unit: MeV / (cm2 s), datatype: float64}
# - {name: ref_npred, datatype: float64}
# - {name: dnde, unit: ph / (cm2 MeV s), datatype: float64}
# - {name: dnde_err, unit: ph / (cm2 MeV s), datatype: float64}
# - {name: dnde_errp, unit: ph / (cm2 MeV s), datatype: float64}
# - {name: dnde_errn, unit: ph / (cm2 MeV s), datatype: float64}
# - {name: dnde_ul, unit: ph / (cm2 MeV s), datatype: float64}
# - {name: e2dnde, unit: MeV / (cm2 s), datatype: float64}
# - {name: e2dnde_err, unit: MeV / (cm2 s), datatype: float64}
# - {name: e2dnde_errp, unit: MeV / (cm2 s), datatype: float64}
# - {name: e2dnde_errn, unit: MeV / (cm2 s), datatype: float64}
# - {name: e2dnde_ul, unit: MeV / (cm2 s), datatype: float64}
# - {name: norm, datatype: float64}
# - {name: norm_err, datatype: float64}
# - {name: norm_errp, datatype: float64}
# - {name: norm_errn, datatype: float64}
# - {name: norm_ul, datatype: float64}
# - {name: ts, datatype: float64}
# - {name: loglike, datatype: float64}
# - {name: norm_scan, datatype: string, subtype: 'float64[20]'}
# - {name: dloglike_scan, datatype: string, subtype: 'float64[20]'}
# - {name: ShowUL, datatype: bool}
# - {name: tstart, datatype: float64}
# - {name: tend, datatype: float64}
# meta: !!omap
# - {UL_CONF: 0.95}
# - {EXTNAME: SED}
# - {CONFIG: '{"bin_index": 2.0, "use_local_index": true, "free_background": false, "free_radius": null, "free_pars": [], "ul_confidence":
#     0.95, "cov_scale": 3.0, "make_plots": false, "write_fits": true, "write_npy": true, "optimizer": {"optimizer": "MINUIT", "tol":
#     0.001, "max_iter": 100, "init_lambda": 0.0001, "retries": 3, "min_fit_quality": 2, "verbosity": 0}, "prefix": "", "outfile": null,
#     "loge_bins": []}'}
# - {SRCNAME: 4FGL J1504.4+1029}
# - {CREATOR: fermipy 1.2.0}
# - {STVER: 2.2.0}
# schema: astropy-2.0
e_min e_ref e_max ref_dnde_e_min ref_dnde_e_max ref_dnde ref_flux ref_eflux ref_npred dnde dnde_err dnde_errp dnde_errn dnde_ul e2dnde e2dnde_err e2dnde_errp e2dnde_errn e2dnde_ul norm norm_err norm_errp norm_errn norm_ul ts loglike norm_scan dloglike_scan ShowUL tstart tend
[from data line 1341]
969.1477682383326 1116.9661194245136 1287.3303254983532 1.0784234797634738e-13 5.441690804005644e-14 7.660579046425045e-14 2.4455337083305503e-11 2.7149674570668497e-08 0.03149164264145732 3.12640894405389e-11 9.898568349068312e-12 1.0690536571401665e-11 9.10660012673496e-12 5.0134310897092767e-11 3.900549417176967e-05 1.2349585641467912e-05 1.333765573828625e-05 1.1361515544649579e-05 6.254823366026468e-05 408.11653076184706 129.21436211388834 139.552591346089 118.8761328816877 654.4454484871989 37.29280400220341 -186.90772857810913 [0.0,165.71763359409513,196.01749574006425,226.3173578860332,256.6172200320022,286.9170821779712,317.21694432394037,347.51680646990945,377.8166686158783,408.11653076184706,444.9569803506925,481.79742993953823,518.6378795283836,555.4783291172292,592.3187787060747,629.1592282949201,665.9996778837653,702.840127472611,739.6805770614562,776.5210266503016] [-18.646402001101706,-2.696556026150006,-1.9157133167969675,-1.3162748035294953,-0.860247691931221,-0.5208635958937293,-0.27847644224269175,-0.11819603559700909,-0.028439284050051583,0.0,-0.03737111655721037,-0.14363814673103548,-0.31012007146318865,-0.5297327944869608,-0.7966130783370886,-1.105848262100551,-1.4532776907706477,-1.8353440026203316,-2.24897985634982,-2.6915203467845856] False 57902.65603222185 57916.65603222185
1287.3303254983532 1483.6791717563765 1709.9759409858673 5.348845962081995e-14 2.6473022254445427e-14 3.7629791148742456e-14 1.5967245036131718e-11 2.3535473446265724e-08 0.021704197625195043 5.672175001823681e-12 3.699168803338182e-12 4.208054516004097e-12 3.1902830906722665e-12 1.370890512874579e-11 1.2486180866233615e-05 8.142994656963031e-06 9.263206753124715e-06 7.022782560801347e-06 3.0177466114942412e-05 150.73628709239426 98.30426081070088 111.82774040309086 84.7807812183109 364.30989145162783 9.53366683687193 -153.0260047787497 [0.0,12.924048975670683,30.150578740261125,47.377108504851584,64.60363826944204,81.83016803403255,99.05669779862295,116.28322756321337,133.50975732780384,150.73628709239426,184.17712077061122,217.61795444882824,251.05878812704498,284.4996218052618,317.94045548347884,351.3812891616957,384.82212283991277,418.2629565181296,451.70379019634646,485.1446238745633] [-4.766833418435965,-2.6656556002231184,-1.5736956492620777,-0.9696687638898709,-0.5875596153125002,-0.33601712549634044,-0.17164217760398515,-0.07009798529927025,-0.016251835332496967,0.0,-0.05080576590941632,-0.18361161573020013,-0.3776490496108522,-0.6193819048677938,-0.8994597941270399,-1.2111327078944498,-1.5493561024864277,-1.9102530463052005,-2.2907743876229745,-2.6884750798619734] False 57902.65603222185 57916.65603222185
2271.3810595726877 2617.821317854317 3017.1020504598932 1.1716423061057643e-14 5.5787421968007486e-15 8.084732755403352e-15 6.061447882422626e-12 1.574974756758239e-08 0.008543494840158372 2.9389622467013046e-12 1.8769142966796413e-12 2.1294710747002662e-12 1.6243575186590161e-12 6.998372238490001e-12 2.0140674338132582e-05 1.2862472000938151e-05 1.4593240684241494e-05 1.1131703317634808e-05 4.795976413465661e-05 363.5200241760719 232.1553913362472 263.3941206376989 200.91666203479548 865.6281475491825 9.710032955041612 -74.70565755135523 [0.0,33.44471553142674,74.70412911200735,115.96354269258798,157.22295627316856,198.48236985374922,239.74178343432973,281.0011970149104,322.2606105954909,363.5200241760719,442.0061467964768,520.4922694168819,598.9783920372873,677.4645146576926,755.9506372780972,834.436759898503,912.922882518908,991.4090051393131,1069.8951277597182,1148.3812503801232] [-4.855016477520806,-2.672139646479863,-1.6025962306965909,-0.9968800936426874,-0.6088077747249656,-0.3509359359365476,-0.18103160603914148,-0.07512604355126484,-0.01816339484187779,0.0,-0.04825805727523402,-0.17905803672134368,-0.37194584897204663,-0.6133771933008205,-0.8938818267193511,-1.2065595021469875,-1.5462171025580744,-1.9088427471611595,-2.2912694547842563,-2.690951412960132] False 57902.65603222185 57916.65603222185
3017.1020504598932 3477.2827010020824 4007.6519721450045 5.17439099671179e-15 2.4165700954789318e-15 3.536138931796812e-15 3.524247507098739e-12 1.2158106317825143e-08 0.004962595186692509 2.0799676747116677e-12 1.24537438667429e-12 1.416188419884681e-12 1.0745603534638998e-12 4.814539989199328e-12 2.5149918702930058e-05 1.5058438148040744e-05 1.7123835173576942e-05 1.2993041122504552e-05 5.8214986123356036e-05 588.2030414610373 352.18480118977686 400.4900393336852 303.8795630458686 1361.5245560368649 15.851075657129513 -35.14860975866838 [0.0,85.87888935285531,148.66940836637804,211.45992737990068,274.2504463934234,337.04096540694627,399.83148442046877,462.62200343399144,525.4125224475142,588.2030414610373,710.4235562156249,832.644070970213,954.8645857248009,1077.0851004793894,1199.3056152339775,1321.5261299885663,1443.746644743153,1565.9671594977417,1688.1876742523298,1810.4081890069178] [-7.925537828564757,-2.7055507433988666,-1.6459432418796638,-1.0209387316952316,-0.618952045413522,-0.3533922385531696,-0.1800739250004071,-0.07334250831203093,-0.01696206513892662,0.0,-0.052767677250251666,-0.18973190231045578,-0.3883587135066975,-0.6341071750722236,-0.917044942368527,-1.2300851582412875,-1.5679934763771257,-1.9267937316655264,-2.303394380984237,-2.695344066483969] False 57902.65603222185 57916.65603222185
7071.149185711414 8149.575733880153 9392.473966813408 3.5337926687494154e-16 1.5574250031696378e-16 2.345978912592335e-16 5.492619787778993e-13 4.434886077500444e-09 0.0007742094146643286 5.76297020137453e-13 4.2714929124935097e-13 4.999230698455214e-13 3.5437551265318057e-13 1.5789309105274947e-12 3.827510352001444e-05 2.8369369907847614e-05 3.32026829599378e-05 2.3536056855757427e-05 0.0001048656195324009 2456.5311181788843 1820.772083485379 2130.9785316573893 1510.5656353133684 6730.371283613786 16.087395252560654 -19.93879591210894 [0.0,202.90156333739168,484.6052576925783,766.308952047765,1048.0126464029504,1329.7163407581381,1611.420035113324,1893.1237294685106,2174.8274238236972,2456.5311181788843,3137.7923555421676,3819.053592905452,4500.314830268739,5181.5760676320215,5862.837304995308,6544.09854235859,7225.359779721874,7906.62101708516,8587.882254448443,9269.14349181173] [-8.043697626280327,-2.6528250095251877,-1.4629806306747284,-0.8744402297055949,-0.5214337073748645,-0.2964533202389603,-0.15229948224177292,-0.06391187497728623,-0.016355311096432956,0.0,-0.053325557370353494,-0.1977313658970523,-0.40376740288375856,-0.6543034711003983,-0.9384894285181211,-1.2490164498641754,-1.580725779800133,-1.9298400949778234,-2.2935103804419263,-2.6695346118462915] False 57902.65603222185 57916.65603222185
100.0 115.25240587974294 132.83117061068992 1.7198903547974672e-11 9.117242727533123e-12 1.2522243341123643e-11 4.118466608448509e-10 4.723259553154899e-08 0.13206614140342715 3.8065690942479735e-09 9.073888673038075e-10 9.532631588554563e-10 8.615145757521588e-10 5.414348619945426e-09 5.056310287994324e-05 1.2052952544307285e-05 1.2662306129081447e-05 1.1443598959533127e-05 7.19194265281725e-05 303.98459689303587 72.46216533134277 76.12558971162099 68.79874095106457 432.37848622254825 26.993230306506348 -663.7309279789342 [0.0,147.68381060720645,167.22140889293516,186.75900717866372,206.2966054643925,225.83420375012122,245.37180203584975,264.9094003215785,284.4469986073072,303.98459689303587,322.61080585597216,341.2370148189087,359.86322378184514,378.4894327447814,397.1156417077178,415.74185067065434,434.3680596335909,452.9942685965272,471.62047755946367,490.2466865223999] [-13.496615153253174,-2.708215007538115,-2.012679073428558,-1.4362702294515657,-0.9689861400919426,-0.6021440737054036,-0.32814795238982697,-0.14030600555781803,-0.032686159169543316,0.0,-0.034261532422760865,-0.12861355208940495,-0.279690983816522,-0.48442641154474586,-0.7400143985530576,-1.0438811450881076,-1.393658535797158,-1.7871618224653503,-2.2223703365651772,-2.697410742095599] False 57916.65603222185 57930.65603222185
132.83117061068992 153.091119887046 176.4411988580621 9.456984162030686e-12 4.98747523295109e-12 6.86778525337964e-12 3.0007913141142284e-10 4.570769398747027e-08 0.133914250302878 1.7051412374366054e-09 4.401480458316515e-10 4.6503849886413876e-10 4.152575927991641e-10 2.496897133408034e-09 3.996320930140535e-05 1.0315701768856436e-05 1.0899056603227492e-05 9.732346934485378e-06 5.851950592460768e-05 248.28109419954626 64.0887898489625 67.71302271504385 60.46455698288115 363.5665707775749 25.08125034516911 -641.4660097989484 [0.0,113.81817763249067,130.6260422033725,147.43390677425455,164.2417713451365,181.0496359160184,197.85750048690036,214.66536505778225,231.4732296286642,248.28109419954626,265.0082547166917,281.7354152338368,298.46257575098235,315.1897362681277,331.9168967852729,348.6440573024183,365.37121781956387,382.09837833670895,398.8255388538542,415.55269937099956] [-12.540625172584555,-2.705208709824774,-2.0010516221362877,-1.42281833913205,-0.957661178097851,-0.5947724190186818,-0.32495654478725555,-0.14031164659377282,-0.03398767852320361,0.0,-0.03277198447176488,-0.12737638178441557,-0.2797191595818731,-0.4861344624538333,-0.743324423058084,-1.0483094454397133,-1.3983868133046826,-1.7910959783616818,-2.2241892551185174,-2.6956069262336086] False 57916.65603222185 57930.65603222185
176.4411988580621 203.35272664697808 234.36890988269914 5.14677557012291e-12 2.700403457525856e-12 3.728051843076955e-12 2.1640518380291922e-10 4.377926209018871e-08 0.12275809303274421 8.174960757586144e-10 2.3326272744776533e-10 2.4773594835464415e-10 2.1878950654088646e-10 1.2408470167301032e-09 3.380536867138638e-05 9.645957616796219e-06 1.024445904466598e-05 9.04745618892646e-06 5.131191709565716e-05 219.28237861732413 62.5696039825566 66.45185173985531 58.687356225257886 332.8406011934554 20.73950793993731 -570.795110414411 [0.0,89.11523850069322,105.38613101527216,121.65702352985095,137.92791604442982,154.19880855900865,170.46970107358757,186.7405935881665,203.0114861027453,219.28237861732413,235.85211672975808,252.4218548421918,268.99159295462573,285.56133106705977,302.13106917949347,318.70080729192745,335.2705454043612,351.8402835167952,368.4100216292289,384.97975974166303] [-10.369753969968656,-2.700774963456297,-1.9826021100916478,-1.3995266372094193,-0.935166383839487,-0.5762308784563857,-0.3117537466861222,-0.1325557241042361,-0.03085844006068328,0.0,-0.03542578910025895,-0.13305030758442626,-0.2882339325793737,-0.49688421690461837,-0.7553691956923103,-1.0604476752458822,-1.409212590936022,-1.7990445473174077,-2.227573380618196,-2.692646106817733] False 57916.65603222185 57930.65603222185
234.36890988269914 270.1158072739371 311.3149665447022 2.7723526215080893e-12 1.4471289342741179e-12 2.0029856950550267e-12 1.5446537598235037e-10 4.150297126018386e-08 0.10430023435428104 5.727353252072555e-10 1.385944386550743e-10 1.4761336587751426e-10 1.2957551143263436e-10 8.260803932984411e-10 4.178822942376619e-05 1.011220356851662e-05 1.0770247490971005e-05 9.454159646062234e-06 6.027293145422517e-05 285.94079659241953 69.19392335014494 73.69666505454447 64.69118164574542 412.42450973956994 35.951318421954056 -513.4995156236234 [0.0,142.17940855480563,160.14958205950737,178.1197555642091,196.0899290689108,214.06010257361262,232.0302760783143,250.00044958301595,267.9706230877178,285.94079659241953,304.43795831133303,322.9351200302462,341.4322817491596,359.929443468073,378.42660518698636,396.9237669058997,415.420928624813,433.91809034372625,452.41525206263964,470.91241378155297] [-17.975659210977028,-2.709511178961179,-1.9884131809444625,-1.4034336458223606,-0.9379288280347282,-0.5783428818956509,-0.3134646870131519,-0.13389946015331589,-0.03168390616292527,0.0,-0.03484632619358763,-0.13260325009207463,-0.288393547297801,-0.49792722700067316,-0.7574077003553157,-1.0634563264479766,-1.4130511273052662,-1.8034765558201116,-2.2322819784362764,-2.697247096714591] False 57916.65603222185 57930.65603222185
311.3149665447022 358.7979888064861 413.52331434760555 1.4780610553623426e-12 7.675673043040067e-13 1.06513442337632e-12 1.0912550146087899e-10 3.8942297348107954e-08 0.08476449931249641 2.443754473159949e-10 7.195594549552072e-11 7.692943043040311e-11 6.698246056063833e-11 3.7813079851573804e-10 3.145991679672517e-05 9.263320367007294e-06 9.903586907527811e-06 8.623053826486776e-06 4.8679045256956764e-05 229.43155525981462 67.55574124384312 72.22509078858619 62.88639169910005 355.0075842231432 25.518247529778137 -416.37697401827154 [0.0,94.698096518783,111.53977886141197,128.38146120404096,145.22314354666983,162.0648258892988,178.90650823192783,195.74819057455662,212.58987291718563,229.43155525981462,248.0344091050727,266.63726295033086,285.24011679558896,303.8429706408472,322.44582448610544,341.0486783313634,359.65153217662174,378.25438602187995,396.85723986713833,415.46009371239626] [-12.759123764889068,-2.7065242129914395,-1.9614858877682764,-1.370121297754224,-0.9079207245443968,-0.5561748860566809,-0.300220385698708,-0.12831443176202129,-0.030882821488376067,0.0,-0.03527697613924374,-0.1361195292240609,-0.2961647437369379,-0.5099878386821501,-0.7729208945570463,-1.0809141571432974,-1.4304283038794665,-1.818349627861494,-2.2419224543608607,-2.6986946998695203] False 57916.65603222185 57930.65603222185
413.52331434760555 476.5900816815941 549.2752115212968 7.799498277212278e-13 4.0297624463895927e-13 5.606257687458759e-13 7.6299858260195e-11 3.616277239956563e-08 0.06694072240154691 1.1661282634464327e-10 3.970119318902062e-11 4.2787173461842916e-11 3.661521291619832e-11 1.9183533413133006e-10 2.6487216506246137e-05 9.017653825197752e-06 9.718597539388103e-06 8.316710111007402e-06 4.357311445027006e-05 208.00475619504084 70.81585507179324 76.32038312751507 65.3113270160714 342.1807287960865 20.400768190635063 -347.6285123555043 [0.0,71.8659779996523,88.8833252740759,105.90067254849947,122.91801982292303,139.9353670973466,156.9527143717702,173.97006164619373,190.98740892061736,208.00475619504084,228.01165645831884,248.01855672159672,268.0254569848745,288.03235724815255,308.03925751143043,328.04615777470843,348.05305803798643,368.05995830126403,388.0668585645421,408.07375882782] [-10.200384095317531,-2.6989505891417025,-1.9266158309854973,-1.3291697649968341,-0.87160174509728,-0.5290897314636709,-0.2832747714051038,-0.12012695217129021,-0.02864138200408206,0.0,-0.03704043962159176,-0.14151208011611516,-0.30563547214546816,-0.5229744519725159,-0.7881349624714176,-1.0965453073514482,-1.444292454191725,-1.8279978567933313,-2.24472173716498,-2.691888248758005] False 57916.65603222185 57930.65603222185
