data/PKS1830-211_allsed_1d_min11.ecsv
# %ECSV 1.0
# ---
# datatype:
# - {name: e_min, unit: MeV, datatype: float64}
# - {name: e_ref, unit: MeV, datatype: float64}
# - {name: e_max, unit: MeV, datatype: float64}
# - {name: ref_dnde_e_min, unit: ph / (cm2 MeV s), datatype: float64}
# - {name: ref_dnde_e_max, unit: ph / (cm2 MeV s), datatype: float64}
# - {name: ref_dnde, unit: ph / (cm2 MeV s), datatype: float64}
# - {name: ref_flux, unit: ph / (cm2 s), datatype: float64}
# - {name: ref_eflux, unit: MeV / (cm2 s), datatype: float64}
# - {name: ref_npred, datatype: float64}
# - {name: dnde, unit: ph / (cm2 MeV s), datatype: float64}
# - {name: dnde_err, unit: ph / (cm2 MeV s), datatype: float64}
# - {name: dnde_errp, unit: ph / (cm2 MeV s), datatype: float64}
# - {name: dnde_errn, unit: ph / (cm2 MeV s), datatype: float64}
# - {name: dnde_ul, unit: ph / (cm2 MeV s), datatype: float64}
# - {name: e2dnde, unit: MeV / (cm2 s), datatype: float64}
# - {name: e2dnde_err, unit: MeV / (cm2 s), datatype: float64}
# - {name: e2dnde_errp, unit: MeV / (cm2 s), datatype: float64}
# - {name: e2dnde_errn, unit: MeV / (cm2 s), datatype: float64}
# - {name: e2dnde_ul, unit: MeV / (cm2 s), datatype: float64}
# - {name: norm, datatype: float64}
# - {name: norm_err, datatype: float64}
# - {name: norm_errp, datatype: float64}
# - {name: norm_errn, datatype: float64}
# - {name: norm_ul, datatype: float64}
# - {name: ts, datatype: float64}
# - {name: loglike, datatype: float64}
# - {name: norm_scan, datatype: string, subtype: 'float64[20]'}
# - {name: dloglike_scan, datatype: string, subtype: 'float64[20]'}
# - {name: ShowUL, datatype: bool}
# - {name: tstart, datatype: float64}
# - {name: tend, datatype: float64}
# meta: !!omap
# - {UL_CONF: 0.95}
# - {EXTNAME: SED}
# - {CONFIG: '{"bin_index": 2.0, "use_local_index": true, "free_background": false, "free_radius": null, "free_pars": [], "ul_confidence":
#     0.95, "cov_scale": 3.0, "make_plots": false, "write_fits": true, "write_npy": true, "optimizer": {"optimizer": "MINUIT", "tol":
#     0.001, "max_iter": 100, "init_lambda": 0.0001, "retries": 3, "min_fit_quality": 2, "verbosity": 0}, "prefix": "", "outfile": null,
#     "loge_bins": []}'}
# - {SRCNAME: 4FGL J1833.6-2103}
# - {CREATOR: fermipy 1.2.0}
# - {STVER: 2.2.0}
# schema: astropy-2.0
e_min e_ref e_max ref_dnde_e_min ref_dnde_e_max ref_dnde ref_flux ref_eflux ref_npred dnde dnde_err dnde_errp dnde_errn dnde_ul e2dnde e2dnde_err e2dnde_errp e2dnde_errn e2dnde_ul norm norm_err norm_errp norm_errn norm_ul ts loglike norm_scan dloglike_scan ShowUL tstart tend
[from data line 773]
1287.3303254983532 1483.6791717563765 1709.9759409858673 5.084437808475789e-14 2.3770449847314915e-14 3.476483480877851e-14 1.4782887080362343e-11 2.1760530671301776e-08 0.0017257213183165532 1.8980623690699471e-10 6.412022567691756e-11 7.003567727433793e-11 5.82047740794972e-11 3.1573049986593445e-10 0.0004178212066443559 0.00014114810187067575 0.00015416980845185384 0.0001281263952894977 0.0006950187758743186 5459.7192234915055 1844.3989746997586 2014.5551578071395 1674.242791592378 9081.892711488132 49.5743528937968 -167.62932863609112 [0.0,2135.204186423743,2550.7685660572142,2966.3329456906854,3381.897325324155,3797.4617049576264,4213.026084591095,4628.590464224566,5044.154843858037,5459.7192234915055,6008.3855387205995,6557.051853949688,7105.718169178784,7654.384484407873,8203.050799636965,8751.717114866056,9300.383430095144,9849.049745324239,10397.716060553332,10946.382375782423] [-24.7871764468984,-2.696150754160641,-1.8834994107600664,-1.2763092861376037,-0.8244171284841855,-0.4941937838358399,-0.26196091570693625,-0.11039859644063199,-0.026445030658180713,0.0,-0.039872782565765874,-0.1519151395766869,-0.3251061127225796,-0.5507902383377825,-0.8220429889265688,-1.1332361850405164,-1.479732099766295,-1.8576629977044092,-2.2637689375654304,-2.695276255086668] False 58590.00000212926 58591.00000212926
1709.9759409858673 1970.7884119509856 2271.3810595726877 2.2943437147640996e-14 1.0527234678062431e-14 1.5541265945044224e-14 8.784837461384214e-12 1.7169298745012308e-08 0.0010542646391791533 1.0003464827525519e-10 4.176185805163646e-11 4.6007282175806795e-11 3.751643392746613e-11 1.839848589472398e-10 0.00038853527061043404 0.00016220334753054555 0.00017869260439684482 0.0001457140906642463 0.0007145984735467996 6436.711695751791 2687.1593472057803 2960.3304092790154 2413.988285132545 11838.473107521117 40.54278793160614 -143.68556126802116 [0.0,1925.7136629481279,2489.588417048586,3053.463171149044,3617.337925249501,4181.21267934996,4745.087433450418,5308.962187550879,5872.836941651334,6436.711695751791,7261.732785860033,8086.753875968274,8911.774966076518,9736.79605618476,10561.817146293002,11386.838236401241,12211.859326509486,13036.880416617725,13861.901506725964,14686.922596834213] [-20.27139396580307,-2.7017730483117646,-1.8208419182567184,-1.2028588038057535,-0.7623301442226875,-0.45025775112179645,-0.23584242168101355,-0.09840518839217793,-0.023356981290987733,0.0,-0.04259119478257389,-0.16008330919157743,-0.33896394201701696,-0.5691736009639214,-0.843007187590814,-1.1544229004566091,-1.4985891082458807,-1.8715768142854472,-2.2701447296117863,-2.6915852391124417] False 58590.00000212926 58591.00000212926
2271.3810595726877 2617.821317854317 3017.1020504598932 9.972332429063294e-15 4.490698886659385e-15 6.691990894837796e-15 5.028558264268732e-12 1.3048814087894937e-08 0.0006143196628123626 8.786143467756786e-11 3.210340756075752e-11 3.5300877167962086e-11 2.890593795355295e-11 1.5202508547851596e-10 0.0006021133972401965 0.00022000428129054312 0.0002419165035850165 0.00019809205899606975 0.00104182615523089 13129.341635139413 4797.287991757744 5275.093424767388 4319.4825587481 22717.467472316523 66.87997259825605 -88.94499977987121 [0.0,4839.804232982281,5875.996408251924,6912.188583521567,7948.380758791208,8984.572934060849,10020.765109330492,11056.957284600136,12093.14945986978,13129.341635139413,14581.538185202422,16033.734735265416,17485.93128532841,18938.1278353914,20390.32438545439,21842.520935517412,23294.717485580404,24746.914035643385,26199.11058570639,27651.307135769395] [-33.43998629912802,-2.697467367896351,-1.8700021083160294,-1.262137073383684,-0.8148016087805132,-0.4901527996732682,-0.262441006599218,-0.11332746627449808,-0.029275413928345984,0.0,-0.03620782227328334,-0.1476863309156755,-0.3218565325261835,-0.5490770699919807,-0.8217915159738567,-1.1339649688621876,-1.480699430322261,-1.857963822848177,-2.2623998753859667,-2.6911796078573786] False 58590.00000212926 58591.00000212926
3017.1020504598932 3477.2827010020824 4007.6519721450045 4.175012130339442e-15 1.8451696102595215e-15 2.7755369760403445e-15 2.772608278774846e-12 9.55267352584264e-09 0.00034183582961308523 1.5666156643616588e-11 1.1484872209624859e-11 1.3409165154058255e-11 9.56057926519146e-12 4.250229223724898e-11 0.00018942725445429955 0.0001388692746994957 0.00016213685318233468 0.0001156016962166567 0.0005139162533394495 5644.369640488935 4137.8919858633935 4831.196726908005 3444.5872448187806 15313.17817206092 10.184739917368077 -51.50539638004821 [0.0,455.83275891548016,1104.399869112162,1752.9669793088442,2401.5340895055265,3050.1011997022097,3698.668309898893,4347.235420095572,4995.802530292253,5644.369640488935,7189.298263081741,8734.226885674543,10279.155508267353,11824.084130860158,13369.012753452964,14913.941376045768,16458.869998638558,18003.798621231377,19548.727243824178,21093.655866416986] [-5.0923699586840385,-2.6612354666739932,-1.4749522061302685,-0.8788649226557155,-0.5215693844075489,-0.2945663889604404,-0.1497946674146391,-0.06169286774017735,-0.015031548496367009,0.0,-0.05602493150586696,-0.20188856272669398,-0.40871550450660266,-0.6596435042606572,-0.9439640537192204,-1.2544501878979588,-1.5859937443661494,-1.9348503453688082,-2.2981933481101393,-2.673836451920849] False 58590.00000212926 58591.00000212926
4007.6519721450045 4618.915317184078 5323.411028602609 1.683609869502492e-15 7.3026649931663945e-16 1.1088209438933466e-15 1.4725457814500574e-12 6.736188435656893e-09 0.00018259019252234165 2.3593502028111198e-11 1.2096418954866495e-11 1.3574319986846217e-11 1.0618517922886773e-11 4.922813940781981e-11 0.0005033527072995924 0.0002580695829854979 0.0002895996832936889 0.00022653948267730686 0.0010502517691830578 21278.009004112544 10909.262691587475 12242.120841606216 9576.404541568732 44396.834023505675 29.089703417959527 -37.606565449882766 [0.0,4600.993643794829,6685.620563834546,8770.24748387426,10854.874403913976,12939.501323953687,15024.128243993408,17108.75516403312,19193.38208407282,21278.009004112544,24885.923239089,28493.837474065458,32101.75170904191,35709.66594401837,39317.58017899483,42925.494413971304,46533.40864894775,50141.3228839242,53749.23711890064,57357.151353877096] [-14.544851708979763,-2.6945939236064476,-1.7262989489826879,-1.1018596402917495,-0.6805689003189812,-0.3937636627141643,-0.20266552682470262,-0.08319483999862598,-0.019361340308790886,0.0,-0.04887145906577928,-0.17847381923667172,-0.3698905914191215,-0.6101640670924056,-0.89002811693301,-1.2026264446759924,-1.5427430670597815,-1.9063174190300884,-2.290126392847739,-2.6915687595673745] False 58590.00000212926 58591.00000212926
100.0 115.25240587974294 132.83117061068992 1.7240870913354112e-11 9.13674387610653e-12 1.2550913183363635e-11 4.127932100085957e-10 4.7340814636844025e-08 0.012323451466482118 9.027736475834742e-08 1.1315501435833338e-08 1.1816898777764424e-08 1.0814104093902255e-08 1.1016269237360949e-07 0.0011991648040499544 0.00015030513017686863 0.0001569652497638481 0.0001436450105898892 0.0014633039385611884 7192.892137761811 901.5679791994859 941.5170517973023 861.6189066016696 8777.265109253665 156.61695975055977 -737.4507152025766 [0.0,5217.550507770901,5464.4682115197675,5711.385915268631,5958.303619017494,6205.221322766358,6452.139026515221,6699.056730264085,6945.974434012953,7192.892137761811,7421.331447154207,7649.770756546597,7878.210065938987,8106.6493753313825,8335.088684723774,8563.527994116166,8791.967303508556,9020.406612900952,9248.845922293342,9477.28523168573] [-78.30847987527989,-2.709849102806402,-2.0315940458667683,-1.462389406524153,-0.9954948219983635,-0.6248033706496017,-0.3447625741922593,-0.1503075470351405,-0.03680409237642834,0.0,-0.030852422027692228,-0.12113700901136326,-0.268189542172081,-0.4695280873710317,-0.722836337172339,-1.0259488434700188,-1.3768378860283974,-1.7736017617583002,-2.2144543121365814,-2.697715533202995] False 58591.00000212926 58592.00000212926
132.83117061068992 153.091119887046 176.4411988580621 9.866237997413785e-12 5.172399175069985e-12 7.143677013896085e-12 3.1218938976233137e-10 4.754562780017143e-08 0.012760733552744197 3.886012075440325e-08 5.658906900107332e-09 5.93442999624229e-09 5.383383803972374e-09 4.888426037706404e-08 0.0009107604139119534 0.00013262718413058384 0.00013908458889944945 0.00012616977936171823 0.0011456950814994512 5439.792515648656 792.1560408035615 830.7248472598168 753.5872343473062 6843.010998673789 112.18860133596422 -698.5128886798962 [0.0,3721.308710295306,3936.1191859644737,4150.929661633642,4365.740137302809,4580.550612971979,4795.361088641148,5010.171564310317,5224.982039979485,5439.792515648656,5642.50662174266,5845.220727836668,6047.934833930668,6250.648940024676,6453.3630461186785,6656.077152212687,6858.791258306691,7061.505364400697,7264.2194704947005,7466.933576588706] [-56.09430066798211,-2.707932027708466,-2.023555390810543,-1.4521942683066982,-0.9857675546103337,-0.6170760208405,-0.33967480318153775,-0.1477685542816971,-0.03612452915513131,0.0,-0.03128312381636533,-0.122659232854744,-0.2710783883218255,-0.4737282493329076,-0.7280093463826915,-1.0315135460123201,-1.3820052188737009,-1.7774047090020986,-2.215773770848159,-2.695302696158933] False 58591.00000212926 58592.00000212926
176.4411988580621 203.35272664697808 234.36890988269914 5.525357287603141e-12 2.865556713023754e-12 3.979098474195614e-12 2.3105976177642102e-10 4.6731106076648664e-08 0.011837712291680319 2.2454788445745285e-08 3.2462730579291006e-09 3.4089431612862593e-09 3.083602954571942e-09 2.8220979132423485e-08 0.0009285578541058918 0.00013424095941921797 0.00014096774744776994 0.000127514171390666 0.0011670032824974386 5643.184905164876 815.8312941941815 856.7124396124393 774.9501487759237 7092.30478095379 133.19087778287485 -670.2216693873244 [0.0,3883.6459713419017,4103.588338069774,4323.530704797646,4543.473071525517,4763.415438253392,4983.357804981263,5203.300171709136,5423.242538437008,5643.184905164876,5852.653626890343,6062.12234861581,6271.5910703412665,6481.059792066733,6690.528513792192,6899.997235517658,7109.465957243123,7318.934678968584,7528.403400694047,7737.872122419509] [-66.59543889143742,-2.7063804650953216,-2.019736817562716,-1.447734870145382,-0.9817077632717428,-0.6139875362051725,-0.3377528778779606,-0.14690532404847545,-0.03596768114641691,0.0,-0.03134807829803776,-0.12311795888092547,-0.2720882329855385,-0.4753009302855844,-0.7300327539890077,-1.0337702073956052,-1.384187989258976,-1.7791301494826257,-2.2165935874064644,-2.694713547503852] False 58591.00000212926 58592.00000212926
234.36890988269914 270.1158072739371 311.3149665447022 3.0282068403798126e-12 1.5536113086330668e-12 2.1690219897673004e-12 1.6735977779831697e-10 4.494921887865009e-08 0.01010399768265239 1.0092581184276986e-08 1.6949190756684555e-09 1.7929334993540032e-09 1.5969046519829082e-09 1.3151888543895289e-08 0.0007363804526182032 0.00012366561668449694 0.00013081699890861193 0.00011651423446038195 0.0009595953167882865 4653.05618471842 781.4208816989873 826.6091850670241 736.2325783309506 6063.510930705809 105.19701543096812 -510.96014541715635 [0.0,3008.031808722683,3213.6598557221496,3419.2879027216177,3624.915949721085,3830.5439967205502,4036.1720437200174,4241.800090719484,4447.428137718953,4653.05618471842,4857.205811089962,5061.355437461504,5265.505063833043,5469.654690204586,5673.804316576127,5877.953942947671,6082.103569319211,6286.253195690753,6490.402822062293,6694.552448433833] [-52.59850771548406,-2.6950891290697427,-2.0007884613854685,-1.4276315845114596,-0.9644278610422248,-0.6015275749595048,-0.33054586132163877,-0.1441465485439153,-0.035870835556011116,0.0,-0.030989026788404317,-0.12387229996977567,-0.2746447390021558,-0.4796919507012376,-0.7357400268173251,-1.039813250703446,-1.389198251508219,-1.7814134518251876,-2.2141828901343388,-2.6854136812128218] False 58591.00000212926 58592.00000212926
311.3149665447022 358.7979888064861 413.52331434760555 1.6241535940919767e-12 8.243129654227542e-13 1.1570699483816779e-12 1.1863106934994473e-10 4.231154186682334e-08 0.008192608445424486 5.3609104364993995e-09 9.891254509483593e-10 1.0433146078060604e-09 9.349362940906587e-10 7.148123459309737e-09 0.0006901421486459127 0.00012733605085997495 0.00013431214598226256 0.00012035995573768737 0.0009202207985805488 4633.177487668204 854.8536346759225 901.6867210709948 808.0205482808503 6177.779890755416 102.2521921378036 -465.3910550931132 [0.0,2866.8394839023454,3087.6317343730784,3308.423984843809,3529.2162353145427,3750.008485785277,3970.8007362560065,4191.59298672674,4412.385237197472,4633.177487668204,4858.695500432001,5084.213513195797,5309.731525959596,5535.249538723395,5760.767551487192,5986.285564250992,6211.803577014789,6437.321589778589,6662.839602542382,6888.357615306185] [-51.1260960689018,-2.6901435264843485,-1.986022102941945,-1.4097665482531738,-0.9476827004402821,-0.5882380619417518,-0.3216217308031446,-0.1394121109332218,-0.034321964070670674,0.0,-0.03221069129256193,-0.12720792276559223,-0.28036003456560366,-0.4875465331790565,-0.7450843027338578,-1.0496668015839532,-1.3983135760999517,-1.7883280453095267,-2.217261970843822,-2.682885372088549] False 58591.00000212926 58592.00000212926
413.52331434760555 476.5900816815941 549.2752115212968 8.524805096157888e-13 4.2803782228359826e-13 6.040644840372218e-13 8.228815212637875e-11 3.897467803619805e-08 0.006397872385555586 2.5934649119138193e-09 5.622966308145411e-10 5.966792069292242e-10 5.279140546998581e-10 3.6236153727155262e-09 0.0005890747079587391 0.00012771899170936832 0.00013552858492598907 0.00011990939849274761 0.0008230611324762463 4293.3577133695735 930.8553071295828 987.7740252851174 873.9365889740483 5998.722766313543 77.6518425322314 -349.0622214867367 [0.0,2414.922843121717,2649.7272019027005,2884.531560683681,3119.335919464663,3354.140278245647,3588.94463702663,3823.7489958076117,4058.5533545885937,4293.3577133695735,4544.080211916072,4794.802710462568,5045.5252090090635,5296.247707555557,5546.970206102051,5797.692704648547,6048.415203195042,6299.137701741536,6549.860200288028,6800.582698834528] [-38.8259212661157,-2.704561915972022,-1.981195602115406,-1.396974283331474,-0.9337788559865885,-0.5769468973193739,-0.3144291304146236,-0.13619129591029377,-0.03377984361378594,0.0,-0.03273931399024832,-0.13021183877640397,-0.28681186531440517,-0.4976579141687125,-0.7584707154896932,-1.065476150064228,-1.4153272173659843,-1.8050406886176802,-2.2319452228547902,-2.6936385241935454] False 58591.00000212926 58592.00000212926
