data/PKS1830-211_allsed_1d_min11.ecsv
# %ECSV 1.0
# ---
# datatype:
# - {name: e_min, unit: MeV, datatype: float64}
# - {name: e_ref, unit: MeV, datatype: float64}
# - {name: e_max, unit: MeV, datatype: float64}
# - {name: ref_dnde_e_min, unit: ph / (cm2 MeV s), datatype: float64}
# - {name: ref_dnde_e_max, unit: ph / (cm2 MeV s), datatype: float64}
# - {name: ref_dnde, unit: ph / (cm2 MeV s), datatype: float64}
# - {name: ref_flux, unit: ph / (cm2 s), datatype: float64}
# - {name: ref_eflux, unit: MeV / (cm2 s), datatype: float64}
# - {name: ref_npred, datatype: float64}
# - {name: dnde, unit: ph / (cm2 MeV s), datatype: float64}
# - {name: dnde_err, unit: ph / (cm2 MeV s), datatype: float64}
# - {name: dnde_errp, unit: ph / (cm2 MeV s), datatype: float64}
# - {name: dnde_errn, unit: ph / (cm2 MeV s), datatype: float64}
# - {name: dnde_ul, unit: ph / (cm2 MeV s), datatype: float64}
# - {name: e2dnde, unit: MeV / (cm2 s), datatype: float64}
# - {name: e2dnde_err, unit: MeV / (cm2 s), datatype: float64}
# - {name: e2dnde_errp, unit: MeV / (cm2 s), datatype: float64}
# - {name: e2dnde_errn, unit: MeV / (cm2 s), datatype: float64}
# - {name: e2dnde_ul, unit: MeV / (cm2 s), datatype: float64}
# - {name: norm, datatype: float64}
# - {name: norm_err, datatype: float64}
# - {name: norm_errp, datatype: float64}
# - {name: norm_errn, datatype: float64}
# - {name: norm_ul, datatype: float64}
# - {name: ts, datatype: float64}
# - {name: loglike, datatype: float64}
# - {name: norm_scan, datatype: string, subtype: 'float64[20]'}
# - {name: dloglike_scan, datatype: string, subtype: 'float64[20]'}
# - {name: ShowUL, datatype: bool}
# - {name: tstart, datatype: float64}
# - {name: tend, datatype: float64}
# meta: !!omap
# - {UL_CONF: 0.95}
# - {EXTNAME: SED}
# - {CONFIG: '{"bin_index": 2.0, "use_local_index": true, "free_background": false, "free_radius": null, "free_pars": [], "ul_confidence":
#     0.95, "cov_scale": 3.0, "make_plots": false, "write_fits": true, "write_npy": true, "optimizer": {"optimizer": "MINUIT", "tol":
#     0.001, "max_iter": 100, "init_lambda": 0.0001, "retries": 3, "min_fit_quality": 2, "verbosity": 0}, "prefix": "", "outfile": null,
#     "loge_bins": []}'}
# - {SRCNAME: 4FGL J1833.6-2103}
# - {CREATOR: fermipy 1.2.0}
# - {STVER: 2.2.0}
# schema: astropy-2.0
e_min e_ref e_max ref_dnde_e_min ref_dnde_e_max ref_dnde ref_flux ref_eflux ref_npred dnde dnde_err dnde_errp dnde_errn dnde_ul e2dnde e2dnde_err e2dnde_errp e2dnde_errn e2dnde_ul norm norm_err norm_errp norm_errn norm_ul ts loglike norm_scan dloglike_scan ShowUL tstart tend
[from data line 966]
5323.411028602609 6135.359285332078 7071.149185711414 7.122542982193114e-16 3.0763333785653015e-16 4.680952543701619e-16 8.25897503935234e-13 5.0179736490429435e-09 6.52955881721845e-05 7.901378738453361e-12 7.984433902734855e-12 1.001747370145731e-11 5.9513941040123976e-12 2.870860299610513e-11 0.0002974287044712484 0.00030055511958557146 0.00037708409174200177 0.00022402614742914113 0.0010806674226050772 16879.852262302757 17057.284448393268 21400.502585603354 12714.066311183182 61330.68585524015 12.372061141543238 -14.257863446505793 [0.0,1875.5391402558619,3751.0782805117237,5626.617420767584,7502.1565610234475,9377.695701279308,11253.234841535168,13128.773981791026,15004.313122046895,16879.852262302757,23944.146275072624,31008.440287842477,38072.73430061235,45137.02831338222,52201.3223261521,59265.61633892195,66329.9103516918,73394.20436446166,80458.49837723155,87522.79239000143] [-6.186030570771619,-1.3214656230589146,-0.7398038624884897,-0.44371972677907756,-0.2650395688636973,-0.15086053128094257,-0.07757664127213815,-0.03258137343815193,-0.008343099341749038,0.0,-0.06396084530355317,-0.2210779373656866,-0.4334463403359319,-0.6826577897117208,-0.958339975602529,-1.254051467029944,-1.5655058961313255,-1.889699470522606,-2.22444071576526,-2.5680784254130433] False 58603.00000212926 58604.00000212926
100.0 115.25240587974294 132.83117061068992 1.5351128718306372e-11 8.252569920660486e-12 1.1255499238544787e-11 3.700361306626168e-10 4.2451601090606264e-08 0.006496376052662853 6.606654484756476e-08 1.3567540464147448e-08 1.4335062492153442e-08 1.2800018436141456e-08 9.037450638546052e-08 0.0008775696490305679 0.00018021922821606106 0.00019041431316101375 0.00017002414327110837 0.0012004551476544004 5869.71252428484 1205.4143647120518 1273.6052118472542 1137.2235175768496 8029.36453284723 47.45510419676771 -459.37010031333546 [0.0,3301.19279498501,3622.2577611474885,3943.322727309968,4264.387693472445,4585.452659634923,4906.5176257974035,5227.582591959878,5548.647558122357,5869.71252428484,6184.052718602165,6498.392912919497,6812.733107236831,7127.073301554158,7441.413495871493,7755.753690188824,8070.093884506152,8384.434078823486,8698.774273140818,9013.114467458146] [-23.727552098383853,-2.701320632694433,-1.9974041633500406,-1.4184666521593385,-0.9524320102722754,-0.5889937861106773,-0.3192743753937748,-0.13556418742092546,-0.031118942973705543,0.0,-0.03550786698360753,-0.13185716164088035,-0.28510023463275047,-0.4916809016395973,-0.7483828303498967,-1.0522863231735755,-1.4007318866743503,-1.7912893308911748,-2.221731407792788,-2.690011201213963] False 58604.00000212926 58605.00000212926
132.83117061068992 153.091119887046 176.4411988580621 9.395721953934603e-12 4.959697702904952e-12 6.826414915024076e-12 2.982634468519106e-10 4.5432111196218496e-08 0.007834348252609813 2.7451923980992235e-08 6.51625820611062e-09 6.916669815646539e-09 6.1158465965747e-09 3.928042400867842e-08 0.0006433877497607871 0.00015272083322803373 0.00016210523647116476 0.00014333642998490268 0.0009206110154644157 4021.4262277808557 954.565212813121 1013.2214202837017 895.9090053425401 5754.1805614872865 33.9591216031705 -458.95584934355657 [0.0,2015.5255404965767,2266.2631264071106,2517.000712317645,2767.738298228181,3018.475884138715,3269.213470049251,3519.951055959788,3770.6886418703234,4021.4262277808557,4274.003645947347,4526.58106411384,4779.1584822803325,5031.7359004468235,5284.3133186133155,5536.890736779808,5789.468154946298,6042.045573112789,6294.622991279283,6547.2004094457725] [-16.97956080158525,-2.7115039442174975,-2.0001648237288236,-1.4185371043105874,-0.9524297553163024,-0.5900585412553028,-0.32150549040937904,-0.13832621178403315,-0.03325821011105745,0.0,-0.033516087941961814,-0.12935044145632446,-0.2831130242335007,-0.4908945925645867,-0.749195923029788,-1.0548699664126389,-1.4050741406138627,-1.797230661542926,-2.228993308791189,-2.6982193889975292] False 58604.00000212926 58605.00000212926
176.4411988580621 203.35272664697808 234.36890988269914 5.544626566743586e-12 2.8739122465794602e-12 3.991837946720054e-12 2.3180361826873245e-10 4.688091851253464e-08 0.008196107125078376 1.3065428172120027e-08 3.3178024242323667e-09 3.5356727801874156e-09 3.0999320682773178e-09 1.913474197200979e-08 0.0005402859161105657 0.000137198865481909 0.00014620831265117147 0.00012818941831264655 0.0007912661919451733 3273.035716005307 831.1465717085241 885.725529788239 776.5676136288092 4793.466625500692 31.206321340926706 -435.2398418272011 [0.0,1548.6058940962612,1764.1596218348918,1979.713349573523,2195.267077312154,2410.8208050507837,2626.3745327894158,2841.9282605280464,3057.481988266677,3273.035716005307,3495.6552224295615,3718.2747288538153,3940.894235278069,4163.513741702323,4386.133248126577,4608.752754550828,4831.372260975083,5053.991767399337,5276.611273823591,5499.230780247844] [-15.603160670463353,-2.708117916194169,-1.984286877149259,-1.3983381348278954,-0.9329592280366228,-0.574136928919927,-0.3103389156872822,-0.13193984471331532,-0.030807892968198303,0.0,-0.03565946503459827,-0.13423571355588138,-0.29074634578819314,-0.5008176287670949,-0.760585799190892,-1.0666180105213243,-1.415848346395876,-1.8055255330565956,-2.233169838791923,-2.696537262206334] False 58604.00000212926 58605.00000212926
234.36890988269914 270.1158072739371 311.3149665447022 3.154763074180695e-12 1.605624925459264e-12 2.2506368489436564e-12 1.737019355314405e-10 4.664377082337544e-08 0.007584958069434815 5.574480397160045e-09 1.6422289757486643e-09 1.7524892053917506e-09 1.531968746105578e-09 8.606452188221873e-09 0.0004067283010184758 0.0001198212126694091 0.0001278660801148999 0.00011177634522391831 0.0006279486924190408 2476.8457869053577 729.6730152265345 778.6636952177722 680.6823352352968 3824.0074991491133 24.85609530345107 -359.8140514544091 [0.0,1014.7229077609054,1197.4882676539619,1380.2536275470188,1563.0189874400753,1745.7843473331309,1928.5497072261876,2111.3150671192443,2294.0804270123012,2476.8457869053577,2676.5571364597877,2876.2684860142176,3075.979835568647,3275.691185123076,3475.4025346775074,3675.1138842319374,3874.825233786365,4074.5365833407977,4274.247932895224,4473.959282449655] [-12.428047651725535,-2.694285467765667,-1.9489506970188017,-1.3578598741215728,-0.8965232459565868,-0.5461942089031595,-0.2921506305373782,-0.12258571571919674,-0.02786313310866717,0.0,-0.03813234339122573,-0.1407512685628376,-0.3016288693607976,-0.5154465678233464,-0.7776212855185918,-1.0841719814594626,-1.4316156753312725,-1.8168853782248107,-2.2372645508796722,-2.6903342031814077] False 58604.00000212926 58605.00000212926
311.3149665447022 358.7979888064861 413.52331434760555 1.730666942847011e-12 8.649022004576205e-13 1.2234613386321773e-12 1.2550278563340872e-10 4.474613608602522e-08 0.006428245753067309 4.962087120093342e-09 1.1456380241791614e-09 1.2195973694413192e-09 1.0716786789170035e-09 7.075062180323196e-09 0.0006387992314726319 0.00014748485298212704 0.0001570060830150243 0.00013796362294922978 0.0009108151820048099 4055.7776232152337 936.3908674547722 996.8417725441344 875.93996236541 5782.824480774419 55.22400656052446 -391.5245016112192 [0.0,2164.9927380488116,2401.340848694614,2637.6889593404167,2874.037069986219,3110.3851806320213,3346.733291277825,3583.081401923629,3819.42951256943,4055.7776232152337,4309.966739252203,4564.15585528917,4818.344971326141,5072.534087363111,5326.723203400078,5580.912319437049,5835.1014354740155,6089.290551510987,6343.479667547952,6597.668783584922] [-27.61200328026223,-2.703299642690695,-1.9783171121241026,-1.3939007384776687,-0.9312601632501014,-0.5752836129449861,-0.3136185466761958,-0.1360258585409042,-0.03391469208077069,0.0,-0.03252173744101583,-0.13005975030955597,-0.28687562706107883,-0.4979896069671099,-0.7590499324159055,-1.0662294746437624,-1.4161430249085925,-1.805780448219764,-2.232452157231876,-2.6937442585019085] False 58604.00000212926 58605.00000212926
413.52331434760555 476.5900816815941 549.2752115212968 9.15401354268837e-13 4.492277761747761e-13 6.412672724266917e-13 8.742532430471827e-11 4.138549727789893e-08 0.005121078229962904 2.4606736614562772e-09 6.309632125763268e-10 6.762013984492739e-10 5.857250267033797e-10 3.643156005862161e-09 0.0005589127548421158 0.00014331578903330026 0.00015359110488942434 0.00013304047317717622 0.0008274995548783789 3837.2044968778223 983.9317234896891 1054.476701875622 913.3867451037563 5681.181876124263 48.763926997776025 -281.28090451276853 [0.0,1904.3601366924672,2145.9656817156365,2387.571226738806,2629.1767717619764,2870.782316785144,3112.387861808314,3353.9934068314824,3595.5989518546517,3837.2044968778223,4109.972382634547,4382.74026839127,4655.508154147993,4928.2760399047165,5201.043925661441,5473.811811418163,5746.579697174889,6019.3475829316085,6292.115468688336,6564.8833544450545] [-24.381963498888013,-2.701870119422267,-1.9623223746430085,-1.3739792556030466,-0.9133407451807329,-0.5621525164684726,-0.30592780286156085,-0.13296090686202433,-0.033647003629937444,0.0,-0.03255332738882544,-0.13213306858813212,-0.2918897264921725,-0.5060011727451865,-0.7694740687383046,-1.0779914910547745,-1.4277943511400508,-1.8155879397846775,-2.2384674276264604,-2.6938578587830193] False 58604.00000212926 58605.00000212926
549.2752115212968 633.0528961793416 729.6086933380817 4.668617190243361e-13 2.2495451451210098e-13 3.240719848234403e-13 5.872975455814206e-11 3.6912801795299113e-08 0.00382832089538325 9.471544807538484e-10 3.2295264806026454e-10 3.5047577948208266e-10 2.954295166384464e-10 1.5703108263315538e-09 0.0003795778120691727 0.00012942520153111007 0.00014045526074391243 0.00011839514231830773 0.0006293114374046569 2922.6669539789855 996.5460242921472 1081.4750916313471 911.6169569529474 4845.561788338738 27.508374074028893 -262.764944410611 [0.0,1082.6711566151178,1312.6706312856018,1542.670105956085,1772.6695806265686,2002.6690552970522,2232.6685299675355,2462.6680046380193,2692.6674793085026,2922.6669539789855,3211.7928188771953,3500.9186837754073,3790.0445486736144,4079.170413571824,4368.296278470032,4657.422143368246,4946.548008266451,5235.673873164665,5524.7997380628685,5813.92560296108] [-13.754187037014447,-2.697916096359222,-1.9021894489309261,-1.2985328474613311,-0.8438055102349722,-0.5082264573990756,-0.270322283149369,-0.11407009739127716,-0.027178379092561045,0.0,-0.038807302360396534,-0.1476856191017646,-0.3170225763325334,-0.5391035611506823,-0.8076377709670055,-1.1174244254993368,-1.464111981292433,-1.8440207690520651,-2.2540099282748542,-2.6913759395475267] False 58604.00000212926 58605.00000212926
729.6086933380817 840.8915725798939 969.1477682383326 2.2955840895487356e-13 1.0861149846911083e-13 1.5790086378096179e-13 3.803653137088304e-11 3.174192056274043e-08 0.002714745614403019 4.365266242385668e-10 1.88101575589299e-10 2.0664104214005914e-10 1.6956210903853886e-10 8.117970181829751e-10 0.00030866738094166216 0.00013300636768587593 0.00014611559921158296 0.00011989713616016891 0.0005740205649446197 2764.56134428822 1191.263752997775 1308.675818434465 1073.8516875610853 5141.18161702453 20.543973513102685 -192.94688795364988 [0.0,716.8373064625841,972.8028111907881,1228.768315918993,1484.733820647197,1740.6993253754024,1996.6648301036062,2252.630334831812,2508.5958395600155,2764.56134428822,3126.09068020191,3487.6200161155966,3849.1493520292875,4210.6786879429765,4572.208023856663,4933.737359770351,5295.26669568404,5656.796031597727,6018.3253675114165,6379.854703425106] [-10.271986756551343,-2.6819618881661427,-1.8202585646961893,-1.209638652542111,-0.7704151372049637,-0.4568619054406895,-0.24003069555641332,-0.10031186452434326,-0.023744169739870813,0.0,-0.041550449620814334,-0.15636391263115001,-0.33220197344121516,-0.5597938540755649,-0.83193049361563,-1.1428830963754422,-1.4880152346996738,-1.8635155633793374,-2.266208500767249,-2.6934169131365877] False 58604.00000212926 58605.00000212926
969.1477682383326 1116.9661194245136 1287.3303254983532 1.0883045611965281e-13 5.056024851333007e-14 7.417880362494861e-14 2.3752419196537622e-11 2.631805091932992e-08 0.001827553645730326 3.418561593294689e-10 1.2892613621254195e-10 1.4510927929924653e-10 1.1274299312583738e-10 5.94285874595015e-10 0.0004265042951488985 0.00016084996379604798 0.0001810402685400869 0.00014065965905200905 0.0007414389682439872 4608.542368220297 1738.0455050798382 1956.2094858381056 1519.881524321571 8011.532210734366 27.943829004693953 -128.71195675279552 [0.0,1539.8516542144182,1923.437993465153,2307.0243327158882,2690.6106719666236,3074.1970112173576,3457.783350468091,3841.369689718828,4224.956028969562,4608.542368220297,5122.454359978268,5636.366351736236,6150.278343494204,6664.19033525217,7178.102327010149,7692.01431876811,8205.926310526082,8719.838302284057,9233.750294042018,9747.662285799988] [-13.971914502346976,-2.69952590285439,-1.87141806515055,-1.261066161389266,-0.811013332051175,-0.4843259516667331,-0.2557620781963976,-0.1072578922542391,-0.02541393174374207,0.0,-0.04069145062311463,-0.15363185358910414,-0.32752298498755295,-0.5535711429532455,-0.8247908362190799,-1.1355361638497925,-1.4811756677898131,-1.8578607761884314,-2.262357139062317,-2.691919330743758] False 58604.00000212926 58605.00000212926
1709.9759409858673 1970.7884119509856 2271.3810595726877 2.1924103437357927e-14 9.820484060712023e-15 1.4673285533648373e-14 8.302604785281041e-12 1.621764347582961e-08 0.0006971358329527777 4.36191628170918e-11 3.149384693781699e-11 3.6702730261076864e-11 2.6284963614557104e-11 1.165368422059901e-10 0.00016941713217510796 0.0001223223208510561 0.00014255365995680447 0.00010209098174530772 0.00045262990676991314 2972.6922928791605 2146.3391321320755 2501.3300652339367 1791.348199030214 7942.109620831069 10.557276487120276 -49.77891942233401 [0.0,258.16214775360805,597.4784158943021,936.794684034996,1276.11095217569,1615.4272203163846,1954.7434884570787,2294.0597565977737,2633.376024738468,2972.6922928791605,3764.3054255416514,4555.918558204142,5347.531690866632,6139.144823529125,6930.757956191612,7722.371088854099,8513.984221516595,9305.597354179083,10097.210486841577,10888.823619504064] [-5.278638243560138,-2.6153008248910368,-1.4547418649256372,-0.8662698724463169,-0.5126965532084853,-0.2880620678344883,-0.14510725427923887,-0.058601368354828764,-0.013474244808300284,0.0,-0.05779148796924716,-0.20309141496058203,-0.4084284830191365,-0.6575999166628748,-0.940237131974655,-1.249298284609317,-1.5797786047429483,-1.9279911569467174,-2.291139677309573,-2.6670517567497] False 58604.00000212926 58605.00000212926
