data/PKS1830-211_allsed_1d_min11.ecsv
# %ECSV 1.0
# ---
# datatype:
# - {name: e_min, unit: MeV, datatype: float64}
# - {name: e_ref, unit: MeV, datatype: float64}
# - {name: e_max, unit: MeV, datatype: float64}
# - {name: ref_dnde_e_min, unit: ph / (MeV s cm2), datatype: float64}
# - {name: ref_dnde_e_max, unit: ph / (MeV s cm2), datatype: float64}
# - {name: ref_dnde, unit: ph / (MeV s cm2), datatype: float64}
# - {name: ref_flux, unit: ph / (s cm2), datatype: float64}
# - {name: ref_eflux, unit: MeV / (s cm2), datatype: float64}
# - {name: ref_npred, datatype: float64}
# - {name: dnde, unit: ph / (MeV s cm2), datatype: float64}
# - {name: dnde_err, unit: ph / (MeV s cm2), datatype: float64}
# - {name: dnde_errp, unit: ph / (MeV s cm2), datatype: float64}
# - {name: dnde_errn, unit: ph / (MeV s cm2), datatype: float64}
# - {name: dnde_ul, unit: ph / (MeV s cm2), datatype: float64}
# - {name: e2dnde, unit: MeV / (s cm2), datatype: float64}
# - {name: e2dnde_err, unit: MeV / (s cm2), datatype: float64}
# - {name: e2dnde_errp, unit: MeV / (s cm2), datatype: float64}
# - {name: e2dnde_errn, unit: MeV / (s cm2), datatype: float64}
# - {name: e2dnde_ul, unit: MeV / (s cm2), datatype: float64}
# - {name: norm, datatype: float64}
# - {name: norm_err, datatype: float64}
# - {name: norm_errp, datatype: float64}
# - {name: norm_errn, datatype: float64}
# - {name: norm_ul, datatype: float64}
# - {name: ts, datatype: float64}
# - {name: loglike, datatype: float64}
# - {name: norm_scan, datatype: string, subtype: 'float64[20]'}
# - {name: dloglike_scan, datatype: string, subtype: 'float64[20]'}
# - {name: ShowUL, datatype: bool}
# - {name: tstart, datatype: float64}
# - {name: tend, datatype: float64}
# meta: !!omap
# - {UL_CONF: 0.95}
# - {EXTNAME: SED}
# - {CONFIG: '{"bin_index": 2.0, "use_local_index": true, "free_background": false, "free_radius": null, "free_pars": [], "ul_confidence":
#     0.95, "cov_scale": 3.0, "make_plots": false, "write_fits": true, "write_npy": true, "optimizer": {"optimizer": "MINUIT", "tol":
#     0.001, "max_iter": 100, "init_lambda": 0.0001, "retries": 3, "min_fit_quality": 2, "verbosity": 0}, "prefix": "", "outfile": null,
#     "loge_bins": []}'}
# - {SRCNAME: 4FGL J1833.6-2103}
# - {CREATOR: fermipy 1.2.0}
# - {STVER: 2.2.0}
# schema: astropy-2.0
e_min e_ref e_max ref_dnde_e_min ref_dnde_e_max ref_dnde ref_flux ref_eflux ref_npred dnde dnde_err dnde_errp dnde_errn dnde_ul e2dnde e2dnde_err e2dnde_errp e2dnde_errn e2dnde_ul norm norm_err norm_errp norm_errn norm_ul ts loglike norm_scan dloglike_scan ShowUL tstart tend
[from data line 2942]
9392.473966813408 10825.05221838098 12476.13311942254 2.371932521685323e-17 8.234667104240598e-18 1.397571991340712e-17 4.4032463713564777e-14 4.696259099260878e-10 6.339386602327579e-06 2.1515917577005316e-12 2.2117133236759286e-12 2.7735504473832528e-12 1.6498761999686048e-12 8.014301725972869e-12 0.0002521272993526791 0.0002591724499989294 0.0003250095104772587 0.00019333538952060015 0.0009391299456020196 153952.12347068277 158253.98171826545 198454.92501052085 118053.03842601007 573444.6436841245 13.851721070433449 -11.551762360085966 [0.0,17105.791496742528,34211.582993485055,51317.374490227594,68423.16598697011,85528.9574837126,102634.74898045519,119740.54047719773,136846.33197394022,153952.12347068277,222828.5339461072,291704.94442153187,360581.35489695653,429457.765372381,498334.1758478054,567210.5863232303,636086.9967986548,704963.4072740793,773839.8177495037,842716.2282249286] [-6.925860535216724,-1.326800427673545,-0.7437485946119615,-0.44727153295507627,-0.26830033637186546,-0.15375673736557616,-0.07997965573425958,-0.03434174420827141,-0.009303300638986656,0.0,-0.06696051224069954,-0.2342876507659888,-0.4589572047514494,-0.7207837686485696,-1.0086616397966157,-1.3158227917645249,-1.6378359863846192,-1.9716412025548102,-2.3150364152219574,-2.666384072255193] False 58584.699990555186 58585.699990555186
100.0 115.25240587974294 132.83117061068992 6.2668936627628426e-12 3.762493634629986e-12 4.855836438251206e-12 1.5922792463122392e-10 1.8314830399097438e-08 0.006632978598595593 7.819775156946989e-08 9.375495498067404e-09 9.750668128993436e-09 9.00032286714137e-09 9.454769922632891e-08 0.001038709888009661 0.00012453580420635478 0.0001295192661810545 0.00011955234223165503 0.0012558881566780702 16103.868522728137 1930.7683891930922 2008.0305943140597 1853.5061840721246 19470.939853233518 154.88564872562756 -961.3929803705789 [0.0,11841.117348302363,12373.961245105582,12906.805141908806,13439.649038712027,13972.492935515245,14505.336832318477,15038.180729121692,15571.02462592492,16103.868522728137,16588.337011673833,17072.805500619506,17557.273989565198,18041.7424785109,18526.210967456587,19010.679456402275,19495.147945347955,19979.61643429365,20464.084923239334,20948.553412185018] [-77.44282436281378,-2.7111543274140786,-2.0372505694797383,-1.4695909933572011,-1.002344704150346,-0.630176973369089,-0.3481924818679545,-0.15188663933281532,-0.03710361773244131,0.0,-0.030682485483112032,-0.12013661272465015,-0.2660248780235861,-0.46615408812738224,-0.7184633216123757,-1.0210131479348092,-1.3719759472560327,-1.7696271967736266,-2.2123376082322466,-2.6985660172165353] False 58577.699990555186 58578.699990555186
132.83117061068992 153.091119887046 176.4411988580621 4.723483226092275e-12 2.7465807696992225e-12 3.601864544202337e-12 1.569866992522583e-10 2.396724021902628e-08 0.00869167347279373 5.1269141158610674e-08 5.402292889709665e-09 5.617307640613336e-09 5.187278138805995e-09 6.069232793474746e-08 0.0012015892723965796 0.00012661294954283096 0.00013165222682063032 0.00012157367226503164 0.0014224394736310042 14234.055870072887 1499.8600928525611 1559.555494571586 1440.1646911335365 16850.252748243838 244.92142887602245 -989.1756960265401 [0.0,10920.718011254809,11334.885243607068,11749.052475959332,12163.219708311592,12577.386940663853,12991.554173016102,13405.721405368366,13819.88863772063,14234.055870072887,14610.445782071445,14986.835694070014,15363.22560606858,15739.615518067136,16116.005430065705,16492.39534206426,16868.785254062823,17245.175166061385,17621.565078059954,17997.954990058523] [-122.46071443801122,-2.7096705121745117,-2.0378366939099806,-1.4713248722981689,-1.0045405644838183,-0.6323444205919486,-0.35000292471033845,-0.15314569427334845,-0.0377283353658413,0.0,-0.030159720227629805,-0.11915707319337798,-0.26469842926496767,-0.464627761210636,-0.7169155777398828,-1.0196489645800284,-1.3710226013497504,-1.7693306405504927,-2.212959350258984,-2.7003804350621294] False 58577.699990555186 58578.699990555186
176.4411988580621 203.35272664697808 234.36890988269914 3.33953137422401e-12 1.8807110437448765e-12 2.5061311889914275e-12 1.4519661884951007e-10 2.9422752561803164e-08 0.009867470652127446 2.4329262930669913e-08 2.8650528660551086e-09 2.9961422494656585e-09 2.7339634826445586e-09 2.9401779383045663e-08 0.0010060717442724972 0.00011847661569522162 0.00012389746732559308 0.00011305576406485015 0.0012158321258194152 9707.896792290847 1143.2174335646516 1195.5249041337825 1090.9099629955208 11731.93945799708 216.28018890565545 -846.2816036517282 [0.0,7226.019758554584,7536.254387771621,7846.48901698865,8156.72364620568,8466.958275422714,8777.19290463975,9087.42753385678,9397.662163073814,9707.896792290847,9998.80039979256,10289.704007294275,10580.607614795988,10871.511222297699,11162.414829799412,11453.318437301126,11744.222044802835,12035.125652304547,12326.029259806262,12616.932867307978] [-108.14009445282773,-2.7070437033913777,-2.033102501645203,-1.4669698612907496,-1.0019683907498802,-0.632046421885093,-0.351700631697895,-0.15591041432264774,-0.04008190697697955,0.0,-0.027775616934832215,-0.11578473065992512,-0.26128248101872487,-0.4617145664956297,-0.7146996561817787,-1.0180138097146028,-1.3695766339590136,-1.767438947265191,-2.209771756866985,-2.6948563838036534] False 58577.699990555186 58578.699990555186
234.36890988269914 270.1158072739371 311.3149665447022 2.214735040878436e-12 1.2079942669370245e-12 1.6356610994230114e-12 1.259795744702337e-10 3.388431532093128e-08 0.009960685567099864 1.9308615398803676e-08 1.9679681937754713e-09 2.047058224605792e-09 1.8888781629451504e-09 2.2743649743200825e-08 0.0014088058037078296 0.00014358797643641895 0.0001493585867131191 0.00013781736615971882 0.0016594346665429274 11804.777533448032 1203.1637815863464 1251.5173377467395 1154.8102254259534 13904.866815762614 358.70750762144826 -832.6292356429306 [0.0,9169.096151463013,9498.556324211135,9828.016496959262,10157.476669707392,10486.936842455521,10816.39701520365,11145.857187951775,11475.31736069991,11804.777533448032,12106.615330980692,12408.453128513342,12710.290926046002,13012.12872357865,13313.966521111313,13615.804318643957,13917.642116176614,14219.479913709276,14521.317711241933,14823.155508774587] [-179.35375381072413,-2.7070818498859808,-2.0337376636039153,-1.4669177480234339,-1.0006301214086761,-0.6293900589871555,-0.34816343220575163,-0.15231782943419603,-0.03758020055090583,0.0,-0.03016792917242128,-0.11940177049814338,-0.2652492044212522,-0.4654119896612201,-0.7177331071538902,-1.0201852316223494,-1.3708603683787715,-1.7679605157993592,-2.2097892331330513,-2.6947440095522097] False 58577.699990555186 58578.699990555186
311.3149665447022 358.7979888064861 413.52331434760555 1.3777522365358525e-12 7.278146114976983e-13 1.001373161600821e-12 1.0254009699655435e-10 3.6607011140399885e-08 0.009208129996607348 9.29975783973955e-09 1.1217124213491186e-09 1.1727317016721107e-09 1.0706931410261265e-09 1.1280905480487266e-08 0.0011972135952331802 0.00014440476665344057 0.0001509727845603896 0.00013783674874649155 0.0014522586115165 9287.005280701458 1120.1742410950183 1171.123559770018 1069.2249224200186 11265.436216058875 270.6066828977896 -718.4031290098405 [0.0,6879.358046019757,7180.313950354971,7481.269854690184,7782.225759025401,8083.1816633606095,8384.13756769582,8685.093472031038,8986.049376366249,9287.005280701458,9571.610796211417,9856.216311721375,10140.82182723133,10425.427342741288,10710.032858251248,10994.638373761207,11279.24388927116,11563.849404781115,11848.454920291073,12133.06043580104] [-135.3033414488948,-2.7058268895085575,-2.026856702931809,-1.4584843031842638,-0.9932340703505815,-0.6243881288817192,-0.34588552852528665,-0.15223783169517446,-0.03845798127872513,0.0,-0.02916742063791844,-0.11874535225092586,-0.2657515480913162,-0.46742621681494256,-0.7212100638525953,-1.0247250053846528,-1.375757171043233,-1.7722418746267294,-2.2122502836219837,-2.693977560553776] False 58577.699990555186 58578.699990555186
413.52331434760555 476.5900816815941 549.2752115212968 8.039551446089838e-13 4.113506437622451e-13 5.750717053471463e-13 7.829010519077182e-11 3.7097533491684315e-08 0.007880742150089215 3.8906812591908435e-09 5.779791362632429e-10 6.038611842271509e-10 5.520970882993348e-10 4.921581168123965e-09 0.0008837219720960488 0.000131281086293651 0.00013715988564646825 0.00012540228694083377 0.0011178786248426385 6765.558491253198 1005.0557711135198 1050.0624158905987 960.0491263364407 8558.204346278897 213.51338011399457 -470.3050032978572 [0.0,4679.087697121476,4939.89654638794,5200.705395654406,5461.5142449208715,5722.323094187338,5983.131943453803,6243.9407927202665,6504.749641986735,6765.558491253198,7025.610941057521,7285.663390861841,7545.715840666162,7805.768290470489,8065.820740274812,8325.873190079135,8585.925639883448,8845.978089687776,9106.030539492105,9366.082989296425] [-106.75669005699729,-2.699202151903421,-2.00899362068742,-1.4375825902790211,-0.9744790257532259,-0.6105514190950885,-0.3377996593494572,-0.1491737340382997,-0.03842755250178698,0.0,-0.028740502610844487,-0.12000661303193283,-0.2698038647104113,-0.4745166935181828,-0.7308615049583977,-1.0358468318452765,-1.3867393298455113,-1.7810346097516572,-2.216432100627003,-2.6908132907959725] False 58577.699990555186 58578.699990555186
549.2752115212968 633.0528961793416 729.6086933380817 4.400798351238125e-13 2.180697070322275e-13 3.09787153891572e-13 5.608457993125637e-11 3.5273510587615255e-08 0.0061776208402379434 1.8217247562525806e-09 3.406175244753634e-10 3.5900749737604115e-10 3.222275515746856e-10 2.4359676922119873e-09 0.0007300670706010296 0.0001365045062024862 0.00014387439761882082 0.0001291346147861516 0.0009762285938246205 5880.569072564576 1099.5211395840586 1158.8843916416774 1040.1578875264397 7863.359282691869 133.43115869810993 -458.86918120379363 [0.0,3626.650726438239,3908.3905197040294,4190.130312969822,4471.870106235611,4753.609899501405,5035.349692767197,5317.08948603299,5598.829279298782,5880.569072564576,6170.601753888156,6460.634435211737,6750.667116535319,7040.699797858895,7330.732479182478,7620.765160506065,7910.797841829642,8200.830523153221,8490.863204476804,8780.895885800383] [-66.71557934905496,-2.6933321801791408,-1.982550900923286,-1.4033057273251757,-0.9406016599455711,-0.581965296485464,-0.3169000137468174,-0.13648207294238546,-0.03305581906175803,0.0,-0.03339992942505887,-0.1297550370099998,-0.2842216683108063,-0.4925168289873909,-0.7508332217714155,-1.055769960223472,-1.4042755891296679,-1.7936008610654426,-2.2212593174494373,-2.6849941652495204] False 58577.699990555186 58578.699990555186
729.6086933380817 840.8915725798939 969.1477682383326 2.2595521352699985e-13 1.0844081840478295e-13 1.5653360111393152e-13 3.768676978055952e-11 3.1460590059045953e-08 0.00447185126323324 1.1012422346919138e-09 2.0837570321022688e-10 2.20673392257061e-10 1.960780141633928e-10 1.4807380467183658e-09 0.0007786868829767584 0.00014734217568967083 0.00015603785485091885 0.00013864649652842282 0.0010470278543455909 7035.18111673918 1331.1883309869206 1409.7509460377514 1252.6257159360898 9459.55396273433 140.45034966117385 -380.6502320633258 [0.0,4319.566115163135,4659.017990360139,4998.469865557143,5337.921740754152,5677.373615951156,6016.825491148162,6356.277366345164,6695.729241542173,7035.18111673918,7390.898307467916,7746.6154981966565,8102.332688925395,8458.04987965413,8813.76707038287,9169.484261111606,9525.201451840348,9880.918642569086,10236.63583329783,10592.353024026563] [-70.22517483058692,-2.6920436259936764,-1.9771671792293546,-1.3966062612048518,-0.934352555281464,-0.5771424070438229,-0.31385801634553445,-0.135084405118846,-0.032775738009036104,0.0,-0.033715649036253126,-0.1311560701596477,-0.2870510732605567,-0.4967678040879946,-0.7562111907137705,-1.0617431913249789,-1.410116722695534,-1.7984211680143858,-2.2240371031191444,-2.684598424791261] False 58577.699990555186 58578.699990555186
969.1477682383326 1116.9661194245136 1287.3303254983532 1.0882442022649193e-13 5.058285423201503e-14 7.419332709348038e-14 2.3756591502428254e-11 2.63229849786799e-08 0.002989588771260321 4.490316622698822e-10 1.0759538278678956e-10 1.15889384911852e-10 9.93013806617271e-11 6.530145637368495e-10 0.0005602178793314646 0.0001342374318683214 0.00014458513932882666 0.00012388972440781611 0.0008147096626102587 6052.183934333093 1450.2029630134261 1561.9920207357245 1338.4139052911275 8801.52689357197 111.38198653933705 -214.06586385644306 [0.0,3240.257819446715,3591.748583807511,3943.239348168309,4294.730112529107,4646.2208768899045,4997.711641250699,5349.2024056115,5700.6931699722945,6052.183934333093,6460.773176924642,6869.362419516193,7277.951662107735,7686.540904699288,8095.130147290835,8503.719389882384,8912.308632473936,9320.897875065486,9729.487117657038,10138.076360248584] [-55.690993269668525,-2.7036424281129143,-1.95515211224847,-1.3636318228842583,-0.9032954198255823,-0.5542572290457315,-0.3008551064116318,-0.1305307211159743,-0.03305843192742941,0.0,-0.03325768138620333,-0.13485297106655025,-0.29712128005712657,-0.513625653663695,-0.7789073529773702,-1.0882967947418933,-1.4377681151485149,-1.8238258009077697,-2.2434152542021195,-2.6938514688641817] False 58577.699990555186 58578.699990555186
1287.3303254983532 1483.6791717563765 1709.9759409858673 4.9163575080895605e-14 2.2132321752721866e-14 3.2986422391712676e-14 1.4048471124171895e-11 2.0661101911192462e-08 0.0018480595700647307 2.520735334750721e-10 6.824797047627403e-11 7.379767879262802e-11 6.269826215992002e-11 3.8257872064743486e-10 0.0005548904484696612 0.00015023452253256457 0.00016245111700832697 0.00013801792805680213 0.0008421720239661651 7641.736059815987 2068.97158066527 2237.2137819701397 1900.7293793603994 11598.06650458559 92.21296019843413 -150.36125357510656 [0.0,3721.1929696385155,4211.260855910699,4701.328742182883,5191.396628455066,5681.4645147272495,6171.532400999432,6661.600287271617,7151.668173543798,7641.736059815987,8233.66920216921,8825.602344522436,9417.535486875668,10009.468629228892,10601.40177158212,11193.334913935349,11785.268056288569,12377.201198641798,12969.13434099503,13561.06748334825] [-46.106480099217066,-2.6981388880088275,-1.928566992754071,-1.3311645978035074,-0.8731788886771312,-0.5304475494283452,-0.2846262915505804,-0.12145371293161134,-0.029619464954407704,0.0,-0.03663073295615504,-0.14246920651862638,-0.308819577154793,-0.528537427362437,-0.7956803064806479,-1.1052516086637638,-1.4530093503388741,-1.8353210391325092,-2.249051898402371,-2.6914776403288556] False 58577.699990555186 58578.699990555186
