data/PKS1502+106_allsed_14d_min11.ecsv
# %ECSV 1.0
# ---
# datatype:
# - {name: e_min, unit: MeV, datatype: float64}
# - {name: e_ref, unit: MeV, datatype: float64}
# - {name: e_max, unit: MeV, datatype: float64}
# - {name: ref_dnde_e_min, unit: ph / (cm2 MeV s), datatype: float64}
# - {name: ref_dnde_e_max, unit: ph / (cm2 MeV s), datatype: float64}
# - {name: ref_dnde, unit: ph / (cm2 MeV s), datatype: float64}
# - {name: ref_flux, unit: ph / (cm2 s), datatype: float64}
# - {name: ref_eflux, unit: MeV / (cm2 s), datatype: float64}
# - {name: ref_npred, datatype: float64}
# - {name: dnde, unit: ph / (cm2 MeV s), datatype: float64}
# - {name: dnde_err, unit: ph / (cm2 MeV s), datatype: float64}
# - {name: dnde_errp, unit: ph / (cm2 MeV s), datatype: float64}
# - {name: dnde_errn, unit: ph / (cm2 MeV s), datatype: float64}
# - {name: dnde_ul, unit: ph / (cm2 MeV s), datatype: float64}
# - {name: e2dnde, unit: MeV / (cm2 s), datatype: float64}
# - {name: e2dnde_err, unit: MeV / (cm2 s), datatype: float64}
# - {name: e2dnde_errp, unit: MeV / (cm2 s), datatype: float64}
# - {name: e2dnde_errn, unit: MeV / (cm2 s), datatype: float64}
# - {name: e2dnde_ul, unit: MeV / (cm2 s), datatype: float64}
# - {name: norm, datatype: float64}
# - {name: norm_err, datatype: float64}
# - {name: norm_errp, datatype: float64}
# - {name: norm_errn, datatype: float64}
# - {name: norm_ul, datatype: float64}
# - {name: ts, datatype: float64}
# - {name: loglike, datatype: float64}
# - {name: norm_scan, datatype: string, subtype: 'float64[20]'}
# - {name: dloglike_scan, datatype: string, subtype: 'float64[20]'}
# - {name: ShowUL, datatype: bool}
# - {name: tstart, datatype: float64}
# - {name: tend, datatype: float64}
# meta: !!omap
# - {UL_CONF: 0.95}
# - {EXTNAME: SED}
# - {CONFIG: '{"bin_index": 2.0, "use_local_index": true, "free_background": false, "free_radius": null, "free_pars": [], "ul_confidence":
#     0.95, "cov_scale": 3.0, "make_plots": false, "write_fits": true, "write_npy": true, "optimizer": {"optimizer": "MINUIT", "tol":
#     0.001, "max_iter": 100, "init_lambda": 0.0001, "retries": 3, "min_fit_quality": 2, "verbosity": 0}, "prefix": "", "outfile": null,
#     "loge_bins": []}'}
# - {SRCNAME: 4FGL J1504.4+1029}
# - {CREATOR: fermipy 1.2.0}
# - {STVER: 2.2.0}
# schema: astropy-2.0
e_min e_ref e_max ref_dnde_e_min ref_dnde_e_max ref_dnde ref_flux ref_eflux ref_npred dnde dnde_err dnde_errp dnde_errn dnde_ul e2dnde e2dnde_err e2dnde_errp e2dnde_errn e2dnde_ul norm norm_err norm_errp norm_errn norm_ul ts loglike norm_scan dloglike_scan ShowUL tstart tend
[from data line 748]
413.52331434760555 476.5900816815941 549.2752115212968 6.148417847094309e-13 3.4291520911735796e-13 4.5917164457066e-13 6.235787058678418e-11 2.9608288228892968e-08 0.05718487917232001 2.956460963950199e-10 5.5518995048683683e-11 5.858468034187874e-11 5.2453309755488624e-11 3.959585744110118e-10 6.715249436882486e-05 1.2610479380008982e-05 1.3306813330966359e-05 1.1914145429051602e-05 8.99372806292574e-05 643.8683657643063 120.91120108384676 127.58775728988506 114.23464487780845 862.3323741631424 97.15035647941806 -439.9962029960886 [0.0,394.15828245242176,425.37204286640747,456.5858032803931,487.7995636943786,519.0133241083641,550.2270845223499,581.4408449363355,612.6546053503212,643.8683657643063,675.7984249611474,707.7284841579884,739.6585433548295,771.5886025516702,803.5186617485109,835.4487209453516,867.378780142193,899.3088393390336,931.2388985358747,963.1689577327154] [-48.57517823970903,-2.689572025913151,-1.9832918949977056,-1.406107556408017,-0.9439252085756493,-0.5849147407792543,-0.3190414827097925,-0.13771436212357457,-0.03351712900376924,0.0,-0.032962021232776806,-0.12866125801036787,-0.282400105000022,-0.4900066958777529,-0.7477580367818177,-1.0523168291114757,-1.4006791367803544,-1.7901307232267527,-2.218210378390552,-2.682678925601067] False 57230.65603222185 57244.65603222185
549.2752115212968 633.0528961793416 729.6086933380817 3.577669157205981e-13 1.9555900321496436e-13 2.645081122037889e-13 4.774312391310582e-11 3.009688035130009e-08 0.04807251270987811 1.6360445603771863e-10 3.2839672746624625e-11 3.476000590848484e-11 3.091933958476442e-11 2.2338334821318613e-10 6.556546237118359e-05 1.3160694885073283e-05 1.3930279862850747e-05 1.2391109907295821e-05 8.95222102522929e-05 618.5233967859199 124.15374512719471 131.41376126001072 116.89372899437873 844.5236191511647 111.35934408029118 -305.839837156137 [0.0,367.21002738037896,398.6241985560717,430.03836973176413,461.45254090745703,492.86671208314925,524.2808832588421,555.6950544345344,587.1092256102271,618.5233967859199,651.7548072227705,684.9862176596214,718.2176280964723,751.4490385333233,784.6804489701735,817.9118594070246,851.1432698438758,884.3746802807262,917.606090717577,950.8375011544287] [-55.67967204014559,-2.704192540547467,-1.9818305139370977,-1.397355556433297,-0.9334230081888109,-0.5758437951787414,-0.31285482157289835,-0.13458990894440603,-0.03268833633222812,0.0,-0.033929199534895815,-0.1321043280036065,-0.2890427030246201,-0.4999531840916802,-0.7606231659447644,-1.067327898785095,-1.41675702223273,-1.8059545194747102,-2.232269241486506,-2.6933138351770936] False 57230.65603222185 57244.65603222185
729.6086933380817 840.8915725798939 969.1477682383326 1.9997074737404192e-13 1.0713184549950193e-13 1.463667831582557e-13 3.511187675798373e-11 2.9387229687729883e-08 0.03821352751024332 8.317080312177271e-11 1.9343550047213387e-11 2.0973700771859755e-11 1.771339932256703e-11 1.188220887984298e-10 5.880996151195144e-05 1.3677797869951348e-05 1.4830475225185828e-05 1.2525120514716873e-05 8.401893701536246e-05 568.2355062203299 132.15805956668885 143.2954958720547 121.02062326132305 811.810482095218 90.18015811872226 -256.43331570875114 [0.0,308.82230647675857,341.24895644470513,373.6756064126516,406.10225638059796,438.5289063485445,470.9555563164909,503.3822062844375,535.8088562523836,568.2355062203299,604.2178224294429,640.200138638556,676.182454847669,712.1647710567821,748.1470872658956,784.1294034750084,820.1117196841216,856.0940358932343,892.076352102348,928.0586683114608] [-45.09007905936113,-2.7040116228372995,-1.9634281655835366,-1.3731353374572564,-0.9105999229830672,-0.5580911946548213,-0.30139382776229695,-0.12892758461367748,-0.031127999393561367,0.0,-0.03533673255572012,-0.13666421420941788,-0.2973703044563649,-0.5118060803447406,-0.7751058784876932,-1.083047709260768,-1.4319436000516248,-1.8185524548791818,-2.240010080832576,-2.6937724622705446] False 57230.65603222185 57244.65603222185
969.1477682383326 1116.9661194245136 1287.3303254983532 1.0736969506692871e-13 5.637782470028674e-14 7.78027624612811e-14 2.4806228485739578e-11 2.7565087773629873e-08 0.02870413221033219 3.0629522477750296e-11 9.751711549296445e-12 1.0590492276191489e-11 8.912930822401403e-12 4.94851386570604e-11 3.821379998167585e-05 1.2166365143123293e-05 1.321283914379815e-05 1.1119891142448436e-05 6.173831773185692e-05 393.6816831278094 125.33888567452125 136.11974615248263 114.55802519655988 636.0331830336603 56.818761629232995 -217.6544265469957 [0.0,164.39308409348467,193.0541589727753,221.71523385206592,250.37630873135657,279.03738361064717,307.69845848993776,336.35953336922825,365.02060824851884,393.6816831278094,430.1768358842277,466.6719886406457,503.1671413970641,539.662294153482,576.1574469098998,612.6525996663178,649.1477524227364,685.6429051791541,722.1380579355724,758.6332106919906] [-28.409380814616497,-2.69538598005488,-1.8963226151444132,-1.292082826219854,-0.838206273666458,-0.5040953647392428,-0.26776077782898255,-0.11284925723663264,-0.026856705709690232,0.0,-0.03923467453304852,-0.14905702601177495,-0.31947522697112163,-0.5425155238499997,-0.8117090947064014,-1.121732911373897,-1.4681521404385478,-1.847231387110412,-2.2557937657669243,-2.691113917487087] False 57230.65603222185 57244.65603222185
1287.3303254983532 1483.6791717563765 1709.9759409858673 5.537910426202005e-14 2.850014048170535e-14 3.972797819193147e-14 1.6835689614918687e-11 2.4838403438169055e-08 0.02038759983467542 3.110950267511952e-11 8.13189087787945e-12 8.762235944065463e-12 7.501545811693438e-12 4.651780378689218e-11 6.848146908994036e-05 1.7900762979462512e-05 1.9288344022361585e-05 1.651318193656344e-05 0.00010239982218396966 783.0628209878969 204.68927058389775 220.55579827732143 188.82274289047407 1170.9079068196752 100.66023484696973 -174.274188081172 [0.0,390.3217617183423,439.41439412703676,488.50702653573103,537.5996589444255,586.6922913531199,635.784923761814,684.8775561705083,733.9701885792025,783.0628209878969,841.0043077596408,898.9457945313837,956.8872813031271,1014.8287680748712,1072.770254846614,1130.7117416183573,1188.6532283901006,1246.5947151618445,1304.5362019335873,1362.4776887053308] [-50.330117423484865,-2.70187051820011,-1.9362242537513055,-1.3389835236286558,-0.8793337266666583,-0.5343082716753713,-0.2863191536112879,-0.12159047035171966,-0.0291250517892081,0.0,-0.03718360112802088,-0.14250899208408896,-0.3078633723418136,-0.5265233231972672,-0.7928526040438157,-1.1020781612054122,-1.4501212041918166,-1.8334678301725091,-2.249068558235251,-2.694259335219897] False 57230.65603222185 57244.65603222185
1709.9759409858673 1970.7884119509856 2271.3810595726877 2.7438419477568278e-14 1.3839953906038222e-14 1.9487084461870776e-14 1.0976516768691475e-11 2.150064735748154e-08 0.013662666997169115 8.235947189287478e-12 3.489148755638201e-12 3.858422574294447e-12 3.1198749369819557e-12 1.533543010219464e-11 3.19884762439316e-05 1.3551878067704329e-05 1.4986140151239274e-05 1.2117615984169387e-05 5.956291732329171e-05 422.6361929821916 179.04929608455342 197.99896602511237 160.0996261439945 786.9535400331727 32.04196365532022 -77.86975443125905 [0.0,125.31889166332927,162.48355432818707,199.64821699304488,236.81287965790256,273.97754232276026,311.14220498761813,348.30686765247594,385.47153031733376,422.6361929821916,478.68261434186763,534.7290357015437,590.7754570612199,646.8218784208957,702.8682997805719,758.9147211402484,814.9611424999244,871.0075638596009,927.0539852192767,983.1004065789525] [-16.02098182766011,-2.6929020385142906,-1.810822151694552,-1.1927458812642016,-0.7534356650405556,-0.4434032063300606,-0.23130096793840949,-0.09599355648504115,-0.022544057333718115,0.0,-0.04451872085883224,-0.16553921725031273,-0.3482495707433202,-0.5817679521253041,-0.857863198931355,-1.1701574698409019,-1.513608061987469,-1.8841586735799893,-2.278497648635195,-2.693886068310519] False 57230.65603222185 57244.65603222185
2271.3810595726877 2617.821317854317 3017.1020504598932 1.3059339521072766e-14 6.456114796465599e-15 9.182189015374608e-15 6.874824763745823e-12 1.7878988897695358e-08 0.008696226322352452 3.91305646859928e-12 2.09274238690354e-12 2.3535455757576527e-12 1.8319391980494285e-12 8.366239193242344e-12 2.681613079216634e-05 1.4341539410905611e-05 1.6128820652423043e-05 1.2554258169388183e-05 5.733374057973751e-05 426.1572553175807 227.9132332605508 256.31639381599405 199.5100727051076 911.1377667388417 24.70570707897899 -52.36085454597862 [0.0,83.2145598313811,126.08239676715596,168.950233702931,211.81807063870593,254.6859075744808,297.5537445102558,340.42158144603064,383.2894183818055,426.1572553175807,501.89668049935176,577.6361056811227,653.3755308628936,729.1149560446646,804.8543812264354,880.5938064082068,956.3332315899773,1032.072656771749,1107.81208195352,1183.551507135291] [-12.352853539489494,-2.6939590337699784,-1.700220057650867,-1.0774049861708122,-0.6628070360530245,-0.38256046439784797,-0.19659001341887006,-0.08060884229978882,-0.018737273502040352,0.0,-0.04923880468658126,-0.17944610550499362,-0.37138449874471036,-0.6119835742306705,-0.8919475986571186,-1.2044242307802122,-1.5442142651933537,-1.9072778081384882,-2.2904124850937393,-2.6910363068840653] False 57230.65603222185 57244.65603222185
3017.1020504598932 3477.2827010020824 4007.6519721450045 5.970796805533902e-15 2.893055741510135e-15 4.1561818992484176e-15 4.1363964890020905e-12 1.428229267865953e-08 0.005273172984338048 2.292890490323821e-12 1.432871002068213e-12 1.6377826025760357e-12 1.22795940156039e-12 5.465402996261572e-12 2.7724473859604286e-05 1.7325552532347405e-05 1.9803240121782382e-05 1.4847864942912427e-05 6.608489290766661e-05 551.6819393151333 344.7565666765754 394.05941373071374 295.45371962243706 1315.0057261088375 21.4595540895332 -55.20744137032887 [0.0,74.01682591556538,133.72496509051146,193.4331042654574,253.14124344040334,312.8493826153494,372.5575217902955,432.26566096524135,491.97380014018717,551.6819393151333,671.8723966055383,792.0628538959427,912.2533111863476,1032.443768476752,1152.634225767157,1272.8246830575606,1393.015140347966,1513.2055976383708,1633.396054928775,1753.58651221918] [-10.7297770447666,-2.7042711150431558,-1.6155112332620405,-0.9999916937224711,-0.6087424995928146,-0.35065786873298777,-0.1815012071593074,-0.07623055094957465,-0.019212931909898145,0.0,-0.04820274857596729,-0.18243567835857988,-0.37951321780105474,-0.6246044955873913,-0.9076306267506808,-1.2214210550449778,-1.5606875759112668,-1.9214153698961738,-2.30048253161317,-2.695412197276518] False 57230.65603222185 57244.65603222185
4007.6519721450045 4618.915317184078 5323.411028602609 2.622360097285965e-15 1.2453496876454426e-15 1.8071400964089517e-15 2.3908158004271727e-12 1.0960148882200696e-08 0.0030560160173287443 1.359549964026858e-12 9.38786177850013e-13 1.088943859212994e-12 7.886284964870319e-13 3.500326438693657e-12 2.9005153804069135e-05 2.0028419843447475e-05 2.323194068345805e-05 1.6824899003436897e-05 7.467728984232712e-05 752.3212875019922 519.4872161353271 602.5785501505294 436.3958821201248 1936.9424903189913 19.61907759641644 -25.221759961302357 [0.0,81.66087318768349,165.49342497697202,249.3259767662607,333.1585285555493,416.9910803448377,500.82363213412634,584.656183923415,668.4887357127034,752.3212875019922,940.0094476139788,1127.6976077259649,1315.385767837951,1503.073927949937,1690.7620880619236,1878.4502481739098,2066.1384082858954,2253.8265683978816,2441.514728509867,2629.2028886218545] [-9.80953879820822,-2.65795165049229,-1.4851042351893469,-0.8876007156800227,-0.5269799879627364,-0.2969147019399223,-0.14994548322937007,-0.06069903946669797,-0.013991230236918284,0.0,-0.05581132889324891,-0.19759595976013955,-0.39970821127425893,-0.6466672158747038,-0.9283764337595493,-1.2378666823847375,-1.5701140755973206,-1.9213707183199773,-2.2887619107650394,-2.670031553735164] False 57230.65603222185 57244.65603222185
7071.149185711414 8149.575733880153 9392.473966813408 4.483959790925921e-16 2.0456797817772328e-16 3.0286541378307375e-16 7.080431522759134e-13 5.721569860128261e-09 0.0009199238906030249 9.464531237137984e-13 5.672930462473413e-13 6.456356924194975e-13 4.889504000751851e-13 2.1930308882205225e-12 6.285923754793402e-05 3.767709932999914e-05 4.288027197794368e-05 3.247392668205459e-05 0.00014565142857967496 3124.9957262921134 1873.0862635033754 2131.7577479544484 1614.414779052302 7240.941977585044 23.64648709053767 -25.07877330159845 [0.0,468.394492630745,800.4696468384163,1132.544801046088,1464.619955253759,1796.6951094614296,2128.7702636691015,2460.845417876773,2792.9205720844443,3124.9957262921134,3775.4909050304327,4425.986083768749,5076.481262507066,5726.976441245382,6377.471619983696,7027.966798722012,7678.461977460327,8328.957156198649,8979.452334936967,9629.947513675283] [-11.823243545268834,-2.70366247773487,-1.634143669648381,-1.01151715984059,-0.6127416272191049,-0.34972935749346235,-0.17818571408663075,-0.07257236587105353,-0.016784979070067152,0.0,-0.052848862488474424,-0.18994744075319758,-0.38868164267926986,-0.6344837232993221,-0.9174134693202625,-1.2303832223329145,-1.5681604336134143,-1.9267715655531497,-2.303127822029385,-2.6947804369016986] False 57230.65603222185 57244.65603222185
9392.473966813408 10825.05221838098 12476.13311942254 1.7458226125206332e-16 7.805904722835223e-17 1.1673784723176653e-16 3.6284628560554005e-13 3.892849001178216e-09 0.0004721846615027836 2.4876992186774007e-13 2.516160550546765e-13 3.1557865887359404e-13 1.8765345123575908e-13 9.106460359761004e-13 2.915129616769065e-05 2.9484811051009974e-05 3.698006125482379e-05 2.1989560847196168e-05 0.00010671110116272968 2131.0134439419853 2155.3939962172535 2703.3105916974564 1607.4774007370515 7800.778047312634 12.775399255631246 -13.323020643151759 [0.0,236.77927154910955,473.5585430982191,710.3378146473283,947.1170861964382,1183.8963577455474,1420.6756292946566,1657.454900843767,1894.2341723928764,2131.0134439419853,3058.637025511795,3986.260607081601,4913.884188651407,5841.507770221217,6769.131351791026,7696.754933360835,8624.378514930639,9552.002096500446,10479.625678070257,11407.249259640063] [-6.387699627815623,-1.309526814494328,-0.7295068350825495,-0.4353101080779602,-0.258432348133697,-0.14590861045270032,-0.07411564115244929,-0.03044231448528656,-0.007357040499739398,0.0,-0.07114529703646433,-0.23872228241655868,-0.46196595203767643,-0.7215078971927174,-1.0066095223430196,-1.3106921219130516,-1.629431919117513,-1.959834362329726,-2.2997395410855503,-2.6475381843158416] False 57230.65603222185 57244.65603222185
