data/PKS1830-211_allsed_1d_1_min11.ecsv
# %ECSV 1.0
# ---
# datatype:
# - {name: e_min, unit: MeV, datatype: float64}
# - {name: e_ref, unit: MeV, datatype: float64}
# - {name: e_max, unit: MeV, datatype: float64}
# - {name: ref_dnde_e_min, unit: ph / (cm2 MeV s), datatype: float64}
# - {name: ref_dnde_e_max, unit: ph / (cm2 MeV s), datatype: float64}
# - {name: ref_dnde, unit: ph / (cm2 MeV s), datatype: float64}
# - {name: ref_flux, unit: ph / (cm2 s), datatype: float64}
# - {name: ref_eflux, unit: MeV / (cm2 s), datatype: float64}
# - {name: ref_npred, datatype: float64}
# - {name: dnde, unit: ph / (cm2 MeV s), datatype: float64}
# - {name: dnde_err, unit: ph / (cm2 MeV s), datatype: float64}
# - {name: dnde_errp, unit: ph / (cm2 MeV s), datatype: float64}
# - {name: dnde_errn, unit: ph / (cm2 MeV s), datatype: float64}
# - {name: dnde_ul, unit: ph / (cm2 MeV s), datatype: float64}
# - {name: e2dnde, unit: MeV / (cm2 s), datatype: float64}
# - {name: e2dnde_err, unit: MeV / (cm2 s), datatype: float64}
# - {name: e2dnde_errp, unit: MeV / (cm2 s), datatype: float64}
# - {name: e2dnde_errn, unit: MeV / (cm2 s), datatype: float64}
# - {name: e2dnde_ul, unit: MeV / (cm2 s), datatype: float64}
# - {name: norm, datatype: float64}
# - {name: norm_err, datatype: float64}
# - {name: norm_errp, datatype: float64}
# - {name: norm_errn, datatype: float64}
# - {name: norm_ul, datatype: float64}
# - {name: ts, datatype: float64}
# - {name: loglike, datatype: float64}
# - {name: norm_scan, datatype: string, subtype: 'float64[20]'}
# - {name: dloglike_scan, datatype: string, subtype: 'float64[20]'}
# - {name: ShowUL, datatype: bool}
# - {name: tstart, datatype: float64}
# - {name: tend, datatype: float64}
# meta: !!omap
# - {UL_CONF: 0.95}
# - {EXTNAME: SED}
# - {CONFIG: '{"bin_index": 2.0, "use_local_index": true, "free_background": false, "free_radius": null, "free_pars": [], "ul_confidence":
#     0.95, "cov_scale": 3.0, "make_plots": false, "write_fits": true, "write_npy": true, "optimizer": {"optimizer": "MINUIT", "tol":
#     0.001, "max_iter": 100, "init_lambda": 0.0001, "retries": 3, "min_fit_quality": 2, "verbosity": 0}, "prefix": "", "outfile": null,
#     "loge_bins": []}'}
# - {SRCNAME: 4FGL J1833.6-2103}
# - {CREATOR: fermipy 1.2.0}
# - {STVER: 2.2.0}
# schema: astropy-2.0
e_min e_ref e_max ref_dnde_e_min ref_dnde_e_max ref_dnde ref_flux ref_eflux ref_npred dnde dnde_err dnde_errp dnde_errn dnde_ul e2dnde e2dnde_err e2dnde_errp e2dnde_errn e2dnde_ul norm norm_err norm_errp norm_errn norm_ul ts loglike norm_scan dloglike_scan ShowUL tstart tend
[from data line 2126]
729.6086933380817 840.8915725798939 969.1477682383326 2.2927320164965176e-13 1.0859807671459963e-13 1.577929933214743e-13 3.8008906950626716e-11 3.1719703434305433e-08 0.0028622889559489217 4.678945571167037e-10 1.8043872993972948e-10 1.982347979717594e-10 1.6264266190769956e-10 8.278583832638014e-10 0.00033084760352015236 0.0001275879799727815 0.00014017155541926857 0.00011500440452629445 0.0005853775342989954 2965.242925352549 1143.5154764579352 1256.2965807226453 1030.734372193225 5246.483800311663 30.974035482005945 -221.0069965687941 [0.0,968.2950756962348,1217.913556903274,1467.5320381103136,1717.150519317353,1966.7690005243928,2216.387481731432,2466.0059629384705,2715.6244441455106,2965.242925352549,3311.4906635831853,3657.73840181382,4003.9861400444543,4350.233878275089,4696.481616505727,5042.729354736361,5388.977092966995,5735.224831197632,6081.472569428267,6427.720307658903] [-15.487017741002973,-2.7000395627915736,-1.856824158109248,-1.2448114662024068,-0.7982399571912424,-0.4763724004213259,-0.25214745157686025,-0.10663213084421841,-0.02603863378183746,0.0,-0.03956305914422842,-0.15269760256117593,-0.32732280253952695,-0.5541990173739464,-0.8260921788365181,-1.1372258503354828,-1.482909434872795,-1.8592784830651965,-2.2631087218270807,-2.691679957207782] False 58834.00000212926 58835.00000212926
1709.9759409858673 1970.7884119509856 2271.3810595726877 2.0060961840659237e-14 8.573363397633792e-15 1.3114492592778249e-14 7.436306720524086e-12 1.4509474189838192e-08 0.0006491224725458378 4.0095661003406225e-11 2.8913761593399215e-11 3.3719504392843317e-11 2.4108018793955117e-11 1.074000662885912e-10 0.00015573182659068958 0.00011230125140386795 0.00013096678990737098 9.363571290036493e-05 0.00041714260547201276 3057.355114561252 2204.718283139764 2571.1634784415232 1838.273087838005 8189.418349874485 12.635722022129045 -84.71810203292094 [0.0,274.98469148207505,622.7809943669722,970.577297251869,1318.3736001367665,1666.1699030216641,2013.9662059065606,2361.7625087914585,2709.558811676354,3057.355114561252,3879.0537211689093,4700.752327776568,5522.450934384224,6344.149540991878,7165.848147599535,7987.546754207189,8809.245360814848,9630.9439674225,10452.64257403016,11274.341180637826] [-6.317861011064522,-2.6678926877514897,-1.4708404811762676,-0.8731839913690322,-0.5160359830575203,-0.2897801462935661,-0.14603228428806858,-0.05910446602199215,-0.01370778679410023,0.0,-0.05842103931158249,-0.2056122652891048,-0.4131728876431566,-0.6644721655446233,-0.9489279789449654,-1.2593882070407005,-1.5907918280032618,-1.9394256296721153,-2.3024843950380216,-2.677797035685458] False 58834.00000212926 58835.00000212926
2271.3810595726877 2617.821317854317 3017.1020504598932 7.764713342901333e-15 3.2065286298414535e-15 4.989767092412747e-15 3.7644885261905e-12 9.748808224352947e-09 0.000334997152398403 3.226015675573471e-11 2.3020765050674232e-11 2.6867625519399947e-11 1.9173904581948517e-11 8.573820128938231e-11 0.00022107848171361543 0.0001577610370533679 0.00018412352742281802 0.00013139854668391774 0.0005875629033496089 6465.26303898799 4613.5951086131345 5384.545014185903 3842.6452030403657 17182.806271609872 15.953888161076748 -53.62574973791209 [0.0,676.0757492724923,1399.7241604869307,2123.3725717013667,2847.0209829158057,3570.669394130242,4294.31780534468,5017.966216559115,5741.614627773555,6465.26303898799,8165.84635734773,9866.429675707474,11567.012994067201,13267.596312426944,14968.17963078668,16668.762949146418,18369.346267506156,20069.92958586591,21770.512904225638,23471.096222585376] [-7.976944080538374,-2.623472197064565,-1.4677946088485854,-0.879047934436457,-0.523869808248655,-0.29715777973331114,-0.1519485292229561,-0.06313853654135926,-0.015719960706540803,0.0,-0.05357203941795774,-0.19614036535553225,-0.39980279098562477,-0.6481265203574225,-0.9306025928927539,-1.240094656441478,-1.571529485620033,-1.9211677665991544,-2.286171470208359,-2.6643338262904237] False 58834.00000212926 58835.00000212926
4007.6519721450045 4618.915317184078 5323.411028602609 9.469652938170525e-16 3.651440140870096e-16 5.880295133625896e-16 7.855791025595926e-13 3.5837646499153243e-09 7.062045466049716e-05 8.254920223350253e-12 8.366198923230492e-12 1.049134388184762e-11 6.241053964613363e-12 3.027550438624264e-11 0.00017611359424364982 0.00017848765616895282 0.0002238263035240376 0.00013314900881386798 0.0006459090761311585 14038.275351428018 14227.51534253646 17841.52605173487 10613.504633338049 51486.36879314971 10.645536783120264 -20.9390264993935 [0.0,1559.8083723808907,3119.6167447617813,4679.425117142672,6239.233489523563,7799.041861904455,9358.850234285344,10918.658606666235,12478.466979047125,14038.275351428018,20174.760076825074,26311.24480222212,32447.729527619176,38584.214253016245,44720.698978413304,50857.183703810355,56993.66842920739,63130.15315460444,69266.63788000151,75403.12260539857] [-5.322768391560132,-1.301807136554583,-0.7268543382148138,-0.4342213921101745,-0.2580227816800189,-0.1458218981177879,-0.07417224568349923,-0.030538613557958172,-0.007427424282411721,0.0,-0.07116878888294664,-0.23916139260433056,-0.46297282945202767,-0.7231474175727293,-1.0089073287346935,-1.3136537051396395,-1.6330514317260416,-1.9640991493339541,-2.3046326627881513,-2.653039911115876] False 58834.00000212926 58835.00000212926
100.0 115.25240587974294 132.83117061068992 2.0149155824761293e-11 1.0474709449900913e-11 1.4527785547878682e-11 4.780871104827002e-10 5.48041225687638e-08 0.015340671036570141 3.026220159367639e-08 7.70364305996301e-09 8.146516507430024e-09 7.2607696124959965e-09 4.415532671678974e-08 0.00040197636629447247 0.00010232839256218049 0.00010821113240812403 9.644565271623695e-05 0.0005865203736488659 2083.0567393731394 530.2696019688892 560.7541824307533 499.78502150702514 3039.3707679170147 26.083356103992173 -536.7920754025773 [0.0,971.348665102791,1110.3121743865845,1249.275683670378,1388.2391929541711,1527.2027022379657,1666.1662115217587,1805.1297208055519,1944.0932300893458,2083.0567393731394,2221.793309298419,2360.5298792236977,2499.2664491489777,2638.003019074257,2776.7395889995346,2915.4761589248155,3054.2127288500924,3192.9492987753747,3331.6858687006534,3470.422438625932] [-13.041678051996087,-2.7056009835838495,-2.002457246038034,-1.424752564938558,-0.9597714054777953,-0.5967974384103627,-0.3266964509225545,-0.14160570019294028,-0.034698070523177194,0.0,-0.03214419472772079,-0.1263740575019483,-0.27855053162772947,-0.4849648323444171,-0.7422783920933398,-1.0474732020516058,-1.397810423538317,-1.7907956403064418,-2.224149490123523,-2.695782688736358] False 58908.00000212926 58909.00000212926
132.83117061068992 153.091119887046 176.4411988580621 1.0741123460891704e-11 5.564174795529678e-12 7.730814215641598e-12 3.379716834701793e-10 5.145769336559256e-08 0.014880887218059954 9.027606264844199e-09 3.45164841278871e-09 3.662047022175252e-09 3.2412498034021675e-09 1.5334297208404793e-08 0.00021157902391417583 8.089590758036379e-05 8.582699685263976e-05 7.596481830808782e-05 0.00035938825205511445 1167.7432690826827 446.4792862057221 473.69486835757965 419.2637040538645 1983.5293903945103 10.540036597540052 -484.6833404785613 [0.0,271.75051820127464,383.7496120614509,495.7487059216266,607.7477997818027,719.7468936419788,831.7459875021548,943.7450813623307,1055.7441752225068,1167.7432690826827,1287.6525163215022,1407.5617635603219,1527.4710107991418,1647.380258037962,1767.2895052767826,1887.1987525156007,2007.107999754421,2127.0172469932404,2246.926494232059,2366.8357414708807] [-5.270018298770026,-2.6966755791677883,-1.9657930109285076,-1.3802433474273244,-0.9188843795349726,-0.5652768950304221,-0.306330651041435,-0.13141528002307723,-0.03175444480626766,0.0,-0.03422620832611756,-0.13264992522471175,-0.2896948302741862,-0.5005428651414832,-0.760996777954972,-1.0673732540460605,-1.4164186815523294,-1.8052419382345875,-2.2312601638021192,-2.6921545686406603] False 58908.00000212926 58909.00000212926
176.4411988580621 203.35272664697808 234.36890988269914 5.685575282868311e-12 2.934887084299047e-12 4.084913887036061e-12 2.372388971363157e-10 4.797552156650178e-08 0.01310877086474152 6.25372442540617e-09 1.906438600652052e-09 2.044843096613981e-09 1.7680341046901228e-09 9.80041347761469e-09 0.00025860608514105375 7.883568087418485e-05 8.455902946326354e-05 7.311233228510617e-05 0.0004052699463240174 1530.9317646212994 466.70227411705093 500.58413791867764 432.8204103154243 2399.172601585903 20.171298392608605 -473.3849488779333 [0.0,585.077428904152,703.3092208687956,821.5410128334385,939.772804798082,1058.0045967627261,1176.236388727369,1294.4681806920128,1412.6999726566562,1530.9317646212994,1658.4568043398938,1785.9818440584886,1913.5068837770839,2041.0319234956783,2168.5569632142738,2296.0820029328656,2423.607042651462,2551.132082370058,2678.657122088652,2806.1821618072454] [-10.085649196304303,-2.708321606083473,-1.9713671229380338,-1.3821241333446324,-0.9187443084258575,-0.5642617176862359,-0.30518061721897993,-0.13055147436188008,-0.031342763822578945,0.0,-0.034935433330531396,-0.134570076579962,-0.29307213862409753,-0.5054148435850152,-0.7672294892228138,-1.0746913536568172,-1.4244298716581625,-1.8134570374786563,-2.2391096975343885,-2.6990025684528973] False 58908.00000212926 58909.00000212926
234.36890988269914 270.1158072739371 311.3149665447022 2.9883466410993023e-12 1.5371416217023893e-12 2.143248002940463e-12 1.6535745489846053e-10 4.441415454051493e-08 0.010775158780876058 3.6963294451700047e-09 1.1109475632897352e-09 1.190666119323791e-09 1.0312290072556791e-09 5.773182114733303e-09 0.00026969361951734177 8.105756639984768e-05 8.687403547773632e-05 7.524109732195905e-05 0.00042122608489070847 1724.6391645291476 518.3476488794358 555.5428572382841 481.15244052058756 2693.6603262024246 25.05682170014711 -463.8931275161451 [0.0,700.4713258212229,828.4923056597135,956.5132854982044,1084.5342653366952,1212.5552451751848,1340.576225013676,1468.5972048521662,1596.6181846906568,1724.6391645291476,1868.4766155090583,2012.314066488968,2156.151517468878,2299.988968448789,2443.8264194286976,2587.663870408607,2731.501321388517,2875.3387723684264,3019.1762233483373,3163.0136743282483] [-12.528410850073556,-2.7032736239160613,-1.9525127116842214,-1.3597347223230827,-0.8985771614911755,-0.5490681183756578,-0.2956767272735874,-0.12606213456285786,-0.030238625100764693,0.0,-0.03581870778185703,-0.13773527024619625,-0.298985403925883,-0.513852678691876,-0.7774577225310964,-1.0855985186431099,-1.4346275162886855,-1.821355747258167,-2.2429770736034698,-2.6970076607408373] False 58908.00000212926 58909.00000212926
311.3149665447022 358.7979888064861 413.52331434760555 1.559622115674163e-12 7.994075036154069e-13 1.1165901764185724e-12 1.1444424630203027e-10 4.082774543850154e-08 0.008532437422882552 2.3476028730837337e-09 6.963846521935892e-10 7.469969694472508e-10 6.457723349399276e-10 3.651969859368927e-09 0.0003022209958902579 8.964977233657129e-05 9.616539944714082e-05 8.313414522600176e-05 0.00047013998002562316 2102.4749479827915 623.6707673958057 668.9983354888719 578.3431993027395 3270.644804598321 30.124914867520033 -471.7079620651361 [0.0,881.8891207693233,1034.462349171007,1187.03557757269,1339.6088059743736,1492.182034376057,1644.7552627777395,1797.3284911794233,1949.901719581107,2102.4749479827915,2276.141190917783,2449.807433852774,2623.473676787768,2797.1399197227593,2970.806162657753,3144.4724055927427,3318.138648527737,3491.804891462728,3665.471134397721,3839.1373773327123] [-15.062457433760017,-2.6993510716561673,-1.9422832976645736,-1.3483158010403145,-0.8885304237252853,-0.5414810156863155,-0.29076022580460403,-0.12349584203576569,-0.029377172059469103,0.0,-0.03654785070625621,-0.1394991126813352,-0.3018009417831422,-0.5175307083276834,-0.7816605306904307,-1.0898810248564246,-1.4384670746471784,-1.8241740256110006,-2.2441563024327706,-2.6959028188950356] False 58908.00000212926 58909.00000212926
413.52331434760555 476.5900816815941 549.2752115212968 8.082383549548091e-13 4.128363644384766e-13 5.776419168128981e-13 7.864433634342795e-11 3.7263883643836686e-08 0.00660157676795757 7.239694339618571e-10 3.1769837094389453e-10 3.472473422476617e-10 2.881493996401273e-10 1.3488034602143494e-09 0.00016444104600105201 7.216140624190592e-05 7.887310361682927e-05 6.544970886698256e-05 0.0003063646632616973 1253.3187306702248 549.9918923764652 601.1463713775767 498.83741337535366 2335.0165923835393 12.593141291192865 -284.7236482174749 [0.0,274.467266648926,396.82369965158824,519.1801326542502,641.5365656569128,763.8929986595753,886.2494316622373,1008.6058646649,1130.9622976675626,1253.3187306702248,1416.9076268554652,1580.4965230407047,1744.0854192259442,1907.6743154111844,2071.2632115964248,2234.8521077816645,2398.4410039669033,2562.0299001521453,2725.618796337384,2889.2076925226247] [-6.296570645596432,-2.6880969124854914,-1.8526011908173814,-1.2446529931486339,-0.7992848145364633,-0.4770250615982832,-0.25185417599817583,-0.1055946165710111,-0.024981474268031434,0.0,-0.040252714424241276,-0.15195517118223734,-0.32428595235933244,-0.5488291914182923,-0.8188945381796202,-1.129064647604082,-1.4748838341633927,-1.8526377094530062,-2.259193386885215,-2.6918811433367864] False 58908.00000212926 58909.00000212926
549.2752115212968 633.0528961793416 729.6086933380817 4.15925256888753e-13 2.1168793496691265e-13 2.967260668215089e-13 5.367163431977861e-11 3.377721953910983e-08 0.0049468928546368 4.2511444541298863e-10 1.8695321817152634e-10 2.124613957895629e-10 1.6144504055348981e-10 7.987074315256818e-10 0.0001703671516608684 7.492261817349832e-05 8.514517262144847e-05 6.470006372554821e-05 0.00032008677095695087 1432.6831813826107 630.0532345342791 716.0186432739858 544.0878257945725 2691.733288151365 19.230734019317424 -285.15977824326217 [0.0,373.03139043265367,505.4878643013982,637.9443381701426,770.4008120388874,902.857285907632,1035.3137597763773,1167.7702336451216,1300.2267075138664,1432.6831813826107,1624.0634836669296,1815.4437859512482,2006.8240882355665,2198.2043905198834,2389.584692804203,2580.9649950885228,2772.345297372841,2963.725599657159,3155.1059019414774,3346.4862042257946] [-9.615367009658712,-2.689429972326195,-1.817629149506672,-1.203454194716926,-0.7641322601793945,-0.45201839950135536,-0.2370518202732228,-0.09898176843853435,-0.023477376865855604,0.0,-0.04217506493483825,-0.15864192844003355,-0.33639298235846127,-0.5656833651706847,-0.8390074102222798,-1.1504503932696934,-1.495261006397584,-1.869559685383365,-2.2701338113973293,-2.6942903085894727] False 58908.00000212926 58909.00000212926
