data/PKS1510-089_allsed_14d_min11.ecsv
# %ECSV 1.0
# ---
# datatype:
# - {name: e_min, unit: MeV, datatype: float64}
# - {name: e_ref, unit: MeV, datatype: float64}
# - {name: e_max, unit: MeV, datatype: float64}
# - {name: ref_dnde_e_min, unit: ph / (cm2 MeV s), datatype: float64}
# - {name: ref_dnde_e_max, unit: ph / (cm2 MeV s), datatype: float64}
# - {name: ref_dnde, unit: ph / (cm2 MeV s), datatype: float64}
# - {name: ref_flux, unit: ph / (cm2 s), datatype: float64}
# - {name: ref_eflux, unit: MeV / (cm2 s), datatype: float64}
# - {name: ref_npred, datatype: float64}
# - {name: dnde, unit: ph / (cm2 MeV s), datatype: float64}
# - {name: dnde_err, unit: ph / (cm2 MeV s), datatype: float64}
# - {name: dnde_errp, unit: ph / (cm2 MeV s), datatype: float64}
# - {name: dnde_errn, unit: ph / (cm2 MeV s), datatype: float64}
# - {name: dnde_ul, unit: ph / (cm2 MeV s), datatype: float64}
# - {name: e2dnde, unit: MeV / (cm2 s), datatype: float64}
# - {name: e2dnde_err, unit: MeV / (cm2 s), datatype: float64}
# - {name: e2dnde_errp, unit: MeV / (cm2 s), datatype: float64}
# - {name: e2dnde_errn, unit: MeV / (cm2 s), datatype: float64}
# - {name: e2dnde_ul, unit: MeV / (cm2 s), datatype: float64}
# - {name: norm, datatype: float64}
# - {name: norm_err, datatype: float64}
# - {name: norm_errp, datatype: float64}
# - {name: norm_errn, datatype: float64}
# - {name: norm_ul, datatype: float64}
# - {name: ts, datatype: float64}
# - {name: loglike, datatype: float64}
# - {name: norm_scan, datatype: string, subtype: 'float64[20]'}
# - {name: dloglike_scan, datatype: string, subtype: 'float64[20]'}
# - {name: ShowUL, datatype: bool}
# - {name: tstart, datatype: float64}
# - {name: tend, datatype: float64}
# meta: !!omap
# - {UL_CONF: 0.95}
# - {EXTNAME: SED}
# - {CONFIG: '{"bin_index": 2.0, "use_local_index": true, "free_background": false, "free_radius": null, "free_pars": [], "ul_confidence":
#     0.95, "cov_scale": 3.0, "make_plots": false, "write_fits": true, "write_npy": true, "optimizer": {"optimizer": "MINUIT", "tol":
#     0.001, "max_iter": 100, "init_lambda": 0.0001, "retries": 3, "min_fit_quality": 2, "verbosity": 0}, "prefix": "", "outfile": null,
#     "loge_bins": []}'}
# - {SRCNAME: 4FGL J1512.8-0906}
# - {CREATOR: fermipy 1.2.0}
# - {STVER: 2.2.0}
# schema: astropy-2.0
e_min e_ref e_max ref_dnde_e_min ref_dnde_e_max ref_dnde ref_flux ref_eflux ref_npred dnde dnde_err dnde_errp dnde_errn dnde_ul e2dnde e2dnde_err e2dnde_errp e2dnde_errn e2dnde_ul norm norm_err norm_errp norm_errn norm_ul ts loglike norm_scan dloglike_scan ShowUL tstart tend
[from data line 978]
729.6086933380817 840.8915725798939 969.1477682383326 2.171851773357477e-13 1.080149178042476e-13 1.5316409200012187e-13 3.682832884737e-11 3.076980120658329e-08 0.04782872869625798 4.0169502708055677e-10 3.821377088511509e-11 3.9796996091991104e-11 3.663054567823907e-11 4.685277283376056e-10 0.00028403800607241646 2.7020905301223796e-05 2.8140401686810043e-05 2.5901408915637548e-05 0.0003312953180273358 2622.64491523403 249.49562515661103 259.8324161511658 239.15883416205625 3058.99197533344 554.0123850606578 -724.2927047850051 [0.0,2073.1370776336967,2141.8255573337383,2210.5140370337804,2279.2025167338224,2347.890996433863,2416.579476133905,2485.2679558339482,2553.956435533989,2622.64491523403,2685.4067132109253,2748.1685111878187,2810.9303091647125,2873.692107141607,2936.4539051185016,2999.215703095395,3061.977501072288,3124.7392990491835,3187.501097026078,3250.26289500297] [-277.0061925303289,-2.7063740532842075,-2.033705142755821,-1.4671591364818823,-1.0008903265832032,-0.6295332031037333,-0.3481506303336346,-0.15218888696551858,-0.03743850092996581,0.0,-0.030307116393487377,-0.1195600737365794,-0.2653451507644604,-0.4653968664314334,-0.717585948281112,-1.0199085063834445,-1.3704762699279627,-1.7675077630320857,-2.209320312799832,-2.6943227966792165] False 55970.65603222185 55984.65603222185
969.1477682383326 1116.9661194245136 1287.3303254983532 1.0820304523639264e-13 5.2971999484218336e-14 7.570820072127607e-14 2.4194037301083697e-11 2.6840443876768637e-08 0.03361073164688544 2.0859870542639054e-10 2.2605062469489536e-11 2.3674861710263727e-11 2.153526322871534e-11 2.486169650675981e-10 0.00026025052174388633 2.820237685422145e-05 2.9537072628117047e-05 2.686768108032584e-05 0.00031017783519301845 2755.298678862521 298.5814251841927 312.7119847613872 284.45086560699815 3283.8842120009595 500.4981340618381 -534.6458891077033 [0.0,2107.161073145641,2188.178273860251,2269.1954745748603,2350.2126752894715,2431.2298760040803,2512.24707671869,2593.264277433301,2674.2814781479105,2755.298678862521,2831.464907566841,2907.6311362711617,2983.797364975482,3059.9635936798027,3136.1298223841204,3212.2960510884427,3288.462279792761,3364.6285084970855,3440.7947372014037,3516.9609659057237] [-250.24906703091904,-2.7054230831057566,-2.027099331379304,-1.4587697698784723,-0.9932434090466131,-0.624022840822704,-0.3452170831052399,-0.15146776852543553,-0.0378862899019623,0.0,-0.029742946101691814,-0.11961609395461892,-0.266708762179519,-0.46831972232587304,-0.7219374117535153,-1.0252224412321311,-1.3759920840192308,-1.7722064820819696,-2.2119563454833724,-2.6934519543937085] False 55970.65603222185 55984.65603222185
1287.3303254983532 1483.6791717563765 1709.9759409858673 5.223425863165402e-14 2.5171879405447284e-14 3.6260646148530535e-14 1.5401046885974106e-11 2.268664805460015e-08 0.022503582178331927 8.391871770921726e-11 1.2020765274811649e-11 1.2713404811860797e-11 1.1328125737762501e-11 1.0557220879776167e-10 0.00018473059929265207 2.646135729655407e-05 2.7986067400159722e-05 2.4936647192948416e-05 0.00023239651334326156 2314.319424024331 331.5099578085922 350.6116454677686 312.4082701494158 2911.481730505235 317.4159567420636 -343.7886821242052 [0.0,1613.20870288748,1700.8475430295866,1788.4863831716937,1876.1252233137998,1963.7640634559057,2051.4029035980125,2139.0417437401193,2226.6805838822256,2314.319424024331,2400.9865897572467,2487.6537554901643,2574.3209212230804,2660.988086955996,2747.655252688911,2834.3224184218275,2920.9895841547454,3007.6567498876607,3094.323915620578,3180.9910813534952] [-158.7079783710318,-2.6985009294657516,-2.0020944229724478,-1.4271521120872421,-0.9626476841060025,-0.59900737575515,-0.3278642405664982,-0.14186244463087405,-0.03449981732313745,0.0,-0.03248561840325692,-0.12671373388371876,-0.27865660759425737,-0.4846727763808758,-0.7414589357761656,-1.0460091117938077,-1.3955798327025946,-1.7876602706605809,-2.2199465240184395,-2.6903193683978657] False 55970.65603222185 55984.65603222185
1709.9759409858673 1970.7884119509856 2271.3810595726877 2.4433069826616005e-14 1.1590217029601055e-14 1.682808907719102e-14 9.499652032042336e-12 1.8580894102500323e-08 0.014272549515667476 3.6184715024280426e-11 6.8602977865877495e-12 7.356507768318254e-12 6.3640878048572455e-12 4.8584694673173254e-11 0.0001405416851692766 2.6645444382887574e-05 2.8572727407872733e-05 2.471816135790242e-05 0.00018870329248747014 2150.25692211991 407.6694480947497 437.156455172878 378.1824410166215 2887.1189384792056 172.53606696755025 -280.74849001521164 [0.0,1327.932474976924,1430.7230308697967,1533.513586762669,1636.3041426555433,1739.0946985484163,1841.8852544412896,1944.675810334163,2047.466366227036,2150.25692211991,2258.4617571230533,2366.6665921261942,2474.8714271293393,2583.076262132483,2691.2810971356266,2799.4859321387703,2907.6907671419135,3015.8956021450567,3124.1004371482,3232.3052721513423] [-86.26803348377513,-2.703441450288892,-1.9819595005459973,-1.397434347298315,-0.9330802768702142,-0.5750499798173792,-0.31178329047901343,-0.1335274088527285,-0.03197702082468368,0.0,-0.03473317636331785,-0.1334807918625529,-0.29079960418829387,-0.501919959740178,-0.7626385152364037,-1.069231558074705,-1.418384345877712,-1.8071330326731072,-2.2328165788404135,-2.6930366498530702] False 55970.65603222185 55984.65603222185
2271.3810595726877 2617.821317854317 3017.1020504598932 1.1074070573820016e-14 5.170995310028303e-15 7.567295884273716e-15 5.677808012623275e-12 1.4746145498880448e-08 0.008631259540809344 1.9485703051065e-11 4.188539443977656e-12 4.483158020607961e-12 3.8939208673473504e-12 2.7308917813850153e-11 0.00013353529799219058 2.8704012441215492e-05 3.0723030144670265e-05 2.6684994737760726e-05 0.0001871476984207357 2574.98891929943 553.5054407852929 592.4385790074389 514.5723025631469 3608.8079852412397 161.61643951452106 -177.38880816601863 [0.0,1480.1561173692457,1617.0102176105186,1753.8643178517914,1890.718418093064,2027.5725183343386,2164.426618575611,2301.2807188168836,2438.1348190581566,2574.98891929943,2727.9518762608286,2880.9148332222253,3033.8777901836247,3186.840747145024,3339.803704106422,3492.7666610678216,3645.729618029219,3798.6925749906186,3951.655531952016,4104.618488913416] [-80.80821975726053,-2.7036892889971966,-1.9681385622369305,-1.3801430244295148,-0.9181890049376875,-0.5651710861592392,-0.30726170452544466,-0.13312183158822677,-0.033336127390839465,0.0,-0.03317640283407286,-0.13308044919617146,-0.29298162680805717,-0.5071239077655605,-0.7705458258473072,-1.0789403096282228,-1.4285441651690007,-1.816049979780729,-2.238535195655004,-2.6934044841916887] False 55970.65603222185 55984.65603222185
3017.1020504598932 3477.2827010020824 4007.6519721450045 4.863435798745068e-15 2.2354418080285202e-15 3.2972606380414147e-15 3.288283503305232e-12 1.1339817120743017e-08 0.005016955327168615 1.3909187728394269e-11 3.07083200922393e-12 3.283136922291655e-12 2.8585270961562047e-12 1.962087331077007e-11 0.0001681828736311495 3.713094983220989e-05 3.969803362336838e-05 3.456386604105141e-05 0.00023724569119313977 4218.407112837876 931.3282589173829 995.7165303868277 866.9399874479382 5950.658884650666 176.02361435266698 -140.26134733284397 [0.0,2380.0502796636556,2609.8448838104337,2839.6394879572117,3069.4340921039875,3299.2286962507646,3529.023300397544,3758.817904544321,3988.6125086910997,4218.407112837876,4475.370578123349,4732.334043408828,4989.297508694296,5246.260973979773,5503.224439265246,5760.18790455072,6017.151369836193,6274.114835121665,6531.07830040714,6788.041765692614] [-88.01180717633349,-2.703907345982003,-1.9610073631718308,-1.3698400983306556,-0.9073649444242449,-0.5554557436455241,-0.2995913137797288,-0.1279557169853831,-0.030803286834498067,0.0,-0.035727682991648635,-0.13776924233988552,-0.29928934376894745,-0.5144659525215332,-0.7782987515286663,-1.0864608872544181,-1.4351827773566868,-1.8211599931973694,-2.241479461227925,-2.6935597728677294] False 55970.65603222185 55984.65603222185
4007.6519721450045 4618.915317184078 5323.411028602609 2.069596766682521e-15 9.363953401522455e-16 1.3921065937332782e-15 1.845327024515428e-12 8.449854158727955e-09 0.0028037040971820026 6.076328818244729e-12 1.8074041950737016e-12 1.9572091233664954e-12 1.6575992667809078e-12 9.54490011818053e-12 0.0001296347001586212 3.855984557489705e-05 4.175584064731808e-05 3.5363850502476016e-05 0.0002036345138447848 4364.844506590225 1298.3231335947487 1405.933376206311 1190.7128909831863 6856.443436981013 88.8192357157049 -109.47258035094288 [0.0,1952.5158353614374,2254.056919265036,2555.5980031686354,2857.139087072233,3158.680170975832,3460.2212548794296,3761.7623387830276,4063.3034226866266,4364.844506590225,4739.004808090645,5113.165109591063,5487.32541109148,5861.4857125919025,6235.64601409232,6609.80631559274,6983.966617093159,7358.126918593575,7732.287220093995,8106.447521594411] [-44.40961785785245,-2.6955027766250907,-1.9095347002302816,-1.3081629177827097,-0.852366272037159,-0.5144676338359773,-0.27409743460745517,-0.11581287391197748,-0.02761746863210135,0.0,-0.03855690122711053,-0.14689921671146067,-0.31566889227983097,-0.5372965916467223,-0.8055702203083115,-1.115326636998276,-1.462226522953486,-1.8425868026716046,-2.2532537762966456,-2.691505615419004] False 55970.65603222185 55984.65603222185
5323.411028602609 6135.359285332078 7071.149185711414 8.533652164923534e-16 3.800684049951276e-16 5.695060638049166e-16 1.0034435856287648e-12 6.101097977654641e-09 0.0015257715855705456 1.793329843710448e-12 8.334148498685868e-13 9.28855659441467e-13 7.379740402957065e-13 3.5254005351132182e-12 6.750565815920271e-05 3.137192979715776e-05 3.496457321858998e-05 2.7779286375725535e-05 0.00013270536049588452 3148.921421010102 1463.3994312553477 1630.9846698307413 1295.8141926799542 6190.277433675998 39.36732955114992 -60.890614333886965 [0.0,820.9150373989729,1111.9158353503642,1402.9166333017545,1693.917431253146,1984.9182292045384,2275.9190271559282,2566.9198251073194,2857.9206230587115,3148.921421010102,3619.3849455212044,4089.8484700323006,4560.311994543404,5030.775519054506,5501.239043565603,5971.702568076701,6442.166092587807,6912.629617098904,7383.093141610005,7853.556666121106] [-19.68366477557496,-2.701079421522657,-1.7793841357688862,-1.1573181446006373,-0.725343357076575,-0.42512121890063526,-0.2217655120413795,-0.09270451706819216,-0.022472632908275614,0.0,-0.044563081262332105,-0.16837734637810087,-0.35458199793856693,-0.5911945657407571,-0.8693905730482285,-1.1824813705001915,-1.5252751952102628,-1.8936608556989043,-2.2843269180479453,-2.6945666497940692] False 55970.65603222185 55984.65603222185
7071.149185711414 8149.575733880153 9392.473966813408 3.409515733336314e-16 1.4948657009156012e-16 2.2576022959096606e-16 5.286930328344126e-13 4.268286435002981e-09 0.0008151263809281772 2.7638758011013114e-13 2.7860113192052267e-13 3.493817712608121e-13 2.0782049258023328e-13 1.0074968819241049e-12 1.835644272087058e-05 1.850345705849364e-05 2.320439460163108e-05 1.3802519515356206e-05 6.691349443823157e-05 1224.2527419948676 1234.057621332571 1547.5789154441613 920.5363272209808 4462.685406324642 9.751366901073084 -30.988144198518718 [0.0,136.02808244387413,272.05616488774825,408.08424733162263,544.1123297754965,680.140412219371,816.1684946632453,952.1965771071192,1088.224659550993,1224.2527419948676,1754.4884571457392,2284.7241722966096,2814.959887447482,3345.1956025983545,3875.4313177492268,4405.667032900097,4935.902748050971,5466.138463201842,5996.374178352712,6526.609893503579] [-4.875683450536542,-1.288615275873589,-0.7187261512980356,-0.4282434661390866,-0.2534554331598322,-0.1423674113236224,-0.07168124816382004,-0.028925560398569417,-0.006638767339417484,0.0,-0.07287201910351015,-0.241128059603831,-0.46457759010589683,-0.7240625591339338,-1.008939763309506,-1.3126801181615875,-1.6309882834659604,-1.960887233730567,-2.300228496490597,-2.647410621895908] False 55970.65603222185 55984.65603222185
9392.473966813408 10825.05221838098 12476.13311942254 1.3200405293262933e-16 5.696673145308922e-17 8.671700775587464e-17 2.6996222306278543e-13 2.8939210205547233e-09 0.0004175349514432547 2.0756538210873692e-13 2.0894774157602339e-13 2.6199341711739314e-13 1.559020660346536e-13 7.559703693438325e-13 2.432287586289716e-05 2.4484863172048237e-05 3.070084855529654e-05 1.8268877788799935e-05 8.858593500888311e-05 2393.5948377401833 2409.535879792488 3021.246049621038 1797.8257099639375 8717.671295486085 10.885906837307651 -22.073916702011413 [0.0,265.95498197113153,531.9099639422631,797.8649459133944,1063.8199278845261,1329.7749098556576,1595.7298918267888,1861.68487379792,2127.6398557690522,2393.5948377401833,3430.7941748870435,4467.993512033906,5505.192849180765,6542.392186327624,7579.591523474487,8616.79086062135,9653.99019776821,10691.189534915073,11728.38887206193,12765.588209208792] [-5.4429534186538255,-1.2971116962889155,-0.722003580450501,-0.4298493566905144,-0.2542898013170891,-0.14279240431553575,-0.07187853973734093,-0.028999186502268515,-0.006653848797341766,0.0,-0.07310297290980827,-0.2418300813466594,-0.4658552609505513,-0.7259707970708824,-1.0115109859084797,-1.3159350686272333,-1.6349410446179569,-1.9655478111791496,-2.305604260169517,-2.6535071622449102] False 55970.65603222185 55984.65603222185
22013.03884703687 25370.556878452422 29240.177187505025 6.338959711798704e-18 2.6092278315342814e-18 4.06691407617615e-18 2.9740709413656854e-14 7.46369243778722e-10 4.638901344877766e-05 1.75293003684576e-13 1.2381989112644291e-13 1.4436194835570592e-13 1.0327783389717993e-13 4.632843977361631e-13 0.00011282999861892394 7.969854957777266e-05 9.292075605543793e-05 6.647634310010743e-05 0.00029820002429075684 43102.21470166696 30445.661945939744 35496.68019823027 25394.643693649225 113915.46245101857 25.791189487984916 -16.788506553128645 [0.0,4590.270703634337,9404.263703388415,14218.256703142499,19032.249702896577,23846.242702650645,28660.23570240473,33474.22870215882,38288.22170191288,43102.21470166696,54442.40630953184,65782.59791739668,77122.78952526153,88462.98113312642,99803.17274099124,111143.3643488561,122483.55595672096,133823.74756458585,145163.93917245057,156504.13078031552] [-12.895594743992458,-2.6774109261189736,-1.475835527538237,-0.8753749101521429,-0.5168224453643191,-0.28986892039231194,-0.14581623899243823,-0.05882203024282262,-0.013513707564921873,0.0,-0.05882211948645022,-0.2062110064355096,-0.41385459257872625,-0.665163931228399,-0.9495791596842302,-1.2599610986909475,-1.5912567671268256,-1.9397582152188342,-2.302663817757317,-2.677805024571441] False 55970.65603222185 55984.65603222185
