data/PKS1502+106_allsed_14d_min11.ecsv
# %ECSV 1.0
# ---
# datatype:
# - {name: e_min, unit: MeV, datatype: float64}
# - {name: e_ref, unit: MeV, datatype: float64}
# - {name: e_max, unit: MeV, datatype: float64}
# - {name: ref_dnde_e_min, unit: ph / (cm2 MeV s), datatype: float64}
# - {name: ref_dnde_e_max, unit: ph / (cm2 MeV s), datatype: float64}
# - {name: ref_dnde, unit: ph / (cm2 MeV s), datatype: float64}
# - {name: ref_flux, unit: ph / (cm2 s), datatype: float64}
# - {name: ref_eflux, unit: MeV / (cm2 s), datatype: float64}
# - {name: ref_npred, datatype: float64}
# - {name: dnde, unit: ph / (cm2 MeV s), datatype: float64}
# - {name: dnde_err, unit: ph / (cm2 MeV s), datatype: float64}
# - {name: dnde_errp, unit: ph / (cm2 MeV s), datatype: float64}
# - {name: dnde_errn, unit: ph / (cm2 MeV s), datatype: float64}
# - {name: dnde_ul, unit: ph / (cm2 MeV s), datatype: float64}
# - {name: e2dnde, unit: MeV / (cm2 s), datatype: float64}
# - {name: e2dnde_err, unit: MeV / (cm2 s), datatype: float64}
# - {name: e2dnde_errp, unit: MeV / (cm2 s), datatype: float64}
# - {name: e2dnde_errn, unit: MeV / (cm2 s), datatype: float64}
# - {name: e2dnde_ul, unit: MeV / (cm2 s), datatype: float64}
# - {name: norm, datatype: float64}
# - {name: norm_err, datatype: float64}
# - {name: norm_errp, datatype: float64}
# - {name: norm_errn, datatype: float64}
# - {name: norm_ul, datatype: float64}
# - {name: ts, datatype: float64}
# - {name: loglike, datatype: float64}
# - {name: norm_scan, datatype: string, subtype: 'float64[20]'}
# - {name: dloglike_scan, datatype: string, subtype: 'float64[20]'}
# - {name: ShowUL, datatype: bool}
# - {name: tstart, datatype: float64}
# - {name: tend, datatype: float64}
# meta: !!omap
# - {UL_CONF: 0.95}
# - {EXTNAME: SED}
# - {CONFIG: '{"bin_index": 2.0, "use_local_index": true, "free_background": false, "free_radius": null, "free_pars": [], "ul_confidence":
#     0.95, "cov_scale": 3.0, "make_plots": false, "write_fits": true, "write_npy": true, "optimizer": {"optimizer": "MINUIT", "tol":
#     0.001, "max_iter": 100, "init_lambda": 0.0001, "retries": 3, "min_fit_quality": 2, "verbosity": 0}, "prefix": "", "outfile": null,
#     "loge_bins": []}'}
# - {SRCNAME: 4FGL J1504.4+1029}
# - {CREATOR: fermipy 1.2.0}
# - {STVER: 2.2.0}
# schema: astropy-2.0
e_min e_ref e_max ref_dnde_e_min ref_dnde_e_max ref_dnde ref_flux ref_eflux ref_npred dnde dnde_err dnde_errp dnde_errn dnde_ul e2dnde e2dnde_err e2dnde_errp e2dnde_errn e2dnde_ul norm norm_err norm_errp norm_errn norm_ul ts loglike norm_scan dloglike_scan ShowUL tstart tend
[from data line 1535]
132.83117061068992 153.091119887046 176.4411988580621 5.948776955552066e-12 3.348654414729298e-12 4.463227331701733e-12 1.946733032402221e-10 2.9698096389728217e-08 0.14911851445646854 1.2237850440232977e-09 2.940647214037575e-10 3.0863985205381086e-10 2.794895907537041e-10 1.7448334498871702e-09 2.8681716669849102e-05 6.891962819035821e-06 7.233558567220913e-06 6.550367070850728e-06 4.089347135769249e-05 274.1928548722824 65.88611772361524 69.15172119098247 62.620514256248 390.9353748337759 28.220416643495128 -829.7603050583441 [0.0,134.05564031307063,151.5727921329721,169.08994395287354,186.60709577277498,204.12424759267654,221.64139941257798,239.1585512324794,256.67570305238087,274.1928548722824,291.0990035100227,308.005152147763,324.9113007855035,341.8174494232439,358.7235980609839,375.6297466987245,392.5358953364649,409.442043974205,426.3481926119452,443.2543412496855] [-14.110208321747564,-2.712577505935542,-2.013103789322031,-1.4351104368076903,-0.9676592930077277,-0.6013705484431284,-0.3281269355331915,-0.14084657342482387,-0.03330592918223374,0.0,-0.03365640328229347,-0.12794803326380588,-0.2793150779068583,-0.4845326089886157,-0.740667800201436,-1.0450439538122964,-1.395210053958749,-1.7889148407331277,-2.224084608859357,-2.6988040955370707] False 58210.65603222185 58224.65603222185
176.4411988580621 203.35272664697808 234.36890988269914 3.827198724526658e-12 2.1078016513913474e-12 2.840242206531008e-12 1.6464597047978415e-10 3.33464049023525e-08 0.16300545185319237 6.372933558946813e-10 1.6275183054921106e-10 1.7159574111429446e-10 1.539079199841277e-10 9.288879399380252e-10 2.6353566074127704e-05 6.730167638484971e-06 7.0958839593516805e-06 6.364451317618262e-06 3.8411681958069214e-05 224.3799329610884 57.30209563641109 60.4158830960676 54.18830817675458 327.0453265577455 25.39065617797496 -822.7073120961462 [0.0,103.81013337106191,118.88135831981523,133.95258326856853,149.02380821732172,164.09503316607513,179.16625811482845,194.23748306358178,209.30870801233507,224.3799329610884,239.25283324504483,254.1257335290014,268.9986338129577,283.8715340969144,298.74443438087087,313.6173346648272,328.49023494878367,343.3631352327403,358.23603551669646,373.10893580065317] [-12.69532808898748,-2.7057018056977995,-2.004209339817521,-1.426994196427927,-0.9617527677318094,-0.5981189297195897,-0.32725583161982286,-0.1415531978055924,-0.03439835596464036,0.0,-0.03239371925383239,-0.12630672638942997,-0.2778421956844568,-0.4834994575270457,-0.7401193137287692,-1.0448387669867998,-1.3950532437678476,-1.7883848388681827,-2.2226554414819475,-2.6958638505317367] False 58210.65603222185 58224.65603222185
234.36890988269914 270.1158072739371 311.3149665447022 2.356929033836882e-12 1.2699929680723497e-12 1.7301107765742647e-12 1.3329847919533775e-10 3.584254914645612e-08 0.15854662152295063 3.7455486274351035e-10 8.941175476408171e-11 9.487229432417849e-11 8.395121520398493e-11 5.366760040062072e-10 2.732847765317966e-05 6.523709568483298e-06 6.9221244555557905e-06 6.125294681410806e-06 3.9157249421494815e-05 216.49183845045704 51.67978604302031 54.83596519295256 48.52360689308806 310.19748057338944 33.23904108513875 -691.4392179315822 [0.0,107.86034610601557,121.4392826490707,135.01821919212594,148.59715573518113,162.1760922782363,175.75502882129155,189.33396536434674,202.91290190740196,216.49183845045704,230.15148016418377,243.8111218779106,257.4707635916372,271.1304053053639,284.79004701909076,298.44968873281744,312.1093304465443,325.76897216027095,339.4286138739975,353.0882555877244] [-16.619520542569376,-2.7102676753582955,-1.9984814771272568,-1.416702076311708,-0.9506621706727856,-0.5885113623073721,-0.3202787848160824,-0.13748057640589195,-0.03282702166654872,0.0,-0.03386832555440833,-0.1298972852538327,-0.28371927289458654,-0.4914496118279885,-0.7496151431845419,-1.05509583177502,-1.4050766016322314,-1.7970072929255139,-2.2285691272287522,-2.6976464336853496] False 58210.65603222185 58224.65603222185
311.3149665447022 358.7979888064861 413.52331434760555 1.389389987913264e-12 7.324619312971092e-13 1.008798926383159e-12 1.0330673853799061e-10 3.6878922329459093e-08 0.14216705739716362 2.6327969902045686e-10 5.7560484362743444e-11 6.115977554761959e-11 5.396119317786731e-11 3.6806303355054826e-10 3.389357448311991e-05 7.410106329092683e-06 7.873464667448872e-06 6.946747990736495e-06 4.738296149890108e-05 260.9833259482066 57.058431425095506 60.62632894237445 53.49053390781656 364.8527213150023 48.32255721786396 -752.542829873459 [0.0,142.07355651005813,156.9372776898266,171.8009988695951,186.66472004936372,201.52844122913223,216.3921624089009,231.2558835886694,246.119604768438,260.9833259482066,276.0778667187739,291.1724074893412,306.2669482599087,321.361489030476,336.45602980104337,351.5505705716109,366.64511134217827,381.7396521127455,396.8341928833131,411.92873365388033] [-24.16127860893198,-2.693226937202212,-1.9862388829192241,-1.408713394184474,-0.9462080254594412,-0.5867664606735161,-0.32035671131257004,-0.13846311363874975,-0.03378348099545292,0.0,-0.032582926360305464,-0.1275371486486847,-0.280395118971569,-0.4871916366056439,-0.744388328415539,-1.048812131956538,-1.3976047297057903,-1.7881806399055904,-2.218192217522642,-2.6855002209916847] False 58210.65603222185 58224.65603222185
413.52331434760555 476.5900816815941 549.2752115212968 7.839940953088391e-13 4.043928535378225e-13 5.630644806403132e-13 7.663575882285015e-11 3.632054992097562e-08 0.11959980064247167 7.809287325086008e-11 2.5498408984449672e-11 2.742418642736267e-11 2.3572631541536674e-11 1.2615537608509362e-10 1.7737867318961398e-05 5.791660321651697e-06 6.229077762530187e-06 5.354242880773207e-06 2.8654693180295055e-05 138.69259371866855 45.28506034593595 48.70523247386527 41.864888218006634 224.05138385150943 21.940149021896445 -490.841435362381 [0.0,50.877105768680636,61.85404176242914,72.83097775617759,83.80791374992607,94.78484974367458,105.76178573742307,116.73872173117155,127.71565772492,138.69259371866855,151.39037019972912,164.08814668078975,176.78592316185043,189.48369964291103,202.1814761239717,214.8792526050323,227.57702908609292,240.27480556715375,252.97258204821426,265.6703585292749] [-10.970074510948223,-2.698656150146519,-1.9327789244421751,-1.3368227848585548,-0.8784109574777972,-0.5341055459106769,-0.2863277164668716,-0.1215128321098291,-0.028946710611137405,0.0,-0.0366657191292461,-0.1400762660796886,-0.30287407953261436,-0.5189415981555499,-0.7831295173143076,-1.0910566842665048,-1.4389599137496134,-1.8235793598647092,-2.2420697086975565,-2.6919304484313784] False 58210.65603222185 58224.65603222185
549.2752115212968 633.0528961793416 729.6086933380817 4.23485401530004e-13 2.1370381353038456e-13 3.0083291921165767e-13 5.442976241969391e-11 3.424743928911462e-08 0.09374661081283309 3.05003082008135e-11 1.320029502900484e-11 1.4372054655286894e-11 1.2028535402722787e-11 5.618395072931153e-11 1.2223180578827866e-05 5.290097030200714e-06 5.759686695089523e-06 4.820507365311906e-06 2.2516053637058837e-05 101.38620560788533 43.87915745257081 47.77420866356423 39.984106241577386 186.7613121480966 13.255493870158716 -416.2332959230217 [0.0,22.72114969808328,32.55428168680854,42.387413675533814,52.22054566425906,62.05367765298433,71.88680964170958,81.71994163043486,91.5530736191601,101.38620560788533,114.26741323485658,127.14862086182788,140.02982848879915,152.91103611577037,165.79224374274162,178.67345136971292,191.55465899668414,204.4358666236554,217.31707425062658,230.19828187759782] [-6.627746935079358,-2.6912796173540414,-1.8515000842366476,-1.242450209268327,-0.7968520551730194,-0.47460056396698747,-0.24957979250962126,-0.1036905020064296,-0.023793319014885128,0.0,-0.04114594976067565,-0.15231505799897604,-0.32340138903339266,-0.546501597180054,-0.8152977550274727,-1.1246458049961916,-1.470291752813182,-1.848670309039278,-2.2567585011149163,-2.6919669751501942] False 58210.65603222185 58224.65603222185
969.1477682383326 1116.9661194245136 1287.3303254983532 1.0836324460802048e-13 5.2344130990422126e-14 7.531387568243557e-14 2.4079739574076435e-11 2.6705212096644234e-08 0.04828294741865902 1.3808949789513675e-11 5.418633475939111e-12 6.076951687651171e-12 4.760315264227051e-12 2.4436219192045835e-11 1.7228229581339486e-05 6.760359257117578e-06 7.581685821543565e-06 5.9390326926915895e-06 3.0486952357535243e-05 183.35200073542552 71.94734604798496 80.68834106048291 63.206351035487 324.4583945604165 26.958801472858795 -280.43955774860564 [0.0,57.93713033249239,73.61398913285902,89.29084793322566,104.96770673359232,120.64456553395897,136.3214243343255,151.9982831346922,167.6751419350589,183.35200073542552,204.62587756394765,225.89975439247,247.17363122099238,268.4475080495145,289.72138487803664,310.9952617065592,332.2691385350811,353.5430153636034,374.8168921921257,396.0907690206481] [-13.479400736429398,-2.7003347111825633,-1.86529184267863,-1.255124093849929,-0.8073277209067555,-0.4830056071620561,-0.2561533813011465,-0.10844947656096338,-0.026456270326434606,0.0,-0.03904217463457371,-0.15083418922125702,-0.32393842412579943,-0.5495031647157589,-0.820526275963573,-1.1313658109705216,-1.4774038603458735,-1.85480912242258,-2.260365129625427,-2.6913433568186065] False 58210.65603222185 58224.65603222185
1287.3303254983532 1483.6791717563765 1709.9759409858673 5.133600005225537e-14 2.4261301975736344e-14 3.5291333206528026e-14 1.500041968896178e-11 2.2086360732713952e-08 0.0315289573229105 4.674208338163122e-12 2.569788805640938e-12 2.8829059619028527e-12 2.256671649379022e-12 1.0098030525846397e-11 1.0289352972712847e-05 5.656886080725445e-06 6.3461520931721705e-06 4.967620068278719e-06 2.222883382440209e-05 132.4463519360189 72.81642749516729 81.68878021784641 63.94407477248815 286.13343867605744 14.615195289739745 -210.64025625505167 [0.0,21.067395278597417,34.98976486077511,48.91213444295281,62.83450402513048,76.75687360730815,90.67924318948582,104.60161277166351,118.52398235384122,132.4463519360189,156.21785790297412,179.9893638699295,203.76086983688467,227.53237580383995,251.30388177079527,275.07538773775053,298.8468937047058,322.61839967166105,346.3899056386164,370.1614116055717] [-7.3075976448698725,-2.7815099058290684,-1.7499338306932373,-1.1097205326256017,-0.6844905328619006,-0.39674303870913263,-0.2051928055143435,-0.08509673821595243,-0.020386540602316927,0.0,-0.04594276227504679,-0.17136939686804453,-0.3584469995814459,-0.5948907719480303,-0.8718516139048518,-1.182728291920057,-1.522455707265408,-1.887056268944491,-2.2733451522577752,-2.678729859760466] False 58210.65603222185 58224.65603222185
1709.9759409858673 1970.7884119509856 2271.3810595726877 2.3279530584213854e-14 1.0763967512216209e-14 1.5829722388851956e-14 8.945081728235165e-12 1.7485647797624177e-08 0.01936274300065488 2.8770328384404837e-12 1.680698551216889e-12 1.9027792342141394e-12 1.4586178682196392e-12 6.5052937294819935e-12 1.1174415582116734e-05 6.527844878454465e-06 7.390407797936741e-06 5.665281958972192e-06 2.5266606152599063e-05 181.7487867296162 106.1735960954386 120.20294402346354 92.14424816741368 410.9543787112357 16.17231196041473 -106.22608046329103 [0.0,27.876779463556613,47.11078037181408,66.3447812800715,85.57878218832892,104.81278309658636,124.04678400484386,143.2807849131013,162.51478582135877,181.7487867296162,217.59647914583195,253.44417156204779,289.2918639782635,325.13955639447937,360.9872488106951,396.8349412269109,432.6826336431266,468.5303260593423,504.37801847555824,540.2257108917738] [-8.086155980207366,-2.6857822359325922,-1.6513560895973711,-1.0324629108191914,-0.6302358510630768,-0.36219642529388807,-0.18587460080244966,-0.07643083377872983,-0.018044425860580304,0.0,-0.04939882470119983,-0.1808330122830597,-0.3739401070653656,-0.615266879845592,-0.895437813186021,-1.2076439782372859,-1.5467751907528111,-1.9088919800273914,-2.290888945018139,-2.690271672297129] False 58210.65603222185 58224.65603222185
2271.3810595726877 2617.821317854317 3017.1020504598932 1.0105052554359843e-14 4.5713325798933014e-15 6.796584139351129e-15 5.1061606736036764e-12 1.325161226638296e-08 0.011250554861667261 2.406454783951019e-12 1.2443280378430484e-12 1.3996315686242104e-12 1.0890245070618862e-12 5.059485683524759e-12 1.6491406845187892e-05 8.527365674102665e-06 9.5916589771338e-06 7.46307237107153e-06 3.467259696332971e-05 354.0682693852098 183.0813850502621 205.93161799036207 160.23115211016213 744.4159565731189 22.71832931495902 -107.61453105212749 [0.0,75.91328958261688,110.68266205794095,145.45203453326513,180.22140700858913,214.99077948391334,249.7601519592373,284.52952443456167,319.2988969098856,354.0682693852098,414.85526514146864,475.6422608977277,536.4292566539864,597.2162524102453,658.0032481665045,718.7902439227628,779.5772396790218,840.3642354352813,901.15123119154,961.9382269477987] [-11.35916465747951,-2.6958678409758505,-1.734119509877445,-1.1115170710951219,-0.6900854287045206,-0.4021384006696991,-0.2093356246527378,-0.08782356743121511,-0.02174054620157051,0.0,-0.045491136014305766,-0.17305303077084488,-0.36338534523963517,-0.6032978105283746,-0.8833746781281206,-1.1966586292468833,-1.5378626863315503,-1.902874671472503,-2.2884328385479193,-2.691906279815342] False 58210.65603222185 58224.65603222185
7071.149185711414 8149.575733880153 9392.473966813408 2.3169694928869586e-16 9.604622356626801e-17 1.4917646259046503e-16 3.5027119851517007e-13 2.824123208628027e-09 0.0007869590413287497 1.8575249327587533e-13 1.9040203254121252e-13 2.3884067345997494e-13 1.4196339162245011e-13 6.892494119379851e-13 1.2336860439672544e-05 1.2645662308297002e-05 1.5862742964192533e-05 9.428581652401469e-06 4.5776902658187064e-05 1245.1863387176754 1276.3543875143646 1601.0613826905492 951.6473923381801 4620.363024897469 10.32603954456411 -21.900386739550832 [0.0,138.3540376352973,276.7080752705946,415.0621129058919,553.4161505411892,691.7701881764865,830.1242258117838,968.478263447081,1106.8323010823783,1245.1863387176754,1797.2596590835506,2349.332979449427,2901.4062998153004,3453.4796201811773,4005.5529405470525,4557.626260912928,5109.699581278804,5661.772901644678,6213.846222010554,6765.919542376433] [-5.163019772282055,-1.3097449384956192,-0.7349581927349824,-0.44150239872905317,-0.26423042157108867,-0.15085543107367627,-0.0779811540304074,-0.03309397659755575,-0.008711143856931614,0.0,-0.06783946067481494,-0.23447821098297084,-0.4577880203213951,-0.7179058626394266,-1.0038705042223128,-1.3089883261840143,-1.62887031518596,-1.9604821939792778,-2.30163852647636,-2.650712931878786] False 58210.65603222185 58224.65603222185
