data/PKS1830-211_allsed_1d_1_min11.ecsv
# %ECSV 1.0
# ---
# datatype:
# - {name: e_min, unit: MeV, datatype: float64}
# - {name: e_ref, unit: MeV, datatype: float64}
# - {name: e_max, unit: MeV, datatype: float64}
# - {name: ref_dnde_e_min, unit: ph / (cm2 MeV s), datatype: float64}
# - {name: ref_dnde_e_max, unit: ph / (cm2 MeV s), datatype: float64}
# - {name: ref_dnde, unit: ph / (cm2 MeV s), datatype: float64}
# - {name: ref_flux, unit: ph / (cm2 s), datatype: float64}
# - {name: ref_eflux, unit: MeV / (cm2 s), datatype: float64}
# - {name: ref_npred, datatype: float64}
# - {name: dnde, unit: ph / (cm2 MeV s), datatype: float64}
# - {name: dnde_err, unit: ph / (cm2 MeV s), datatype: float64}
# - {name: dnde_errp, unit: ph / (cm2 MeV s), datatype: float64}
# - {name: dnde_errn, unit: ph / (cm2 MeV s), datatype: float64}
# - {name: dnde_ul, unit: ph / (cm2 MeV s), datatype: float64}
# - {name: e2dnde, unit: MeV / (cm2 s), datatype: float64}
# - {name: e2dnde_err, unit: MeV / (cm2 s), datatype: float64}
# - {name: e2dnde_errp, unit: MeV / (cm2 s), datatype: float64}
# - {name: e2dnde_errn, unit: MeV / (cm2 s), datatype: float64}
# - {name: e2dnde_ul, unit: MeV / (cm2 s), datatype: float64}
# - {name: norm, datatype: float64}
# - {name: norm_err, datatype: float64}
# - {name: norm_errp, datatype: float64}
# - {name: norm_errn, datatype: float64}
# - {name: norm_ul, datatype: float64}
# - {name: ts, datatype: float64}
# - {name: loglike, datatype: float64}
# - {name: norm_scan, datatype: string, subtype: 'float64[20]'}
# - {name: dloglike_scan, datatype: string, subtype: 'float64[20]'}
# - {name: ShowUL, datatype: bool}
# - {name: tstart, datatype: float64}
# - {name: tend, datatype: float64}
# meta: !!omap
# - {UL_CONF: 0.95}
# - {EXTNAME: SED}
# - {CONFIG: '{"bin_index": 2.0, "use_local_index": true, "free_background": false, "free_radius": null, "free_pars": [], "ul_confidence":
#     0.95, "cov_scale": 3.0, "make_plots": false, "write_fits": true, "write_npy": true, "optimizer": {"optimizer": "MINUIT", "tol":
#     0.001, "max_iter": 100, "init_lambda": 0.0001, "retries": 3, "min_fit_quality": 2, "verbosity": 0}, "prefix": "", "outfile": null,
#     "loge_bins": []}'}
# - {SRCNAME: 4FGL J1833.6-2103}
# - {CREATOR: fermipy 1.2.0}
# - {STVER: 2.2.0}
# schema: astropy-2.0
e_min e_ref e_max ref_dnde_e_min ref_dnde_e_max ref_dnde ref_flux ref_eflux ref_npred dnde dnde_err dnde_errp dnde_errn dnde_ul e2dnde e2dnde_err e2dnde_errp e2dnde_errn e2dnde_ul norm norm_err norm_errp norm_errn norm_ul ts loglike norm_scan dloglike_scan ShowUL tstart tend
[from data line 326]
7071.149185711414 8149.575733880153 9392.473966813408 3.395430003352342e-16 1.487795775590856e-16 2.247600145778175e-16 5.263648853692151e-13 4.249430733660316e-09 4.6605048802966786e-05 4.675150326355201e-12 4.838490831855967e-12 6.071121046995686e-12 3.605860616716247e-12 1.75212389674065e-11 0.0003105028422152783 0.00032135119738387204 0.00040321705377007676 0.00023948534099766733 0.0011636833296768446 20800.631887913256 21527.364824853048 27011.570800969643 16043.158848736453 77955.32047956962 10.246402618107165 -13.995706588036699 [0.0,2311.181320879251,4622.362641758502,6933.543962637753,9244.725283517004,11555.906604396254,13867.087925275506,16178.269246154756,18489.450567034008,20800.631887913256,30139.77554896647,39478.91921001969,48818.06287107288,58157.2065321261,67496.3501931793,76835.4938542325,86174.63751528574,95513.78117633892,104852.92483739213,114192.06849844533] [-5.123201309053583,-1.317796973394156,-0.7423779819399758,-0.44797056490389053,-0.26966593250953075,-0.15522567906187312,-0.08126977951179981,-0.035291609817603486,-0.009811918629610616,0.0,-0.06499217818547542,-0.23059441884791987,-0.4536429887319837,-0.7139024811261692,-1.0002448394655818,-1.3058905425222296,-1.6264018365811133,-1.9587147315804838,-2.3006246466824454,-2.650492309593359] False 58545.00000212926 58546.00000212926
100.0 115.25240587974294 132.83117061068992 7.340740751456445e-12 4.322093508428222e-12 5.6327052069964e-12 1.8477307049435193e-10 2.1243305024329362e-08 0.0034493177983603465 3.545517409701667e-08 1.001241676320901e-08 1.0696045162338286e-08 9.328788364079732e-09 5.386318355152998e-08 0.00047095522795125396 0.00013299610392991488 0.00014207681998182028 0.0001239153878780095 0.0007154709723968192 6294.519736800299 1777.5502880520992 1898.9179744490616 1656.1826016551368 9562.578116927965 23.204698716440816 -334.5426016284984 [0.0,2629.4341593314966,3087.569856515099,3545.7055536986986,4003.8412508822967,4461.976948065901,4920.112645249501,5378.2483424331,5836.384039616703,6294.519736800299,6775.474185189526,7256.428633578759,7737.383081967991,8218.337530357223,8699.291978746447,9180.246427135671,9661.200875524906,10142.155323914134,10623.10977230336,11104.06422069259] [-11.602349358220408,-2.711754907662737,-1.977536117510624,-1.3870218766753624,-0.920859557868539,-0.5635435577506769,-0.30243678196552537,-0.1270886068176651,-0.02874676707023127,0.0,-0.037783060127139834,-0.13898717116632042,-0.2981696551790378,-0.5105950849054466,-0.772114969271513,-1.0790723144715457,-1.4282250818175157,-1.8166841854968538,-2.241862808963276,-2.701434626625371] False 58554.00000212926 58555.00000212926
132.83117061068992 153.091119887046 176.4411988580621 5.078284567934677e-12 2.9229623104132677e-12 3.852743748762226e-12 1.6795873976779593e-10 2.563617369100952e-08 0.004560581809005634 1.7251409347396843e-08 5.438952134108401e-09 5.804367520700916e-09 5.0735367475158865e-09 2.7223392245058445e-08 0.0004043194002689601 0.00012747212825751648 0.00013603632883852176 0.00011890792767651123 0.0006380316763783467 4477.6944620153445 1411.708768810741 1506.5542634559306 1316.8632741655517 7065.975320524373 16.897116612222362 -400.2705355905786 [0.0,1569.8303656751334,1933.3133777176588,2296.7963897601844,2660.279401802711,3023.762413845237,3387.2454258877633,3750.7284379302873,4114.211449972816,4477.6944620153445,4857.980896274626,5238.267330533907,5618.553764793193,5998.840199052475,6379.126633311757,6759.41306757104,7139.699501830324,7519.985936089607,7900.272370348892,8280.558804608176] [-8.448558306111181,-2.7052464483201675,-1.9704436301246915,-1.3808738522564,-0.9161526735031771,-0.5602726218673411,-0.3003800260770504,-0.12596185078740518,-0.028285316722019616,0.0,-0.03789401743296139,-0.1387574154105664,-0.29729406762072585,-0.5088997079604383,-0.769541381019792,-1.0756627312038631,-1.424108644917112,-1.8120646055255065,-2.23700738438464,-2.6966645728962817] False 58554.00000212926 58555.00000212926
176.4411988580621 203.35272664697808 234.36890988269914 3.35736068420588e-12 1.8891049780276843e-12 2.518413544588686e-12 1.45911292846736e-10 2.956696580276576e-08 0.005238811497459726 1.1746044807466833e-08 3.0443165553576135e-09 3.240269023731224e-09 2.848364086984002e-09 1.727701654695808e-08 0.00048572633792591725 0.00012588958718947674 0.00013399267860712174 0.00011778649577183171 0.0007144449144536537 4664.065134459571 1208.8231346670348 1286.6310343246005 1131.0152350094688 6860.277806272604 30.698961075449688 -384.49558019298377 [0.0,2149.88859449852,2464.160661993652,2778.432729488784,3092.7047969839145,3406.976864479048,3721.248931974177,4035.52099946931,4349.79306696444,4664.065134459571,4987.536726246973,5311.008318034368,5634.479909821767,5957.9515016091655,6281.423093396569,6604.894685183966,6928.366276971367,7251.837868758767,7575.309460546162,7898.781052333557] [-15.349480537724844,-2.7044507520234333,-1.967919899107244,-1.3762591038128562,-0.9098895667789293,-0.5531997239898487,-0.29350886096102613,-0.12035410947373748,-0.02498558667952011,0.0,-0.04112010257318843,-0.1441634633591775,-0.3039844710299917,-0.5160923302810261,-0.7765409166540849,-1.0818412978844094,-1.428891476859917,-1.814919391276817,-2.2374362397650884,-2.694197939570131] False 58554.00000212926 58555.00000212926
234.36890988269914 270.1158072739371 311.3149665447022 2.1212057092937994e-12 1.1667902448118794e-12 1.5732139488458887e-12 1.2114278636859502e-10 3.258987884768939e-08 0.005319662611880563 7.204432099601883e-09 1.7495807590270434e-09 1.8635506117402485e-09 1.6356109063138382e-09 1.0429849568495334e-08 0.0005256537325284841 0.00012765387245351441 0.00013596940345528876 0.00011933834145174001 0.0007609884137423037 4579.435686345818 1112.106055448172 1184.5500182014982 1039.6620926948453 6629.644732140013 45.242314245992134 -383.3926298154771 [0.0,2330.9628955539724,2612.0219944029523,2893.081093251933,3174.1401921009146,3455.199290949893,3736.2583897988748,4017.3174886478546,4298.376587496838,4579.435686345818,4882.028117748835,5184.620549151855,5487.212980554872,5789.805411957893,6092.39784336091,6394.990274763931,6697.582706166949,7000.175137569966,7302.767568972988,7605.360000376007] [-22.621157122996067,-2.705764012200973,-1.9747952185420559,-1.387522287555953,-0.924072718980824,-0.5685935243262747,-0.30821435603297687,-0.1323288128185709,-0.03208253885816248,0.0,-0.034369414387583674,-0.13356377701575184,-0.2917405891355429,-0.5038455145488001,-0.7654740211531248,-1.0727624487830667,-1.4223012419494694,-1.8110651058444773,-2.2363562434113646,-2.6957578175420736] False 58554.00000212926 58555.00000212926
311.3149665447022 358.7979888064861 413.52331434760555 1.2807707316259873e-12 6.887051119650799e-13 9.39187601135189e-13 9.612327379422925e-11 3.4330581971101596e-08 0.004920827204887523 2.828420726901676e-09 8.778058369511229e-10 9.467302719874396e-10 8.088814019148061e-10 4.4961454466853055e-09 0.00036411956156708227 0.00011300520939181325 0.00012187826523813145 0.00010413215354549503 0.0005788157657090306 3011.560974062036 934.6437664744781 1008.0310588035169 861.2564741454393 4787.270872454926 28.02515044804784 -297.5013241124287 [0.0,1215.5748214113305,1440.0730904926681,1664.571359574006,1889.0696286553446,2113.567897736683,2338.0661668180214,2562.5644358993595,2787.0627049806976,3011.560974062036,3276.005849644652,3540.4507252272665,3804.8956008098826,4069.3404763925,4333.785351975115,4598.230227557731,4862.675103140351,5127.1199787229625,5391.564854305579,5656.009729888193] [-14.01257522402392,-2.6970578877665616,-1.934871899313066,-1.3404846115521423,-0.8825941088978198,-0.538242557623505,-0.2900305795069471,-0.1244201087541228,-0.03064769274635637,0.0,-0.035213696701532626,-0.13851088264146938,-0.3020149650403141,-0.51918787540518,-0.784538023973937,-1.093404646028091,-1.441795563131393,-1.82626310946074,-2.2438078525131573,-2.691802902033487] False 58554.00000212926 58555.00000212926
413.52331434760555 476.5900816815941 549.2752115212968 7.390308697232597e-13 3.885075400731123e-13 5.358349234925593e-13 7.288724694627854e-11 3.455946860372992e-08 0.0042431031634798805 2.8606749352919013e-09 6.988267841702325e-10 7.4473349522276e-10 6.529200731177049e-10 4.151711838374325e-09 0.0006497682865616341 0.00015873019214863548 0.00016915735554783417 0.00014830302874943674 0.0009430119634487136 5338.7243157763805 1304.1829741430365 1389.8562086409088 1218.509739645164 7748.1172957402 60.39545715041288 -357.8668981480058 [0.0,2753.6683271919073,3076.8003257649652,3399.932324338023,3723.0643229110838,4046.196321484144,4369.328320057201,4692.4603186302575,5015.592317203319,5338.7243157763805,5694.9020930135675,6051.079870250763,6407.257647487955,6763.435424725145,7119.6132019623365,7475.79097919953,7831.968756436724,8188.146533673917,8544.324310911108,8900.502088148298] [-30.19772857520644,-2.704201604855143,-1.9648456881560037,-1.375301874885679,-0.9129953474505328,-0.5602827975783384,-0.303089622278776,-0.1299920889899795,-0.03157964739955332,0.0,-0.03471749706596938,-0.13509725910932957,-0.29477626740271035,-0.5083118507400286,-0.7710091429237309,-1.0787875660485042,-1.4280761383473646,-1.8157304005369497,-2.2389657817481066,-2.6953036245098474] False 58554.00000212926 58555.00000212926
549.2752115212968 633.0528961793416 729.6086933380817 4.075508777900894e-13 2.0943456727697183e-13 2.9215619406974283e-13 5.282866709497997e-11 3.3254272535274744e-08 0.003410969724490509 1.3485606735006336e-09 3.8525285821418603e-10 4.142329934566637e-10 3.562727229717083e-10 2.075048700194153e-09 0.0005404437399509399 0.00015439238264274214 0.0001660063448340557 0.00014277842045142862 0.0008315881533176993 4615.889379975657 1318.6537408213203 1417.8477193530903 1219.4597622895503 7102.531941180759 48.35468713246439 -287.3142453004432 [0.0,2093.44032832326,2408.7464597798084,2724.0525912363596,3039.358722692908,3354.6648541494583,3669.97098560601,3985.2771170625597,4300.58324851911,4615.889379975657,4986.367092064647,5356.8448041536385,5727.322516242628,6097.800228331621,6468.277940420606,6838.755652509598,7209.233364598588,7579.711076687578,7950.1887887765715,8320.666500865562] [-24.177343566232196,-2.6973399889477037,-1.9329720012173084,-1.3372535047273004,-0.8787979825423236,-0.5344993913251983,-0.2868106724245081,-0.12206550315943332,-0.029394757483260037,0.0,-0.0366108133263765,-0.14101415730777944,-0.3053215921891592,-0.5229868461758542,-0.7885131647589674,-1.0972370331280672,-1.4451653912934717,-1.8288511140854098,-2.2452963793290905,-2.6918767033745894] False 58554.00000212926 58555.00000212926
729.6086933380817 840.8915725798939 969.1477682383326 2.1477488620046326e-13 1.0789515382257119e-13 1.5222736082526121e-13 3.659057089682122e-11 3.0578399538286416e-08 0.002580817530995448 3.2744508878675645e-10 1.566564586187959e-10 1.736860695883076e-10 1.3962684764928416e-10 6.484678226792547e-10 0.00023153597591972155 0.00011077156834088815 0.00012281318304327535 9.872995363850093e-05 0.00045853071344843685 2151.026510685054 1029.09528070068 1140.9648610257286 917.2257003756313 4259.8637929722645 17.929034064288487 -192.47538188628334 [0.0,467.59159528820874,678.0209597128146,888.4503241374201,1098.8796885620254,1309.3090529866313,1519.7384174112374,1730.1677818358423,1940.5971462604487,2151.026510685054,2475.6092715368814,2800.1920323887084,3124.7747932405355,3449.3575540923657,3773.9403149441914,4098.52307579602,4423.105836647846,4747.688597499673,5072.2713583515,5396.854119203328] [-8.964517032144244,-2.7153179430459033,-1.7914737250156918,-1.167584278610036,-0.7328067493888568,-0.42947758661500757,-0.22341427268170833,-0.09253922845522311,-0.021697393570605072,0.0,-0.044741514402772964,-0.166040729529783,-0.3488606900671982,-0.5822855218713698,-0.8581261989530731,-1.1700737041327045,-1.5131592721531888,-1.883396520383684,-2.2775362359982694,-2.6928936017887395] False 58554.00000212926 58555.00000212926
1287.3303254983532 1483.6791717563765 1709.9759409858673 5.205929556360519e-14 2.499312424834948e-14 3.60711025933882e-14 1.532269225637326e-11 2.2569222771800506e-08 0.0012275790158763067 1.3605721063609302e-10 7.070530073320382e-11 7.888947472929672e-11 6.252112673711094e-11 2.831292741870199e-10 0.00029950326631517944 0.00015564385317314402 0.00017365970718383422 0.0001376279991624539 0.0006232535711412224 3771.9171540110397 1960.1646650569544 2187.0547074365586 1733.2746226773509 7849.199326635423 17.482307818912005 -115.4415503777185 [0.0,703.1107702355982,1086.7115682075282,1470.312366179459,1853.9131641513877,2237.5139621233193,2621.114760095248,3004.7155580671792,3388.31635603911,3771.9171540110397,4401.603947748534,5031.290741486027,5660.977535223523,6290.664328961013,6920.351122698512,7550.037916436008,8179.724710173498,8809.411503911,9439.098297648492,10068.785091385986] [-8.741153909456003,-2.7041234887068413,-1.7455477732401619,-1.123105596255499,-0.6991141677844439,-0.407649091300641,-0.211592924263158,-0.08782812881564439,-0.020915692717011325,0.0,-0.04533027477540941,-0.16908083256355155,-0.35460670186247967,-0.5901789093679497,-0.8672007861623854,-1.1791708296014463,-1.5210447667278117,-1.8888248976309683,-2.279285610975208,-2.689784018512853] False 58554.00000212926 58555.00000212926
4007.6519721450045 4618.915317184078 5323.411028602609 1.7748992555332164e-15 7.782221871405871e-16 1.1752727260492617e-15 1.5600325745086792e-12 7.138206969759443e-09 0.0001302925275690342 9.042351298082531e-12 9.141531547287604e-12 1.1465819006441795e-11 6.817244088133415e-12 3.307121371240626e-11 0.00019291294699789845 0.0001950288959947256 0.00024461612487299033 0.00014544166711646093 0.000705553797651113 7693.832331563458 7778.221466958841 9755.879424671686 5800.563509245997 28139.182488797138 10.687424858153449 -41.533908912691786 [0.0,854.8702590626066,1709.7405181252132,2564.6107771878205,3419.4810362504263,4274.351295313032,5129.221554375641,5984.091813438244,6838.962072500853,7693.832331563458,11036.74472764926,14379.657123735058,17722.569519820856,21065.481915906665,24408.394311992462,27751.306708078253,31094.21910416407,34437.131500249874,37780.04389633567,41122.95629242148] [-5.343712429076724,-1.2997544922739337,-0.72491068451167,-0.43251115832599396,-0.25657806218760015,-0.14465608148719866,-0.07329245078859259,-0.02994926318272917,-0.007131589721936393,0.0,-0.07156308482083773,-0.23911622277136502,-0.46213337560710954,-0.7213335973942421,-1.0060179874416733,-1.3096285325596142,-1.6278533573676128,-1.9577052850193297,-2.2970292537918624,-2.6442193402296326] False 58554.00000212926 58555.00000212926
9392.473966813408 10825.05221838098 12476.13311942254 8.747986840260768e-17 3.583393907770943e-17 5.598882276727258e-17 1.7474047109046767e-13 1.8708828262851435e-09 1.4889873524048802e-05 3.6571433728191196e-12 3.7711268948332705e-12 4.729268144941183e-12 2.8129856447253572e-12 1.3667709796261938e-11 0.0004285504806543184 0.00044190726986550604 0.0005541839435995069 0.00032963059613150514 0.0016016062280097788 65319.16893521199 67354.99530877126 84468.07614797012 50241.9144695724 244114.9701088409 14.571747068978558 -3.68685355675444 [0.0,7257.685437245776,14515.370874491551,21773.056311737313,29030.741748983102,36288.42718622886,43546.112623474626,50803.79806072043,58061.483497966205,65319.16893521199,94683.7255691569,124048.28220310196,153412.838837047,182777.39547099196,212141.95210493702,241506.508738882,270871.0653728269,300235.6220067718,329600.1786407169,358964.73527466174] [-7.285873534489279,-1.330626130876282,-0.7467089851752648,-0.4496982021367888,-0.2702763578967762,-0.15531536891177877,-0.08113753396313683,-0.035108378647381144,-0.009684635987930346,0.0,-0.06605829143523234,-0.23320640554426042,-0.45800533516291697,-0.720121179077247,-1.0083818885648492,-1.3159853351284205,-1.6384809565229341,-1.9727969630435336,-2.3167237526903577,-2.668618674434552] False 58554.00000212926 58555.00000212926
