data/PKS1830-211_allsed_14d_min11.ecsv
# %ECSV 1.0
# ---
# datatype:
# - {name: e_min, unit: MeV, datatype: float64}
# - {name: e_ref, unit: MeV, datatype: float64}
# - {name: e_max, unit: MeV, datatype: float64}
# - {name: ref_dnde_e_min, unit: ph / (cm2 MeV s), datatype: float64}
# - {name: ref_dnde_e_max, unit: ph / (cm2 MeV s), datatype: float64}
# - {name: ref_dnde, unit: ph / (cm2 MeV s), datatype: float64}
# - {name: ref_flux, unit: ph / (cm2 s), datatype: float64}
# - {name: ref_eflux, unit: MeV / (cm2 s), datatype: float64}
# - {name: ref_npred, datatype: float64}
# - {name: dnde, unit: ph / (cm2 MeV s), datatype: float64}
# - {name: dnde_err, unit: ph / (cm2 MeV s), datatype: float64}
# - {name: dnde_errp, unit: ph / (cm2 MeV s), datatype: float64}
# - {name: dnde_errn, unit: ph / (cm2 MeV s), datatype: float64}
# - {name: dnde_ul, unit: ph / (cm2 MeV s), datatype: float64}
# - {name: e2dnde, unit: MeV / (cm2 s), datatype: float64}
# - {name: e2dnde_err, unit: MeV / (cm2 s), datatype: float64}
# - {name: e2dnde_errp, unit: MeV / (cm2 s), datatype: float64}
# - {name: e2dnde_errn, unit: MeV / (cm2 s), datatype: float64}
# - {name: e2dnde_ul, unit: MeV / (cm2 s), datatype: float64}
# - {name: norm, datatype: float64}
# - {name: norm_err, datatype: float64}
# - {name: norm_errp, datatype: float64}
# - {name: norm_errn, datatype: float64}
# - {name: norm_ul, datatype: float64}
# - {name: ts, datatype: float64}
# - {name: loglike, datatype: float64}
# - {name: norm_scan, datatype: string, subtype: 'float64[20]'}
# - {name: dloglike_scan, datatype: string, subtype: 'float64[20]'}
# - {name: ShowUL, datatype: bool}
# - {name: tstart, datatype: float64}
# - {name: tend, datatype: float64}
# meta: !!omap
# - {UL_CONF: 0.95}
# - {EXTNAME: SED}
# - {CONFIG: '{"bin_index": 2.0, "use_local_index": true, "free_background": false, "free_radius": null, "free_pars": [], "ul_confidence":
#     0.95, "cov_scale": 3.0, "make_plots": false, "write_fits": true, "write_npy": true, "optimizer": {"optimizer": "MINUIT", "tol":
#     0.001, "max_iter": 100, "init_lambda": 0.0001, "retries": 3, "min_fit_quality": 2, "verbosity": 0}, "prefix": "", "outfile": null,
#     "loge_bins": []}'}
# - {SRCNAME: 4FGL J1833.6-2103}
# - {CREATOR: fermipy 1.2.0}
# - {STVER: 2.2.0}
# schema: astropy-2.0
e_min e_ref e_max ref_dnde_e_min ref_dnde_e_max ref_dnde ref_flux ref_eflux ref_npred dnde dnde_err dnde_errp dnde_errn dnde_ul e2dnde e2dnde_err e2dnde_errp e2dnde_errn e2dnde_ul norm norm_err norm_errp norm_errn norm_ul ts loglike norm_scan dloglike_scan ShowUL tstart tend
[from data line 1438]
100.0 115.25240587974294 132.83117061068992 1.2961185456761448e-11 7.114684240340118e-12 9.602850717643488e-12 3.1552480278055945e-10 3.621574754943103e-08 0.18484669387784916 2.2013915890119962e-08 1.6196188384886683e-09 1.6517086232908106e-09 1.5875290536865261e-09 2.4751797987018883e-08 0.00029241342174099054 2.1513586625957594e-05 2.1939838993948962e-05 2.1087334257966225e-05 0.000328781030133504 2292.435500395043 168.66021206733058 172.00190566912562 165.31851846553553 2577.5468883986673 303.20946294424357 -4254.0012224700495 [0.0,1909.2734251324127,1957.1686845402417,2005.0639439480713,2052.9592033558993,2100.8544627637284,2148.749722171556,2196.6449815793862,2244.540240987215,2292.435500395043,2332.9711243799966,2373.506748364948,2414.042372349902,2454.577996334854,2495.113620319808,2535.6492443047596,2576.1848682897125,2616.7204922746664,2657.2561162596185,2697.7917402445705] [-151.60473147212178,-2.704281194079158,-2.0537220139485726,-1.4967058173751866,-1.0310037864965125,-0.6544735936313373,-0.36505474916430103,-0.16076426807740063,-0.0396926287221504,0.0,-0.028672545015979267,-0.11332458700962889,-0.2529471063044184,-0.44656070927703695,-0.6932144198326569,-0.9919845338608866,-1.341973532657903,-1.7423090516704178,-2.1921429011072178,-2.6906501352759733] False 59848.65603222185 59862.65603222185
132.83117061068992 153.091119887046 176.4411988580621 8.106667102583962e-12 4.368987145696064e-12 5.951296024029266e-12 2.59872611340493e-10 3.9603738087505926e-08 0.20444335853089174 1.2091212837906737e-08 8.735194510271156e-10 8.879467311772986e-10 8.590921708769326e-10 1.3561571536738284e-08 0.00028338043719798963 2.047258014985587e-05 2.0810710741992938e-05 2.01344495577188e-05 0.00031784107373615896 2031.6940695079886 146.77802070341443 149.20224562718408 144.35379577964477 2278.7593629994826 352.2887184312822 -4398.990066269089 [0.0,1700.8792280902082,1742.231083267432,1783.5829384446538,1824.9347936218762,1866.286648799099,1907.6385039763222,1948.9903591535447,1990.3422143307666,2031.6940695079886,2066.8358857670996,2101.977702026209,2137.1195182853185,2172.2613345444283,2207.4031508035387,2242.544967062649,2277.686783321759,2312.8285995808696,2347.9704158399777,2383.1122320990876] [-176.1443592156411,-2.7157406024707598,-2.060743007369638,-1.5005666898268828,-1.0327526660112198,-0.6549458809022326,-0.3648891403199741,-0.160417492527813,-0.03945301922976796,0.0,-0.02910671631616424,-0.11455943800774548,-0.25525950043265766,-0.45014320762857096,-0.6981802898008027,-0.9983724474641349,-1.3497519763450327,-1.7513804676318614,-2.2023475785535993,-2.7017698687041047] False 59848.65603222185 59862.65603222185
176.4411988580621 203.35272664697808 234.36890988269914 4.8875925961161036e-12 2.5861930973886046e-12 3.555314083864193e-12 2.0632634854141963e-10 4.1748622157443094e-08 0.20052780437170548 6.065931540104025e-09 4.588062185094541e-10 4.68882043688704e-10 4.487303933302042e-10 6.844341490187235e-09 0.00025084041150694945 1.897270681213214e-05 1.9389365674423186e-05 1.8556047949841092e-05 0.0002830294777549058 1706.1591175964672 129.0480131113445 131.8820314122814 126.21399481040757 1925.1017853107003 354.8823673263014 -4035.2650908818696 [0.0,1415.5951292864881,1451.9156278252353,1488.2361263639827,1524.5566249027302,1560.8771234414778,1597.1976219802252,1633.5181205189729,1669.8386190577198,1706.1591175964672,1737.3715741160943,1768.5840306357218,1799.7964871553484,1831.0089436749756,1862.2214001946036,1893.4338567142297,1924.6463132338574,1955.8587697534836,1987.0712262731106,2018.2836827927379] [-177.4411836631507,-2.7142149626834,-2.0568619684027,-1.4958761817620143,-1.0283451845184572,-0.6514984266627835,-0.36269776563767664,-0.15942880048305597,-0.03929292082602842,0.0,-0.0291522354573317,-0.1150573828326742,-0.25643264458449266,-0.4520421128590897,-0.7006944125123482,-1.0012404940916895,-1.3525715652740473,-1.7536171503097648,-2.203343267931359,-2.7007507190028264] False 59848.65603222185 59862.65603222185
234.36890988269914 270.1158072739371 311.3149665447022 2.8405517237433053e-12 1.47569353293326e-12 2.047384626466271e-12 1.5791233006854953e-10 4.242436535936728e-08 0.17928040699473624 3.330354754550387e-09 2.5813060852587274e-10 2.652386534289112e-10 2.510225636228343e-10 3.771916151700584e-09 0.0002429911730960909 1.8833867260539805e-05 1.935248833748336e-05 1.8315246183596254e-05 0.0002752086183219706 1626.6385472955735 126.0782195924754 129.54998782359021 122.60645136136061 1842.309502055218 377.8905731842042 -3736.7134358676767 [0.0,1342.6111082653426,1378.1145381441206,1413.6179680229004,1449.1213979016788,1484.624827780458,1520.1282576592373,1555.631687538016,1591.1351174167949,1626.6385472955735,1657.4660125956755,1688.2934778957779,1719.1209431958812,1749.9484084959831,1780.775873796085,1811.6033390961875,1842.4308043962885,1873.2582696963914,1904.085734996494,1934.9132002965957] [-188.9452865921021,-2.7134134488424024,-2.053912709038741,-1.492163551266458,-1.0248385467484695,-0.6487901330756358,-0.3610374097224849,-0.1587541493900062,-0.03925789134518709,0.0,-0.029112428401276702,-0.11537501100110603,-0.2573348888167857,-0.45359809423916886,-0.7028262944445487,-1.0037337616868172,-1.3550845515028414,-1.7556898716848082,-2.204405626535845,-2.7001301223808696] False 59848.65603222185 59862.65603222185
311.3149665447022 358.7979888064861 413.52331434760555 1.5913490525444796e-12 8.116829893227864e-13 1.1365170284801209e-12 1.1650499644674508e-10 4.1558111139386166e-08 0.15052110887876102 1.436380430279828e-09 1.3737279666643036e-10 1.4194397070169024e-10 1.3280162263117051e-10 1.672554019416816e-09 0.00018491386643526366 1.7684823908152405e-05 1.8273298553997946e-05 1.7096349262306864e-05 0.00021531790884393528 1263.8441785608072 120.87174518637948 124.89383541530722 116.84965495745176 1471.6488864698706 258.7639250626453 -3258.9313140726076 [0.0,992.8192521298536,1026.6973679337227,1060.5754837375919,1094.4535995414608,1128.3317153453302,1162.2098311491995,1196.0879469530696,1229.9660627569378,1263.8441785608072,1293.703424216901,1323.5626698729957,1353.4219155290905,1383.2811611851837,1413.1404068412778,1442.9996524973724,1472.8588981534665,1502.7181438095606,1532.577389465654,1562.4366351217482] [-129.38196253132264,-2.711959270877742,-2.043763685896465,-1.4778783233691684,-1.0098138240446133,-0.635393411707355,-0.35072341134718954,-0.15216724191850517,-0.03632239631861012,0.0,-0.03153008960589432,-0.12057312908882523,-0.26529584823356345,-0.4639581735923457,-0.7149067712639408,-1.0165691523011446,-1.3674482820310914,-1.7661176416727358,-2.2112166967822304,-2.7014467323360805] False 59848.65603222185 59862.65603222185
413.52331434760555 476.5900816815941 549.2752115212968 8.593740531372694e-13 4.3038332503240053e-13 6.081613786124449e-13 8.285349360082545e-11 3.92400494401234e-08 0.12011697557568013 7.366909989034362e-10 7.593557489619904e-11 7.89092051914572e-11 7.296194460094091e-11 8.692483633018346e-10 0.00016733059816669468 1.724786265669896e-05 1.7923287409781048e-05 1.657243790361687e-05 0.00019743942684683437 1211.3413064542822 124.86089641116378 129.7504379043159 119.97135491801167 1429.3054341679417 262.4262566823227 -2885.545564113443 [0.0,935.7120360134196,970.1656948185278,1004.6193536236353,1039.0730124287431,1073.5266712338505,1107.980330038959,1142.4339888440666,1176.8876476491746,1211.3413064542822,1242.6249130881772,1273.9085197220713,1305.1921263559668,1336.475732989861,1367.7593396237567,1399.0429462576515,1430.3265528915465,1461.610159525442,1492.8937661593359,1524.1773727932316] [-131.21312834116134,-2.708378769963929,-2.039384780702676,-1.4745352273694152,-1.0084729699501622,-0.6362683180323074,-0.353373420751268,-0.15558268690529076,-0.03899829224246787,0.0,-0.028963064420622686,-0.11675255781665328,-0.26115160348399513,-0.46007375263798167,-0.7115526538018457,-1.0137327429029028,-1.364860833988132,-1.7632785067876284,-2.2074152011532533,-2.6957819401250163] False 59848.65603222185 59862.65603222185
549.2752115212968 633.0528961793416 729.6086933380817 4.473832510899411e-13 2.1996643023695826e-13 3.1370256085989934e-13 5.680897533625704e-11 3.572254199554278e-08 0.09017471749574812 4.606977868414846e-10 4.757758321179892e-11 4.949866204818374e-11 4.565650437541411e-11 5.438968287311852e-10 0.0001846273881481506 1.9067000479900606e-05 1.9836884291195005e-05 1.8297116668606208e-05 0.00021796990083056836 1468.5815301559935 151.66463123980438 157.78851760885055 145.5407448707582 1733.7978601140314 312.30247084463554 -2500.8317797685786 [0.0,1135.6539562714584,1177.269903007025,1218.8858497425922,1260.5017964781587,1302.1177432137254,1343.7336899492925,1385.3496366848592,1426.9655834204268,1468.5815301559935,1506.6722173202056,1544.7629044844186,1582.8535916486308,1620.9442788128429,1659.034965977056,1697.1256531412685,1735.21634030548,1773.307027469694,1811.397714633906,1849.488401798119] [-156.15123542231777,-2.7075869188852266,-2.0361943807401985,-1.4704040339411222,-1.004420776794177,-0.6329359425153598,-0.35107317233178037,-0.15434170825074034,-0.038595907268245355,0.0,-0.029263103180255712,-0.11763517761482944,-0.2627363216647609,-0.46233442790980916,-0.7143329253258344,-1.0167597826230121,-1.367757618856558,-1.7655747890376006,-2.2085573306512742,-2.695141672362297] False 59848.65603222185 59862.65603222185
729.6086933380817 840.8915725798939 969.1477682383326 2.2449614930795777e-13 1.0837100578684162e-13 1.5597715696786e-13 3.7544660730982094e-11 3.1346264544198194e-08 0.06424338806728569 2.4199329341672746e-10 2.774810672523369e-11 2.894686122031533e-11 2.654935223015205e-11 2.9066773739856914e-10 0.00017111312789839486 1.9620648440189458e-05 2.0468286109562577e-05 1.877301077081634e-05 0.00020553076088669988 1551.4662410893377 177.89852863487792 185.58397769924733 170.2130795705085 1863.5276026890458 289.05440670232156 -2045.5819553467038 [0.0,1165.1686742293718,1213.4558700868677,1261.7430659443637,1310.0302618018593,1358.3174576593553,1406.6046535168507,1454.8918493743465,1503.1790452318426,1551.4662410893377,1596.3934365246896,1641.32063196004,1686.247827395391,1731.1750228307415,1776.1022182660924,1821.029413701445,1865.9566091367956,1910.8838045721466,1955.8110000074976,2000.7381954428483] [-144.52720335116078,-2.706533925447502,-2.0279939300453407,-1.4591178117373147,-0.9929152917950432,-0.6230685288953737,-0.3438469605541741,-0.1500353624753643,-0.036872719413850064,0.0,-0.030689340296476075,-0.12097872830281631,-0.2681084605153501,-0.46951328209888743,-0.7228042019644363,-1.0257524088476657,-1.3762750014752783,-1.772422290856639,-2.2123664697737695,-2.6943914752139335] False 59848.65603222185 59862.65603222185
969.1477682383326 1116.9661194245136 1287.3303254983532 1.0859082074130491e-13 5.146652499573802e-14 7.475822489860267e-14 2.3919193714429988e-11 2.6515294851347082e-08 0.04342546641379208 1.168818864387684e-10 1.6090830678181477e-11 1.6771885516225814e-11 1.540977584013714e-11 1.452706246249708e-10 0.00014582339744593058 2.0075134554308064e-05 2.0924827636414855e-05 1.922544147220127e-05 0.0001812415651162802 1563.465245426836 215.23826575612333 224.34836486519228 206.12816664705437 1943.20591241976 222.9258690756442 -1719.5971045426859 [0.0,1106.2009410424282,1163.3589790904794,1220.51701713853,1277.6750551865814,1334.833093234632,1391.9911312826828,1449.1491693307337,1506.3072073787846,1563.465245426836,1618.5897721553742,1673.7142988839137,1728.8388256124529,1783.9633523409927,1839.0878790695322,1894.212405798071,1949.3369325266103,2004.461459255149,2059.5859859836887,2114.710512712228] [-111.4629345378221,-2.7026476108578663,-2.0135471228823008,-1.4410215931300172,-0.9757285538682936,-0.6094409019679006,-0.3348737297555999,-0.14554376018668336,-0.03565425146666712,0.0,-0.03153855581058451,-0.12394190422833162,-0.2737343589114971,-0.47774001413563383,-0.7330487160738812,-1.0369867683182292,-1.3870915986553882,-1.7810897579761331,-2.2168777361653156,-2.6925051707298735] False 59848.65603222185 59862.65603222185
1287.3303254983532 1483.6791717563765 1709.9759409858673 5.0632850718488655e-14 2.3560886769514487e-14 3.453917866128326e-14 1.4689668713009233e-11 2.1620929013558145e-08 0.027865052714068916 5.1831438580594543e-11 8.985708129279863e-12 9.442238035468343e-12 8.52917822309138e-12 6.799782946734705e-11 0.00011409674709724335 1.978027421179726e-05 2.0785235267773374e-05 1.877531315582115e-05 0.00014968388615788992 1500.6563731260653 260.1598670715469 273.377607732538 246.94212641055574 1968.71587868907 147.34955489188224 -1242.7715171187508 [0.0,967.6740408642473,1034.296832396974,1100.9196239297019,1167.5424154624288,1234.1652069951563,1300.7879985278837,1367.4107900606111,1434.0335815933383,1500.6563731260653,1568.8048550103595,1636.953336894654,1705.1018187789489,1773.2503006632433,1841.3987825475372,1909.5472644318309,1977.6957463161264,2045.8442282004203,2113.9927100847144,2182.1411919690095] [-73.67477744594112,-2.690147558354738,-1.9900007937646933,-1.4156599486348114,-0.9540699468918774,-0.5941597535852452,-0.3264550385545135,-0.14278161300603642,-0.036035136207829055,0.0,-0.03059884535036872,-0.12428692971252531,-0.27647186387594047,-0.48305920231996424,-0.7403820775921304,-1.0451429265374372,-1.3943648863960334,-1.7853509883188963,-2.2156496870079536,-2.683025576049431] False 59848.65603222185 59862.65603222185
1709.9759409858673 1970.7884119509856 2271.3810595726877 2.2757611969053984e-14 1.0397129730465733e-14 1.538225744154132e-14 8.696501380010828e-12 1.6994933138439018e-08 0.01697881207490104 1.94661705076251e-11 4.555188721626881e-12 4.959183972963937e-12 4.151193470289825e-12 2.7914952849379393e-11 7.56067418272699e-05 1.7692384720231898e-05 1.9261505090122783e-05 1.612326435034101e-05 0.00010842187128571137 1265.4950407379588 296.13265406188947 322.39637074147294 269.868937382306 1814.7500752387798 92.33669280813706 -930.5196577674301 [0.0,688.1889629310997,760.352222656957,832.5154823828145,904.6787421086718,976.8420018345298,1049.0052615603865,1121.1685212862442,1193.331781012101,1265.4950407379588,1346.6362262993312,1427.777411860704,1508.918597422077,1590.0597829834496,1671.200968544824,1752.3421541061966,1833.48333966757,1914.6245252289416,1995.765710790316,2076.906896351689] [-46.16834640406853,-2.703871871324168,-1.9624178569306423,-1.3723799245476584,-0.9105871077567826,-0.5588794650819864,-0.3027507964867482,-0.13042367425123302,-0.03220096927270788,0.0,-0.0342161475574585,-0.13515770035576224,-0.29594561654880636,-0.5107280096617615,-0.7744840859855913,-1.0828729080194535,-1.4321151906397063,-1.8188998117026358,-2.2403090690223735,-2.6937583352830643] False 59848.65603222185 59862.65603222185
