data/PKS1830-211_allsed_14d_min11.ecsv
# %ECSV 1.0
# ---
# datatype:
# - {name: e_min, unit: MeV, datatype: float64}
# - {name: e_ref, unit: MeV, datatype: float64}
# - {name: e_max, unit: MeV, datatype: float64}
# - {name: ref_dnde_e_min, unit: ph / (cm2 MeV s), datatype: float64}
# - {name: ref_dnde_e_max, unit: ph / (cm2 MeV s), datatype: float64}
# - {name: ref_dnde, unit: ph / (cm2 MeV s), datatype: float64}
# - {name: ref_flux, unit: ph / (cm2 s), datatype: float64}
# - {name: ref_eflux, unit: MeV / (cm2 s), datatype: float64}
# - {name: ref_npred, datatype: float64}
# - {name: dnde, unit: ph / (cm2 MeV s), datatype: float64}
# - {name: dnde_err, unit: ph / (cm2 MeV s), datatype: float64}
# - {name: dnde_errp, unit: ph / (cm2 MeV s), datatype: float64}
# - {name: dnde_errn, unit: ph / (cm2 MeV s), datatype: float64}
# - {name: dnde_ul, unit: ph / (cm2 MeV s), datatype: float64}
# - {name: e2dnde, unit: MeV / (cm2 s), datatype: float64}
# - {name: e2dnde_err, unit: MeV / (cm2 s), datatype: float64}
# - {name: e2dnde_errp, unit: MeV / (cm2 s), datatype: float64}
# - {name: e2dnde_errn, unit: MeV / (cm2 s), datatype: float64}
# - {name: e2dnde_ul, unit: MeV / (cm2 s), datatype: float64}
# - {name: norm, datatype: float64}
# - {name: norm_err, datatype: float64}
# - {name: norm_errp, datatype: float64}
# - {name: norm_errn, datatype: float64}
# - {name: norm_ul, datatype: float64}
# - {name: ts, datatype: float64}
# - {name: loglike, datatype: float64}
# - {name: norm_scan, datatype: string, subtype: 'float64[20]'}
# - {name: dloglike_scan, datatype: string, subtype: 'float64[20]'}
# - {name: ShowUL, datatype: bool}
# - {name: tstart, datatype: float64}
# - {name: tend, datatype: float64}
# meta: !!omap
# - {UL_CONF: 0.95}
# - {EXTNAME: SED}
# - {CONFIG: '{"bin_index": 2.0, "use_local_index": true, "free_background": false, "free_radius": null, "free_pars": [], "ul_confidence":
#     0.95, "cov_scale": 3.0, "make_plots": false, "write_fits": true, "write_npy": true, "optimizer": {"optimizer": "MINUIT", "tol":
#     0.001, "max_iter": 100, "init_lambda": 0.0001, "retries": 3, "min_fit_quality": 2, "verbosity": 0}, "prefix": "", "outfile": null,
#     "loge_bins": []}'}
# - {SRCNAME: 4FGL J1833.6-2103}
# - {CREATOR: fermipy 1.2.0}
# - {STVER: 2.2.0}
# schema: astropy-2.0
e_min e_ref e_max ref_dnde_e_min ref_dnde_e_max ref_dnde ref_flux ref_eflux ref_npred dnde dnde_err dnde_errp dnde_errn dnde_ul e2dnde e2dnde_err e2dnde_errp e2dnde_errn e2dnde_ul norm norm_err norm_errp norm_errn norm_ul ts loglike norm_scan dloglike_scan ShowUL tstart tend
[from data line 1196]
1287.3303254983532 1483.6791717563765 1709.9759409858673 4.805989300321348e-14 2.1090272026297704e-14 3.183702588170787e-14 1.357409689822687e-11 1.9951478564950092e-08 0.017270928046746903 2.3873014520679385e-11 7.769462240476289e-12 8.407599008866087e-12 7.131325472086493e-12 3.8766930707096506e-11 5.255175960395907e-05 1.7102947412019072e-05 1.850768035924779e-05 1.5698214464790356e-05 8.533779516357022e-05 749.8506490330102 244.0385690970046 264.082425290131 223.99471290387817 1217.6680966098108 33.761968884421094 -897.2026144124584 [0.0,297.70551617729956,354.22365778426325,410.7417993912271,467.2599409981909,523.7780826051547,580.2962242121183,636.8143658190822,693.332507426046,749.8506490330102,819.8282149895015,889.8057809459925,959.7833469024837,1029.7609128589756,1099.7384788154664,1169.716044771957,1239.693610728449,1309.6711766849405,1379.6487426414312,1449.626308597923] [-16.880984442210547,-2.698471033952046,-1.9142050741194225,-1.314232375035317,-0.8589863872252863,-0.5207659401536375,-0.27936244604211424,-0.11954598955912843,-0.02953191087988216,0.0,-0.03613506272915856,-0.14213613121546587,-0.30890199482951175,-0.5290615351073029,-0.7965547265969235,-1.1063342946326884,-1.4541483909911221,-1.836379105872993,-2.2499203489411457,-2.6920840534221497] False 59092.65603222185 59106.65603222185
1709.9759409858673 1970.7884119509856 2271.3810595726877 2.020550570823924e-14 8.668007112567635e-15 1.3234102432429754e-14 7.502795206796109e-12 1.4640508478393858e-08 0.009843154967602796 9.706569912504157e-12 4.08097915063005e-12 4.495579179162906e-12 3.666379122097195e-12 1.7916058238451533e-11 3.770038514332227e-05 1.5850551443762156e-05 1.7460860842140412e-05 1.4240242045383903e-05 6.958609497776339e-05 733.4513210898621 308.3684119468305 339.6965681742518 277.0402557194093 1353.7796257756622 23.264605254692015 -653.9292447171208 [0.0,205.83373641877753,271.78593450266305,337.7381325865485,403.6903306704343,469.64252875431976,535.5947268382054,601.5469249220911,667.4991230059765,733.4513210898621,828.143004889967,922.834688690072,1017.5263724901769,1112.2180562902818,1206.9097400903863,1301.6014238904913,1396.2931076905968,1490.984791490701,1585.6764752908061,1680.3681590909107] [-11.632302627346007,-2.688759056898789,-1.8269876367130564,-1.2142699872938465,-0.7732623957599571,-0.45857667067514285,-0.2411239169317696,-0.10105816521638644,-0.02419044523901448,0.0,-0.04169006185111357,-0.1578924999218998,-0.33559880079837967,-0.5650116651966073,-0.8385570135226317,-1.150251345425545,-1.495280679572602,-1.8697110982604954,-2.270284215662059,-2.694269192064212] False 59092.65603222185 59106.65603222185
2271.3810595726877 2617.821317854317 3017.1020504598932 8.118147819552225e-15 3.404525897303167e-15 5.257227833164632e-15 3.9632719558308045e-12 1.0267296136530576e-08 0.005295660842361993 4.794539839821859e-12 2.5054643816025227e-12 2.8097548150228433e-12 2.2011739481822014e-12 1.007752951060897e-11 3.285692615597203e-05 1.716991847455185e-05 1.925521730090005e-05 1.508461964820365e-05 6.906119336303409e-05 911.9901195029136 476.57519535240255 534.4555922225436 418.6947984822614 1916.8903898431042 17.057727734229502 -574.9846918857925 [0.0,177.77491572789643,269.5518161997736,361.3287166716506,453.105617143528,544.882517615405,636.6594180872822,728.4363185591595,820.2132190310368,911.9901195029136,1067.0593045508167,1222.1284895987203,1377.1976746466232,1532.2668596945268,1687.3360447424297,1842.4052297903331,1997.4744148382372,2152.543599886139,2307.612784934043,2462.6819699819466] [-8.528863867114751,-2.7006353413395345,-1.7472660964335773,-1.1272250805673139,-0.7046995562466236,-0.4138636481559388,-0.21755746056976477,-0.09265324259592944,-0.02373712665007588,0.0,-0.041474291687109144,-0.16357544243498978,-0.34869847872971604,-0.5845907752576522,-0.8623629186637345,-1.1753487448371516,-1.518412774277408,-1.8875091664658612,-2.2793897158014715,-2.691404104256776] False 59092.65603222185 59106.65603222185
4007.6519721450045 4618.915317184078 5323.411028602609 1.143753225298503e-15 4.583870336627888e-16 7.240729577790001e-16 9.653198720310992e-13 4.407704338585347e-09 0.0013007534515159236 2.0965477894814287e-12 1.1921258539813571e-12 1.3475523286181231e-12 1.0366993793445913e-12 4.658331186467484e-12 4.472854451878656e-05 2.5433264435622788e-05 2.874919170666686e-05 2.211733716457872e-05 9.938260167620585e-05 2895.492459644285 1646.4167611480045 1861.0725813481076 1431.7609409479016 6433.510789791558 19.81016056842941 -316.7905377284283 [0.0,495.62792065941824,795.6109880325266,1095.594055405635,1395.5771227787427,1695.5601901518505,1995.5432575249597,2295.5263248980677,2595.509392271175,2895.492459644285,3448.80401979315,4002.1155799420194,4555.4271400908865,5108.7387002397545,5662.050260388622,6215.361820537488,6768.6733806863585,7321.984940835224,7875.296500984087,8428.608061132958] [-9.905080284214705,-2.6733897839235965,-1.651018186907038,-1.0335056915753285,-0.6308621139864385,-0.36220975255690746,-0.185458638872376,-0.07586327112443314,-0.017618090394137198,0.0,-0.049912015862275894,-0.18124520649774922,-0.37406670939219566,-0.6151534688690958,-0.8952598879741913,-1.2076521744055526,-1.5472634616442633,-1.9101782725919634,-2.2933030817861777,-2.6941475858123454] False 59092.65603222185 59106.65603222185
100.0 115.25240587974294 132.83117061068992 1.9011864666962298e-11 9.954534748052087e-12 1.3756971594523975e-11 4.526219125095858e-10 5.1893764976917084e-08 0.2466023587231932 1.86319298921232e-08 1.6361906033805752e-09 1.6655712498050501e-09 1.6068099569561006e-09 2.136729372704807e-08 0.00024749010583070325 2.1733711318925308e-05 2.2123977884711484e-05 2.134344475313913e-05 0.0002838242638546249 1354.3627508498835 118.9353770296268 121.07106846597243 116.7996855932812 1553.197488286842 202.7048327393495 -4021.16430363381 [0.0,1083.6541759171455,1117.4927477837377,1151.3313196503302,1185.169891516923,1219.0084633835152,1252.847035250107,1286.6856071166999,1320.524178983292,1354.3627508498835,1382.7599741920887,1411.1571975342931,1439.554420876498,1467.9516442187028,1496.3488675609071,1524.7460909031113,1553.1433142453163,1581.5405375875202,1609.9377609297253,1638.33498427193] [-101.35241636967476,-2.713728692992845,-2.0544504991071335,-1.4914835764993768,-1.0222612539987495,-0.6443295077115181,-0.355340085444368,-0.153044165659594,-0.0352865007625951,0.0,-0.03258133456347423,-0.12071485961769213,-0.2633080072455414,-0.4593036187152393,-0.7076783431662079,-1.0074411289124328,-1.3576318008599628,-1.75731971807636,-2.2056025060310276,-2.7016048584637247] False 59106.65603222185 59120.65603222185
132.83117061068992 153.091119887046 176.4411988580621 1.0716884649941344e-11 5.553382695851972e-12 7.7145940767111e-12 3.3725925020255973e-10 5.1349607154630004e-08 0.24578886923602328 8.385754904249185e-09 8.216639279677835e-10 8.415334464768185e-10 8.017944094587486e-10 9.778302212788795e-09 0.00019653602354523778 1.925724790877459e-05 1.9722927648060254e-05 1.8791568169488925e-05 0.00022917300301148927 1086.9988518986622 106.5077332387755 109.08330861078598 103.93215786676504 1267.5070283098419 168.32108131241876 -4012.166996233388 [0.0,845.8050889589406,875.9543093264056,906.1035296938708,936.2527500613357,966.4019704288006,996.5511907962665,1026.7004111637314,1056.8496315311968,1086.9988518986622,1112.8051321056605,1138.6114123126595,1164.4176925196587,1190.2239727266565,1216.030252933656,1241.836533140654,1267.6428133476531,1293.4490935546512,1319.2553737616506,1345.0616539686487] [-84.16054065620938,-2.711654243555131,-2.051822317481765,-1.489477700462885,-1.0215233135968447,-0.6450254103447151,-0.357201601790166,-0.155409997433253,-0.03713933636845468,0.0,-0.030929254814509477,-0.11826480363288283,-0.2606948474949604,-0.45695832154615346,-0.70584215476174,-1.006178718730098,-1.3568434497146882,-1.7567526297225413,-2.204861313717629,-2.7001613912962057] False 59106.65603222185 59120.65603222185
176.4411988580621 203.35272664697808 234.36890988269914 5.916951177134658e-12 3.03444888265745e-12 4.237297002594331e-12 2.461396757762057e-10 4.976781282327921e-08 0.220646447809018 4.180328243119284e-09 4.3093810732739957e-10 4.408885721499155e-10 4.209876425048836e-10 4.908084429701561e-09 0.00017286631901555912 1.782029544207106e-05 1.8231770361341665e-05 1.7408820522800454e-05 0.0002029607340468069 986.5554008982218 101.7011805081289 104.04948529215127 99.35287572410651 1158.3055015252726 168.25934907389546 -3758.4748539049983 [0.0,758.846298821655,787.3099365812254,815.7735743407962,844.2372121003677,872.7008498599383,901.1644876195091,929.6281253790804,958.0917631386509,986.5554008982218,1011.117299402872,1035.6791979075222,1060.2410964121723,1084.8029949168224,1109.3648934214723,1133.9267919261229,1158.4886904307727,1183.0505889354229,1207.6124874400734,1232.174385944723] [-84.12967453694773,-2.712169477567386,-2.0467619994437882,-1.481575482729113,-1.0128591374236748,-0.6370901455775311,-0.35095465564336337,-0.15133077380914983,-0.035273300883091,0.0,-0.03247210119798183,-0.12152988225761874,-0.26563856045868306,-0.46333123436807,-0.7132047442096336,-1.013915852129685,-1.3641777125790213,-1.7627566062601545,-2.20846891391966,-2.7001783087512194] False 59106.65603222185 59120.65603222185
234.36890988269914 270.1158072739371 311.3149665447022 3.199727564694927e-12 1.6240060262730556e-12 2.279556283028911e-12 1.7594982364967174e-10 4.7244305455591716e-08 0.1836818302152896 2.3692015684315074e-09 2.4079225607541293e-10 2.4818883429227867e-10 2.333956778585472e-10 2.783366352009049e-09 0.0001728629863313141 1.7568816864411814e-05 1.8108490067501506e-05 1.702914366132212e-05 0.00020308150478767054 1039.3257609254902 105.6311958024855 108.87594052404933 102.38645108092165 1221.0123403098041 199.01763674978884 -3432.785931378433 [0.0,804.3658389371016,833.7358291856503,863.1058194341987,892.4758096827475,921.845799931296,951.2157901798446,980.5857804283937,1009.9557706769426,1039.3257609254902,1065.3214209534844,1091.3170809814774,1117.3127410094714,1143.308401037465,1169.3040610654589,1195.2997210934525,1221.2953811214459,1247.291041149439,1273.2867011774329,1299.2823612054262] [-99.50881837489442,-2.708731146547052,-2.044771693522307,-1.4816335705190795,-1.015052280391501,-0.6410512637785359,-0.35591550353365164,-0.1561681590601438,-0.038549815707483504,0.0,-0.029530204613820388,-0.1168615097667498,-0.26020390598296217,-0.45785636117261674,-0.7082007825856635,-1.0096964946469598,-1.3608751797996774,-1.7603362358067898,-2.2067425083623675,-2.69881636260925] False 59106.65603222185 59120.65603222185
311.3149665447022 358.7979888064861 413.52331434760555 1.694781079627548e-12 8.512968657740244e-13 1.2011502076177006e-12 1.231928503562024e-10 4.392784178159022e-08 0.14608733627790516 1.1742346741233338e-09 1.3090371769371833e-10 1.358816736732829e-10 1.259257617141538e-10 1.4019244720998957e-09 0.000151166271217018 1.6852020578406255e-05 1.7492862703320542e-05 1.621117845349197e-05 0.00018047814431425025 977.5918670923345 108.98197149992258 113.12629578842065 104.83764721142451 1167.1516711306244 182.56232182477743 -3067.3923785393804 [0.0,736.3616327712374,766.5154120613747,796.6691913515116,826.8229706416491,856.9767499317862,887.1305292219233,917.2843085120608,947.4380878021974,977.5918670923345,1004.8234779377192,1032.0550887831027,1059.2866996284874,1086.518310473872,1113.7499213192566,1140.9815321646404,1168.213143010024,1195.4447538554089,1222.676364700793,1249.9079755461773] [-91.28116091238871,-2.707457996280027,-2.0377089849448566,-1.4722930791745057,-1.0058852252254837,-0.6335861451575511,-0.35087668009100526,-0.15357820863073357,-0.03781818318293517,0.0,-0.030036668555112556,-0.11860199564080176,-0.2635279528103638,-0.4627733461779826,-0.7144137935074468,-1.016632690726965,-1.3677130514538476,-1.7660301189521306,-2.2100446633171487,-2.698296888068853] False 59106.65603222185 59120.65603222185
413.52331434760555 476.5900816815941 549.2752115212968 8.792233839333501e-13 4.371034678531469e-13 6.199286976216274e-13 8.44778249458492e-11 4.000242346873067e-08 0.11232984936241497 6.55524902423164e-10 7.485764966074273e-11 7.801907541420466e-11 7.169622390728078e-11 7.86715849369851e-10 0.00014889468474422074 1.7003024760353866e-05 1.772110501811974e-05 1.628494450258799e-05 0.00017869314795243172 1057.419837052394 120.75203156094572 125.85169183734659 115.65237128454484 1269.0424759945893 215.12422442196475 -2716.6761322363022 [0.0,792.3647887561436,825.4966697931746,858.6285508302061,891.7604318672376,924.8923129042693,958.0241939412999,991.1560749783316,1024.287956015363,1057.419837052394,1087.8644586798434,1118.3090803072935,1148.7537019347428,1179.198323562192,1209.6429451896422,1240.0875668170909,1270.5321884445407,1300.9768100719905,1331.4214316994405,1361.8660533268899] [-107.56211221098238,-2.7078429110883917,-2.0334395886861785,-1.4662135941293855,-0.9999271386009241,-0.628902685180492,-0.3479560713008141,-0.1523394692862894,-0.03769248104754297,0.0,-0.030025720582671056,-0.11922797225906834,-0.2651175304317803,-0.46536830318791544,-0.7178029996794066,-1.0203803625558976,-1.3711837619634935,-1.768410978771044,-2.2103650297945023,-2.695445908766942] False 59106.65603222185 59120.65603222185
549.2752115212968 633.0528961793416 729.6086933380817 4.467821253194991e-13 2.1981087252599286e-13 3.133808685856499e-13 5.674944040247498e-11 3.568564099760201e-08 0.08257112963234303 3.195281335245499e-10 4.282616664392739e-11 4.486518525431573e-11 4.078714803353905e-11 3.9528711665520734e-10 0.00012805280688875874 1.716284192740508e-05 1.797999080715649e-05 1.6345693047653676e-05 0.00015841367161109295 1019.6159547538551 136.65852302091824 143.16504213164393 130.15200391019258 1261.3632684063218 163.89295159308404 -2246.3073623179052 [0.0,723.6477329815082,760.6437607030515,797.6397884245948,834.6358161461384,871.6318438676819,908.627871589225,945.6238993107688,982.6199270323117,1019.6159547538551,1054.4940597227433,1089.372164691631,1124.2502696605193,1159.1283746294068,1194.006479598295,1228.884584567183,1263.7626895360715,1298.6407945049589,1333.5188994738464,1368.3970044427344] [-81.94647579654202,-2.705567058298584,-2.0232616524094738,-1.4531468512609536,-0.9873332245570055,-0.6187826549994497,-0.341186789421954,-0.14886677996219078,-0.03668994508916512,0.0,-0.03072648099896469,-0.12152284139619951,-0.2693964277759733,-0.4715857241726553,-0.7255364896418541,-1.0288809476951428,-1.3794195659156685,-1.7751050441456755,-2.2140281941656212,-2.6944054460545885] False 59106.65603222185 59120.65603222185
