data/PKS1502+106_allsed_14d_min11.ecsv
# %ECSV 1.0
# ---
# datatype:
# - {name: e_min, unit: MeV, datatype: float64}
# - {name: e_ref, unit: MeV, datatype: float64}
# - {name: e_max, unit: MeV, datatype: float64}
# - {name: ref_dnde_e_min, unit: ph / (cm2 MeV s), datatype: float64}
# - {name: ref_dnde_e_max, unit: ph / (cm2 MeV s), datatype: float64}
# - {name: ref_dnde, unit: ph / (cm2 MeV s), datatype: float64}
# - {name: ref_flux, unit: ph / (cm2 s), datatype: float64}
# - {name: ref_eflux, unit: MeV / (cm2 s), datatype: float64}
# - {name: ref_npred, datatype: float64}
# - {name: dnde, unit: ph / (cm2 MeV s), datatype: float64}
# - {name: dnde_err, unit: ph / (cm2 MeV s), datatype: float64}
# - {name: dnde_errp, unit: ph / (cm2 MeV s), datatype: float64}
# - {name: dnde_errn, unit: ph / (cm2 MeV s), datatype: float64}
# - {name: dnde_ul, unit: ph / (cm2 MeV s), datatype: float64}
# - {name: e2dnde, unit: MeV / (cm2 s), datatype: float64}
# - {name: e2dnde_err, unit: MeV / (cm2 s), datatype: float64}
# - {name: e2dnde_errp, unit: MeV / (cm2 s), datatype: float64}
# - {name: e2dnde_errn, unit: MeV / (cm2 s), datatype: float64}
# - {name: e2dnde_ul, unit: MeV / (cm2 s), datatype: float64}
# - {name: norm, datatype: float64}
# - {name: norm_err, datatype: float64}
# - {name: norm_errp, datatype: float64}
# - {name: norm_errn, datatype: float64}
# - {name: norm_ul, datatype: float64}
# - {name: ts, datatype: float64}
# - {name: loglike, datatype: float64}
# - {name: norm_scan, datatype: string, subtype: 'float64[20]'}
# - {name: dloglike_scan, datatype: string, subtype: 'float64[20]'}
# - {name: ShowUL, datatype: bool}
# - {name: tstart, datatype: float64}
# - {name: tend, datatype: float64}
# meta: !!omap
# - {UL_CONF: 0.95}
# - {EXTNAME: SED}
# - {CONFIG: '{"bin_index": 2.0, "use_local_index": true, "free_background": false, "free_radius": null, "free_pars": [], "ul_confidence":
#     0.95, "cov_scale": 3.0, "make_plots": false, "write_fits": true, "write_npy": true, "optimizer": {"optimizer": "MINUIT", "tol":
#     0.001, "max_iter": 100, "init_lambda": 0.0001, "retries": 3, "min_fit_quality": 2, "verbosity": 0}, "prefix": "", "outfile": null,
#     "loge_bins": []}'}
# - {SRCNAME: 4FGL J1504.4+1029}
# - {CREATOR: fermipy 1.2.0}
# - {STVER: 2.2.0}
# schema: astropy-2.0
e_min e_ref e_max ref_dnde_e_min ref_dnde_e_max ref_dnde ref_flux ref_eflux ref_npred dnde dnde_err dnde_errp dnde_errn dnde_ul e2dnde e2dnde_err e2dnde_errp e2dnde_errn e2dnde_ul norm norm_err norm_errp norm_errn norm_ul ts loglike norm_scan dloglike_scan ShowUL tstart tend
[from data line 459]
4007.6519721450045 4618.915317184078 5323.411028602609 3.294850777276183e-15 1.6394985905918525e-15 2.3241994762831314e-15 3.0696638173434057e-12 1.4087655383560632e-08 0.005159136018591193 8.664581697661807e-13 6.379978524351295e-13 7.460583895449075e-13 5.299373153253514e-13 2.3616254657127737e-12 1.8485346727841063e-05 1.3611287798306441e-05 1.59166922203226e-05 1.1305883376290278e-05 5.0383812050361824e-05 372.7985392853732 274.5021926669642 320.995851327704 228.00853400622447 1016.102744111058 13.726985140628386 -68.38825915899912 [0.0,31.48439415254361,74.14866229414734,116.81293043575104,159.47719857735467,202.14146671895855,244.80573486056213,287.47000300216587,330.13427114376947,372.7985392853732,475.4595715080174,578.1206037306615,680.7816359533055,783.4426681759502,886.1037003985939,988.7647326212377,1091.425764843882,1194.0867970665263,1296.7478292891699,1399.408861511815] [-6.863492570314193,-2.6572470504022903,-1.4674455258880101,-0.8761020502020642,-0.5215421800702416,-0.2958285435134229,-0.15144346810222942,-0.06314617135636524,-0.015896394363679178,0.0,-0.05430632606781671,-0.19930334524691773,-0.4057231530303227,-0.6565199846406387,-0.9408881435488468,-1.251544411337477,-1.5833458187132408,-1.9325253005522995,-2.2962407954540964,-2.672295158516178] False 55060.65603222185 55074.65603222185
7071.149185711414 8149.575733880153 9392.473966813408 7.23430885750023e-16 3.537712035343024e-16 5.058942726753019e-16 1.1795125230193416e-12 9.547011585951596e-09 0.002008203804192643 2.5124436015140704e-13 2.531462375258948e-13 3.1739185527420404e-13 1.8890061977758555e-13 9.160187364831253e-13 1.6686541067523273e-05 1.6812855365267742e-05 2.1079765628724102e-05 1.2545945101811384e-05 6.0837919926780294e-05 496.6341263813107 500.39356284306393 627.3877219359541 373.39940375017375 1810.6920476465912 11.081093108426185 -5.0244169218852495 [0.0,55.181569597923406,110.36313919584681,165.5447087937702,220.72627839169363,275.907847989617,331.0894175875404,386.2709871854638,441.45255678338725,496.6341263813107,712.3066055411783,927.9790847010455,1143.6515638609133,1359.3240430207802,1574.9965221806483,1790.6690013405166,2006.3414805003852,2222.0139596602517,2437.686438820119,2653.3589179799874] [-5.540546554213092,-1.299184085053092,-0.7233129287105013,-0.4308263616274406,-0.2550432351964673,-0.14336595023656606,-0.07229408549210259,-0.02926925469396302,-0.006786271424661372,0.0,-0.07289782248882481,-0.24174605760117895,-0.466034199025934,-0.7264870338794225,-1.0124083012386276,-1.3172413959940599,-1.6366752804845381,-1.967723321534855,-2.3082308367249302,-2.6565921839905817] False 55060.65603222185 55074.65603222185
12476.13311942254 14379.0435808939 16572.19366947696 1.481439439072694e-16 7.118837394259095e-17 1.026943351709378e-16 4.227631326917286e-13 6.035011720368471e-09 0.0007210858169113266 1.400915464346844e-13 1.4294886108554368e-13 1.7923819516016e-13 1.0665952701092738e-13 5.177933148916637e-13 2.8964893058694147e-05 2.955566256194726e-05 3.7058732571475314e-05 2.2052592552419212e-05 0.00010705733767694754 1364.1604106156183 1391.983899088504 1745.356205498703 1038.611592678305 5042.082545544321 13.243317033792922 -3.7369858889357657 [0.0,151.57337895729086,303.1467579145817,454.72013687187257,606.2935158291634,757.8668947864544,909.4402737437451,1061.013652701036,1212.5870316583269,1364.1604106156183,1968.209063549848,2572.257716484078,3176.30636941831,3780.355022352541,4384.40367528677,4988.452328221001,5592.500981155229,6196.549634089462,6800.598287023688,7404.646939957921] [-6.621658516896461,-1.3188708673217189,-0.7372547564379834,-0.44183272417293296,-0.2638211051445811,-0.15019885821378454,-0.07732400345775892,-0.03257738552930789,-0.008423400240475942,0.0,-0.06913883179017422,-0.23713080690905253,-0.4618169405909738,-0.7233231041503503,-1.0106830784865135,-1.31720067360071,-1.6384854156988942,-1.9715021364731813,-2.31406482533104,-2.664546714421901] False 55060.65603222185 55074.65603222185
16572.19366947696 19099.851911122612 22013.03884703687 6.530574324133415e-17 3.1109206863227104e-17 4.507338323058821e-17 2.465547636654866e-13 4.674177935105514e-09 0.0004197968202999114 1.0647995907769541e-13 1.0792871923249799e-13 1.3530405144781414e-13 8.055338701718185e-14 3.9087832050955835e-13 3.884435151686073e-05 3.9372865513336906e-05 4.93595055972861e-05 2.9386225429387725e-05 0.0001425941089169139 2362.3689070101746 2394.5111615063806 3001.861447933036 1787.1608750797257 8672.043066079319 14.23475499301746 -13.317557035954081 [0.0,262.4854341122416,524.9708682244832,787.4563023367253,1049.9417364489664,1312.427170561208,1574.9126046734507,1837.3980387856914,2099.8834728979327,2362.3689070101746,3400.0632695516574,4437.757632093141,5475.451994634621,6513.146357176106,7550.8407197175875,8588.53508225907,9626.229444800554,10663.923807342035,11701.61816988352,12739.312532425] [-7.11737749650873,-1.3141933072872032,-0.7324768482071686,-0.4375411537457641,-0.2601629487007866,-0.14723301722107074,-0.07507995260044176,-0.031071979377129466,-0.0076671804691681444,0.0,-0.0711395796502039,-0.2400103615113558,-0.4650923510599938,-0.7267426517912146,-1.0140990221697876,-1.3205189481459936,-1.6416424665213505,-1.9744530342169178,-2.3167766542878354,-2.6669946555188915] False 55060.65603222185 55074.65603222185
100.0 115.25240587974294 132.83117061068992 5.0819543099309404e-12 3.1309574381415403e-12 3.988907450289328e-12 1.3074036801365374e-10 1.50473073324038e-08 0.05421202011101864 2.969152927463979e-09 7.644829002898141e-10 8.008881612538461e-10 7.280776393257822e-10 4.321712250482094e-09 3.943960590771976e-05 1.0154715855735146e-05 1.0638291198759147e-05 9.671140512711143e-06 5.7405809727409625e-05 744.3524234307861 191.65220296960356 200.77882759494838 182.52557834425875 1083.4325700308304 22.29066929664873 -795.0981183593394 [0.0,335.1116738321277,386.26676753196,437.4218612317923,488.5769549316245,539.7320486314566,590.8871423312892,642.0422360311214,693.1973297309539,744.3524234307861,793.3004261371937,842.2484288436015,891.196431550009,940.1444342564164,989.0924369628243,1038.040439669232,1086.98844237564,1135.9364450820472,1184.8844477884545,1233.8324504948623] [-11.145334648324365,-2.709259958476082,-2.0184049333601024,-1.4445467306946966,-0.9781491473916049,-0.6109121345796211,-0.33555693874586723,-0.14565719385757347,-0.035504464468999686,0.0,-0.031685942382864596,-0.1239006198164816,-0.2733489150557489,-0.47702364171084355,-0.7321712918521825,-1.0362628731705854,-1.3869689383029709,-1.7821380904846365,-2.2197783900809327,-2.698041196053964] False 55074.65603222185 55088.65603222185
132.83117061068992 153.091119887046 176.4411988580621 3.826536588443513e-12 2.291914468086933e-12 2.961434545911443e-12 1.2899618089754037e-10 1.9707709005730787e-08 0.07696537995741365 2.184956276363413e-09 4.2395786257994395e-10 4.432165160744799e-10 4.046992090854079e-10 2.9327199107688888e-09 5.120858206326542e-05 9.936254208906054e-06 1.0387617171438356e-05 9.484891246373751e-06 6.873383684781906e-05 737.8033323005445 143.1596261903746 149.66277633466007 136.65647604608913 990.3038089488766 46.36610786335996 -874.2916352715688 [0.0,430.7253738451307,469.1101186520573,507.4948634589839,545.8796082659109,584.2643530728374,622.6490978797642,661.0338426866911,699.418587493618,737.8033323005445,774.155072249547,810.5068121985494,846.8585521475514,883.210292096554,919.562032045556,955.9137719945588,992.2655119435606,1028.6172518925628,1064.9689918415652,1101.3207317905674] [-23.18305393167998,-2.707158571523678,-2.0215507458703996,-1.4500353833028612,-0.9840384128243613,-0.616008369353267,-0.3392527190527517,-0.14780647846100692,-0.0363256550732558,0.0,-0.03094475400985175,-0.1220310109605407,-0.27018305432955003,-0.47257696045653574,-0.7266125553416032,-1.0298892743081751,-1.3801852794239267,-1.7754393120485474,-2.213734854268978,-2.6932862494068104] False 55074.65603222185 55088.65603222185
176.4411988580621 203.35272664697808 234.36890988269914 2.723160511203737e-12 1.585666695721255e-12 2.0779857866980283e-12 1.2029982661849099e-10 2.439689521571321e-08 0.09405257841644821 1.0761587385693373e-09 2.1203174025876685e-10 2.2330541061661962e-10 2.0075806990091405e-10 1.455096762002652e-09 4.450167283373312e-05 8.7680067978696e-06 9.234199350993763e-06 8.301814244745434e-06 6.017164357198063e-05 517.8855146451124 102.0371465560843 107.46243407730788 96.61185903486071 700.2438473435553 48.88633134718134 -774.5575686738696 [0.0,300.031121499715,327.2629206428898,354.4947197860644,381.72651892923915,408.95831807241365,436.1901172155883,463.421916358763,490.65371550193777,517.8855146451124,544.2731183849934,570.6607221248742,597.0483258647552,623.4359296046359,649.823533344517,676.2111370843976,702.5987408242786,728.9863445641594,755.3739483040408,781.7615520439216] [-24.44316567359067,-2.706362335436552,-2.0128214453638975,-1.438275990280772,-0.972494678286921,-0.606603888159043,-0.33284983510043276,-0.14441161757292775,-0.03525245437697322,0.0,-0.03180556941561008,-0.12455798948656138,-0.27469597109188726,-0.47898406044373587,-0.7344727397913857,-1.0384645706203628,-1.3884852997143753,-1.7822590690061588,-2.2176870403355906,-2.692828878672458] False 55074.65603222185 55088.65603222185
234.36890988269914 270.1158072739371 311.3149665447022 1.8316094149391995e-12 1.036854123790508e-12 1.37808264449315e-12 1.0604107694267996e-10 2.8546577938537064e-08 0.10082002976631721 4.657182765054963e-10 1.051547414698178e-10 1.1179202910589946e-10 9.851745383373614e-11 6.573344159806152e-10 3.397999272772309e-05 7.672358012747737e-06 8.156631439374144e-06 7.1880845861213295e-06 4.79607947583732e-05 337.94655085928053 76.3051054231171 81.12142588299983 71.48878496323437 476.9920139458535 40.686272313104155 -599.8523656039212 [0.0,178.5624240071024,198.48543986362472,218.408455720147,238.33147157666926,258.2544874331915,278.1775032897139,298.1005191462362,318.0235350027584,337.94655085928053,358.18873581455915,378.430920769838,398.6731057251164,418.91529068039495,439.15747563567345,459.3996605909519,479.64184554623046,499.8840305015093,520.1262154567878,540.3684004120664] [-20.343136156552077,-2.699667981173434,-1.9908742199426115,-1.4116895667233393,-0.9478359961551632,-0.5874161227767445,-0.3203967615284,-0.13822767128056057,-0.03355465471202024,0.0,-0.033010283539510965,-0.1285513018929123,-0.28208869529976255,-0.48959560641435473,-0.7474774440896681,-1.0525103248787673,-1.4017902802736444,-1.7926910218852754,-2.2228285716756773,-2.6900314456323713] False 55074.65603222185 55088.65603222185
311.3149665447022 358.7979888064861 413.52331434760555 1.1643532239291667e-12 6.407899181170254e-13 8.637741643629217e-13 8.83495243587748e-11 3.157145677128807e-08 0.09784956335561723 3.380551277381705e-10 6.928098197269131e-11 7.355444669329944e-11 6.500751725208316e-11 4.6391711788067066e-10 4.351986383311696e-05 8.918956271568233e-06 9.469105012043901e-06 8.368807531092566e-06 5.972283258976641e-05 391.36980669884235 80.2072866161604 85.15471951809263 75.25985371422817 537.0814930808143 59.189970377318105 -623.9464617085584 [0.0,223.8659476206205,244.80393000539814,265.7419123901759,286.67989477495365,307.61787715973145,328.5558595445091,349.49384192928693,370.4318243140644,391.36980669884235,412.54235498401005,433.7149032691782,454.88745155434646,476.0599998395144,497.2325481246822,518.4050964098503,539.5776446950184,560.7501929801863,581.9227412653539,603.0952895505222] [-29.594985188659052,-2.6939508213559975,-1.9884696464705485,-1.4111849340524714,-0.9482610447546449,-0.588138424488875,-0.3210443054049392,-0.13863057065861994,-0.03370063353190744,0.0,-0.03276594141652822,-0.12778291521465235,-0.280637267804309,-0.4874001597424922,-0.7445567121714021,-1.0489478946147983,-1.397722465098127,-1.7882969189606683,-2.218321875860397,-2.6856536856147386] False 55074.65603222185 55088.65603222185
413.52331434760555 476.5900816815941 549.2752115212968 6.995638245574901e-13 3.743061113234432e-13 5.117138016437217e-13 6.957037959963159e-11 3.300051699586304e-08 0.08755933103288027 1.9066474370701063e-10 4.095067452289592e-11 4.346922832827562e-11 3.8432120717516224e-11 2.659102793856686e-10 4.330722875843843e-05 9.301458648803152e-06 9.873518189908567e-06 8.729399107697736e-06 6.039835721422887e-05 372.600354132641 80.02651949459757 84.9483210901176 75.10471789907751 519.6464870236339 65.71248613374632 -524.6414031148029 [0.0,210.26780897194456,230.55937711703163,250.85094526211864,271.14251340720574,291.43408155229287,311.72564969737977,332.01721784246683,352.3087859875535,372.600354132641,394.0736131184337,415.54687210422685,437.02013109001996,458.4933900758128,479.9666490616061,501.4399080473986,522.9131670331917,544.3864260189847,565.8596850047776,587.3329439905705] [-32.85624306687316,-2.685621521115195,-1.9774946784677923,-1.4018449051743573,-0.9425831716361017,-0.5865395390435424,-0.3227812690987548,-0.14212154719803038,-0.03675775201327269,0.0,-0.029407773249545244,-0.12322485538300043,-0.2762695793015837,-0.4839989096624322,-0.74240492915294,-1.0479317700414867,-1.3974082877522278,-1.7879929963160066,-2.217128656574687,-2.6825045374255296] False 55074.65603222185 55088.65603222185
549.2752115212968 633.0528961793416 729.6086933380817 3.9727040209508265e-13 2.0663809056327432e-13 2.865156144544864e-13 5.178912270081745e-11 3.2609218306252936e-08 0.0720741470741475 1.408920627304343e-10 2.6709363009773935e-11 2.817434356160052e-11 2.5244382457947347e-11 1.8917931673305904e-10 5.646333517481338e-05 1.0703936663998187e-05 1.129103636514054e-05 1.0116836962855834e-05 7.581474046041861e-05 491.743052114932 93.2213173115449 98.33440880785251 88.10822581523728 660.2757657492715 113.82047323452252 -436.5792160872644 [0.0,301.68165790355954,325.43933217998114,349.1970064564026,372.9546807328242,396.71235500924575,420.4700292856672,444.22770356208895,467.9853778385104,491.743052114932,516.3772352893293,541.0114184637264,565.6456016381236,590.2797848125205,614.9139679869177,639.5481511613151,664.1823343357121,688.8165175101091,713.4507006845064,738.0848838589037] [-56.91023661726126,-2.6855496609263696,-1.9767950405055217,-1.3994308631279182,-0.9383664760239867,-0.5810480547847874,-0.31691299168585374,-0.13698443474197575,-0.03356472236578156,0.0,-0.032779526674914905,-0.12879188916826934,-0.28307997867676704,-0.49126749178111595,-0.7494702223636978,-1.0542238046720058,-1.4024243597364148,-1.7912793617348939,-2.2182666721954547,-2.681100156641719] False 55074.65603222185 55088.65603222185
