data/PKS1510-089_allsed_14d_min11.ecsv
# %ECSV 1.0
# ---
# datatype:
# - {name: e_min, unit: MeV, datatype: float64}
# - {name: e_ref, unit: MeV, datatype: float64}
# - {name: e_max, unit: MeV, datatype: float64}
# - {name: ref_dnde_e_min, unit: ph / (cm2 MeV s), datatype: float64}
# - {name: ref_dnde_e_max, unit: ph / (cm2 MeV s), datatype: float64}
# - {name: ref_dnde, unit: ph / (cm2 MeV s), datatype: float64}
# - {name: ref_flux, unit: ph / (cm2 s), datatype: float64}
# - {name: ref_eflux, unit: MeV / (cm2 s), datatype: float64}
# - {name: ref_npred, datatype: float64}
# - {name: dnde, unit: ph / (cm2 MeV s), datatype: float64}
# - {name: dnde_err, unit: ph / (cm2 MeV s), datatype: float64}
# - {name: dnde_errp, unit: ph / (cm2 MeV s), datatype: float64}
# - {name: dnde_errn, unit: ph / (cm2 MeV s), datatype: float64}
# - {name: dnde_ul, unit: ph / (cm2 MeV s), datatype: float64}
# - {name: e2dnde, unit: MeV / (cm2 s), datatype: float64}
# - {name: e2dnde_err, unit: MeV / (cm2 s), datatype: float64}
# - {name: e2dnde_errp, unit: MeV / (cm2 s), datatype: float64}
# - {name: e2dnde_errn, unit: MeV / (cm2 s), datatype: float64}
# - {name: e2dnde_ul, unit: MeV / (cm2 s), datatype: float64}
# - {name: norm, datatype: float64}
# - {name: norm_err, datatype: float64}
# - {name: norm_errp, datatype: float64}
# - {name: norm_errn, datatype: float64}
# - {name: norm_ul, datatype: float64}
# - {name: ts, datatype: float64}
# - {name: loglike, datatype: float64}
# - {name: norm_scan, datatype: string, subtype: 'float64[20]'}
# - {name: dloglike_scan, datatype: string, subtype: 'float64[20]'}
# - {name: ShowUL, datatype: bool}
# - {name: tstart, datatype: float64}
# - {name: tend, datatype: float64}
# meta: !!omap
# - {UL_CONF: 0.95}
# - {EXTNAME: SED}
# - {CONFIG: '{"bin_index": 2.0, "use_local_index": true, "free_background": false, "free_radius": null, "free_pars": [], "ul_confidence":
#     0.95, "cov_scale": 3.0, "make_plots": false, "write_fits": true, "write_npy": true, "optimizer": {"optimizer": "MINUIT", "tol":
#     0.001, "max_iter": 100, "init_lambda": 0.0001, "retries": 3, "min_fit_quality": 2, "verbosity": 0}, "prefix": "", "outfile": null,
#     "loge_bins": []}'}
# - {SRCNAME: 4FGL J1512.8-0906}
# - {CREATOR: fermipy 1.2.0}
# - {STVER: 2.2.0}
# schema: astropy-2.0
e_min e_ref e_max ref_dnde_e_min ref_dnde_e_max ref_dnde ref_flux ref_eflux ref_npred dnde dnde_err dnde_errp dnde_errn dnde_ul e2dnde e2dnde_err e2dnde_errp e2dnde_errn e2dnde_ul norm norm_err norm_errp norm_errn norm_ul ts loglike norm_scan dloglike_scan ShowUL tstart tend
[from data line 568]
729.6086933380817 840.8915725798939 969.1477682383326 2.2071488038891224e-13 1.0818816144858883e-13 1.5452746394612734e-13 3.7175068026990914e-11 3.104887512427124e-08 0.055784625132542454 3.4806623720881787e-11 1.1944547467391695e-11 1.2913224293920643e-11 1.0975870640862748e-11 5.762137629201624e-11 2.4611716185895167e-05 8.445973231814216e-06 9.13092329538735e-06 7.761023168241084e-06 4.0743996628692394e-05 225.2455507392288 77.2972464723546 83.56588508061299 71.02860786409623 372.88760729357915 22.139769669298175 -416.3806385386422 [0.0,78.84060129463751,97.1412199752114,115.4418386557853,133.7424573363593,152.04307601693307,170.34369469750706,188.6443133780809,206.94493205865493,225.2455507392288,247.33235947508413,269.41916821093974,291.505976946795,313.5927856826504,335.6795944185058,357.76640315436117,379.85321189021647,401.940020626072,424.0268293619272,446.1136380977827] [-11.069884834649088,-2.6989602539568978,-1.917541373296217,-1.3177372867904182,-0.8612827502390701,-0.5214251985195801,-0.2786088542912353,-0.1180399116211106,-0.028217567365402374,0.0,-0.03754852608443571,-0.1435934840300206,-0.30966264624646556,-0.5288244089895215,-0.7953277560143306,-1.1043430484736518,-1.4517712212568767,-1.8341005979041256,-2.248297604443337,-2.6917220960053783] False 58882.65603222185 58896.65603222185
969.1477682383326 1116.9661194245136 1287.3303254983532 1.0827203371135217e-13 5.2700581311064524e-14 7.55380640228449e-14 2.4144684966693292e-11 2.6782050081367564e-08 0.03864884507797095 1.0236608498997598e-11 5.378813042260993e-12 5.96069196045425e-12 4.796934124067735e-12 2.1227855950365687e-11 1.2771329032490648e-05 6.710678753973443e-06 7.43663863824991e-06 5.9847188696969745e-06 2.6484155667668876e-05 135.51589693775776 71.20665735667099 78.90977929552926 63.50353541781271 281.0219751454812 10.78725372897361 -340.02996882166457 [0.0,20.495557297291626,34.87309975234989,49.25064220740815,63.62818466246643,78.00572711752469,92.3832695725829,106.76081202764124,121.13835448269953,135.51589693775776,157.88096584096692,180.24603474417594,202.61110364738514,224.97617255059427,247.34124145380324,269.70631035701246,292.07137926022153,314.4364481634308,336.80151706663975,359.16658596984905] [-5.393626864486805,-2.690873169020108,-1.7609888128667421,-1.1433810622605733,-0.7162272870310176,-0.4193118160658287,-0.2179646626078693,-0.09019594428502842,-0.02108682220676883,0.0,-0.04471360513008449,-0.1656516498562155,-0.3479568304490499,-0.5808658194582108,-0.8563071063435359,-1.1680577820965823,-1.5112098840524482,-1.8818183295443873,-2.2766605002049687,-2.6930672224897307] False 58882.65603222185 58896.65603222185
1709.9759409858673 1970.7884119509856 2271.3810595726877 2.4979949947732166e-14 1.1989267349610612e-14 1.7305816892110346e-14 9.765001084111043e-12 1.9105172656140934e-08 0.01685461203052907 3.1895965122679375e-12 2.1095576861756213e-12 2.4026085719179315e-12 1.8165068004333112e-12 7.775804497975727e-12 1.2388415068168621e-05 8.193536745500945e-06 9.331748426729804e-06 7.055325064272084e-06 3.0201278826130026e-05 184.30776958711866 121.89876382763303 138.8324276684836 104.96509998678245 449.31739116693683 9.272423009199372 -180.629483326049 [0.0,14.966905983031682,36.134513933542564,57.302121884053435,78.46972983456429,99.63733778507515,120.80494573558606,141.9725536860968,163.14016163660776,184.30776958711866,225.73531865698482,267.162867726851,308.5904167967173,350.0179658665833,391.4455149364497,432.87306400631593,474.30061307618206,515.728162146048,557.1557112159145,598.5832602857806] [-4.636211504599686,-2.6594441307886427,-1.5580312224542467,-0.9585000116906883,-0.5813040783623364,-0.3332980393950038,-0.17104620537509163,-0.07048344337684398,-0.0167588279568065,0.0,-0.04941861705208339,-0.18109754039977588,-0.37434189173117716,-0.6156400894269893,-0.8956299248531536,-1.2075288939530537,-1.546250246976598,-1.907871772394401,-2.289299700129817,-2.688046980950304] False 58882.65603222185 58896.65603222185
2271.3810595726877 2617.821317854317 3017.1020504598932 1.1748492740541973e-14 5.599306209886247e-15 8.11069715615867e-15 6.0806957815183425e-12 1.5800112102831664e-08 0.010646123904459293 3.09835728009065e-12 1.626686576728172e-12 1.8237945998292345e-12 1.4295785536271097e-12 6.535886112674065e-12 2.1233006661289794e-05 1.1147664325687267e-05 1.2498443331837285e-05 9.79688531953725e-06 4.47903520551315e-05 382.0087497334289 200.5606355913542 224.86286501825285 176.25840616445558 805.8353045164793 18.756724277669832 -127.2793055677136 [0.0,74.33048425353064,112.79026743851793,151.2500506235052,189.70983380849242,228.1696169934797,266.62940017846705,305.08918336345425,343.54896654844146,382.0087497334289,448.03741716204405,514.0660845906596,580.0947520192749,646.1234194478903,712.1520868765058,778.1807543051214,844.2094217337363,910.2380891623515,976.2667565909674,1042.2954240195822] [-9.378362138834916,-2.6979202696435607,-1.726361296987676,-1.1019870232460391,-0.6809623983940583,-0.3942212205196398,-0.2030226822930956,-0.08338636927946652,-0.01941102334242828,0.0,-0.0483937237835903,-0.1769747970211597,-0.36728788919495514,-0.6066458013305152,-0.8859461325355369,-1.1984331335868887,-1.5389523512447454,-1.903479836840745,-2.2888127734817942,-2.6923593145819495] False 58882.65603222185 58896.65603222185
4007.6519721450045 4618.915317184078 5323.411028602609 2.4915478911854532e-15 1.1709093513045048e-15 1.7080329988065431e-15 2.260614149825375e-12 1.0360717306131569e-08 0.003968196908797683 1.352582385516718e-12 7.837568442692019e-13 8.907211691781077e-13 6.76792519360296e-13 3.0687908356648222e-12 2.885650484546084e-05 1.672096533009137e-05 1.9002982745870544e-05 1.4438947914312197e-05 6.547074586161925e-05 791.8947622568239 458.865165261349 521.4894383190974 396.24089220360054 1796.6812337988106 23.034525302180356 -78.94164322398247 [0.0,136.06995583338758,218.04805663631717,300.026157439247,382.00425824217655,463.9823590451061,545.9604598480356,627.938560650965,709.9166614538947,791.8947622568239,950.4360700731642,1108.9773778895037,1267.5186857058436,1426.0599935221837,1584.6013013385232,1743.1426091548626,1901.6839169712023,2060.225224787542,2218.766532603882,2377.307840420222] [-11.517262651090178,-2.6904480235780994,-1.6442695199759925,-1.0219182905704258,-0.6203000660236739,-0.35449071554262446,-0.1807864279794984,-0.07370401897642864,-0.017076343842205688,0.0,-0.05232313915364273,-0.18848732928374545,-0.3862887685877894,-0.631356033115523,-0.9138485582195983,-1.2267302277440848,-1.564794334850717,-1.9240787159113637,-2.301497492850757,-2.6945997527158596] False 58882.65603222185 58896.65603222185
7071.149185711414 8149.575733880153 9392.473966813408 4.995340028962343e-16 2.314985503730205e-16 3.4006087327493405e-16 7.944893600891254e-13 6.422492365307877e-09 0.0014152392148250037 2.3960108659431764e-13 2.4155680181493257e-13 3.0292460167671683e-13 1.8018900195314828e-13 8.735096443131717e-13 1.5913246247079553e-05 1.6043136216850437e-05 2.011891452287932e-05 1.196735791082155e-05 5.8014653717701604e-05 704.5829303643634 710.334004287631 890.7952236886921 529.87278488657 2568.686117579168 9.672977488748185 -14.868684649560903 [0.0,78.28699226270706,156.57398452541412,234.86097678812138,313.14796905082824,391.4349613135356,469.72195357624275,548.0089458389493,626.2959381016565,704.5829303643634,1009.808919834758,1315.0349093051523,1620.260898775546,1925.486888245941,2230.7128777163352,2535.9388671867287,2841.1648566571234,3146.3908461275173,3451.616835597912,3756.842825068306] [-4.836488744374092,-1.2878689554000875,-0.7184547111463839,-0.42812170123036,-0.25340047032418056,-0.1423458434762228,-0.07167629874888526,-0.028927615285173403,-0.00664180517356705,0.0,-0.07286673801069021,-0.24113107656831723,-0.46459479990319075,-0.7240970393274484,-1.0089933147074728,-1.3127538789941493,-1.6310830139014438,-1.9610034624818073,-2.3003666026387837,-2.647570883494085] False 58882.65603222185 58896.65603222185
100.0 115.25240587974294 132.83117061068992 2.09726680437055e-11 1.084910178638859e-11 1.5084250406907855e-11 4.964755200488477e-10 5.690539277884327e-08 0.18241279930243676 5.982010505800489e-09 1.0852637693697832e-09 1.127114815921771e-09 1.0434127228177952e-09 7.874844422317086e-09 7.94597458090925e-05 1.4415685690675822e-05 1.4971598041154128e-05 1.3859773340197517e-05 0.00010460248029934416 396.5732697636084 71.94681473020263 74.72130106018442 69.17232840022085 522.0573916427951 46.94062501227472 -1056.7395209827573 [0.0,239.5444084683818,259.173016130285,278.8016237921885,298.4302314540919,318.05883911599506,337.6874467778985,357.3160544398017,376.94466210170515,396.5732697636084,414.57444833839077,432.57562691317287,450.57680548795486,468.57798406273724,486.57916263751946,504.5803412123015,522.581519787084,540.5826983618659,558.583876936648,576.5850555114301] [-23.47031250613736,-2.711100837358572,-2.0364392450737796,-1.4688796390400967,-1.0021800247682222,-0.6306799201101967,-0.34922665021235844,-0.15311330849112892,-0.03802619307543864,0.0,-0.02973908659873814,-0.1185992295363576,-0.264143714466627,-0.46409647021937417,-0.7163275478756077,-1.0188402540647985,-1.3697597129068981,-1.767322666614291,-2.209868354008904,-2.6958303303706543] False 58910.65603222185 58924.65603222185
132.83117061068992 153.091119887046 176.4411988580621 1.094983141973151e-11 5.65695924690926e-12 7.870371662250001e-12 3.4410183703300195e-10 5.238769134497798e-08 0.17995537461680314 1.948091082445696e-09 4.893208043019434e-10 5.116899949789018e-10 4.66951613624985e-10 2.811191988932251e-09 4.565719833450047e-05 1.1468158348717194e-05 1.1992422632108892e-05 1.0943894065325497e-05 6.588560019170279e-05 247.5221204342426 62.17251551778118 65.01471810196809 59.330312933594264 357.186688198735 23.35680114624529 -952.2721157196056 [0.0,114.42150565707178,131.05908250421808,147.69665935136453,164.33423619851075,180.97181304565717,197.60938989280362,214.24696673994984,230.88454358709626,247.5221204342426,263.3319069140826,279.1416933939226,294.9514798737626,310.76126635360293,326.57105283344293,342.380839313283,358.1906257931228,374.00041227296305,389.810198752803,405.6199852326432] [-11.678400573122644,-2.7095713734456695,-2.0212575022558212,-1.44842334479506,-0.98201824211651,-0.6141383151867785,-0.3378296686362319,-0.14693342002658483,-0.03596210850969328,0.0,-0.03129375512946808,-0.12287799100681696,-0.27161343968839446,-0.4746265982633986,-0.729278852224752,-1.0331401058238043,-1.383966135311539,-1.7796790380109542,-2.2183502718710315,-2.6981858752981225] False 58910.65603222185 58924.65603222185
176.4411988580621 203.35272664697808 234.36890988269914 5.702065680287024e-12 2.942004609251499e-12 4.095790950922565e-12 2.3787414270277456e-10 4.810344592013224e-08 0.1607954632187793 1.1885668517825103e-09 2.676896829490891e-10 2.8015734049289183e-10 2.5522202540528634e-10 1.6604807686601936e-09 4.9150010387280346e-05 1.1069592490976715e-05 1.158515919794314e-05 1.055402578401029e-05 6.866475108668237e-05 290.1922646991517 65.35726216417193 68.40127922783442 62.31324510050943 405.4115037990831 32.093954243229064 -928.0489179963671 [0.0,150.4218170450029,167.89312300177158,185.36442895854006,202.83573491530868,220.3070408720772,237.7783468288459,255.2496527856145,272.7209587423832,290.1922646991517,306.8444110204897,323.4965573418276,340.14870366316575,356.80084998450366,373.4529963058416,390.10514262717976,406.7572889485177,423.40943526985615,440.0615815911941,456.7137279125321] [-16.046977121614532,-2.713884484558662,-2.019547175421394,-1.4433441711556725,-0.9755542501711716,-0.6077216477509637,-0.33243492055635215,-0.1431535589562145,-0.03407022568887896,0.0,-0.03307935315240229,-0.12643368029250723,-0.2767537618932465,-0.4810198828618013,-0.7364674926102452,-1.0405579520586343,-1.3909534718467285,-1.7854955274394797,-2.2221861769494353,-2.6991718167149656] False 58910.65603222185 58924.65603222185
234.36890988269914 270.1158072739371 311.3149665447022 2.96161110864254e-12 1.5260707905363874e-12 2.125941722114574e-12 1.640131139202594e-10 4.405489903595011e-08 0.1333887476000748 9.482503919739811e-10 1.675150640705381e-10 1.761556348794621e-10 1.5887449326161414e-10 1.246946911586505e-09 6.918676601036545e-05 1.2222326127314384e-05 1.285276420127979e-05 1.1591888053348978e-05 9.098042556005668e-05 446.03781096633327 78.79569902034699 82.86004881838831 74.73134922230567 586.5386142129172 65.77956715071082 -972.347556951902 [0.0,276.82077064248034,297.97290068296195,319.12503072344344,340.27716076392517,361.4292908044067,382.5814208448885,403.73355088536994,424.88568092585155,446.03781096633327,466.3248722005518,486.6119334347707,506.89899466898913,527.1860559032078,547.4731171374262,567.760178371645,588.0472396058638,608.3343008400826,628.6213620743014,648.9084233085201] [-32.88978357535541,-2.703208827346657,-2.0154845608152527,-1.4437449325318994,-0.9786864864678364,-0.6121764186776772,-0.33705626355265395,-0.14698601568375125,-0.03631894190289131,0.0,-0.03079824638291484,-0.12217256817700672,-0.27081821840806697,-0.4737165038470721,-0.7281013548112014,-1.0314307553852586,-1.3813621969399037,-1.7757314831663962,-2.2125343435874356,-2.689910413577877] False 58910.65603222185 58924.65603222185
311.3149665447022 358.7979888064861 413.52331434760555 1.5342455691780453e-12 7.895452833071179e-13 1.1006163512229715e-12 1.1279270324394576e-10 4.024234923447195e-08 0.10614206791028169 2.3593302773805294e-10 7.092205335479437e-11 7.596760869100825e-11 6.58764980185805e-11 3.6743830682915676e-10 3.037307349719492e-05 9.130221231716586e-06 9.77976582719024e-06 8.480676636242931e-06 4.73025366817129e-05 214.364458129203 64.43848783092123 69.02278764675388 59.85418801508857 333.84776304737835 20.28767328907361 -694.357299721182 [0.0,83.058639657765,99.47186696669478,115.88509427562451,132.2983215845542,148.71154889348395,165.12477620241384,181.53800351134362,197.95123082027328,214.364458129203,231.89677425735164,249.4290903855002,266.96140651364885,284.49372264179743,302.026038769946,319.5583548980946,337.09067102624323,354.6229871543918,372.15530328254033,389.687619410689] [-10.143836644536805,-2.708970041752309,-1.9751847411400831,-1.386745451759225,-0.922902978056527,-0.5673721291913125,-0.3070973694540271,-0.1314248273456542,-0.031528280988595725,0.0,-0.03475594662120329,-0.13381796756971198,-0.29158217080509985,-0.503204343014545,-0.7644637683245037,-1.0716568374497228,-1.421512861940073,-1.8111266879557206,-2.2379041919223255,-2.699517775214872] False 58910.65603222185 58924.65603222185
