data/PKS1830-211_allsed_14d_min11.ecsv
# %ECSV 1.0
# ---
# datatype:
# - {name: e_min, unit: MeV, datatype: float64}
# - {name: e_ref, unit: MeV, datatype: float64}
# - {name: e_max, unit: MeV, datatype: float64}
# - {name: ref_dnde_e_min, unit: ph / (cm2 MeV s), datatype: float64}
# - {name: ref_dnde_e_max, unit: ph / (cm2 MeV s), datatype: float64}
# - {name: ref_dnde, unit: ph / (cm2 MeV s), datatype: float64}
# - {name: ref_flux, unit: ph / (cm2 s), datatype: float64}
# - {name: ref_eflux, unit: MeV / (cm2 s), datatype: float64}
# - {name: ref_npred, datatype: float64}
# - {name: dnde, unit: ph / (cm2 MeV s), datatype: float64}
# - {name: dnde_err, unit: ph / (cm2 MeV s), datatype: float64}
# - {name: dnde_errp, unit: ph / (cm2 MeV s), datatype: float64}
# - {name: dnde_errn, unit: ph / (cm2 MeV s), datatype: float64}
# - {name: dnde_ul, unit: ph / (cm2 MeV s), datatype: float64}
# - {name: e2dnde, unit: MeV / (cm2 s), datatype: float64}
# - {name: e2dnde_err, unit: MeV / (cm2 s), datatype: float64}
# - {name: e2dnde_errp, unit: MeV / (cm2 s), datatype: float64}
# - {name: e2dnde_errn, unit: MeV / (cm2 s), datatype: float64}
# - {name: e2dnde_ul, unit: MeV / (cm2 s), datatype: float64}
# - {name: norm, datatype: float64}
# - {name: norm_err, datatype: float64}
# - {name: norm_errp, datatype: float64}
# - {name: norm_errn, datatype: float64}
# - {name: norm_ul, datatype: float64}
# - {name: ts, datatype: float64}
# - {name: loglike, datatype: float64}
# - {name: norm_scan, datatype: string, subtype: 'float64[20]'}
# - {name: dloglike_scan, datatype: string, subtype: 'float64[20]'}
# - {name: ShowUL, datatype: bool}
# - {name: tstart, datatype: float64}
# - {name: tend, datatype: float64}
# meta: !!omap
# - {UL_CONF: 0.95}
# - {EXTNAME: SED}
# - {CONFIG: '{"bin_index": 2.0, "use_local_index": true, "free_background": false, "free_radius": null, "free_pars": [], "ul_confidence":
#     0.95, "cov_scale": 3.0, "make_plots": false, "write_fits": true, "write_npy": true, "optimizer": {"optimizer": "MINUIT", "tol":
#     0.001, "max_iter": 100, "init_lambda": 0.0001, "retries": 3, "min_fit_quality": 2, "verbosity": 0}, "prefix": "", "outfile": null,
#     "loge_bins": []}'}
# - {SRCNAME: 4FGL J1833.6-2103}
# - {CREATOR: fermipy 1.2.0}
# - {STVER: 2.2.0}
# schema: astropy-2.0
e_min e_ref e_max ref_dnde_e_min ref_dnde_e_max ref_dnde ref_flux ref_eflux ref_npred dnde dnde_err dnde_errp dnde_errn dnde_ul e2dnde e2dnde_err e2dnde_errp e2dnde_errn e2dnde_ul norm norm_err norm_errp norm_errn norm_ul ts loglike norm_scan dloglike_scan ShowUL tstart tend
[from data line 194]
9392.473966813408 10825.05221838098 12476.13311942254 9.98683478165703e-17 4.160111115054511e-17 6.44564522599438e-17 2.0099997392834722e-13 2.152879689926072e-09 0.00045268546889865036 2.8713362291562575e-13 2.0466178666242743e-13 2.38591325689785e-13 1.7073224763506989e-13 7.630301358384851e-13 3.364682200513589e-05 2.398262745114774e-05 2.795855039872005e-05 2.000670450357543e-05 8.941321084036313e-05 4454.691700338338 3175.194716535984 3701.589481338187 2648.7999517337807 11837.917060053072 15.654970991989671 -134.44526346614293 [0.0,439.65130187584657,941.5313516836578,1443.4114014914685,1945.2914512992809,2447.17150110709,2949.051550914902,3450.9316007227135,3952.8116505305225,4454.691700338338,5637.764338979112,6820.836977619891,8003.909616260663,9186.982254901444,10370.054893542218,11553.127532182996,12736.200170823764,13919.272809464548,15102.345448105321,16285.418086746102] [-7.827485495994836,-2.6679308920981555,-1.4714690782074626,-0.8730729214881876,-0.5155423849989234,-0.2891560551683483,-0.1454362359318111,-0.058640847020001274,-0.013449319211986221,0.0,-0.05893295734597359,-0.2064559618716828,-0.4142683021647713,-0.6657866837358597,-0.9504542113409116,-1.2611332848246093,-1.5927717299748565,-1.9416619494166127,-2.3050023907130424,-2.680624398426801] False 55550.65603222185 55564.65603222185
12476.13311942254 14379.0435808939 16572.19366947696 3.4693835111647684e-17 1.4159864688051523e-17 2.216438608873483e-17 9.190258950643566e-14 1.3069045586107631e-09 0.00020680824813279486 1.8532267318699548e-13 1.498774183983088e-13 1.770449519683378e-13 1.2270988482827985e-13 5.384123712534424e-13 3.8316740351748e-05 3.098818955392277e-05 3.660526442068681e-05 2.5371114687158734e-05 0.00011132046973373127 8361.28158231221 6762.083001003345 7987.81212615322 5536.353875853471 24291.7791225038 11.661153016290342 -115.51952184665699 [0.0,383.2381697180488,1380.4935962923196,2377.7490228665897,3375.0044494408594,4372.2598760151295,5369.515302589399,6366.77072916367,7364.026155737939,8361.28158231221,10866.216030509016,13371.150478705818,15876.084926902618,18381.019375099422,20885.953823296226,23390.888271493022,25895.82271968982,28400.757167886633,30905.691616083433,33410.62606428025] [-5.830576508145171,-2.6147410332902723,-1.3093714534559382,-0.7700058132924283,-0.45646318786737083,-0.2583083926367351,-0.13175458962477649,-0.05446641573136901,-0.013347464037039458,0.0,-0.054874055847733416,-0.19748118638851508,-0.3994870466700604,-0.6444637873472345,-0.9220061664184414,-1.2250962502041034,-1.5487720494003696,-1.88939356342064,-2.2442103012419636,-2.6110926578523816] False 55550.65603222185 55564.65603222185
100.0 115.25240587974294 132.83117061068992 9.045840912391736e-12 5.1906146794705724e-12 6.8522605487544e-12 2.2490359053998757e-10 2.5841362030939664e-08 0.0718461459835026 1.1884194394718625e-08 2.060952604821386e-09 2.107738963118135e-09 2.014166246524636e-09 1.5392111105574887e-08 0.0001578591453215476 2.7375874707157554e-05 2.799734338127439e-05 2.6754406033040715e-05 0.00020445521363233148 1734.346543036652 300.76973725058144 307.59760930300274 293.9418651981601 2246.2822299383897 44.89732329969593 -2753.0538531041875 [0.0,1069.4794947876194,1152.5878758187482,1235.6962568498775,1318.8046378810063,1401.9130189121358,1485.0213999432647,1568.1297809743933,1651.238162005523,1734.346543036652,1807.295088179749,1880.2436333228438,1953.1921784659414,2026.1407236090372,2099.0892687521336,2172.0378138952296,2244.986359038326,2317.934904181422,2390.8834493245195,2463.831994467616] [-22.448661649847963,-2.7113123193475985,-2.0497912268583605,-1.4875797917939053,-1.0208170371156484,-0.6458936243520839,-0.35942889222451413,-0.15825056675748783,-0.03937676804525836,0.0,-0.02885404154085336,-0.11521823433713507,-0.25747760124204433,-0.45409306054079934,-0.7035964117053481,-1.0045857460536354,-1.355721238618571,-1.7557212827855437,-2.203358933796153,-2.6974586311444] False 55564.65603222185 55578.65603222185
132.83117061068992 153.091119887046 176.4411988580621 6.031251460054239e-12 3.388512421124263e-12 4.5207267653904575e-12 1.9719053560929576e-10 3.008073257212066e-08 0.09040555160456372 6.107445554326459e-09 1.0049169156988771e-09 1.0324232519727081e-09 9.774105794250461e-10 7.827378940265928e-09 0.00014313953567354282 2.355212820550299e-05 2.419679121023946e-05 2.2907465200766522e-05 0.00018344942694689206 1350.987544985802 222.29100935545748 228.3755036638533 216.20651504706163 1731.4426078988813 53.67948680184054 -2926.6515010972334 [0.0,860.881767613587,922.144989785114,983.4082119566406,1044.6714341281674,1105.9346562996939,1167.1978784712214,1228.4611006427479,1289.7243228142747,1350.987544985802,1405.3052868543368,1459.623028722872,1513.940770591406,1568.2585124599407,1622.5762543284766,1676.8939961970118,1731.2117380655468,1785.5294799340818,1839.8472218026166,1894.1649636711513] [-26.83974340092027,-2.7123441050066504,-2.0457564515049853,-1.4811211747219204,-1.0138578699520622,-0.639729966145751,-0.3548090028198203,-0.15544358961278704,-0.03823231456135545,0.0,-0.02976338181997562,-0.11732930027801558,-0.26085775128194655,-0.45860704780443484,-0.7089264888486468,-1.010249723760353,-1.3610887324139185,-1.7600283523806866,-2.2057212931340473,-2.696883585015712] False 55564.65603222185 55578.65603222185
176.4411988580621 203.35272664697808 234.36890988269914 3.855045678001134e-12 2.1206205984625243e-12 2.8592113025768334e-12 1.6575071475498657e-10 3.3569212335448244e-08 0.09924115541288242 2.7617649770871853e-09 5.208087331893559e-10 5.3817565270767e-10 5.034418136710417e-10 3.6617587164255475e-09 0.0001142054206774233 2.1536655348964046e-05 2.2254817960886185e-05 2.0818492737041906e-05 0.0001514222600757528 965.9184596109332 182.1511871892723 188.22521169479324 176.07716268375134 1280.688388831363 41.58651688386544 -2951.8018248385765 [0.0,567.2229657298825,617.059902465014,666.8968392001457,716.733775935277,766.5707126704079,816.4076494055398,866.2445861406709,916.0815228758021,965.9184596109332,1010.9975153206674,1056.0765710304017,1101.1556267401365,1146.2346824498707,1191.313738159605,1236.392793869339,1281.4718495790726,1326.5509052888076,1371.6299609985417,1416.709016708276] [-20.79325844193272,-2.715325663704789,-2.041577891220186,-1.4738079945727804,-1.0061675861711592,-0.6333582596171254,-0.3505596886825515,-0.15336956607325192,-0.0377530614191528,0.0,-0.03006013879848979,-0.11867271929168055,-0.2636425547043473,-0.46291541990785845,-0.7145653211673562,-1.0167832318652472,-1.3678670908698223,-1.766212892952808,-2.2103067274283603,-2.698717643218515] False 55564.65603222185 55578.65603222185
234.36890988269914 270.1158072739371 311.3149665447022 2.362192155923573e-12 1.2722734706543707e-12 1.7335958042662143e-12 1.3356861055351615e-10 3.5914814457585285e-08 0.09698447363643214 1.88333803598207e-09 2.894814647199458e-10 2.997441139972473e-10 2.7921881544264424e-10 2.3848917908451515e-09 0.00013741314437282936 2.1121305652427613e-05 2.1870094706674153e-05 2.0372516598181073e-05 0.00017400778495831339 1086.3766694331828 166.9832518096545 172.90311458969015 161.06338902961883 1375.6907953838834 74.6747871852931 -2815.0299698937915 [0.0,722.1285788311848,767.6595901564348,813.1906014816847,858.7216128069347,904.2526241321838,949.7836354574341,995.3146467826837,1040.8456581079336,1086.3766694331828,1127.8160952787655,1169.255521124347,1210.694946969928,1252.13437281551,1293.5737986610927,1335.0132245066743,1376.4526503522554,1417.8920761978382,1459.33150204342,1500.770927889001] [-37.33739359264655,-2.704019240343314,-2.0307316107691804,-1.4641703976708413,-0.9982248547712516,-0.6273541092077721,-0.34651481831542696,-0.15110028152776067,-0.03688885762176142,0.0,-0.030616637879575137,-0.11981614264277596,-0.26526587330818074,-0.46478581877636316,-0.7163348630228938,-1.0179986071379972,-1.3679785371109574,-1.7645823593952628,-2.2062153534875506,-2.691372613297972] False 55564.65603222185 55578.65603222185
311.3149665447022 358.7979888064861 413.52331434760555 1.3876007311798103e-12 7.317480428059264e-13 1.007657739134125e-12 1.0318891617402503e-10 3.6837134125848685e-08 0.08704432101476589 8.21369544812472e-10 1.4787390236869019e-10 1.5431040457118758e-10 1.4143740016619274e-10 1.0792710407681617e-09 0.00010573982706925198 1.9036694217936536e-05 1.9865303744697502e-05 1.8208084691175564e-05 0.00013894103321998913 815.1275109723966 146.75012816927048 153.13771589129627 140.36254044724467 1071.0690732108837 56.5776443144332 -2447.8316415192503 [0.0,495.71814977961725,535.6443199287148,575.570490077812,615.4966602269094,655.4228303760067,695.3490005251045,735.2751706742016,775.201340823299,815.1275109723966,852.1334733171777,889.1394356619587,926.1453980067398,963.1513603515211,1000.1573226963018,1037.163285041083,1074.1692473858639,1111.1752097306453,1148.1811720754263,1185.187134420207] [-28.2888221572166,-2.707436170661822,-2.0164162340915937,-1.441147942288353,-0.9729843984332547,-0.6043122375872372,-0.32838538589248856,-0.1391918732083468,-0.03134597333973943,0.0,-0.03543382412408391,-0.12964000194006076,-0.2797046851860614,-0.48294788583461923,-0.7368978986446564,-1.0392692255686597,-1.3879434313794263,-1.7809524669219172,-2.2164640808518925,-2.6927690078828164] False 55564.65603222185 55578.65603222185
413.52331434760555 476.5900816815941 549.2752115212968 7.814051386161728e-13 4.0348627614312377e-13 5.615035614663024e-13 7.64207586548977e-11 3.62195618224174e-08 0.0731788299068159 5.335631788284768e-10 8.961344103129217e-11 9.411140772813098e-11 8.511547433445334e-11 6.927075400342016e-10 0.00012119252984763957 2.0354627264161076e-05 2.1376286900339918e-05 1.9332967627982234e-05 0.00015734027862568734 950.240061585963 159.59549890881706 167.60607445190516 151.58492336572897 1233.6654432347232 77.6645284422284 -2199.217756085066 [0.0,606.1192320410536,649.1343357341677,692.1494394272809,735.1645431203951,778.1796468135084,821.1947505066224,864.2098541997358,907.22495789285,950.240061585963,991.1645344852004,1032.089007384438,1073.0134802836749,1113.9379531829125,1154.86242608215,1195.7868989813874,1236.711371880625,1277.635844779863,1318.5603176790999,1359.484790578337] [-38.8322642211142,-2.699639577540893,-2.012790743716323,-1.4414787325549696,-0.9765968327437804,-0.6101773190457607,-0.33520121576702877,-0.14544707554432534,-0.035369416058983916,0.0,-0.03161079258688915,-0.12330444105282368,-0.27190002570705474,-0.47448787283610727,-0.7283981714190304,-1.0311741130017253,-1.380548782484766,-1.774425178725778,-2.2108588618380054,-2.6880428169661172] False 55564.65603222185 55578.65603222185
549.2752115212968 633.0528961793416 729.6086933380817 4.2186779921743255e-13 2.1327393043531094e-13 2.9995566949667115e-13 5.42677762369221e-11 3.414697689396805e-08 0.05748069683071866 2.360136083467378e-10 4.615142605451535e-11 4.894269744293782e-11 4.3360154666092867e-11 3.196523354217369e-10 9.458386239539664e-05 1.849545948587222e-05 1.961407815688924e-05 1.73768408148552e-05 0.0001281025815404624 786.8282961371301 153.86082260741375 163.1664356438543 144.55520957097318 1065.6652563297669 68.60616142747176 -1846.9997291135126 [0.0,464.86908168107186,505.11398348807927,545.3588852950863,585.6037871020936,625.8486889091008,666.0935907161081,706.3384925231152,746.5833943301229,786.8282961371301,827.3021204650839,867.7759447930372,908.2497691209915,948.723593448945,989.1974177768989,1029.6712421048528,1070.1450664328065,1110.6188907607602,1151.0927150887142,1191.5665394166679] [-34.30308071373588,-2.6931839528651835,-1.9898496633725244,-1.4134076140428533,-0.9505190666761791,-0.5899810696416807,-0.32228174117517483,-0.13926710839973566,-0.033887259939774594,0.0,-0.03257988965333425,-0.12718187293785377,-0.27951451035642094,-0.4857502326883605,-0.7424587222319587,-1.0465520326245041,-1.3952390260292304,-1.7859872733222346,-2.216490982362984,-2.6846438333579954] False 55564.65603222185 55578.65603222185
729.6086933380817 840.8915725798939 969.1477682383326 2.1833228913056703e-13 1.0807149632386346e-13 1.5360825883446124e-13 3.694120129541307e-11 3.0860654745984745e-08 0.04261429415589957 1.4706188772554567e-10 2.8605945337315675e-11 3.019053914690307e-11 2.7021351527728273e-11 1.988030043481201e-10 0.00010398726034124564 2.0227224953417816e-05 2.1347689076115653e-05 1.9106760830719982e-05 0.0001405733333734347 957.3826878932958 186.22661017298162 196.54242145559675 175.9107988903665 1294.2208046402232 82.01274044050842 -1684.1463044948268 [0.0,571.9985034650497,620.1715265185803,668.3445495721114,716.5175726256422,764.690595679173,812.8636187327037,861.0366417862344,909.2096648397655,957.3826878932958,1006.5643757326617,1055.7460635720267,1104.9277514113921,1154.1094392507578,1203.2911270901232,1252.4728149294883,1301.6545027688535,1350.8361906082196,1400.0178784475843,1449.1995662869501] [-41.00637022025421,-2.692755494852463,-1.9868096825755401,-1.4097738249229224,-0.9474645068830796,-0.5880484130493642,-0.32153783857052076,-0.13941633923877816,-0.034355926834905404,0.0,-0.032099252919351784,-0.12691589334417586,-0.27986721625529754,-0.48688554155887687,-0.7443416531959883,-1.0489821749256407,-1.3978779172462055,-1.7883809452480364,-2.218088641088343,-2.6848134232059238] False 55564.65603222185 55578.65603222185
969.1477682383326 1116.9661194245136 1287.3303254983532 1.0832361906676551e-13 5.249865279422713e-14 7.541116672483078e-14 2.4107911930947232e-11 2.6738542508639174e-08 0.029801552954660027 6.973094945776444e-11 1.5899908698843692e-11 1.6903741374821772e-11 1.4896076022865606e-11 9.894969757309225e-11 8.699726079787961e-05 1.9836937751343877e-05 2.108933276085675e-05 1.8584542741831e-05 0.00012345095990485031 924.6767088514496 210.84289488400526 224.1543541754519 197.53143559255858 1312.135879479914 65.2556120653444 -1239.8700848510352 [0.0,500.34797099269883,553.3890632250428,606.4301554573863,659.4712476897299,712.512339922074,765.5534321544177,818.5945243867618,871.635616619106,924.6767088514496,981.7534768966138,1038.8302449417793,1095.9070129869442,1152.9837810321094,1210.060549077274,1267.137317122439,1324.2140851676036,1381.2908532127692,1438.367621257934,1495.4443893030984] [-32.6278060326722,-2.7037206202223842,-1.9749444053711613,-1.3888760698191618,-0.925944807414453,-0.5705120578952574,-0.30986446693168546,-0.1335132614617578,-0.03269381576524211,0.0,-0.03369761085173195,-0.132230846698576,-0.2898063331329013,-0.5014084524605096,-0.7626632795795558,-1.0697313699001825,-1.4192223014458705,-1.8081258408301437,-2.233755968363994,-2.6937049613534327] False 55564.65603222185 55578.65603222185
