data/PKS2155-304_allsed_14d_min11.ecsv
# %ECSV 1.0
# ---
# datatype:
# - {name: e_min, unit: MeV, datatype: float64}
# - {name: e_ref, unit: MeV, datatype: float64}
# - {name: e_max, unit: MeV, datatype: float64}
# - {name: ref_dnde_e_min, unit: ph / (cm2 MeV s), datatype: float64}
# - {name: ref_dnde_e_max, unit: ph / (cm2 MeV s), datatype: float64}
# - {name: ref_dnde, unit: ph / (cm2 MeV s), datatype: float64}
# - {name: ref_flux, unit: ph / (cm2 s), datatype: float64}
# - {name: ref_eflux, unit: MeV / (cm2 s), datatype: float64}
# - {name: ref_npred, datatype: float64}
# - {name: dnde, unit: ph / (cm2 MeV s), datatype: float64}
# - {name: dnde_err, unit: ph / (cm2 MeV s), datatype: float64}
# - {name: dnde_errp, unit: ph / (cm2 MeV s), datatype: float64}
# - {name: dnde_errn, unit: ph / (cm2 MeV s), datatype: float64}
# - {name: dnde_ul, unit: ph / (cm2 MeV s), datatype: float64}
# - {name: e2dnde, unit: MeV / (cm2 s), datatype: float64}
# - {name: e2dnde_err, unit: MeV / (cm2 s), datatype: float64}
# - {name: e2dnde_errp, unit: MeV / (cm2 s), datatype: float64}
# - {name: e2dnde_errn, unit: MeV / (cm2 s), datatype: float64}
# - {name: e2dnde_ul, unit: MeV / (cm2 s), datatype: float64}
# - {name: norm, datatype: float64}
# - {name: norm_err, datatype: float64}
# - {name: norm_errp, datatype: float64}
# - {name: norm_errn, datatype: float64}
# - {name: norm_ul, datatype: float64}
# - {name: ts, datatype: float64}
# - {name: loglike, datatype: float64}
# - {name: norm_scan, datatype: string, subtype: 'float64[20]'}
# - {name: dloglike_scan, datatype: string, subtype: 'float64[20]'}
# - {name: ShowUL, datatype: bool}
# - {name: tstart, datatype: float64}
# - {name: tend, datatype: float64}
# meta: !!omap
# - {UL_CONF: 0.95}
# - {EXTNAME: SED}
# - {CONFIG: '{"bin_index": 2.0, "use_local_index": true, "free_background": false, "free_radius": null, "free_pars": [], "ul_confidence":
#     0.95, "cov_scale": 3.0, "make_plots": false, "write_fits": true, "write_npy": true, "optimizer": {"optimizer": "MINUIT", "tol":
#     0.001, "max_iter": 100, "init_lambda": 0.0001, "retries": 3, "min_fit_quality": 2, "verbosity": 0}, "prefix": "", "outfile": null,
#     "loge_bins": []}'}
# - {SRCNAME: 4FGL J2158.8-3013}
# - {CREATOR: fermipy 1.2.0}
# - {STVER: 2.2.0}
# schema: astropy-2.0
e_min e_ref e_max ref_dnde_e_min ref_dnde_e_max ref_dnde ref_flux ref_eflux ref_npred dnde dnde_err dnde_errp dnde_errn dnde_ul e2dnde e2dnde_err e2dnde_errp e2dnde_errn e2dnde_ul norm norm_err norm_errp norm_errn norm_ul ts loglike norm_scan dloglike_scan ShowUL tstart tend
[from data line 990]
16572.19366947696 19099.851911122612 22013.03884703687 2.639193415062421e-16 1.44789885461175e-16 1.9548107639277436e-16 1.0644480359076913e-12 2.0247091904913523e-08 0.0016811889100589728 3.162365610819358e-13 1.9916782272278132e-13 2.2808815630317815e-13 1.7024748914238444e-13 7.59379516952157e-13 0.00011536447090655457 7.265728672046522e-05 8.32075500123782e-05 6.210702342855222e-05 0.0002770249457897511 1617.7349077336303 1018.8598630519064 1166.8042785117848 870.9154475920277 3884.6702246838368 33.937312141479836 -23.08165237418428 [0.0,219.51869830380403,394.2957244825323,569.0727506612604,743.8497768399891,918.6268030187174,1093.4038291974448,1268.1808553761741,1442.9578815549019,1617.7349077336303,1974.992847566569,2332.2507873995087,2689.5087272324486,3046.7666670653866,3404.0246068983247,3761.282546731264,4118.540486564205,4475.798426397141,4833.056366230078,5190.314306063021] [-16.968656070739918,-2.6791201981240604,-1.5980814361886075,-0.9886940094416303,-0.6018520814929857,-0.34683868251745054,-0.17972371044249158,-0.07567836673841555,-0.019218025541825057,0.0,-0.04824099768397616,-0.18316672226528752,-0.3810150758487332,-0.6266710110594786,-0.9099074915690828,-1.2234753197719357,-1.562045654076929,-1.9215848582436195,-2.298965175404742,-2.691711762741228] False 56712.65603222185 56726.65603222185
68529.88452212527 78982.3406583588 91029.0478288929 4.803351252411872e-18 2.4632668158194847e-18 3.4397580939349763e-18 7.760703471077098e-14 6.094634603168983e-09 0.000123289943852134 2.6903961708309363e-14 2.796139402483824e-14 3.506641135655686e-14 2.0856376693119626e-14 1.0139682200098917e-13 0.00016783256662391551 0.00017442905161888566 0.00021875164275316633 0.00013010646048460501 0.0006325346827518848 7821.469118932162 8128.883852076724 10194.441120259702 6063.326583893747 29477.893279696993 18.645613890863046 -2.7672138111041673 [0.0,869.0521243257961,1738.1042486515921,2607.1563729773875,3476.2084973031842,4345.260621628979,5214.312745954775,6083.3648702805685,6952.4169946063685,7821.469118932162,11384.25889559063,14947.048672249106,18509.83844890758,22072.628225566048,25635.418002224527,29198.207778882992,32760.997555541482,36323.78733219995,39886.577108858415,43449.366885516865] [-9.322806945431523,-1.3397889595963677,-0.7539404482324352,-0.45567182681967955,-0.27516069250115116,-0.15917785942533325,-0.08401191079177606,-0.037013919032383935,-0.01063338939690972,0.0,-0.0639076150023965,-0.23088708137970437,-0.4563581328015296,-0.7195807078004965,-1.0092019252306748,-1.318326926214589,-1.6424526912750816,-1.978475524485345,-2.3241653023784825,-2.677865575209315] False 56712.65603222185 56726.65603222185
176.4411988580621 203.35272664697808 234.36890988269914 2.2492819028190705e-12 1.3513597442210108e-12 1.7434417159384828e-12 1.0086881173927585e-10 2.0471409787006356e-08 0.04076565390311085 7.109090752799934e-10 2.7554433156718044e-10 2.921531008962684e-10 2.589355622380925e-10 1.2119713645364404e-09 2.939774770095746e-05 1.1394400523935613e-05 1.2081211857955544e-05 1.0707589189915684e-05 5.011784155574995e-05 407.76188201812954 158.04619623825897 167.57262271827904 148.51976975823897 695.1602416396493 10.411551033007527 -422.21757088802576 [0.0,90.85964193024942,130.47242194123447,170.0852019522195,209.6979819632046,249.31076197418966,288.92354198517455,328.53632199615964,368.1491020071446,407.76188201812954,450.2071791139651,492.6524762098004,535.0977733056354,577.5430704014709,619.9883674973063,662.4336645931417,704.8789616889768,747.324258784812,789.7695558806477,832.2148529764829] [-5.205775516503763,-2.6993919065754994,-1.953623546853862,-1.3619837180696663,-0.8997286537345985,-0.5482252620366808,-0.29299932462038214,-0.12252537971306765,-0.027438495290425635,0.0,-0.03832688478979662,-0.14015148156624946,-0.29975540125280986,-0.5122336906360374,-0.7733400858006689,-1.079368430531531,-1.427060386564733,-1.813532609472361,-2.2362185719464946,-2.6928215702503167] False 56726.65603222185 56740.65603222185
311.3149665447022 358.7979888064861 413.52331434760555 8.53301215244168e-13 5.064928467985913e-13 6.574123224322125e-13 6.712568083205008e-11 2.4030082501535977e-08 0.03894470970517597 2.2392990119809296e-10 8.136573776080831e-11 8.791971432678143e-11 7.481176119483521e-11 3.7906423681694014e-10 2.8827839037697776e-05 1.047469935369259e-05 1.1318432059730711e-05 9.63096664765447e-06 4.879921236708679e-05 340.62321857555827 123.76667577477322 133.73603038273907 113.79732116680736 576.6004437132017 17.544530898855328 -310.94992507730353 [0.0,106.1452733846971,135.45501653355478,164.7647596824125,194.07450283127014,223.38424598012773,252.69398912898535,282.00373227784314,311.3134754267008,340.62321857555827,375.90356449766955,411.18391041978066,446.4642563418918,481.74460226400305,517.024948186114,552.3052941082253,587.5856400303363,622.8659859524472,658.1463318745588,693.4266777966697] [-8.772265449427664,-2.6985684663604843,-1.910558089744427,-1.309145876789671,-0.8534285297613451,-0.515253466871286,-0.2743315651619014,-0.11550575322644363,-0.027121038974939893,0.0,-0.03826928605587909,-0.144368969671973,-0.3100377615697312,-0.5285490910166004,-0.7943424817639766,-1.1027607558308432,-1.449858332312374,-1.8322585551932207,-2.2470456174969513,-2.691681397499792] False 56726.65603222185 56740.65603222185
549.2752115212968 633.0528961793416 729.6086933380817 3.0842859966370926e-13 1.808713044865356e-13 2.3619035366020017e-13 4.256079138393392e-11 2.6874598422786617e-08 0.03099102407145532 7.928248409156738e-11 3.2498556987575435e-11 3.526100050739943e-11 2.973611346775143e-11 1.4191925003039936e-10 3.177292876546829e-05 1.3023990708391191e-05 1.4131056438983416e-05 1.1916924977798966e-05 5.6874986616926244e-05 335.6719817847797 137.5947683042556 149.29060379040016 125.89893281811105 600.8681041841965 14.014476103874244 -277.86121994099904 [0.0,82.49093184087951,114.13856308386708,145.78619432685466,177.4338255698421,209.08145681282969,240.72908805581713,272.37671929880463,304.02435054179216,335.6719817847797,375.5233263925293,415.3746710002791,455.2260156080289,495.07736021577836,534.9287048235282,574.7800494312779,614.6313940390276,654.4827386467774,694.3340832545272,734.1854278622768] [-7.007238051937122,-2.694756650870943,-1.8790168497799868,-1.2734369866749944,-0.8230542243534273,-0.49335375964426476,-0.26093892116495,-0.10907161532639975,-0.025285433884164377,0.0,-0.03986005547011473,-0.1487655732832991,-0.3174632316548127,-0.5385699137812026,-0.8060849214074324,-1.1150542874124767,-1.4613329615676776,-1.8414121168034399,-2.252291039756244,-2.6913803098503877] False 56726.65603222185 56740.65603222185
729.6086933380817 840.8915725798939 969.1477682383326 1.8209072638088844e-13 1.06138950463376e-13 1.3902128825176855e-13 3.3280065213536215e-11 2.790964587516707e-08 0.026449758999778916 5.930419146949289e-11 2.009083571781515e-11 2.232650230518836e-11 1.7855169130441933e-11 9.789062902488355e-11 4.1933912946732874e-05 1.4206202548960844e-05 1.578703934531198e-05 1.2625365752609702e-05 6.921833034250269e-05 426.5835269925896 144.51625337718423 160.59772273693008 128.43478401743835 704.1412884018375 35.69935078692566 -180.09583932533016 [0.0,163.40512920986393,196.30242893270471,229.19972865554527,262.09702837838614,294.99432810122664,327.8916278240674,360.7889275469082,393.6862272697488,426.5835269925896,468.1429639998197,509.70240100704973,551.26183801428,592.8212750215099,634.3807120287406,675.9401490359708,717.4995860432006,759.0590230504306,800.618460057661,842.1778970648908] [-17.84967539346283,-2.6974757984678774,-1.89882543217837,-1.2952721246453223,-0.8416378571503458,-0.5072482951124471,-0.2702477989750207,-0.11447037287280182,-0.027595354049225307,0.0,-0.03811195400507472,-0.1464376366628244,-0.3153483848855956,-0.5371355719818212,-0.8055238760558723,-1.1153309190762286,-1.4622231737667164,-1.842537035329542,-2.2531451226189745,-2.6913546700090194] False 56726.65603222185 56740.65603222185
1287.3303254983532 1483.6791717563765 1709.9759409858673 6.120484346022438e-14 3.524655014192914e-14 4.644630861489131e-14 1.9623147600932982e-11 2.902783049656529e-08 0.017649998360750985 2.2211249091320957e-11 8.454475224086786e-12 9.257440534681552e-12 7.651509913492022e-12 3.892882735014286e-11 4.889370890884607e-05 1.8610869153913324e-05 2.037843981140788e-05 1.6843298496418763e-05 8.569417887282864e-05 478.2134415779972 182.02684941416783 199.31488229644782 164.73881653188784 838.1468519472774 43.63191555699325 -120.80016624790886 [0.0,160.9909406565438,200.64375327172542,240.29656588690725,279.9493785020889,319.6021911172705,359.25500373245217,398.9078163476338,438.5606289628157,478.2134415779972,532.8824547072622,587.5514678365261,642.2204809657907,696.8894940950549,751.5585072243196,806.227520353584,860.8965334828484,915.5655466121126,970.2345597413772,1024.903572870642] [-21.815957778496625,-2.6930462068882406,-1.849591099997042,-1.2379762963138603,-0.7921089099570509,-0.47115273267303337,-0.24801177835021804,-0.10373612743627803,-0.024525251632837808,0.0,-0.04136521090268275,-0.15568355174875137,-0.33103268278526343,-0.5582764526013477,-0.8302498805743994,-1.1412234916074482,-1.4865390923589246,-1.8623548786029573,-2.265462580951251,-2.6931534336424647] False 56726.65603222185 56740.65603222185
2271.3810595726877 2617.821317854317 3017.1020504598932 1.9600141597421693e-14 1.115151560507373e-14 1.478415654967517e-14 1.1023865600876226e-11 2.8764417725118403e-08 0.01017603693491037 3.154063859298235e-12 2.2679546722298167e-12 2.6418934614391083e-12 1.8940158830205247e-12 8.384795098498326e-12 2.1614763205311636e-05 1.5542267178932347e-05 1.8104865383217954e-05 1.2979668974646743e-05 5.746090398417711e-05 213.34080498271865 153.40440048841654 178.69761136269585 128.11118961413723 567.147342516645 11.712459989894924 -37.05287969437183 [0.0,19.071350223821536,43.355032068683684,67.63871391354581,91.92239575840799,116.20607760327013,140.48975944813228,164.77344129299445,189.05712313785656,213.34080498271865,269.53437192288004,325.7279388630413,381.92150580320254,438.11507274336384,494.3086396835249,550.502206623686,606.6957735638473,662.8893405040086,719.0829074441701,775.2764743843311] [-5.856229994947462,-2.6023578728563734,-1.4478621253651838,-0.8631843075142172,-0.5113705402179249,-0.287533725376214,-0.14491479062903778,-0.05853005530636324,-0.013441829124204219,0.0,-0.0571924575955336,-0.20120538305534552,-0.4051624040126782,-0.6531324992867908,-0.9348791541205514,-1.2434252377025174,-1.5737956985005752,-1.9223141982877152,-2.28618429328278,-2.663227240661307] False 56726.65603222185 56740.65603222185
3017.1020504598932 3477.2827010020824 4007.6519721450045 1.0892102329394243e-14 6.159682572307909e-15 8.190964100407471e-15 8.113986960397954e-12 2.811861173603852e-08 0.0074473488829465695 3.223498900248393e-12 1.9061389371827197e-12 2.1731926164560456e-12 1.6390852579093945e-12 7.436572173005047e-12 3.897692077905482e-05 2.3048069395251735e-05 2.627714761829362e-05 1.9818991172209865e-05 8.991927511829023e-05 393.54328266290855 232.71240281567052 265.3158516892947 200.10895394204644 907.8994953274308 22.604625314982414 -46.543725650463536 [0.0,64.86436500731973,105.94922971426827,147.034094421217,188.1189591281657,229.20382383511415,270.28868854206286,311.3735532490113,352.4584179559599,393.54328266290855,474.6800901464282,555.816897629948,636.953705113468,718.0905125969873,799.2273200805072,880.364127564027,961.5009350475465,1042.6377425310664,1123.7745500145854,1204.9113574981056] [-11.302312657491207,-2.700568315012397,-1.6531059620048367,-1.030821569837542,-0.6288137982478403,-0.36208019251179024,-0.1869963275046871,-0.07815427437783029,-0.01944305938841495,0.0,-0.049036397349809135,-0.1840997592734226,-0.38195865723015743,-0.6276839919338286,-0.9111102819759651,-1.225002252040845,-1.5640266300038022,-1.9241388177380472,-2.302198460066002,-2.6957184773994314] False 56726.65603222185 56740.65603222185
5323.411028602609 6135.359285332078 7071.149185711414 3.2437569934223297e-15 1.8123363219914597e-15 2.4246192729773244e-15 4.239070580648327e-12 2.591230329688261e-08 0.003827184503198078 1.1578205504258634e-12 8.917162361300673e-13 1.0466645539770281e-12 7.367679182831066e-13 3.2526863547590636e-12 4.358341470804627e-05 3.3566547516245134e-05 3.9399210265713817e-05 2.7733884766776455e-05 0.00012243968053816717 477.5267454688302 367.7757766212423 431.68202350044453 303.8695297420401 1341.5245812035923 11.849474753687346 -38.26275360435547 [0.0,30.19277827311402,86.10952417257856,142.02627007204308,197.94301597150766,253.85976187097214,309.77650777043675,365.69325366990125,421.6099995693657,477.5267454688302,614.7205412938197,751.9143371188086,889.108132943798,1026.301928768787,1163.4957245937755,1300.6895204187654,1437.8833162437538,1575.0771120687434,1712.2709078937316,1849.4647037187203] [-5.924737376843673,-2.6036176805835467,-1.3991530466520956,-0.8342528148941852,-0.4974957287668076,-0.2828711568906286,-0.1452248821310249,-0.06078956358177834,-0.015423697553849536,0.0,-0.05366429327583688,-0.19751814644553178,-0.4024191460710256,-0.6514253690474945,-0.9338039638389333,-1.242321914231745,-1.5718713032306084,-1.918710048155809,-2.2800142797165748,-2.653600372925453] False 56726.65603222185 56740.65603222185
22013.03884703687 25370.556878452422 29240.177187505025 1.270373162187078e-16 6.886232238833054e-17 9.353119599791798e-17 6.767311942993199e-13 1.7093507268087588e-08 0.0006242187216106698 1.4815664491122242e-13 1.5088749991835729e-13 1.8922433461479315e-13 1.1255066522192148e-13 5.462857994380721e-13 9.5363270007042e-05 9.712102622210434e-05 0.00012179711091990667 7.244494152430204e-05 0.00035162513449222676 1584.0345387491934 1613.231802592539 2023.1146688106642 1203.3489363744143 5840.680145373449 11.535997564821173 -16.524701240254977 [0.0,176.00383763879933,352.00767527759865,528.011512916398,704.0153505551973,880.0191881939963,1056.023025832796,1232.0268634715958,1408.0307011103946,1584.0345387491934,2281.6167420398756,2979.1989453305555,3676.781148621235,4374.363351911916,5071.945555202596,5769.527758493274,6467.10996178396,7164.692165074636,7862.2743683653125,8559.856571655995] [-5.7679987824105865,-1.3115976605336854,-0.7332061434729091,-0.4390271273119062,-0.26176043036405616,-0.1486834830789725,-0.07625404415236403,-0.03189576425954144,-0.008094462218682708,0.0,-0.06961573651596709,-0.23720515041551948,-0.46111116313274536,-0.7216411714108695,-1.007910553780043,-1.3132652320485256,-1.633338664261892,-1.9651102880756426,-2.3064035117797097,-2.6555979136706966] False 56726.65603222185 56740.65603222185
