data/PKS2155-304_allsed_14d_min11.ecsv
# %ECSV 1.0
# ---
# datatype:
# - {name: e_min, unit: MeV, datatype: float64}
# - {name: e_ref, unit: MeV, datatype: float64}
# - {name: e_max, unit: MeV, datatype: float64}
# - {name: ref_dnde_e_min, unit: ph / (cm2 MeV s), datatype: float64}
# - {name: ref_dnde_e_max, unit: ph / (cm2 MeV s), datatype: float64}
# - {name: ref_dnde, unit: ph / (cm2 MeV s), datatype: float64}
# - {name: ref_flux, unit: ph / (cm2 s), datatype: float64}
# - {name: ref_eflux, unit: MeV / (cm2 s), datatype: float64}
# - {name: ref_npred, datatype: float64}
# - {name: dnde, unit: ph / (cm2 MeV s), datatype: float64}
# - {name: dnde_err, unit: ph / (cm2 MeV s), datatype: float64}
# - {name: dnde_errp, unit: ph / (cm2 MeV s), datatype: float64}
# - {name: dnde_errn, unit: ph / (cm2 MeV s), datatype: float64}
# - {name: dnde_ul, unit: ph / (cm2 MeV s), datatype: float64}
# - {name: e2dnde, unit: MeV / (cm2 s), datatype: float64}
# - {name: e2dnde_err, unit: MeV / (cm2 s), datatype: float64}
# - {name: e2dnde_errp, unit: MeV / (cm2 s), datatype: float64}
# - {name: e2dnde_errn, unit: MeV / (cm2 s), datatype: float64}
# - {name: e2dnde_ul, unit: MeV / (cm2 s), datatype: float64}
# - {name: norm, datatype: float64}
# - {name: norm_err, datatype: float64}
# - {name: norm_errp, datatype: float64}
# - {name: norm_errn, datatype: float64}
# - {name: norm_ul, datatype: float64}
# - {name: ts, datatype: float64}
# - {name: loglike, datatype: float64}
# - {name: norm_scan, datatype: string, subtype: 'float64[20]'}
# - {name: dloglike_scan, datatype: string, subtype: 'float64[20]'}
# - {name: ShowUL, datatype: bool}
# - {name: tstart, datatype: float64}
# - {name: tend, datatype: float64}
# meta: !!omap
# - {UL_CONF: 0.95}
# - {EXTNAME: SED}
# - {CONFIG: '{"bin_index": 2.0, "use_local_index": true, "free_background": false, "free_radius": null, "free_pars": [], "ul_confidence":
#     0.95, "cov_scale": 3.0, "make_plots": false, "write_fits": true, "write_npy": true, "optimizer": {"optimizer": "MINUIT", "tol":
#     0.001, "max_iter": 100, "init_lambda": 0.0001, "retries": 3, "min_fit_quality": 2, "verbosity": 0}, "prefix": "", "outfile": null,
#     "loge_bins": []}'}
# - {SRCNAME: 4FGL J2158.8-3013}
# - {CREATOR: fermipy 1.2.0}
# - {STVER: 2.2.0}
# schema: astropy-2.0
e_min e_ref e_max ref_dnde_e_min ref_dnde_e_max ref_dnde ref_flux ref_eflux ref_npred dnde dnde_err dnde_errp dnde_errn dnde_ul e2dnde e2dnde_err e2dnde_errp e2dnde_errn e2dnde_ul norm norm_err norm_errp norm_errn norm_ul ts loglike norm_scan dloglike_scan ShowUL tstart tend
[from data line 2764]
176.4411988580621 203.35272664697808 234.36890988269914 7.998057215845785e-13 5.691199280991817e-13 6.746742730840778e-13 3.895654413237558e-11 7.937972514462799e-09 0.02225197328985898 6.390107061308352e-10 2.063663023144951e-10 2.2088142545009291e-10 1.9185117917889725e-10 1.0210768008506125e-09 2.6424582510282702e-05 8.533727730275005e-06 9.133961912994607e-06 7.933493547555401e-06 4.222390628911958e-05 947.1395777547342 305.8754580505218 327.38972606795505 284.36119003308846 1513.4366932105713 16.425133295547198 -452.5150576545748 [0.0,324.35845159127604,402.2060923617086,480.0537331321407,557.9013739025727,635.7490146730048,713.5966554434372,791.44429621387,869.2919369843019,947.1395777547342,1030.049313882888,1112.9590500110417,1195.8687861391954,1278.7785222673494,1361.6882583955028,1444.5979945236568,1527.507730651811,1610.4174667799648,1693.3272029081188,1776.236939036272] [-8.212566647773599,-2.7030761531260623,-1.9709840190286627,-1.3844190529783873,-0.9220916878489902,-0.5675481359144214,-0.30774278245633013,-0.13211341632120366,-0.03195791609459775,0.0,-0.03405204844034415,-0.1321365785887565,-0.2888179138701048,-0.49939490757992644,-0.7597674947913902,-1.0663331262948077,-1.4159052515376516,-1.8056483419436518,-2.23302550751896,-2.695755830583039] False 60674.65603222185 60688.65603222185
413.52331434760555 476.5900816815941 549.2752115212968 3.443902720123955e-13 2.3141759242778013e-13 2.8230828469008297e-13 3.821606627353815e-11 1.8225584315455528e-08 0.03307545667963635 9.33990179666339e-11 3.7039227814411796e-11 4.014516081699312e-11 3.393329481183047e-11 1.6460407348236533e-10 2.1214476039210117e-05 8.413020051885275e-06 9.118495791321768e-06 7.707544312448781e-06 3.7387857483635515e-05 330.8405138346081 131.2013491034219 142.20326853342024 120.19942967342358 583.0649768676363 17.238657768885787 -292.1259715015102 [0.0,91.07708848734124,121.04751665574952,151.01794482415795,180.98837299256633,210.95880116097467,240.92922932938302,270.8996574977915,300.8700856661999,330.8405138346081,368.69578691448964,406.5510599943713,444.40633307425276,482.2616061541345,520.1168792340159,557.9721523138975,595.8274253937789,633.6826984736607,671.5379715535424,709.3932446334237] [-8.619328884442893,-2.6962456911726917,-1.8764836652994745,-1.2703582315321569,-0.8207261412362072,-0.49205668110272427,-0.2605043790186983,-0.10915738938695085,-0.025508672253238274,0.0,-0.03937466223277397,-0.14781116215306156,-0.31609686100460976,-0.5368966149885068,-0.8042557162466437,-1.1132604351306554,-1.4597990708403472,-1.8403893507125986,-2.252050943571703,-2.692209445831452] False 60674.65603222185 60688.65603222185
549.2752115212968 633.0528961793416 729.6086933380817 2.4093698730176545e-13 1.5883245915060815e-13 1.9562365448349592e-13 3.518513087886838e-11 2.2278885331110844e-08 0.03337790144320188 1.1314736606658837e-10 2.8961012747454084e-11 3.095805522485513e-11 2.6963970270053045e-11 1.6702222410278828e-10 4.5344482368665456e-05 1.1606298737283754e-05 1.2406625431169805e-05 1.0805972043397702e-05 6.693515332515183e-05 578.3930699246507 148.04453389811007 158.25312795936418 137.83593983685597 853.7935994692266 57.298427757198624 -294.49724073017967 [0.0,289.4668366188034,325.58261578203434,361.69839494526536,397.8141741084962,433.92995327172713,470.04573243495804,506.161511598189,542.2772907614199,578.3930699246507,619.2409057042561,660.0887414838606,700.9365772634659,741.7844130430708,782.6322488226759,823.4800846022811,864.3279203818859,905.175756161491,946.0235919410965,986.8714277207006] [-28.649213878599312,-2.7002578644354003,-1.9523843647882586,-1.3606350739687514,-0.8996923288982543,-0.5500886550337896,-0.29651109243576457,-0.12668298827281887,-0.030601110853922364,0.0,-0.03565222772152765,-0.13788026841177725,-0.2996741950248065,-0.5151050624799609,-0.7791107804397939,-1.0873328880574604,-1.435990298867523,-1.8217803542197544,-2.241800356769488,-2.6934846748362133] False 60674.65603222185 60688.65603222185
729.6086933380817 840.8915725798939 969.1477682383326 1.622374198306219e-13 1.0492784936792386e-13 1.3047307595756355e-13 3.1178634256254456e-11 2.6211696119785304e-08 0.03195363930556211 4.8241734289536937e-11 1.6341186550077135e-11 1.8132123172131304e-11 1.4550249928022966e-11 7.956585901980236e-11 3.411166455473065e-05 1.1554830733840476e-05 1.2821199577954447e-05 1.0288461889726506e-05 5.626091045157863e-05 369.7447456916522 125.24566030306602 138.97214455209738 111.51917605403466 609.82588504069 35.244441077984334 -185.25117095803506 [0.0,141.01594147122967,169.6070419987825,198.19814252633537,226.7892430538882,255.380343581441,283.9714441089938,312.5625446365467,341.1536451640993,369.7447456916522,405.63517491472,441.5256041377876,477.4160333608549,513.3064625839228,549.1968918069905,585.087321030058,620.9777502531251,656.8681794761932,692.7586086992608,728.6490379223285] [-17.622220538992167,-2.697553066663829,-1.9021942984472844,-1.29966189518575,-0.8458379842377326,-0.5106616582086758,-0.27265019800807977,-0.11587323910109149,-0.02816344783283853,0.0,-0.03740542015572146,-0.14481747723957028,-0.31282347524035004,-0.5338670558341505,-0.8017817272797743,-1.11146355423773,-1.4586357304143576,-1.839675557824421,-2.2514848687860933,-2.6913913508326175] False 60674.65603222185 60688.65603222185
969.1477682383326 1116.9661194245136 1287.3303254983532 1.0514932731166247e-13 6.67191025138201e-14 8.375839509067743e-14 2.6593537432070583e-11 2.9683690895169946e-08 0.028970556232907396 3.528514398271845e-11 1.0920022527951284e-11 1.208652511565802e-11 9.753519940244548e-12 5.6431986822409055e-11 4.4022215346638755e-05 1.3623965472581356e-05 1.507930962941937e-05 1.2168621315743344e-05 7.040529797898755e-05 421.2729236814829 130.37525989041683 144.3022529571282 116.44826682370548 673.7472316812588 55.18206495056137 -169.7705838840099 [0.0,184.97871481803182,214.51549092596323,244.05226703389454,273.58904314182604,303.12581924975734,332.66259535768864,362.1993714656201,391.73614757355176,421.2729236814829,458.84722674658263,496.4215298116818,533.9958328767814,571.5701359418808,609.1444390069804,646.7187420720797,684.2930451371793,721.8673482022789,759.4416512673785,797.0159543324779] [-27.591032475280684,-2.693308387086489,-1.9215064268685467,-1.3273442495132883,-0.8740494126644762,-0.5353751072828175,-0.291896354835643,-0.12881335611689337,-0.034578382044742284,0.0,-0.030647202206807833,-0.13359827283613868,-0.29908368986792766,-0.5192137033816095,-0.7875219208066255,-1.0986401288860463,-1.4480613750307896,-1.83196394505498,-2.247078311320223,-2.6905850095562585] False 60674.65603222185 60688.65603222185
1287.3303254983532 1483.6791717563765 1709.9759409858673 6.559487051518317e-14 4.083358704777473e-14 5.175397429250481e-14 2.183314179958642e-11 3.235651875642175e-08 0.02475569744438766 1.9060157678979645e-11 6.901984018105782e-12 7.548791875767585e-12 6.2551761604439786e-12 3.26605955716688e-11 4.195719914180271e-05 1.5193364231219025e-05 1.661718488094682e-05 1.3769543581491227e-05 7.189589590865059e-05 368.28394223900216 133.36142996665188 145.85917272948112 120.86368720382262 631.0741545581906 43.75178495678034 -139.7564880698417 [0.0,131.51320738127208,161.10954923848834,190.7058910957045,220.3022329529208,249.8985748101371,279.4949166673534,309.09125852456964,338.68760038178596,368.28394223900216,408.02905373183063,447.7741652246592,487.51927671748774,527.2643882103159,567.0094997031442,606.754611195973,646.4997226888015,686.2448341816299,725.9899456744586,765.7350571672866] [-21.87589247839017,-2.697263960153066,-1.8736101671455856,-1.2657691978772903,-0.8167297481602702,-0.4899627063223875,-0.2605564220692429,-0.11070628083277256,-0.027213003380524015,0.0,-0.0384275229044988,-0.14956304110233987,-0.3221836106409057,-0.5475455166507857,-0.8186943372458018,-1.1300012948576637,-1.4768418658192957,-1.8553670253195946,-2.262336661580264,-2.6949958183626848] False 60674.65603222185 60688.65603222185
1709.9759409858673 1970.7884119509856 2271.3810595726877 3.938593611496879e-14 2.405430324830588e-14 3.07798838696292e-14 1.725350992314023e-11 3.394898499768658e-08 0.019998138243938257 1.943879032319859e-11 5.514165710022291e-12 5.971130300846361e-12 5.057201119198222e-12 3.0019887003153e-11 7.550039700026309e-05 2.1417058022127798e-05 2.3191911675500763e-05 1.9642204368754835e-05 0.0001165974501991615 631.5420293829967 179.1483597981723 193.99456885989528 164.30215073644933 975.3086506208008 94.25901085296277 -74.8966621309396 [0.0,296.4309415851595,338.3198275598889,380.2087135346189,422.0975995093484,463.9864854840783,505.87537145880776,547.7642574335374,589.6531434082672,631.5420293829967,683.1654292864127,734.7888291898283,786.4122290932443,838.0356289966599,889.659028900076,941.2824288034918,992.9058287069078,1044.529228610323,1096.152628513739,1147.7760284171547] [-47.12950542648139,-2.69818166294651,-1.9163809064945951,-1.315343865944385,-0.8582628360783957,-0.5185851361073901,-0.2765177854593901,-0.11690674178734639,-0.02788864982845496,0.0,-0.03847057357194217,-0.146637553222547,-0.31523946300870875,-0.5367535164425874,-0.8049850181450324,-1.1147714026499216,-1.4617644918260169,-1.8422673824890552,-2.253110284521128,-2.6915546447443432] False 60674.65603222185 60688.65603222185
2271.3810595726877 2617.821317854317 3017.1020504598932 2.2762521961716144e-14 1.3638793180025286e-14 1.7619685845429557e-14 1.3123805132845974e-11 3.428569179671205e-08 0.015355333651976721 7.718523267149201e-12 3.0362566681263366e-12 3.342692718890957e-12 2.7298206173617162e-12 1.3816664246275838e-11 5.289495081790707e-05 2.0807431884623024e-05 2.2907434601854575e-05 1.8707429167391473e-05 9.468544052782581e-05 438.06247936885546 172.3218390363029 189.7135254405249 154.93015263208088 784.1606466473861 48.34347044376946 -86.15516834065126 [0.0,144.6204110592193,181.3006695979238,217.98092813662836,254.66118667533286,291.3414452140376,328.0217037527421,364.7019622914467,401.3822208301509,438.06247936885546,490.970324269478,543.8781691701004,596.7860140707224,649.6938589713448,702.6017038719672,755.5095487725894,808.4173936732116,861.3252385738338,914.2330834744562,967.140928375078] [-24.17173522188473,-2.7001816092491,-1.8408171516854424,-1.2248072768609433,-0.7799193568519485,-0.4621583039420756,-0.24267151631886463,-0.10148329747816831,-0.02417706332134628,0.0,-0.042474208765099775,-0.16010591772091232,-0.33936296348169037,-0.5700765841707067,-0.8444097319401607,-1.1561934651721515,-1.500484104646219,-1.8732584059133757,-2.2711980979679254,-2.691534055635003] False 60674.65603222185 60688.65603222185
3017.1020504598932 3477.2827010020824 4007.6519721450045 1.2662151226183971e-14 7.443325619864496e-15 9.708167418439672e-15 9.608667725688102e-12 3.332883694666554e-08 0.011236588703264716 5.902612836015107e-12 2.2871951035751346e-12 2.527849753332217e-12 2.0465404538180518e-12 1.0539992358979382e-11 7.137141349142844e-05 2.7655608119308072e-05 3.0565482609406454e-05 2.474573362920969e-05 0.00012744426472617262 608.0048459819202 235.59493826104 260.38382367930996 210.80605284277004 1085.6830032576224 49.85760235798915 -73.47584900391166 [0.0,209.57726924252125,259.380716334946,309.18416342737083,358.9876105197957,408.7910576122205,458.5945047046453,508.3979517970703,558.2013988894953,608.0048459819202,680.8025559383243,753.6002658947289,826.3979758511327,899.1956858075374,971.9933957639417,1044.791105720346,1117.5888156767503,1190.3865256331549,1263.184235589559,1335.9819455459628] [-24.928801178994576,-2.698808228545772,-1.8514407962056083,-1.2394743400090817,-0.7948845560256643,-0.47549948729691494,-0.2533427423182104,-0.10889272890221946,-0.027981895968238746,0.0,-0.037831449611388734,-0.15253403726765669,-0.3301770602182472,-0.5603068816553787,-0.8348776299505971,-1.147563910315327,-1.4933025743548995,-1.8679776117277953,-2.2681976474560486,-2.691135184182315] False 60674.65603222185 60688.65603222185
4007.6519721450045 4618.915317184078 5323.411028602609 6.779575896734986e-15 3.909903200937605e-15 5.148542075155218e-15 6.771543284365845e-12 3.11851990968366e-08 0.007872626646770686 6.526455826754916e-13 6.581243658204196e-13 8.253583789372991e-13 4.9089035270354e-13 2.379690114079414e-12 1.3923788022456957e-05 1.404067445692612e-05 1.7608508225506162e-05 1.0472840688346075e-05 5.076921009983026e-05 126.76318327568782 127.82732591353611 160.30914516949272 95.34550665757949 462.2065973905188 9.55699777160055 -12.819250859977519 [0.0,14.084798141743098,28.169596283486197,42.254394425229286,56.33919256697239,70.4239907087155,84.50878885045857,98.59358699220171,112.67838513394479,126.76318327568782,181.66246190231584,236.5617405289437,291.46101915557165,346.3602977821998,401.2595764088278,456.15885503545576,511.0581336620836,565.9574122887116,620.8566909153392,675.7559695419677] [-4.778498885800275,-1.2866843774325574,-0.7180097309887579,-0.42791230265265945,-0.25329810681245846,-0.14229868899282216,-0.07165833175613479,-0.02892393043637398,-0.0066430740643728114,0.0,-0.07279482436194229,-0.240925614349905,-0.4642290851484496,-0.7235571755616341,-1.0082712100457272,-1.3118444538963363,-1.6299829076060703,-1.959710366429782,-2.298878888433727,-2.6458873819057427] False 60674.65603222185 60688.65603222185
5323.411028602609 6135.359285332078 7071.149185711414 3.4938597735464054e-15 1.976846305497712e-15 2.6280836716631133e-15 4.593388904114625e-12 2.8086524691940443e-08 0.00534966393034908 2.2609271873532196e-12 1.0863392561665406e-12 1.2098212579107389e-12 9.628572544223424e-13 4.513379213540413e-12 8.510725361962865e-05 4.0892670541840146e-05 4.554085828476593e-05 3.624448279891436e-05 0.00016989547985312171 860.2949790873481 413.35794133186005 460.3435084489283 366.3723742147919 1717.3651136777698 39.679240178213526 -25.0297256976574 [0.0,204.43918847926338,286.421162305274,368.4031361312845,450.38510995729513,532.3670837833058,614.3490576093164,696.3310314353268,778.3130052613374,860.2949790873481,993.0673282277833,1125.8396773682184,1258.6120265086545,1391.3843756490892,1524.156724789524,1656.929073929959,1789.7014230703946,1922.473772210831,2055.2461213512647,2188.018470491701] [-19.839620089106763,-2.702225296869358,-1.765425088324406,-1.1420350771341283,-0.7124470166859069,-0.4154307204638137,-0.21516631752558268,-0.08878435565389609,-0.02074820282904355,0.0,-0.046615797269073056,-0.17179616840549272,-0.35878474925069526,-0.5956964345488771,-0.8737886645375958,-1.1864394141922183,-1.5285105655237743,-1.895934115179628,-2.2854335493772204,-2.694330550073893] False 60674.65603222185 60688.65603222185
