data/PKS2155-304_allsed_14d_min11.ecsv
# %ECSV 1.0
# ---
# datatype:
# - {name: e_min, unit: MeV, datatype: float64}
# - {name: e_ref, unit: MeV, datatype: float64}
# - {name: e_max, unit: MeV, datatype: float64}
# - {name: ref_dnde_e_min, unit: ph / (cm2 MeV s), datatype: float64}
# - {name: ref_dnde_e_max, unit: ph / (cm2 MeV s), datatype: float64}
# - {name: ref_dnde, unit: ph / (cm2 MeV s), datatype: float64}
# - {name: ref_flux, unit: ph / (cm2 s), datatype: float64}
# - {name: ref_eflux, unit: MeV / (cm2 s), datatype: float64}
# - {name: ref_npred, datatype: float64}
# - {name: dnde, unit: ph / (cm2 MeV s), datatype: float64}
# - {name: dnde_err, unit: ph / (cm2 MeV s), datatype: float64}
# - {name: dnde_errp, unit: ph / (cm2 MeV s), datatype: float64}
# - {name: dnde_errn, unit: ph / (cm2 MeV s), datatype: float64}
# - {name: dnde_ul, unit: ph / (cm2 MeV s), datatype: float64}
# - {name: e2dnde, unit: MeV / (cm2 s), datatype: float64}
# - {name: e2dnde_err, unit: MeV / (cm2 s), datatype: float64}
# - {name: e2dnde_errp, unit: MeV / (cm2 s), datatype: float64}
# - {name: e2dnde_errn, unit: MeV / (cm2 s), datatype: float64}
# - {name: e2dnde_ul, unit: MeV / (cm2 s), datatype: float64}
# - {name: norm, datatype: float64}
# - {name: norm_err, datatype: float64}
# - {name: norm_errp, datatype: float64}
# - {name: norm_errn, datatype: float64}
# - {name: norm_ul, datatype: float64}
# - {name: ts, datatype: float64}
# - {name: loglike, datatype: float64}
# - {name: norm_scan, datatype: string, subtype: 'float64[20]'}
# - {name: dloglike_scan, datatype: string, subtype: 'float64[20]'}
# - {name: ShowUL, datatype: bool}
# - {name: tstart, datatype: float64}
# - {name: tend, datatype: float64}
# meta: !!omap
# - {UL_CONF: 0.95}
# - {EXTNAME: SED}
# - {CONFIG: '{"bin_index": 2.0, "use_local_index": true, "free_background": false, "free_radius": null, "free_pars": [], "ul_confidence":
#     0.95, "cov_scale": 3.0, "make_plots": false, "write_fits": true, "write_npy": true, "optimizer": {"optimizer": "MINUIT", "tol":
#     0.001, "max_iter": 100, "init_lambda": 0.0001, "retries": 3, "min_fit_quality": 2, "verbosity": 0}, "prefix": "", "outfile": null,
#     "loge_bins": []}'}
# - {SRCNAME: 4FGL J2158.8-3013}
# - {CREATOR: fermipy 1.2.0}
# - {STVER: 2.2.0}
# schema: astropy-2.0
e_min e_ref e_max ref_dnde_e_min ref_dnde_e_max ref_dnde ref_flux ref_eflux ref_npred dnde dnde_err dnde_errp dnde_errn dnde_ul e2dnde e2dnde_err e2dnde_errp e2dnde_errn e2dnde_ul norm norm_err norm_errp norm_errn norm_ul ts loglike norm_scan dloglike_scan ShowUL tstart tend
[from data line 966]
100.0 115.25240587974294 132.83117061068992 4.732509910281557e-12 2.9413909115360203e-12 3.730973283053136e-12 1.2226878117047812e-10 1.4075210571078084e-08 0.06033259034508318 1.9363757849141023e-09 6.556877612674281e-10 6.86762109590036e-10 6.246134129448202e-10 3.0973172249563217e-09 2.5721106225233396e-05 8.709577288425516e-06 9.122341494791148e-06 8.296813082059882e-06 4.114202727436023e-05 519.0001744878547 175.7417465961763 184.0704978267879 167.41299536556468 830.1633354023164 11.348187060655391 -828.2977671882458 [0.0,143.19689049224473,190.17230099169606,237.1477114911473,284.12312199059846,331.09853249005005,378.073942989501,425.0493534889526,472.0247639884036,519.0001744878547,563.9713729071949,608.9425713265344,653.9137697458744,698.8849681652141,743.8561665845541,788.8273650038938,833.7985634232346,878.769761842574,923.7409602619136,968.7121586812536] [-5.674093530327696,-2.712519443013548,-2.0208043970457084,-1.4464253647103078,-0.9796752321459508,-0.6121510708935602,-0.3365168829155891,-0.14631963771853407,-0.03584458502984944,0.0,-0.031389322785912555,-0.12338243039096142,-0.2727000652806737,-0.47635261316725064,-0.7316048682549763,-1.0359461871138365,-1.387065050143633,-1.7828272548007362,-2.2212571218506127,-2.700521217303617] False 56516.65603222185 56530.65603222185
549.2752115212968 633.0528961793416 729.6086933380817 2.9272281237218913e-13 1.7596530043679455e-13 2.2695606981038337e-13 4.087678275773307e-11 2.5826366478267062e-08 0.06206585229538786 4.1592033324796816e-11 1.526206985983757e-11 1.6479692103325907e-11 1.4044447616349234e-11 7.060748824491041e-11 1.6668255632776137e-05 6.116365601135304e-06 6.604334983640052e-06 5.6283962186305565e-06 2.8296372395738173e-05 183.26028186664485 67.2468018704619 72.61181477584765 61.88178896507615 311.1064106102179 19.795815818932965 -342.4660298563746 [0.0,57.31554097328669,73.05863358495645,88.80172619662622,104.54481880829601,120.28791141996578,136.03100403163555,151.77409664330534,167.51718925497514,183.26028186664485,202.56272248108664,221.8651630955284,241.16760370997002,260.47004432441184,279.77248493885355,299.0749255532954,318.377366167737,337.67980678217856,356.9822473966203,376.28468801106214] [-9.897907909466483,-2.699102321260284,-1.8834639206983184,-1.2728718290451866,-0.8176847342847964,-0.4850012982510066,-0.25178079098776607,-0.10119756737429952,-0.020552193743640146,0.0,-0.04548994419383234,-0.15829720901854216,-0.32946180386500146,-0.5517920176091025,-0.819417977177693,-1.1274792841193175,-1.4719008314243638,-1.8492283217692602,-2.2565052381778514,-2.691179240392728] False 56516.65603222185 56530.65603222185
729.6086933380817 840.8915725798939 969.1477682383326 1.7705523845718714e-13 1.0584347490765609e-13 1.368946371809809e-13 3.2754212293955076e-11 2.748505752079827e-08 0.05409711405279227 3.747176076283077e-11 1.1243775980975607e-11 1.2101834938119213e-11 1.0385717023832001e-11 5.873227117151739e-11 2.6496230955238124e-05 7.950458669035942e-06 8.55719098795701e-06 7.343726350114876e-06 4.152950888365562e-05 273.72701761349055 82.1345248617068 88.40254948862635 75.86650023478724 429.03266615090746 40.571680680049894 -314.61301728721037 [0.0,118.78004546501866,138.14841698357765,157.51678850213668,176.88516002069562,196.2535315392545,215.62190305781363,234.99027457637266,254.3586460949317,273.72701761349055,296.8988517964716,320.0706859794525,343.24252016243344,366.41435434541455,389.5861885283953,412.7580227113764,435.92985689435756,459.10169107733833,482.27352526031945,505.4453594433004] [-20.285840340024947,-2.6968481100314534,-1.924956693146214,-1.3273733271540777,-0.8699601045949521,-0.5279623544050196,-0.282822374290447,-0.12024811376636535,-0.02898447183861208,0.0,-0.03693108494826447,-0.1422627358886075,-0.30768128098878833,-0.5263531085781779,-0.792588449827349,-1.101596126735501,-1.449301130789081,-1.8322065798570861,-2.247287645687777,-2.691908922625828] False 56516.65603222185 56530.65603222185
969.1477682383326 1116.9661194245136 1287.3303254983532 1.0590846595602157e-13 6.296088576080216e-14 8.16583787872308e-14 2.59554411093828e-11 2.8926826830626232e-08 0.04568993479170369 1.4863508517802497e-11 5.9653942238700005e-12 6.693076311586201e-12 5.237712136153799e-12 2.655001568441524e-11 1.854391108897752e-05 7.442505244683659e-06 8.350371104180326e-06 6.5346393851869945e-06 3.312415300015216e-05 182.0206173395982 73.05305729144392 81.96435455846719 64.14176002442065 325.13522897134663 22.675716808555194 -210.51044116180913 [0.0,54.13432168258418,70.12010863971095,86.10589559683773,102.09168255396442,118.07746951109122,134.06325646821796,150.0490434253447,166.03483038247143,182.0206173395982,203.6013662394315,225.182115139265,246.76286403909825,268.3436129389316,289.92436183876504,311.5051107385984,333.08585963843154,354.6666085382649,376.2473574380985,397.82810633793196] [-11.337858404277597,-2.698162630772231,-1.8627164902396203,-1.2531123963209438,-0.8058550427113573,-0.48189160465187797,-0.2552757840143727,-0.10778261145497936,-0.02606042662412733,0.0,-0.03944880462296396,-0.1513266523868424,-0.32437345119029715,-0.5498453412717197,-0.8208031764073667,-1.131638919672298,-1.4777496981274112,-1.8553070580657334,-2.261089616999925,-2.6923591244552085] False 56516.65603222185 56530.65603222185
1287.3303254983532 1483.6791717563765 1709.9759409858673 6.26501708799301e-14 3.703797671766149e-14 4.817089962216161e-14 2.0340445954363182e-11 3.01075728611136e-08 0.03741569770312336 9.834332723757031e-12 3.795067777173798e-12 4.169412853596656e-12 3.4207227007509394e-12 1.740911849380064e-11 2.1648354828274947e-05 8.354097440606468e-06 9.178144711555806e-06 7.5300501696571325e-06 3.832276016967016e-05 204.15505628698338 78.78341087547035 86.55459803118285 71.01222371975786 361.4032253985841 38.58599264072211 -123.0797038959135 [0.0,67.79799005831806,84.84262333690123,101.88725661548442,118.93188989406757,135.97652317265073,153.0211564512339,170.06578972981706,187.1104230084002,204.15505628698338,228.08654137776026,252.01802646853696,275.94951155931386,299.8809966500906,323.8124817408671,347.74396683164423,371.6754519224208,395.60693701319786,419.5384221039744,443.4699071947513] [-19.292996320361055,-2.69724424216696,-1.8497432623656493,-1.2370017252895735,-0.7913012009545639,-0.4709715256897198,-0.24845159028565433,-0.10451608374577859,-0.025194498117642183,0.0,-0.040841604749417115,-0.1557505287939449,-0.33216919998903904,-0.5605347498882054,-0.8333894213855189,-1.1448000702506533,-1.4899658309401786,-1.8649449677146919,-2.266459806264095,-2.6917543214158854] False 56516.65603222185 56530.65603222185
1709.9759409858673 1970.7884119509856 2271.3810595726877 3.665080582149896e-14 2.1547325131339868e-14 2.8102078737371733e-14 1.5763887554194448e-11 3.098999463999189e-08 0.029671428875130412 2.5780549677232222e-12 1.7637494633499702e-12 2.0340121001895202e-12 1.4934868265104204e-12 6.532563432672638e-12 1.0013183449965607e-05 6.850415199602403e-06 7.900117163380076e-06 5.800713235824732e-06 2.537252186971629e-05 91.73894187033139 62.76224189082627 72.379417878599 53.14506590305354 232.4583705612235 12.571919751065622 -119.96075545496291 [0.0,8.883822194958237,19.24071215437988,29.59760211380151,39.95449207322316,50.31138203264481,60.66827199206644,71.02516195148806,81.38205191090974,91.73894187033139,113.9553789811067,136.17181609188205,158.3882532026574,180.60469031343268,202.82112742420802,225.03756453498337,247.2540016457587,269.4704387565341,291.68687586730954,313.9033129780848] [-6.285959875532811,-2.6828531377031055,-1.5106551062327185,-0.9074877823176166,-0.5409211985279683,-0.3057547476620073,-0.1548168083366761,-0.0627917479206701,-0.014475861612226026,0.0,-0.05400554122837775,-0.19247934127373867,-0.391678694765659,-0.6369428924929821,-0.9185348099732664,-1.229629606520632,-1.565241347483152,-1.9216058484616667,-2.2958044270001494,-2.685523409147649] False 56516.65603222185 56530.65603222185
2271.3810595726877 2617.821317854317 3017.1020504598932 2.120383816940963e-14 1.2396787616626503e-14 1.6212941696172546e-14 1.2081948712590703e-11 3.154554690163478e-08 0.022988117245980377 5.573898664462124e-12 2.0051456290392684e-12 2.203095980442189e-12 1.8071952776363485e-12 9.5755192174591e-12 3.819786318136168e-05 1.3741239840810502e-05 1.5097791313086124e-05 1.2384688368534881e-05 6.56209226211862e-05 343.79317269598135 123.67562078587079 135.88502455185431 111.46621701988728 590.609612795908 60.634283980711075 -90.49854480898364 [0.0,128.87353904205648,155.73849324879708,182.6034474555377,209.46840166227813,236.33335586901896,263.1983100757593,290.0632642825,316.9282184892406,343.79317269598135,381.2863047717207,418.77943684746043,456.2725689232004,493.76570099893996,531.2588330746796,568.7519651504197,606.2450972261593,643.7382293018989,681.2313613776386,718.7244934533784] [-30.317141990355537,-2.6995476920944697,-1.8683505852862936,-1.2579324089589932,-0.809348682961371,-0.484547684361857,-0.2575192604358847,-0.10968972564695889,-0.02732926069265318,0.0,-0.03881065649490267,-0.15234778462905751,-0.32800192543908224,-0.5561122785370003,-0.8291130010746031,-1.140967827866433,-1.486783485325077,-1.8625380489409906,-2.264885514686739,-2.6910122765177675] False 56516.65603222185 56530.65603222185
3017.1020504598932 3477.2827010020824 4007.6519721450045 1.2131517238041865e-14 7.053337127723858e-15 9.25028004715006e-15 9.157595336092677e-12 3.1755973138992844e-08 0.01753356453960586 1.4589571624810759e-12 9.56760496419934e-13 1.0982507619744046e-12 8.152702308654633e-13 3.588645659472406e-12 1.7640973210097143e-05 1.1568664742096036e-05 1.3279493578147159e-05 9.857835906044913e-06 4.3392090986156876e-05 157.7203236058317 103.43043578607164 118.72621762546176 88.13465394668151 387.94994758867216 17.593595682409813 -86.47081371263856 [0.0,18.100548873006378,35.55302071460955,53.005492556212744,70.4579643978159,87.91043623941908,105.36290808102218,122.81537992262543,140.2678517642286,157.7203236058317,194.01365192940864,230.3069802529854,266.6003085765621,302.89363690013914,339.1869652237159,375.48029354729283,411.77362187086953,448.0669501944465,484.3602785180235,520.6536068416001] [-8.796797841204906,-2.7005553815418892,-1.5580315634088464,-0.9488472806381623,-0.5715584690778996,-0.3263363536263455,-0.1672477224149702,-0.06916849575530648,-0.01677710582507075,0.0,-0.05092383142637402,-0.18710679539863406,-0.385157708256898,-0.6303366547218445,-0.9127170799359732,-1.2252754505754382,-1.5628485786418622,-1.9215232696469542,-2.2982588090026184,-2.6906428243024294] False 56516.65603222185 56530.65603222185
5323.411028602609 6135.359285332078 7071.149185711414 3.8408332573729346e-15 2.208384353924585e-15 2.912393529661741e-15 5.088417924243652e-12 3.112523007108521e-08 0.009714016661862113 8.03458191715052e-13 5.327846686212783e-13 6.125312271726189e-13 4.5303811006993786e-13 1.9904494277443308e-12 3.024428229159875e-05 2.005541804735571e-05 2.3057288528583722e-05 1.7053547566127698e-05 7.492575842851158e-05 275.8755585507601 182.93704583362347 210.31883944741531 155.55525221983166 683.4410966348737 18.612353534486317 -74.35012722543246 [0.0,30.87558693395525,61.50058338605586,92.12557983815647,122.75057629025706,153.37557274235758,184.00056919445825,214.62556564655887,245.2505620986594,275.8755585507601,340.17764734110983,404.4797361314598,468.78182492180963,533.0839137121594,597.3860025025092,661.6880912928593,725.9901800832092,790.2922688735589,854.5943576639086,918.8964464542589] [-9.306176767243159,-2.6928075449478683,-1.5309606179122426,-0.9243643659027327,-0.5528356379282826,-0.3132497867912889,-0.15890376067235934,-0.06454146705452501,-0.014896013835908661,0.0,-0.0535057506613299,-0.1912265578930743,-0.3899010104501315,-0.6349708172599406,-0.9166716610933747,-1.2281103314387565,-1.5642245663217977,-1.9211782963268575,-2.295989506343389,-2.686290494206176] False 56516.65603222185 56530.65603222185
7071.149185711414 8149.575733880153 9392.473966813408 2.1253762497185507e-15 1.2153172463857936e-15 1.6071734229204132e-15 3.730007952240137e-12 3.030244654687605e-08 0.0072126947487552995 3.706706059084223e-13 3.11432930959709e-13 3.702760570111172e-13 2.5258980490830086e-13 1.107987033955405e-12 2.4618305001104258e-05 2.0684000186538004e-05 2.4592100805419785e-05 1.6775899567656226e-05 7.358760663617878e-05 230.63510173959486 193.77680499083957 230.3896093168865 157.16400066479264 689.401042945365 12.634058696009177 -47.61425453001002 [0.0,7.37153885993789,35.279484219895025,63.18742957985212,91.09537493980923,119.00332029976636,146.91126565972348,174.81921101968058,202.7271563796377,230.63510173959486,302.09559831300686,373.55609488641926,445.01659145983126,516.4770880332433,587.9375846066552,659.3980811800676,730.8585777534798,802.3190743268917,873.7795709003042,945.2400674737162] [-6.3170293480045885,-2.7918081126396785,-1.263968521010888,-0.7267095213340227,-0.42559722882266016,-0.2384409312378537,-0.12016791738314225,-0.048668344369616534,-0.011279486033529906,0.0,-0.05668612918297811,-0.19849322174400186,-0.39782837662357196,-0.6388031084311052,-0.9113792497716346,-1.2087899352503229,-1.5262484541187433,-1.8602400459065436,-2.2081057244179974,-2.5677841183782917] False 56516.65603222185 56530.65603222185
9392.473966813408 10825.05221838098 12476.13311942254 1.163150627004467e-15 6.613860774124072e-16 8.7709271495906465e-16 2.704449185227389e-12 2.917994455554819e-08 0.0052578410426668 1.6595641817124328e-13 1.6781946850350844e-13 2.104165423687305e-13 1.2522239463828635e-13 6.07476975258912e-13 1.9447064422889107e-05 1.9665379931465946e-05 2.4656979827462506e-05 1.4673780035469385e-05 7.118521840530376e-05 189.2119445764508 191.33606475267652 239.90228031770963 142.7698491876434 692.6029197349609 11.890421743257619 -22.08687943413371 [0.0,21.02354939738342,42.04709879476684,63.07064819215028,84.09419758953368,105.11774698691711,126.14129638430056,147.164845781684,168.18839517906736,189.2119445764508,271.83151505777084,354.45108553909125,437.07065602041143,519.6902265017316,602.309796983052,684.9293674643718,767.5489379456919,850.1685084270125,932.7880789083324,1015.4076493896532] [-5.9452108716288095,-1.3064837870395891,-0.7280523796945886,-0.4344145073199073,-0.25783519524229703,-0.14550424730194678,-0.07385011983469525,-0.03028388241245139,-0.007285055775557936,0.0,-0.07174540391703843,-0.2402804876504625,-0.4646197880845868,-0.7253147334453836,-1.0115907052521464,-1.3168505069627123,-1.6367599695087414,-1.968318311942216,-2.309361712367693,-2.658278361519532] False 56516.65603222185 56530.65603222185
