data/PKS2155-304_allsed_14d_min11.ecsv
# %ECSV 1.0
# ---
# datatype:
# - {name: e_min, unit: MeV, datatype: float64}
# - {name: e_ref, unit: MeV, datatype: float64}
# - {name: e_max, unit: MeV, datatype: float64}
# - {name: ref_dnde_e_min, unit: ph / (cm2 MeV s), datatype: float64}
# - {name: ref_dnde_e_max, unit: ph / (cm2 MeV s), datatype: float64}
# - {name: ref_dnde, unit: ph / (cm2 MeV s), datatype: float64}
# - {name: ref_flux, unit: ph / (cm2 s), datatype: float64}
# - {name: ref_eflux, unit: MeV / (cm2 s), datatype: float64}
# - {name: ref_npred, datatype: float64}
# - {name: dnde, unit: ph / (cm2 MeV s), datatype: float64}
# - {name: dnde_err, unit: ph / (cm2 MeV s), datatype: float64}
# - {name: dnde_errp, unit: ph / (cm2 MeV s), datatype: float64}
# - {name: dnde_errn, unit: ph / (cm2 MeV s), datatype: float64}
# - {name: dnde_ul, unit: ph / (cm2 MeV s), datatype: float64}
# - {name: e2dnde, unit: MeV / (cm2 s), datatype: float64}
# - {name: e2dnde_err, unit: MeV / (cm2 s), datatype: float64}
# - {name: e2dnde_errp, unit: MeV / (cm2 s), datatype: float64}
# - {name: e2dnde_errn, unit: MeV / (cm2 s), datatype: float64}
# - {name: e2dnde_ul, unit: MeV / (cm2 s), datatype: float64}
# - {name: norm, datatype: float64}
# - {name: norm_err, datatype: float64}
# - {name: norm_errp, datatype: float64}
# - {name: norm_errn, datatype: float64}
# - {name: norm_ul, datatype: float64}
# - {name: ts, datatype: float64}
# - {name: loglike, datatype: float64}
# - {name: norm_scan, datatype: string, subtype: 'float64[20]'}
# - {name: dloglike_scan, datatype: string, subtype: 'float64[20]'}
# - {name: ShowUL, datatype: bool}
# - {name: tstart, datatype: float64}
# - {name: tend, datatype: float64}
# meta: !!omap
# - {UL_CONF: 0.95}
# - {EXTNAME: SED}
# - {CONFIG: '{"bin_index": 2.0, "use_local_index": true, "free_background": false, "free_radius": null, "free_pars": [], "ul_confidence":
#     0.95, "cov_scale": 3.0, "make_plots": false, "write_fits": true, "write_npy": true, "optimizer": {"optimizer": "MINUIT", "tol":
#     0.001, "max_iter": 100, "init_lambda": 0.0001, "retries": 3, "min_fit_quality": 2, "verbosity": 0}, "prefix": "", "outfile": null,
#     "loge_bins": []}'}
# - {SRCNAME: 4FGL J2158.8-3013}
# - {CREATOR: fermipy 1.2.0}
# - {STVER: 2.2.0}
# schema: astropy-2.0
e_min e_ref e_max ref_dnde_e_min ref_dnde_e_max ref_dnde ref_flux ref_eflux ref_npred dnde dnde_err dnde_errp dnde_errn dnde_ul e2dnde e2dnde_err e2dnde_errp e2dnde_errn e2dnde_ul norm norm_err norm_errp norm_errn norm_ul ts loglike norm_scan dloglike_scan ShowUL tstart tend
[from data line 2414]
2271.3810595726877 2617.821317854317 3017.1020504598932 2.225711818841347e-14 1.323274215163687e-14 1.7161663847826153e-14 1.2784573673228518e-11 3.339331973593624e-08 0.028296323323748873 2.2414069895655355e-12 1.2501380419726726e-12 1.4128700759828708e-12 1.087406007962474e-12 4.93062288918184e-12 1.5360336216201027e-05 8.567181565310287e-06 9.68238231518723e-06 7.4519808154333416e-06 3.3789501721777843e-05 130.60545932144288 72.84480415522333 82.32710350877997 63.362504801666674 287.30447891894795 22.3973794774746 -103.63594711714995 [0.0,23.607044158620162,36.981846053972994,50.35664794932583,63.73144984467869,77.10625174003152,90.48105363538446,103.85585553073722,117.23065742609005,130.60545932144288,155.02593140842927,179.44640349541567,203.8668755824022,228.28734766938862,252.707819756375,277.12829184336164,301.548763930348,325.96923601733437,350.3897081043208,374.8101801913071] [-11.1986897387373,-2.69124779025384,-1.6855059029652182,-1.0662108362162996,-0.657198374110564,-0.3814856434965037,-0.19828645757215213,-0.08328669474647654,-0.020778032470815333,0.0,-0.045729657716080396,-0.17420136788740592,-0.36536225904994524,-0.6057673423356391,-0.8859431582054782,-1.1989525178777853,-1.539556712200664,-1.9036988021584023,-2.2881703949988434,-2.69038866338704] False 59890.65603222185 59904.65603222185
3017.1020504598932 3477.2827010020824 4007.6519721450045 1.3213806613534088e-14 7.853241928231995e-15 1.0186815995636466e-14 1.0080184151634634e-11 3.4973414179676504e-08 0.022479782561876993 1.343889207643408e-12 8.008857712084582e-13 9.13465413347888e-13 6.883061290690286e-13 3.115400502075937e-12 1.6249629611509274e-05 9.683906284273553e-06 1.1045162462355314e-05 8.32265010619179e-06 3.766984953991592e-05 131.9243626486494 78.6198328851251 89.67133731866483 67.56832845158539 305.82671792740956 19.42020104416723 -48.91256629129347 [0.0,21.05905954579601,34.91722243365268,48.77538532150939,62.63354820936603,76.49171109722276,90.34987398507943,104.20803687293608,118.06619976079271,131.9243626486494,159.33175233765218,186.73914202665492,214.1465317156576,241.55392140466026,268.961311093663,296.368700782666,323.7760904716686,351.18348016067125,378.5908698496742,405.99825953867696] [-9.710100522083614,-2.7009480915748227,-1.65484277120283,-1.0331470735711363,-0.6311868999682133,-0.3641953464399563,-0.18868226404151756,-0.0793166695209564,-0.020033793745191986,0.0,-0.04801995945075532,-0.18235751115756926,-0.37974514003821014,-0.6252322885964432,-0.9086389098107901,-1.2227188043175872,-1.5621298888950932,-1.9228200824516577,-2.301642442042869,-2.696103941743381] False 59890.65603222185 59904.65603222185
4007.6519721450045 4618.915317184078 5323.411028602609 7.839117698349394e-15 4.657236871564976e-15 6.042237001747815e-15 7.942018804572457e-12 3.660131554916079e-08 0.017725419362635053 7.367177736131414e-13 5.21386657559258e-13 6.081867574148413e-13 4.345865577036747e-13 1.94703217382907e-12 1.57174159826747e-05 1.1123460405311776e-05 1.2975286607463779e-05 9.271634203159769e-06 4.153872175180139e-05 121.92798352663648 86.29033541856079 100.65589238537207 71.92477845174949 322.2369750252861 19.712978522545228 -67.95423574034193 [0.0,13.181791607919942,26.775065597759493,40.368339587599095,53.961613577438655,67.55488756727823,81.14816155711779,94.74143554695736,108.33470953679695,121.92798352663648,153.780359249046,185.63273497145556,217.48511069386507,249.3374864162746,281.18986213868425,313.0422378610937,344.89461358350326,376.74698930591296,408.59936502832215,440.451740750732] [-9.856489261272614,-2.6425340549978102,-1.469727812464697,-0.8765609951265958,-0.520199825447591,-0.293544945591691,-0.14895637604014667,-0.06104024198181435,-0.014645054906452515,0.0,-0.05577020374063579,-0.19990130147932916,-0.40457708695943495,-0.6534276408651465,-0.9359941693066247,-1.2451822035466051,-1.5759543931804814,-1.9246026415931823,-2.2883163725011286,-2.66491314325998] False 59890.65603222185 59904.65603222185
5323.411028602609 6135.359285332078 7071.149185711414 4.647149537873881e-15 2.7598653986942167e-15 3.581271731122329e-15 6.252786279472786e-12 3.827679696461395e-08 0.01401304531504688 1.2801651443920798e-12 5.744139731322436e-13 6.388653581283877e-13 5.099625881360995e-13 2.46794504266956e-12 4.818878742677707e-05 2.1622454702424233e-05 2.404857457027569e-05 1.9196334834572775e-05 9.289995088770163e-05 357.46104750082475 160.3938534293316 178.39064055834004 142.3970663003232 689.125324175313 45.91634999271341 -51.933323908255716 [0.0,100.02437498294476,132.2039590476798,164.38354311241474,196.5631271771497,228.74271124188485,260.92229530661973,293.10187937135476,325.2814634360896,357.46104750082475,408.8053463578484,460.1496452148719,511.49394407189527,562.8382429289186,614.1825417859421,665.5268406429657,716.8711394999892,768.2154383570129,819.5597372140362,870.9040360710601] [-22.958174996356703,-2.6947754779228816,-1.7805399032870923,-1.158623211847626,-0.725319623324971,-0.423898834777539,-0.21991678128573255,-0.09088070700214246,-0.021288144919104468,0.0,-0.04626565505243718,-0.17091170251831045,-0.35742275396505363,-0.5940108345543891,-0.8719671691612092,-1.184675063915627,-1.5269891744421926,-1.8948291850174925,-2.284904737795813,-2.6945238081333045] False 59890.65603222185 59904.65603222185
7071.149185711414 8149.575733880153 9392.473966813408 2.7528742823085807e-15 1.6343539518725251e-15 2.1211249284988564e-15 4.918869816654662e-12 3.9996198133013944e-08 0.0111391122693425 1.894301627709822e-13 1.9170805422131073e-13 2.4041453853539594e-13 1.4300156990722552e-13 6.936335508879693e-13 1.2581115009311028e-05 1.2732402501736177e-05 1.5967272133324638e-05 9.497532870147715e-06 4.6068077809703125e-05 89.30646197489367 90.38036923029547 113.34294142945176 67.41779703113919 327.0121158676219 10.4737641071248 -31.381892428617395 [0.0,9.922940219432633,19.845880438865265,29.76882065829789,39.69176087773053,49.61470109716316,59.53764131659578,69.46058153602839,79.38352175546106,89.30646197489367,128.23757172615967,167.1686814774256,206.0997912286917,245.03090097995755,283.9620107312237,322.8931204824897,361.8242302337556,400.75533998502175,439.6864497362875,478.61755948755354] [-5.2368820535624,-1.2991464541948865,-0.7250707038517596,-0.4328498244494732,-0.25694557686265895,-0.1449917517405943,-0.07356545278866733,-0.030141615991581716,-0.00723174807587057,0.0,-0.07155250889861975,-0.23951886593590999,-0.46312660666100314,-0.7230048224421886,-1.0084139760332143,-1.3127750360954629,-1.6317641818422963,-1.9623869599912744,-2.3024836354494873,-2.650445156149278] False 59890.65603222185 59904.65603222185
29240.177187505025 33700.007692099294 38840.06964680279 1.986125605925127e-16 1.1769246237965347e-16 1.5288950688540031e-16 1.4663006387615305e-12 4.930061586338124e-08 0.003333319817645508 7.598834185124963e-14 6.322967157473596e-14 7.501725149350052e-14 5.144209165597138e-14 2.2537346171820502e-13 8.629923935301547e-05 7.180933849198028e-05 8.519638124116395e-05 5.84222957427966e-05 0.00025595450358306763 497.01476183193745 413.56449414236334 490.66317906127045 336.4658092234561 1474.0937184599313 16.728663836674826 -22.434798271241956 [0.0,15.633496216160616,75.80615441813273,135.97881262010495,196.15147082207702,256.32412902404917,316.49678722602135,376.66944542799365,436.8421036299655,497.01476183193745,649.6980968653968,802.3814318988565,955.0647669323151,1107.7481019657741,1260.4314369992335,1413.1147720326924,1565.7981070661515,1718.481442099611,1871.164777133071,2023.84811216653] [-8.364331918337413,-2.861168155191418,-1.2888090823129446,-0.7406120598022738,-0.4334584547444926,-0.24261047959451432,-0.12208423848588623,-0.04930590145363212,-0.011337503809418337,0.0,-0.057195519789058125,-0.19975496214779298,-0.4000540917074993,-0.6421510453972274,-0.9159629608763424,-1.2146893051499568,-1.5335185228608914,-1.8689174674565514,-2.218213405388912,-2.579334558506588] False 59890.65603222185 59904.65603222185
51591.719177855455 59460.697587199145 68529.88452212527 6.903177586171016e-17 4.087626523946502e-17 5.31202520708869e-17 8.989009819506993e-13 5.3325337720255826e-08 0.0020479323674620353 2.5472171950630088e-14 2.6028424026478047e-14 3.263058718951663e-14 1.942626086343947e-14 9.431702480214825e-14 9.005876307434825e-05 9.20254337613042e-05 0.00011536787386537916 6.868299365722926e-05 0.0003334648732348866 479.51903384491607 489.9905970277425 614.2777173943449 365.7034766611402 1775.5379751640837 16.530741472533705 -2.846702877804142 [0.0,53.27989264943514,106.55978529887028,159.83967794830536,213.11957059774056,266.3994632471756,319.67935589661073,372.95924854604584,426.2391411954811,479.51903384491607,692.8763072933772,906.2335807418383,1119.5908541902993,1332.9481276387605,1546.3054010872213,1759.6626745356823,1973.0199479841428,2186.3772214326036,2399.7344948810655,2613.091768329527] [-8.265370736266853,-1.3235450406782654,-0.7399448679963747,-0.44373788205827136,-0.26524168686880145,-0.15125511109514722,-0.07807607793659521,-0.0330596631295732,-0.008657373722946282,0.0,-0.06890303368372797,-0.23741440764032617,-0.46294389044090023,-0.7254619464782595,-1.0139326490878116,-1.3216238836193055,-1.6441247805848516,-1.9783877324903978,-2.32221871096736,-2.673985547670891] False 59890.65603222185 59904.65603222185
413.52331434760555 476.5900816815941 549.2752115212968 4.276777916349543e-13 2.6805339986946813e-13 3.3858600989470257e-13 4.5873881102104206e-11 2.1841660957029525e-08 0.03420604472996708 8.798810679378943e-11 4.0013367316698497e-11 4.3556239201853876e-11 3.647049543154312e-11 1.6579180173281748e-10 1.9985451923907204e-05 9.08856046528737e-06 9.89328167493082e-06 8.283839255643919e-06 3.7657635828835155e-05 259.86929235839665 118.17785185259817 128.6415797728899 107.7141239323064 489.6593388025021 9.709456481345569 -277.55771780893855 [0.0,44.31805728384208,71.26196166816135,98.20586605248067,125.14977043680004,152.09367482111935,179.03757920543865,205.98148358975794,232.92538797407724,259.86929235839665,294.4235340616838,328.9777757649711,363.5320174682585,398.086259171546,432.6405008748332,467.1947425781202,501.7489842814077,536.3032259846952,570.8574676879822,605.4117093912697] [-4.8547282406727845,-2.705537691708514,-1.883147860430256,-1.2753643870785822,-0.8245975282377458,-0.49513060933850284,-0.2629523411419541,-0.11098560024254311,-0.026567374569594904,0.0,-0.03857140847384244,-0.14730435017787613,-0.31644736232482273,-0.5382665248959029,-0.8065092129550635,-1.116037962007681,-1.4625727929126242,-1.8425051496615765,-2.252760549280481,-2.6906952269548583] False 59960.65603222185 59974.65603222185
1287.3303254983532 1483.6791717563765 1709.9759409858673 6.634220470669143e-14 4.1828090161189306e-14 5.2677962374825874e-14 2.221860855355885e-11 3.2937696933962194e-08 0.023234565080945346 9.263230370448499e-12 5.284175408042112e-12 5.93052295083021e-12 4.6378278652540145e-12 2.0393824707315102e-11 2.0391184999373458e-05 1.1632075853178793e-05 1.3054883209986918e-05 1.0209268496370672e-05 4.489300555217877e-05 175.8464062170195 100.31093022245203 112.58072035193851 88.04114009296558 387.1414874061463 13.274845048875278 -85.66203075285486 [0.0,25.02935640516465,43.8814876316465,62.73361885812836,81.58575008461021,100.43788131109206,119.29001253757393,138.14214376405582,156.99427499053763,175.8464062170195,208.6275222319792,241.40863824693886,274.1897542618983,306.97087027685797,339.75198629181756,372.53310230677704,405.31421832173686,438.0953343366966,470.87645035165605,503.6575663666161] [-6.637422524437639,-2.6861450987415054,-1.6785527011959545,-1.0611374943691345,-0.6529203395646874,-0.37735463523324597,-0.19429131096686092,-0.07985848495606263,-0.018625432806345543,0.0,-0.047576313968079376,-0.17436098784266107,-0.36257366717970285,-0.6000295502494879,-0.8779806722233445,-1.189914017942101,-1.530836893974083,-1.8968292260839092,-2.2847508738197604,-2.6920433854915586] False 59960.65603222185 59974.65603222185
1709.9759409858673 1970.7884119509856 2271.3810595726877 4.1946097536263475e-14 2.6486050155279785e-14 3.33314632616651e-14 1.8673801731547146e-11 3.6772607922909045e-08 0.019995055323671795 6.408416805728433e-12 3.4660125141847314e-12 3.897209899682365e-12 3.034815128687098e-12 1.3773163014521761e-11 2.4890335506023433e-05 1.346201674476253e-05 1.513679039318727e-05 1.1787243096337791e-05 5.349506107407946e-05 192.26329055582823 103.98620927545753 116.92285661411664 91.04956193679843 413.2180728579784 20.567720070354127 -48.67430842804262 [0.0,35.88163429385566,55.42934132660223,74.97704835934884,94.52475539209541,114.07246242484192,133.62016945758847,153.1678764903351,172.7155835230816,192.26329055582823,226.71508409530745,261.1668776347865,295.61867117426544,330.0704647137447,364.522258253224,398.9740517927031,433.4258453321822,467.87763887166085,502.3294324111404,536.7812259506198] [-10.283860035177064,-2.6951339357734128,-1.6981705422449096,-1.0756773608435282,-0.6618800861211227,-0.3822676500602782,-0.1966604572275088,-0.08080586322526528,-0.018889252029936188,0.0,-0.04864419373654982,-0.17797936490840982,-0.36903936272850046,-0.608924309022818,-0.8884472674411654,-1.2008254969057077,-1.5409037897511269,-1.9046691464046006,-2.288934459755808,-2.6911250024128606] False 59960.65603222185 59974.65603222185
2271.3810595726877 2617.821317854317 3017.1020504598932 2.6600403434990252e-14 1.682136976413359e-14 2.1153137404534133e-14 1.5741412809885713e-11 4.117662169896527e-08 0.01685722768119613 6.800453385771316e-12 3.0450010024166468e-12 3.3793966085853984e-12 2.710605396247895e-12 1.305550686136384e-11 4.660342852250031e-05 2.0867356706536804e-05 2.3158965934081863e-05 1.857574747899175e-05 8.946923775870763e-05 321.4867494934181 143.95032491794606 159.7586468596867 128.14200297620542 617.1900939179556 34.41970035613252 -63.4457220520551 [0.0,88.3098447160813,117.45695781324837,146.6040709104155,175.75118400758254,204.89829710474962,234.04541020191667,263.1925232990838,292.33963639625097,321.4867494934181,367.11871179875055,412.75067410408286,458.38263640941545,504.01459871474793,549.6465610200803,595.2785233254127,640.9104856307454,686.5424479360779,732.1744102414103,777.8063725467431] [-17.20985017806626,-2.6912587373362413,-1.7839787036052144,-1.1639031930875774,-0.7302243113580147,-0.4275603650479951,-0.2221610120707851,-0.0919135992201845,-0.021531580147517104,0.0,-0.045484020919907664,-0.1683916410449413,-0.35299988504694113,-0.5879861632511307,-0.8649198573004355,-1.1773504017569536,-1.5202292610089074,-1.8895289466545222,-2.2819835229804397,-2.6949068400820693] False 59960.65603222185 59974.65603222185
