data/PKS2155-304_allsed_14d_min11.ecsv
# %ECSV 1.0
# ---
# datatype:
# - {name: e_min, unit: MeV, datatype: float64}
# - {name: e_ref, unit: MeV, datatype: float64}
# - {name: e_max, unit: MeV, datatype: float64}
# - {name: ref_dnde_e_min, unit: ph / (cm2 MeV s), datatype: float64}
# - {name: ref_dnde_e_max, unit: ph / (cm2 MeV s), datatype: float64}
# - {name: ref_dnde, unit: ph / (cm2 MeV s), datatype: float64}
# - {name: ref_flux, unit: ph / (cm2 s), datatype: float64}
# - {name: ref_eflux, unit: MeV / (cm2 s), datatype: float64}
# - {name: ref_npred, datatype: float64}
# - {name: dnde, unit: ph / (cm2 MeV s), datatype: float64}
# - {name: dnde_err, unit: ph / (cm2 MeV s), datatype: float64}
# - {name: dnde_errp, unit: ph / (cm2 MeV s), datatype: float64}
# - {name: dnde_errn, unit: ph / (cm2 MeV s), datatype: float64}
# - {name: dnde_ul, unit: ph / (cm2 MeV s), datatype: float64}
# - {name: e2dnde, unit: MeV / (cm2 s), datatype: float64}
# - {name: e2dnde_err, unit: MeV / (cm2 s), datatype: float64}
# - {name: e2dnde_errp, unit: MeV / (cm2 s), datatype: float64}
# - {name: e2dnde_errn, unit: MeV / (cm2 s), datatype: float64}
# - {name: e2dnde_ul, unit: MeV / (cm2 s), datatype: float64}
# - {name: norm, datatype: float64}
# - {name: norm_err, datatype: float64}
# - {name: norm_errp, datatype: float64}
# - {name: norm_errn, datatype: float64}
# - {name: norm_ul, datatype: float64}
# - {name: ts, datatype: float64}
# - {name: loglike, datatype: float64}
# - {name: norm_scan, datatype: string, subtype: 'float64[20]'}
# - {name: dloglike_scan, datatype: string, subtype: 'float64[20]'}
# - {name: ShowUL, datatype: bool}
# - {name: tstart, datatype: float64}
# - {name: tend, datatype: float64}
# meta: !!omap
# - {UL_CONF: 0.95}
# - {EXTNAME: SED}
# - {CONFIG: '{"bin_index": 2.0, "use_local_index": true, "free_background": false, "free_radius": null, "free_pars": [], "ul_confidence":
#     0.95, "cov_scale": 3.0, "make_plots": false, "write_fits": true, "write_npy": true, "optimizer": {"optimizer": "MINUIT", "tol":
#     0.001, "max_iter": 100, "init_lambda": 0.0001, "retries": 3, "min_fit_quality": 2, "verbosity": 0}, "prefix": "", "outfile": null,
#     "loge_bins": []}'}
# - {SRCNAME: 4FGL J2158.8-3013}
# - {CREATOR: fermipy 1.2.0}
# - {STVER: 2.2.0}
# schema: astropy-2.0
e_min e_ref e_max ref_dnde_e_min ref_dnde_e_max ref_dnde ref_flux ref_eflux ref_npred dnde dnde_err dnde_errp dnde_errn dnde_ul e2dnde e2dnde_err e2dnde_errp e2dnde_errn e2dnde_ul norm norm_err norm_errp norm_errn norm_ul ts loglike norm_scan dloglike_scan ShowUL tstart tend
[from data line 2534]
969.1477682383326 1116.9661194245136 1287.3303254983532 1.060844063715676e-13 6.212421905881125e-14 8.118134576459792e-14 2.5811688565316328e-11 2.8756391437666035e-08 0.03385415406258108 1.5887310690466267e-11 6.49293505919131e-12 7.12643916265163e-12 5.859430955730991e-12 2.882697703181418e-11 1.982122030838824e-05 8.100672213423663e-06 8.891040366070802e-06 7.310304060776524e-06 3.5964920287945056e-05 195.70149448538095 79.98062853033893 87.78419593235387 72.177061128324 355.09360876332295 30.48723774842972 -194.1843585965341 [0.0,58.78001537223013,75.89520026137397,93.01038515051783,110.12557003966168,127.24075492880553,144.3559398179494,161.47112470709322,178.58630959623707,195.70149448538095,220.16940568159004,244.63731687779926,269.10522807400844,293.5731392702176,318.0410504664269,342.5089616626358,366.9768728588451,391.4447840550542,415.9126952512637,440.38060644747253] [-15.24361887421486,-2.700958362792335,-1.8234550828253475,-1.202547388746325,-0.7584458085682115,-0.44397743825348357,-0.22882989441501422,-0.09232126719237499,-0.019685791688203835,0.0,-0.04770845283334779,-0.16878591091526118,-0.3500242206673647,-0.5815145984284129,-0.8556281161761206,-1.166363044009671,-1.5089108845381247,-1.8793584761247644,-2.2744778700105996,-2.69157460392708] False 60212.65603222185 60226.65603222185
1709.9759409858673 1970.7884119509856 2271.3810595726877 3.5815388929832005e-14 2.0800803123618976e-14 2.7294483946857773e-14 1.5314808409791434e-11 3.009847253535286e-08 0.021452557495653335 7.54227739526527e-12 3.2524675622717284e-12 3.595109221953225e-12 2.909825902590231e-12 1.414503264417151e-11 2.9294257932761004e-05 1.2632606664260108e-05 1.3963429256852655e-05 1.130178407166756e-05 5.4939405305592165e-05 276.3297305766999 119.1620830276281 131.7155960505751 106.60857000468108 518.237775504817 37.43217200567298 -86.91557950695218 [0.0,79.55643171767589,104.15309407505391,128.74975643243184,153.34641878980986,177.94308114718785,202.53974350456588,227.13640586194387,251.73306821932186,276.3297305766999,313.4720132617434,350.6142959467876,387.7565786318312,424.898861316875,462.0411440019187,499.1834266869625,536.325709372006,573.4679920570499,610.6102747420941,647.7525574271376] [-18.71608600283649,-2.6923925731294105,-1.8009616346278676,-1.182834479692275,-0.745988650985737,-0.4386560805605484,-0.228739426788934,-0.09491962733284254,-0.02228934861498999,0.0,-0.04421568864003689,-0.1644919160187044,-0.34628421637866325,-0.5789207215082257,-0.8543280130503916,-1.1662436031370902,-1.5097072342208548,-1.8807200179808774,-2.276008860285728,-2.6928592833357072] False 60212.65603222185 60226.65603222185
2271.3810595726877 2617.821317854317 3017.1020504598932 2.0553239935631675e-14 1.1887519544556377e-14 1.5630964187751785e-14 1.1650957900271445e-11 3.0412490273217014e-08 0.016577088456742217 3.2258001468232475e-12 1.8260373091613644e-12 2.066051134995839e-12 1.5860234833268905e-12 7.166832975758559e-12 2.2106371155325144e-05 1.251381259299204e-05 1.4158624569807037e-05 1.0869000616177044e-05 4.911422362180924e-05 206.3724353837969 116.82179597034859 132.17681968811425 101.46677225258294 458.5022964465873 24.094268079432254 -62.48161214599105 [0.0,36.31590573155108,57.57297193808179,78.83003814461247,100.08710435114324,121.34417055767393,142.6012367642046,163.85830297073525,185.1153691772661,206.3724353837969,245.89404415409442,285.41565292439213,324.9372616946896,364.4588704649874,403.98047923528446,443.50208800558255,483.02369677588024,522.5453055461779,562.0669143164753,601.5885230867727] [-12.047134039716127,-2.684284192378584,-1.6568581797366875,-1.0366402387071219,-0.6324452282998934,-0.36292365578179187,-0.18572642869770561,-0.07593900528507902,-0.017634908066611388,0.0,-0.05052198381497419,-0.18316832253245963,-0.37740280619213706,-0.6196346049601971,-0.9003841794860676,-1.2127657565854406,-1.5516134219056426,-1.912948162020811,-2.2936374001804296,-2.6911689960878675] False 60212.65603222185 60226.65603222185
3017.1020504598932 3477.2827010020824 4007.6519721450045 1.1697470336737766e-14 6.737572078956003e-15 8.877643242168515e-15 8.79049552213982e-12 3.047622499970855e-08 0.012585030404759001 1.0711847035361438e-12 9.520899247689712e-13 1.1450254184017782e-12 7.591544311361643e-13 3.3623067453262144e-12 1.2952224468339777e-05 1.1512190548412133e-05 1.3845069101655716e-05 9.17931199516855e-06 4.065531514137107e-05 120.6609315463423 107.24579697532509 128.97853486192653 85.51305908872364 378.73866448646726 9.906870541391612 -51.09755572972414 [0.0,2.74180832040486,17.48169872364703,32.22158912688922,46.961479530131406,61.70136993337358,76.44126033661576,91.18115073985797,105.92104114310013,120.6609315463423,160.46526857544643,200.2696056045504,240.07394263365444,279.8782796627584,319.6826166918628,359.4869537209665,399.29129075007074,439.0956277791748,478.89996480827904,518.7043018373831] [-4.953435270695806,-2.8702679167926632,-1.195418355476697,-0.6738783016635139,-0.390666977521839,-0.21745981145519266,-0.10905197270689371,-0.04393997501630764,-0.010083044788828488,0.0,-0.05709384179927923,-0.19810406609215647,-0.3950838267147887,-0.6323266438561888,-0.9000418521243105,-1.191679771204683,-1.5026274249471854,-1.8295056427046106,-2.169760956425513,-2.521414557871374] False 60212.65603222185 60226.65603222185
5323.411028602609 6135.359285332078 7071.149185711414 3.6958845224051726e-15 2.1112074268814186e-15 2.7933454588714713e-15 4.881145828485307e-12 2.985276291635801e-08 0.0070223307680098435 7.880785199607892e-13 5.620949686145515e-13 6.554401160767321e-13 4.687498211523707e-13 2.0953728834191863e-12 2.9665350943478252e-05 2.1158734929539402e-05 2.467249211007275e-05 1.7644977749006046e-05 7.887535362234066e-05 282.12712375331427 201.2264422323336 234.6434144030055 167.80947006166164 750.1302342552824 17.760842081402636 -18.645287914710774 [0.0,27.913911327117773,59.69056288039231,91.46721443366684,123.24386598694133,155.0205175402159,186.79716909349037,218.57382064676491,250.3504722000394,282.12712375331427,357.06448981330715,432.00185587330014,506.9392219332933,581.8765879932866,656.8139540532794,731.7513201132728,806.6886861732659,881.6260522332589,956.563418293252,1031.5007843532449] [-8.880421040701318,-2.660849494382674,-1.4680922277942088,-0.8712690116787059,-0.5145458017334903,-0.28861988535673433,-0.1451726200769663,-0.05853481944174277,-0.013423917575963173,0.0,-0.05888705388733939,-0.20627672644418027,-0.4138836057646067,-0.6651325484921919,-0.9494715340662445,-1.2597661621934542,-1.5909665277509895,-1.93936674950859,-2.302166644093326,-2.6771986968238757] False 60212.65603222185 60226.65603222185
9392.473966813408 10825.05221838098 12476.13311942254 1.1297182900252868e-15 6.40005723092351e-16 8.503094560795412e-16 2.622092935575699e-12 2.8288881562973786e-08 0.0038103735695782515 9.28976456392414e-13 4.617153011007539e-13 5.176300568603545e-13 4.0580054534115346e-13 1.9042168478364666e-12 0.00010885909200672865 5.410460953836056e-05 6.0656798778339476e-05 4.755242029838165e-05 0.00022313947314056546 1092.5157303031501 542.9967852286984 608.7549105321644 477.23865992523235 2239.4398112613003 50.1709475629103 -21.44026893137393 [0.0,259.37006568732795,363.5132737643059,467.65648184128366,571.7996899182615,675.9428979952389,780.086106072217,884.2293141491944,988.372522226172,1092.5157303031501,1271.2606653831285,1450.0056004631065,1628.7505355430844,1807.495470623061,1986.2404057030399,2164.985340783018,2343.730275862995,2522.4752109429733,2701.220146022952,2879.965081102929] [-25.08547378145515,-2.6936846278719067,-1.7302856343857762,-1.1060255944096262,-0.6838269083928843,-0.39595399050347524,-0.2039228623487297,-0.08375693144589391,-0.019501328669793594,0.0,-0.048510097237056016,-0.1773788586449747,-0.3680288669317484,-0.6076904711471194,-0.8872054815978245,-1.1997802124788208,-1.5402343691323566,-1.9045264897569538,-2.289442073280732,-2.6923817298744837] False 60212.65603222185 60226.65603222185
29240.177187505025 33700.007692099294 38840.06964680279 9.555314982718166e-17 5.324278756982928e-17 7.1326825654004e-17 6.850137324326957e-13 2.2998361396972153e-08 0.0010070225121274756 7.009154949288041e-14 7.111660504826389e-14 8.91507472873002e-14 5.308246280922758e-14 2.57594484623509e-13 7.960230818236156e-05 8.076645405749258e-05 0.00010124765840670062 6.028524970828455e-05 0.00029254761379130277 982.6814645149673 997.0527132840615 1249.8908576102551 744.214568957868 3611.467105981446 14.979992974577902 -3.073172468789422 [0.0,109.18682939055192,218.37365878110384,327.5604881716557,436.7473175622077,545.9341469527595,655.1209763433114,764.3078057338631,873.4946351244154,982.6814645149673,1415.329906132451,1847.9783477499345,2280.626789367419,2713.2752309849016,3145.9236726023864,3578.5721142198686,4011.220555837352,4443.868997454838,4876.517439072322,5309.165880689805] [-7.489996487288951,-1.3159358648714505,-0.7336756627173315,-0.43847547126188235,-0.26090269110144426,-0.1478061648889688,-0.07550049475408205,-0.0313479064088118,-0.007803482501175907,0.0,-0.07091729475687725,-0.2399081712075004,-0.4652577867336505,-0.7272526124759526,-1.0149986129037858,-1.3218368496600288,-1.6433980189449366,-1.9766598735618386,-2.319444736230671,-2.6701314547993933] False 60212.65603222185 60226.65603222185
311.3149665447022 358.7979888064861 413.52331434760555 6.667344802761602e-13 4.202351635309513e-13 5.293253001232565e-13 5.399115184502041e-11 1.9355557479186317e-08 0.05209874795656094 1.2782307942493372e-10 5.449267900453878e-11 5.84475198663894e-11 5.053783814268817e-11 2.2985811231881228e-10 1.6455431540181598e-05 7.015169348403014e-06 7.524299728826324e-06 6.506038967979703e-06 2.9591013205395936e-05 241.48303395883272 102.94742947644829 110.41890469391798 95.47595425897862 434.2473565221395 9.156695158985485 -390.63084245854407 [0.0,42.26310924911845,67.16559983783276,92.06809042654703,116.9705810152613,141.87307160397563,166.77556219268988,191.67805278140415,216.5805433701185,241.48303395883272,270.1253268862916,298.76761981375034,327.40991274120927,356.05220566866797,384.69449859612683,413.3367915235858,441.97908445104446,470.62137737850315,499.26367030596214,527.9059632334211] [-4.578347579492743,-2.698449078101703,-1.9281086454665797,-1.3318419219434077,-0.8743339956448608,-0.5311041405099672,-0.28425958379909844,-0.12020430241858548,-0.028294801877791542,0.0,-0.037127809741946294,-0.14052951053986362,-0.30305661115301064,-0.5187498958666765,-0.7825784083344729,-1.090248284200129,-1.4380597006873472,-1.8227978263608975,-2.2416483310735202,-2.692130982418803] False 60226.65603222185 60240.65603222185
413.52331434760555 476.5900816815941 549.2752115212968 4.281055794287373e-13 2.682352953135126e-13 3.3887022076811347e-13 4.5912613401512664e-11 2.1859936160027617e-08 0.05029177381650762 8.588524660107125e-11 2.9963706257299764e-11 3.238388134622379e-11 2.7543531168375724e-11 1.4306198798300964e-10 1.950781224264026e-05 6.805899486743023e-06 7.355613472526191e-06 6.256185500959853e-06 3.249482898494232e-05 253.4458365990264 88.42236473119813 95.5642584137951 81.28047104860114 422.1733844264408 20.1446651482961 -295.35183740395564 [0.0,85.5766172167621,106.56026963954517,127.54392206232826,148.5275744851112,169.5112269078942,190.49487933067735,211.4785317534603,232.46218417624326,253.4458365990264,278.6782529779025,303.9106693567787,329.14308573565495,354.3755021145311,379.6079184934071,404.8403348722835,430.0727512511598,455.30516763003584,480.537584008912,505.77000038778834] [-10.07233257414805,-2.6987339688304814,-1.9167744096251909,-1.3167920353010345,-0.8603478016892723,-0.5205901885162234,-0.277918883039888,-0.11752958704397543,-0.027930681299096705,0.0,-0.03774470586915868,-0.14369128442962165,-0.3094942916372361,-0.5283256065934552,-0.7945189780595001,-1.103314342414933,-1.4506697894411218,-1.8331205808298137,-2.247671635077438,-2.691714288820833] False 60226.65603222185 60240.65603222185
549.2752115212968 633.0528961793416 729.6086933380817 2.7163374713952585e-13 1.6917702549309607e-13 2.143692826983584e-13 3.8586177997076605e-11 2.4399576304990515e-08 0.04678429395227013 4.8583992281300964e-11 1.8175960855040853e-11 1.973473788393962e-11 1.6617183826142086e-11 8.37037759982906e-11 1.947032492212265e-05 7.284124811530437e-06 7.908814010764504e-06 6.659435612296371e-06 3.354478788937533e-05 226.63691210677828 84.78808449723866 92.05954153286321 77.5166274616141 390.4653453362121 22.73528290947536 -260.0248675591583 [0.0,73.04491351477915,92.2439133387791,111.442913162779,130.64191298677883,149.84091281077872,169.0399126347786,188.2389124587786,207.43791228277834,226.63691210677828,251.2666385333586,275.8963649599385,300.52609138651894,325.1558178130992,349.78554423967927,374.4152706662595,399.04499709283954,423.67472351941984,448.3044499460001,472.9341763725804] [-11.36764145473768,-2.699913437122177,-1.8845056827378244,-1.2776262308277069,-0.8262121440170631,-0.4959294386665647,-0.2631616473206577,-0.11089718212497246,-0.026432014687429728,0.0,-0.03892826691395612,-0.14812781517213125,-0.3177464969502921,-0.5399766423996653,-0.8085125736334362,-1.1181791241361907,-1.4646698362697066,-1.8443578406599954,-2.2541562778469597,-2.691413329472482] False 60226.65603222185 60240.65603222185
729.6086933380817 840.8915725798939 969.1477682383326 1.7030146970940459e-13 1.0543505865179742e-13 1.339990501731203e-13 3.2041474503381025e-11 2.690925846182758e-08 0.04237398872370102 3.0569366358257914e-11 1.1719356509945438e-11 1.3068948455839577e-11 1.0369764564051301e-11 5.3244077774767835e-11 2.1615557280861e-05 8.2867410127762e-06 9.241035638002639e-06 7.332446387549763e-06 3.764881481412229e-05 228.13121674193778 87.45850433122172 97.5301574074975 77.38685125494595 397.3466804875039 24.86855157590844 -207.54221972835913 [0.0,72.17189436012369,91.66680965785046,111.16172495557723,130.65664025330398,150.15155555103078,169.6464708487575,189.1413861464843,208.63630144421094,228.13121674193778,253.5460899024124,278.960963062887,304.3758362233615,329.79070938383603,355.2055825443105,380.6204557047851,406.0353288652599,431.4502020257342,456.8650751862092,482.27994834668385] [-12.43427578795422,-2.700810828113191,-1.876239459209046,-1.267844312649828,-0.8178992309599664,-0.490036662513603,-0.25967915643019523,-0.1093393475635196,-0.026074067091911957,0.0,-0.03929002324039743,-0.14942636968277156,-0.32014879152600884,-0.5433795215925841,-0.812630530329784,-1.122601983667522,-1.4689017397887483,-1.8478442010534764,-2.2563027761354704,-2.6915995124612664] False 60226.65603222185 60240.65603222185
