data/PKS2155-304_allsed_14d_min11.ecsv
# %ECSV 1.0
# ---
# datatype:
# - {name: e_min, unit: MeV, datatype: float64}
# - {name: e_ref, unit: MeV, datatype: float64}
# - {name: e_max, unit: MeV, datatype: float64}
# - {name: ref_dnde_e_min, unit: ph / (cm2 MeV s), datatype: float64}
# - {name: ref_dnde_e_max, unit: ph / (cm2 MeV s), datatype: float64}
# - {name: ref_dnde, unit: ph / (cm2 MeV s), datatype: float64}
# - {name: ref_flux, unit: ph / (cm2 s), datatype: float64}
# - {name: ref_eflux, unit: MeV / (cm2 s), datatype: float64}
# - {name: ref_npred, datatype: float64}
# - {name: dnde, unit: ph / (cm2 MeV s), datatype: float64}
# - {name: dnde_err, unit: ph / (cm2 MeV s), datatype: float64}
# - {name: dnde_errp, unit: ph / (cm2 MeV s), datatype: float64}
# - {name: dnde_errn, unit: ph / (cm2 MeV s), datatype: float64}
# - {name: dnde_ul, unit: ph / (cm2 MeV s), datatype: float64}
# - {name: e2dnde, unit: MeV / (cm2 s), datatype: float64}
# - {name: e2dnde_err, unit: MeV / (cm2 s), datatype: float64}
# - {name: e2dnde_errp, unit: MeV / (cm2 s), datatype: float64}
# - {name: e2dnde_errn, unit: MeV / (cm2 s), datatype: float64}
# - {name: e2dnde_ul, unit: MeV / (cm2 s), datatype: float64}
# - {name: norm, datatype: float64}
# - {name: norm_err, datatype: float64}
# - {name: norm_errp, datatype: float64}
# - {name: norm_errn, datatype: float64}
# - {name: norm_ul, datatype: float64}
# - {name: ts, datatype: float64}
# - {name: loglike, datatype: float64}
# - {name: norm_scan, datatype: string, subtype: 'float64[20]'}
# - {name: dloglike_scan, datatype: string, subtype: 'float64[20]'}
# - {name: ShowUL, datatype: bool}
# - {name: tstart, datatype: float64}
# - {name: tend, datatype: float64}
# meta: !!omap
# - {UL_CONF: 0.95}
# - {EXTNAME: SED}
# - {CONFIG: '{"bin_index": 2.0, "use_local_index": true, "free_background": false, "free_radius": null, "free_pars": [], "ul_confidence":
#     0.95, "cov_scale": 3.0, "make_plots": false, "write_fits": true, "write_npy": true, "optimizer": {"optimizer": "MINUIT", "tol":
#     0.001, "max_iter": 100, "init_lambda": 0.0001, "retries": 3, "min_fit_quality": 2, "verbosity": 0}, "prefix": "", "outfile": null,
#     "loge_bins": []}'}
# - {SRCNAME: 4FGL J2158.8-3013}
# - {CREATOR: fermipy 1.2.0}
# - {STVER: 2.2.0}
# schema: astropy-2.0
e_min e_ref e_max ref_dnde_e_min ref_dnde_e_max ref_dnde ref_flux ref_eflux ref_npred dnde dnde_err dnde_errp dnde_errn dnde_ul e2dnde e2dnde_err e2dnde_errp e2dnde_errn e2dnde_ul norm norm_err norm_errp norm_errn norm_ul ts loglike norm_scan dloglike_scan ShowUL tstart tend
[from data line 314]
9392.473966813408 10825.05221838098 12476.13311942254 1.074635823855145e-15 6.049554761325673e-16 8.062920230843167e-16 2.48673371583091e-12 2.6824519836202436e-08 0.0037729804706857495 2.1129706512069568e-13 2.1581264566964662e-13 2.706688846060659e-13 1.609564067332273e-13 7.815296329555308e-13 2.4760161029322485e-05 2.5289304685288722e-05 3.1717455065668505e-05 1.886115430490894e-05 9.15810143889732e-05 262.0602202070894 267.6606483642197 335.6958482246588 199.62544850378055 969.2885587109467 12.403674583945033 -13.379573474453316 [0.0,29.117802245232188,58.235604490464375,87.3534067356965,116.47120898092875,145.58901122616078,174.706813471393,203.82461571662512,232.9424179618575,262.0602202070894,377.9137070063757,493.7671938056618,609.6206806049482,725.4741674042342,841.3276542035202,957.1811410028062,1073.034627802092,1188.8881146013791,1304.7416014006653,1420.5950881999515] [-6.201837291972517,-1.3176034972226134,-0.737048476771907,-0.4419139084122996,-0.2639958586703326,-0.15038975621837736,-0.07749251712484906,-0.03270167336057028,-0.008489969999180502,0.0,-0.06862183549457868,-0.23583481967890663,-0.4596332522685245,-0.7201983458686882,-1.0065887188185556,-1.312120976104051,-1.632411897891,-1.964430728821398,-2.305994291731146,-2.6554777168763586] False 54976.65603222185 54990.65603222185
16572.19366947696 19099.851911122612 22013.03884703687 2.6682386380137453e-16 1.4654544660599938e-16 1.977418071271499e-16 1.07672700917852e-12 2.048118826569709e-08 0.0016305178422213462 1.2107897414177385e-13 1.2200254128648495e-13 1.5293438672745624e-13 9.107069584551362e-14 4.4173715321513847e-13 4.417013561615042e-05 4.4507056921617904e-05 5.57911284763184e-05 3.32229853669174e-05 0.0001611476319691837 612.3084232962373 616.9789942702209 773.4044153299254 460.5535732105163 2233.908750166813 14.307870428307094 -13.391727127617868 [0.0,68.0342692551375,136.068538510275,204.10280776541248,272.13707702055,340.17134627568754,408.20561553082496,476.23988478596243,544.2741540411,612.3084232962373,879.1740806937904,1146.0397380913435,1412.9053954888957,1679.7710528864493,1946.6367102840022,2213.5023676815545,2480.368025079107,2747.2336824766603,3014.099339874213,3280.964997271767] [-7.153935214153547,-1.3086748327695155,-0.7276040776678698,-0.43335184945945215,-0.25666657752940303,-0.14443337493286457,-0.07297894292498874,-0.029670694758294758,-0.006966307571451225,0.0,-0.07288017104960431,-0.2423820701741608,-0.4676154385875275,-0.7291664015043189,-1.0162760090275373,-1.32235517633584,-1.643074354783515,-1.975435588382112,-2.317276879625565,-2.66698765001035] False 54976.65603222185 54990.65603222185
29240.177187505025 33700.007692099294 38840.06964680279 6.00247375996639e-17 3.216351405174028e-17 4.3938667381235005e-17 4.2242158494016463e-13 1.416911158533006e-08 0.0006602112344413769 1.6454107777137924e-13 1.1189540809223474e-13 1.2852751268612565e-13 9.526330349834384e-14 4.1415148778496994e-13 0.00018686774192009658 0.00012707855402817043 0.0001459674775172803 0.00010818963053906056 0.00047034791787833733 3744.789898695248 2546.627259342467 2925.1572782340736 2168.09724045086 9425.672476399288 9.71701088313337 -38.84760922010904 [0.0,318.35965118614394,746.6634321247822,1174.9672130634203,1603.2709940020582,2031.5747749406985,2459.8785558793343,2888.1823368179726,3316.4861177566117,3744.789898695248,4642.157276437718,5539.524654180184,6436.8920319226545,7334.259409665123,8231.62678740759,9128.99416515006,10026.361542892528,10923.728920634996,11821.096298377472,12718.46367611994] [-4.858505441566685,-2.6609681483732714,-1.5301216512295426,-0.9285841307314868,-0.5569217776795199,-0.31609237277230307,-0.16051196114735689,-0.06524142387542753,-0.015070663727215106,0.0,-0.05379068792519348,-0.1922066152062314,-0.39165686732268057,-0.6373314563077059,-0.91928997619965,-1.2305211931925868,-1.5658866739458688,-1.9215037128517665,-2.2943643473372717,-2.6820893709499103] False 54976.65603222185 54990.65603222185
311.3149665447022 358.7979888064861 413.52331434760555 8.315201025381281e-13 4.966789691641623e-13 6.42649630333602e-13 6.561026070045108e-11 2.3491076738766463e-08 0.0656153128431845 1.2253910789816595e-10 5.0334500879324484e-11 5.4329448218155405e-11 4.633955354049357e-11 2.1828079559728375e-10 1.5775194198770502e-05 6.479862142699774e-06 6.994155670414141e-06 5.965568614985408e-06 2.8100595797309687e-05 190.67794038028995 78.32339505617648 84.53976421016965 72.10702590218331 339.65754478684335 11.343663212046067 -416.0325290974908 [0.0,42.88254870423022,61.35697266373769,79.83139662324514,98.30582058275265,116.78024454226008,135.25466850176758,153.7290924612751,172.20351642078245,190.67794038028995,212.90599450950893,235.13404863872773,257.36210276794657,279.59015689716546,301.8182110263843,324.0462651556033,346.274319284822,368.50237341404113,390.7304275432599,412.9584816724791] [-5.671831606023034,-2.6931901474774236,-1.908068077245673,-1.3087261802419903,-0.8542748240143396,-0.5166927439391884,-0.27584585362393454,-0.11672339323860115,-0.027798050532339857,0.0,-0.037366594490833904,-0.14256375556550438,-0.3074377710187264,-0.5253456938518752,-0.7907919505462928,-1.099169624026615,-1.4465719148269045,-1.829651919282412,-2.245516456447774,-2.6916443870400144] False 54990.65603222185 55004.65603222185
729.6086933380817 840.8915725798939 969.1477682383326 1.779840083960142e-13 1.0589853827417717e-13 1.3728891552240052e-13 3.285155225489531e-11 2.7563667215516956e-08 0.04453766975489115 3.5495185171443295e-11 1.2333896856813496e-11 1.3377212099343357e-11 1.1290581614283634e-11 5.926118478175624e-11 2.509859704896495e-05 8.721281654327258e-06 9.459008440110224e-06 7.98355486854429e-06 4.190350297645946e-05 258.5437071622273 89.8389852515155 97.43839878435551 82.23957171867546 431.6530912656746 29.308216389143922 -240.22252377750553 [0.0,93.85667106643332,114.44255057840753,135.0284300903819,155.614309602356,176.20018911433024,196.78606862630454,217.37194813827887,237.95782765025308,258.5437071622273,284.54934307462645,310.55497898702583,336.5606148994251,362.5662508118245,388.5718867242237,414.577522636623,440.5831585490224,466.58879446142146,492.59443037382084,518.6000662862201] [-14.654108194571961,-2.698681975418424,-1.8972018108177906,-1.2926885235035002,-0.8389949107635744,-0.504977279113973,-0.268534438502968,-0.11336579659635504,-0.02707561358013777,0.0,-0.03864237080966859,-0.1473437372165165,-0.3164791801257536,-0.5383538540027359,-0.8067117310079652,-1.1163925394726277,-1.4630860213946733,-1.8431519852910867,-2.2534859787161565,-2.6914172988096254] False 54990.65603222185 55004.65603222185
969.1477682383326 1116.9661194245136 1287.3303254983532 1.0591373832127926e-13 6.293563022283846e-14 8.164403144447542e-14 2.5951111123547405e-11 2.8921692727231436e-08 0.03761737863483694 1.2438844023892796e-11 5.835446226999552e-12 6.4788125514452794e-12 5.192079902553827e-12 2.4436843098119726e-11 1.551886738938204e-05 7.280380393927859e-06 8.083052784761708e-06 6.47770800309401e-06 3.048773075105843e-05 152.3546033166211 71.47425382794982 79.35439292768632 63.59411472821334 299.309608623856 19.81952744519657 -176.89068248084067 [0.0,35.91136880274319,50.466773116977954,65.02217743121264,79.5775817454474,94.13298605968214,108.68839037391687,123.24379468815167,137.79919900238633,152.3546033166211,174.9456653954778,197.53672747433447,220.1277895531911,242.71885163204774,265.30991371090437,287.9009757897612,310.4920378686178,333.0830999474746,355.67416202633103,378.2652241051879] [-9.909763722598285,-2.7063622871110056,-1.7911688319003645,-1.1697101172623832,-0.7356648147725764,-0.43240642481640634,-0.22602511683140847,-0.09452949418167123,-0.022806255453730273,0.0,-0.043183596621673814,-0.16342955573514928,-0.3455790072555658,-0.5786636414860595,-0.854475855691561,-1.1667038801311946,-1.5103828155436076,-1.8815321012668278,-2.2769080172026577,-2.6938298778150624] False 54990.65603222185 55004.65603222185
1287.3303254983532 1483.6791717563765 1709.9759409858673 6.28628726586487e-14 3.7305581820825885e-14 4.8426604665817544e-14 2.0446863275291508e-11 3.026781640510602e-08 0.03108754965680749 5.477379696296342e-12 3.2493775221454435e-12 3.676171998596108e-12 2.8225830456947786e-12 1.2471772680708305e-11 1.2057377203454242e-05 7.152867362367607e-06 8.092371701348532e-06 6.2133630233866814e-06 2.7454161651184512e-05 113.10682906833257 67.09901601751264 75.91223923222879 58.28579280279648 257.5396884991948 14.450451050102401 -111.47172276833494 [0.0,15.790548075242686,27.95508319937892,40.11961832351515,52.28415344765137,64.44868857178761,76.61322369592382,88.77775882006009,100.94229394419628,113.10682906833257,135.69009895966659,158.27336885100067,180.8566387423346,203.4399086336687,226.02317852500278,248.6064484163366,271.1897183076707,293.7729881990046,316.35625809033866,338.93952798167277] [-7.225225525051201,-2.689513143282298,-1.643429782677046,-1.0251448864189712,-0.6248319527268364,-0.35848422636335897,-0.18346822700407017,-0.07501675463835511,-0.01740572232101556,0.0,-0.050045037341377,-0.18154586503693793,-0.3744583861694224,-0.6155026427851027,-0.8953998040690863,-1.2073952147848672,-1.5464086099877505,-1.9085160844950195,-2.2906192000819203,-2.6902253123564037] False 54990.65603222185 55004.65603222185
1709.9759409858673 1970.7884119509856 2271.3810595726877 3.7214034975558476e-14 2.205574144879728e-14 2.864931297060045e-14 1.6068232301142155e-11 3.159432983204124e-08 0.025047656550621245 5.4812554612818285e-12 2.644154243680893e-12 2.944536584300569e-12 2.3437719030612162e-12 1.0975644231695907e-11 2.1289234386810483e-05 1.0269913498145525e-05 1.1436600601179313e-05 9.103226395111736e-06 4.262947863775992e-05 191.32240507500563 92.29380985136675 102.77861068857791 81.80900901415558 383.10322634818397 18.090131959338947 -104.22498111625407 [0.0,42.84368763123548,61.403527311706746,79.96336699217801,98.52320667264927,117.08304635312054,135.64288603359188,154.20272571406306,172.7625653945343,191.32240507500563,220.99085689754097,250.65930872007633,280.3277605426114,309.99621236514685,339.66466418768226,369.33311601021757,399.00156783275287,428.670019655288,458.33847147782353,488.00692330035866] [-9.045065979669474,-2.7043976953724354,-1.7774931088370067,-1.1538765413470884,-0.7216227995864557,-0.4216688269355302,-0.21888062996021063,-0.09059930987228881,-0.02133104923461815,0.0,-0.04578414488173621,-0.16973204724374114,-0.3554669255340315,-0.5913115836528533,-0.8686406697136135,-1.1808985593946488,-1.5229837686717218,-1.8908468839157564,-2.2812187672554387,-2.691421392391163] False 54990.65603222185 55004.65603222185
2271.3810595726877 2617.821317854317 3017.1020504598932 2.197302814726253e-14 1.300589126428417e-14 1.6904993783801063e-14 1.2594478342832676e-11 3.2893332711071264e-08 0.019804440225026587 2.2071209644718606e-12 1.566982004863574e-12 1.8048382856801173e-12 1.329125724047031e-12 5.7032652499424995e-12 1.5125374482161804e-05 1.0738509584154883e-05 1.2368535929876872e-05 9.108483238432898e-06 3.908441089776086e-05 130.56029435436997 92.6934386905903 106.76361723419114 78.62326014698948 337.3716265667936 9.507272106298672 -60.78318648577584 [0.0,8.451258053255598,23.714887590894893,38.9785171285342,54.24214666617346,69.5057762038128,84.76940574145208,100.03303527909138,115.29666481673068,130.56029435436997,163.02115096151164,195.48200756865347,227.9428641757951,260.40372078293683,292.86457739007847,325.3254339972204,357.786290604362,390.24714721150383,422.70800381864564,455.1688604257871] [-4.753636053149336,-2.650639903519192,-1.4886722865696669,-0.9054606209630549,-0.5469165298003631,-0.3136453741491607,-0.16177281164134172,-0.06763173439194503,-0.01685413930947277,0.0,-0.0492102268173511,-0.18367050932349116,-0.38008252142459753,-0.6237943926638607,-0.9049398800574622,-1.216531659399969,-1.553425443029397,-1.9117152490390907,-2.2883599174697054,-2.680941733874427] False 54990.65603222185 55004.65603222185
3017.1020504598932 3477.2827010020824 4007.6519721450045 1.2940280035108573e-14 7.649431988732571e-15 9.949160368780714e-15 9.846070459833882e-12 3.415680823178967e-08 0.015487146932778084 1.3066561576518411e-12 9.351631130425235e-13 1.0901073121157128e-12 7.802189139693344e-13 3.4799054567756134e-12 1.579942637434606e-05 1.130752008934888e-05 1.318102709503901e-05 9.43401308365875e-06 4.2077259370832094e-05 131.3333094671961 93.99417421966125 109.56776971213976 78.42057872718273 349.7687571400642 14.402421904443138 -28.353263642181314 [0.0,12.440223373218712,27.30185913496589,42.163494896713075,57.02513065846026,71.8867664202074,86.74840218195457,101.61003794370178,116.47167370544904,131.3333094671961,166.31388163667637,201.29445380615658,236.27502597563674,271.2555981451169,306.23617031459736,341.21674248407743,376.1973146535577,411.1778868230379,446.15845899251815,481.13903116199833] [-7.201210952221569,-2.66943971428255,-1.471376155019538,-0.8730120458904125,-0.5155400612536205,-0.2891764397645957,-0.14545661031680268,-0.05865213472969444,-0.013451779747519765,0.0,-0.058809031439011505,-0.2060776239053972,-0.41361187686020173,-0.6648796045598182,-0.9493507148588414,-1.2599024498882052,-1.591491056508218,-1.9404136784830115,-2.303871287520874,-2.679696364388885] False 54990.65603222185 55004.65603222185
4007.6519721450045 4618.915317184078 5323.411028602609 7.600953048787406e-15 4.48733888570605e-15 5.840209943508002e-15 7.67743888556234e-12 3.537670324277673e-08 0.011989903980740846 2.919929873863947e-12 1.1876368281677083e-12 1.312373407271125e-12 1.0629002490642917e-12 5.3309386854680465e-12 6.229488972782382e-05 2.5337493858887475e-05 2.799867127613506e-05 2.2676316441639894e-05 0.00011373226478126565 499.9700185623895 203.35516011507252 224.71339557406904 181.996924656076 912.799152262315 71.56366957638625 -31.756029854286876 [0.0,161.88207198090493,204.14306530359056,246.40405862627597,288.6650519489617,330.9260452716473,373.1870385943329,415.4480319170184,457.70902523970364,499.9700185623895,563.4373810479182,626.9047435334472,690.3721060189764,753.8394685045051,817.3068309900344,880.7741934755633,944.2415559610922,1007.7089184466212,1071.17628093215,1134.6436434176785] [-35.78183478819312,-2.698395742587696,-1.8180167613728422,-1.198779056037285,-0.7577492632247989,-0.44613990905275713,-0.23280699995723708,-0.09665059882573601,-0.02271203438802516,0.0,-0.04442550976110837,-0.1652947301658827,-0.3478513401050414,-0.5812381655788776,-0.857233971889368,-1.1694636991416765,-1.512883977542831,-1.8834362469328774,-2.277805948672185,-2.693251100121582] False 54990.65603222185 55004.65603222185
