data/PKS2155-304_allsed_14d_min11.ecsv
# %ECSV 1.0
# ---
# datatype:
# - {name: e_min, unit: MeV, datatype: float64}
# - {name: e_ref, unit: MeV, datatype: float64}
# - {name: e_max, unit: MeV, datatype: float64}
# - {name: ref_dnde_e_min, unit: ph / (cm2 MeV s), datatype: float64}
# - {name: ref_dnde_e_max, unit: ph / (cm2 MeV s), datatype: float64}
# - {name: ref_dnde, unit: ph / (cm2 MeV s), datatype: float64}
# - {name: ref_flux, unit: ph / (cm2 s), datatype: float64}
# - {name: ref_eflux, unit: MeV / (cm2 s), datatype: float64}
# - {name: ref_npred, datatype: float64}
# - {name: dnde, unit: ph / (cm2 MeV s), datatype: float64}
# - {name: dnde_err, unit: ph / (cm2 MeV s), datatype: float64}
# - {name: dnde_errp, unit: ph / (cm2 MeV s), datatype: float64}
# - {name: dnde_errn, unit: ph / (cm2 MeV s), datatype: float64}
# - {name: dnde_ul, unit: ph / (cm2 MeV s), datatype: float64}
# - {name: e2dnde, unit: MeV / (cm2 s), datatype: float64}
# - {name: e2dnde_err, unit: MeV / (cm2 s), datatype: float64}
# - {name: e2dnde_errp, unit: MeV / (cm2 s), datatype: float64}
# - {name: e2dnde_errn, unit: MeV / (cm2 s), datatype: float64}
# - {name: e2dnde_ul, unit: MeV / (cm2 s), datatype: float64}
# - {name: norm, datatype: float64}
# - {name: norm_err, datatype: float64}
# - {name: norm_errp, datatype: float64}
# - {name: norm_errn, datatype: float64}
# - {name: norm_ul, datatype: float64}
# - {name: ts, datatype: float64}
# - {name: loglike, datatype: float64}
# - {name: norm_scan, datatype: string, subtype: 'float64[20]'}
# - {name: dloglike_scan, datatype: string, subtype: 'float64[20]'}
# - {name: ShowUL, datatype: bool}
# - {name: tstart, datatype: float64}
# - {name: tend, datatype: float64}
# meta: !!omap
# - {UL_CONF: 0.95}
# - {EXTNAME: SED}
# - {CONFIG: '{"bin_index": 2.0, "use_local_index": true, "free_background": false, "free_radius": null, "free_pars": [], "ul_confidence":
#     0.95, "cov_scale": 3.0, "make_plots": false, "write_fits": true, "write_npy": true, "optimizer": {"optimizer": "MINUIT", "tol":
#     0.001, "max_iter": 100, "init_lambda": 0.0001, "retries": 3, "min_fit_quality": 2, "verbosity": 0}, "prefix": "", "outfile": null,
#     "loge_bins": []}'}
# - {SRCNAME: 4FGL J2158.8-3013}
# - {CREATOR: fermipy 1.2.0}
# - {STVER: 2.2.0}
# schema: astropy-2.0
e_min e_ref e_max ref_dnde_e_min ref_dnde_e_max ref_dnde ref_flux ref_eflux ref_npred dnde dnde_err dnde_errp dnde_errn dnde_ul e2dnde e2dnde_err e2dnde_errp e2dnde_errn e2dnde_ul norm norm_err norm_errp norm_errn norm_ul ts loglike norm_scan dloglike_scan ShowUL tstart tend
[from data line 1472]
549.2752115212968 633.0528961793416 729.6086933380817 2.843296508457649e-13 1.73292358301405e-13 2.2197332211344134e-13 3.9969334919741356e-11 2.526126567344694e-08 0.061684763221672434 8.137266786442197e-11 1.9462098806345913e-11 2.075478344002412e-11 1.81694141726677e-11 1.173770657595353e-10 3.261058238950137e-05 7.799552272937735e-06 8.317603356385582e-06 7.281501189489886e-06 4.703955976921855e-05 366.5876020129832 87.67764802114212 93.50125160273636 81.85404443954786 528.7890663705468 63.82281009169628 -366.7844784577478 [0.0,192.87116263419998,214.5857175565478,236.3002724788958,258.0148274012437,279.72938232359166,301.4439372459393,323.15849216828724,344.8730470906352,366.5876020129832,390.5793964869376,414.5711909608918,438.56298543484627,462.5547799088008,486.54657438275535,510.53836885670967,534.530163330664,558.5219578046184,582.5137522785728,606.505546752527] [-31.91140504584814,-2.7030111312893155,-1.9639959617728664,-1.3745143974443863,-0.9122330534545995,-0.5595996733485435,-0.3025539144105096,-0.1296481109270644,-0.031430220691504474,0.0,-0.03493434938388873,-0.13564981941431142,-0.2956860228223377,-0.5095175589074756,-0.7723796678517374,-1.0801329926970311,-1.4291573275476708,-1.8162671697980954,-2.238643894541042,-2.6937807558299482] False 57874.65603222185 57888.65603222185
729.6086933380817 840.8915725798939 969.1477682383326 1.7444438074103075e-13 1.0568728148877954e-13 1.3578126664423626e-13 3.247971685285019e-11 2.7263344436650683e-08 0.054000031401987614 2.5675908814375755e-11 8.909460214973494e-12 9.684972044231336e-12 8.133948385715652e-12 4.294655423037785e-11 1.815540012216764e-05 6.2998671729513285e-06 6.848230530269654e-06 5.751503815633003e-06 3.0367449953098688e-05 189.09757913549166 65.6162697194259 71.32774854433464 59.90479089451717 316.29219031299175 30.194368680555044 -247.66875303725624 [0.0,69.45442863962694,84.40982245160998,99.3652162635931,114.32061007557618,129.27600388755923,144.23139769954236,159.18679151152543,174.14218532350847,189.09757913549166,208.27913868935929,227.46069824322686,246.64225779709457,265.823817350962,285.0053769048297,304.1869364586974,323.36849601256506,342.5500555664325,361.7316151203001,380.913174674168] [-15.097184340277522,-2.6986167258834826,-1.8932619488296325,-1.2871701697606284,-0.8334497811582366,-0.5003329303112309,-0.2652287949935328,-0.11146056807240257,-0.026345254546072283,0.0,-0.03982772979031779,-0.15044881968788104,-0.32166061271422564,-0.5453500529893915,-0.8149554000969204,-1.1250916773799418,-1.471283277874079,-1.8497687898013453,-2.2573557493076066,-2.6913106869570242] False 57874.65603222185 57888.65603222185
969.1477682383326 1116.9661194245136 1287.3303254983532 1.0575691698207884e-13 6.369172435431817e-14 8.207216583583658e-14 2.6080493086349936e-11 2.9075112765378425e-08 0.045933142767473845 2.513160053515518e-11 7.632857156328693e-12 8.44141101334728e-12 6.824303299310105e-12 3.963881012729482e-11 3.1354519378074746e-05 9.522854196389397e-06 1.0531616751828043e-05 8.51409164095075e-06 4.9453907184364565e-05 306.213443732242 93.0017756762528 102.85351833205019 83.15003302045542 482.9750710683286 47.82875486107082 -260.2459693663474 [0.0,132.76738122328143,154.44813903690144,176.12889685052158,197.80965466414156,219.49041247776165,241.17117029138177,262.8519281050019,284.5326859186219,306.213443732242,332.5157389962278,358.818034260214,385.1203295241999,411.42262478818583,437.7249200521716,464.02721531615754,490.32951058014345,516.6318058441293,542.9341011081154,569.2363963721012] [-23.91437743053541,-2.6953566160728997,-1.9225972839053043,-1.3258491463047335,-0.8697482899069087,-0.5289250926214777,-0.2845100564491645,-0.12205650907793597,-0.03023867211260267,0.0,-0.03549682393253306,-0.1401938556654727,-0.305495011279902,-0.5243627151597252,-0.790957063821736,-1.1003745926913666,-1.4484551965940113,-1.8316368057859904,-2.246844231617615,-2.691402918908352] False 57874.65603222185 57888.65603222185
1287.3303254983532 1483.6791717563765 1709.9759409858673 6.335451113375156e-14 3.792802701117491e-14 4.9019502338974386e-14 2.0693674430407256e-11 3.0639518689547884e-08 0.03792612071239754 6.053712509411383e-12 3.1126283055130223e-12 3.4717430404025708e-12 2.753513570623475e-12 1.2523723390427643e-11 1.3326060863846585e-05 6.851840780564472e-06 7.64236144153117e-06 6.061320119597777e-06 2.7568520950302804e-05 123.49600099057307 63.49775409772442 70.82371045701662 56.17179773843224 255.48450704017634 17.272553522927865 -128.64787367678525 [0.0,23.97293529049271,36.41331850300276,48.85370171551281,61.294084928022855,73.73446814053293,86.17485135304297,98.61523456555304,111.05561777806307,123.49600099057307,143.90276065636414,164.30952032215515,184.7162799879463,205.12303965373735,225.52979931952834,245.93655898531935,266.3433186511105,286.7500783169016,307.1568379826924,327.56359764848366] [-8.636276761463932,-2.69734619657919,-1.7411027310979819,-1.11892468006414,-0.6952977706222612,-0.4044482957327773,-0.2091630199683152,-0.08622825412345492,-0.020139074186033668,0.0,-0.046389750626161685,-0.17088907997245428,-0.356890189591752,-0.5927088317079949,-0.8697933443630745,-1.1816841691657771,-1.5233745913456858,-1.8908997680153732,-2.2810624113960216,-2.69124380294906] False 57874.65603222185 57888.65603222185
1709.9759409858673 1970.7884119509856 2271.3810595726877 3.7502763502400354e-14 2.2317958264289818e-14 2.8930694956086017e-14 1.6224737406159085e-11 3.190514504211344e-08 0.030477594068226366 8.197531679743791e-12 2.8243209909206087e-12 3.088751309606501e-12 2.5598906722347165e-12 1.3764469518118733e-11 3.1839270137312175e-05 1.0969682399228373e-05 1.1996731598677007e-05 9.94263319977974e-06 5.3461295473502675e-05 283.35066586498687 97.6236829155903 106.763813115963 88.48355271521758 475.7738982423983 58.46045177400498 -89.83314973656343 [0.0,109.79197733165537,131.48681339832186,153.1816494649883,174.87648553165477,196.57132159832108,218.26615766498756,239.96099373165393,261.6558297983203,283.35066586498687,312.5509610166866,341.75125616838676,370.95155132008654,400.1518464717864,429.3521416234866,458.55243677518627,487.7527319268863,516.9530270785862,546.1533222302861,575.3536173819864] [-29.23022588700249,-2.69722323251888,-1.8762671490584921,-1.2671119977778318,-0.8162048385360947,-0.488139503222186,-0.25825658800836493,-0.10867775959573578,-0.026019888754547082,0.0,-0.04043451228602635,-0.15377580350207154,-0.3284160830010876,-0.5553217185479014,-0.8273230960431732,-1.1386339369316403,-1.484516391210775,-1.861041826761877,-2.2649162401782945,-2.6933503932918654] False 57874.65603222185 57888.65603222185
2271.3810595726877 2617.821317854317 3017.1020504598932 2.1936430633865964e-14 1.2976740963213576e-14 1.6871970187064174e-14 1.257002065398194e-11 3.282900812936471e-08 0.02398271471079305 4.262241805921668e-12 1.7577853868219763e-12 1.943260937709989e-12 1.5723098359339638e-12 7.835079467215921e-12 2.9209093876518597e-05 1.2046082957358908e-05 1.3317144765762212e-05 1.0775021148955604e-05 5.369370911099808e-05 252.62264920249507 104.18376557882253 115.17688308860912 93.19064806903593 464.3843831127154 45.54242792161537 -76.53553430858553 [0.0,79.30686447422617,100.97133756525979,122.63581065629346,144.300283747327,165.9647568383607,187.62922992939434,209.29370302042798,230.9581761114614,252.62264920249507,285.1563882348168,317.6901272671382,350.2238662994599,382.75760533178146,415.2913443641028,447.8250833964246,480.35882242874635,512.8925614610677,545.4263004933892,577.960039525711] [-22.771213960807685,-2.6982289462700066,-1.818554290600332,-1.1998290391431539,-0.7590181315535318,-0.4473875482297416,-0.23386361879188655,-0.09740641063879707,-0.023103880079546002,0.0,-0.04383614813970382,-0.16416759466167719,-0.34628236291281667,-0.5793527272226271,-0.8551770588110656,-1.1673932582758937,-1.5109663402920006,-1.8818429240533447,-2.2767113533434724,-2.692830912064508] False 57874.65603222185 57888.65603222185
3017.1020504598932 3477.2827010020824 4007.6519721450045 1.2679018044473382e-14 7.455791845541176e-15 9.722762948126106e-15 9.623045870610107e-12 3.337897938278736e-08 0.01848218122837475 1.0676693247341578e-12 7.563296567625436e-13 8.816509347181824e-13 6.310083788069046e-13 2.8263686298541263e-12 1.2909718283193315e-05 9.145156250002689e-06 1.0660477853627386e-05 7.62983464637799e-06 3.4175022107108886e-05 109.81130882553636 77.78958108901678 90.67905279826917 64.90010937976437 290.6960341349122 17.813281425780886 -57.426582263362185 [0.0,11.353289045124376,23.660541517675874,35.96779399022738,48.27504646277886,60.582298935330364,72.88955140788187,85.19680388043332,97.50405635298485,109.81130882553636,138.79024684159572,167.76918485765512,196.74812287371455,225.72706088977392,254.70599890583352,283.68493692189276,312.6638749379523,341.6428129540116,370.62175097007105,399.6006889861305] [-8.906640712890443,-2.680174808621203,-1.4768478173099098,-0.875830145861876,-0.5170207466586518,-0.2899344594186104,-0.14581492286768594,-0.058794873724757224,-0.013489293216515819,0.0,-0.05889551087172862,-0.20636466839138023,-0.41411110082013636,-0.6655532743508701,-0.9501351666460849,-1.2607196929193591,-1.5922550323486888,-1.9410338601842554,-2.304254852795836,-2.679749557809515] False 57874.65603222185 57888.65603222185
4007.6519721450045 4618.915317184078 5323.411028602609 7.241395062769455e-15 4.232908480762109e-15 5.536439521366213e-15 7.279597556881285e-12 3.3535639993032023e-08 0.01400084086009179 2.435633626252072e-12 9.945206033855727e-13 1.0982981262236726e-12 8.907430805474729e-13 4.4508692538345686e-12 5.1962730174739175e-05 2.1217479184857908e-05 2.343150815839324e-05 1.9003450211322572e-05 9.49565302380632e-05 439.92779418116675 179.63180118693998 198.37625282189452 160.88734955198544 803.92267208154 53.63865080469455 -54.997018092014244 [0.0,140.2752864191141,177.7318498893707,215.1884133596271,252.64497682988383,290.10154030014024,327.55810377039694,365.01466724065335,402.4712307109099,439.92779418116675,495.8207169761369,551.7136397711071,607.6065625660773,663.4994853610474,719.3924081560176,775.2853309509879,831.1782537459584,887.0711765409284,942.9640993358987,998.8570221308686] [-26.819325402347275,-2.6990983419613954,-1.8199743749715367,-1.2008946752574232,-0.7595325488813955,-0.4474123877173284,-0.23356313886336721,-0.09698585685454475,-0.022782801449245937,0.0,-0.04418244802818094,-0.16445937088284523,-0.34632874527419233,-0.5790932046399391,-0.8546340486528834,-1.1666426294600782,-1.5101184737468145,-1.8810302180647795,-2.27607980826739,-2.692534372471414] False 57874.65603222185 57888.65603222185
5323.411028602609 6135.359285332078 7071.149185711414 4.086728891225382e-15 2.3746573254404044e-15 3.1152176005276547e-15 5.441522570030949e-12 3.3293419127181114e-08 0.010510927235363288 8.891842901034307e-13 5.129331396143422e-13 5.832670016640899e-13 4.425992775645946e-13 2.0151700105728002e-12 3.347123839977047e-05 1.930815421533971e-05 2.1955706011345722e-05 1.6660602419333693e-05 7.585630626931602e-05 285.4324814911234 164.65403236276714 187.23154413524637 142.0765205902879 646.8793737655666 30.92042242530227 -27.301289227043224 [0.0,50.51799584980691,79.88230655497148,109.24661726013595,138.61092796530056,167.97523867046505,197.33954937562967,226.70386008079416,256.06817078595856,285.4324814911234,342.5684850098662,399.70448852860903,456.84049204735237,513.9764955660951,571.1124990848381,628.2485026035812,685.3845061223242,742.5205096410666,799.6565131598102,856.7925166785527] [-15.460211212651135,-2.698044782793147,-1.646602842755616,-1.0224004998787777,-0.6201379906027888,-0.35418237113436035,-0.18053468429262054,-0.07356838702624557,-0.017039363998197388,0.0,-0.05273285694442009,-0.18974661819986238,-0.38847436065610097,-0.6343521196843263,-0.9174316884579632,-1.2306151653369213,-1.5686603853314054,-1.9275855553182275,-2.3042950206412165,-2.696334382725759] False 57874.65603222185 57888.65603222185
7071.149185711414 8149.575733880153 9392.473966813408 2.2790145785591703e-15 1.3164371893949321e-15 1.7321026373712717e-15 4.019034728526213e-12 3.265830711128337e-08 0.007841692295976865 4.404536965849617e-13 3.1325664040693916e-13 3.6573935530650125e-13 2.6077392550737706e-13 1.1724964051717511e-12 2.9252989766529644e-05 2.0805122915693386e-05 2.4290793109360236e-05 1.7319452722026535e-05 7.787203424041622e-05 254.2884509739082 180.85339381640432 211.15339669568667 150.55339093712195 676.9208590035936 24.735684655505324 -38.95647429715141 [0.0,27.32147808948754,55.69234970004011,84.06322131059274,112.4340929211453,140.80496453169783,169.1758361422504,197.54670775280294,225.91757936335554,254.2884509739082,321.8861449318932,389.4838388898784,457.0815328478636,524.6792268058489,592.276920763834,659.8746147218192,727.4723086798044,795.0700026377897,862.6676965957746,930.2653905537603] [-12.367842327752662,-2.679158473842115,-1.4832593115260053,-0.8833774526821827,-0.5241665510134723,-0.29606594144384246,-0.1506238821149566,-0.06210281815030072,-0.015182321586301839,0.0,-0.055965157557579914,-0.2020327783073057,-0.4092141213050837,-0.6605912474647013,-0.945425092331341,-1.2564705224820685,-1.5886078913775137,-1.9380852033269917,-2.3020705604915435,-2.678373917581787] False 57874.65603222185 57888.65603222185
9392.473966813408 10825.05221838098 12476.13311942254 1.255900102727519e-15 7.211031464403327e-16 9.516477897266128e-16 2.9336791364954404e-12 3.166052145507725e-08 0.005719610169339195 4.865022977816921e-13 2.8854325048527003e-13 3.2825057552699515e-13 2.488359254435448e-13 1.1201527283994453e-12 5.700919332376592e-05 3.381200463839124e-05 3.846497869420773e-05 2.9159030582574748e-05 0.00013126146317632244 511.22096119348265 303.20382561720874 344.92863753857324 261.4790136958442 1177.0664950750743 27.624807293038607 -31.752993422604217 [0.0,79.99237353921133,133.8959469959953,187.79952045277918,241.7030939095632,295.6066673663471,349.51024082313097,403.41381427991473,457.3173877366985,511.22096119348265,616.4611694115034,721.7013776295244,826.9415858475454,932.1817940655664,1037.4220022835866,1142.6622105016072,1247.9024187196285,1353.1426269376489,1458.3828351556704,1563.6230433736923] [-13.812403646519304,-2.7023833076389145,-1.6397224643973836,-1.0162246416283374,-0.6158831981787181,-0.35158006166293276,-0.179128123544519,-0.07294444475518702,-0.0168613630090384,0.0,-0.05284417422382859,-0.1899162465532953,-0.3886406357473824,-0.6344608151457471,-0.9174386115545836,-1.2304852887963484,-1.5683662829142584,-1.9271059087593123,-2.3036133764987277,-2.6954381640733978] False 57874.65603222185 57888.65603222185
