data/PKS2155-304_allsed_14d_min11.ecsv
# %ECSV 1.0
# ---
# datatype:
# - {name: e_min, unit: MeV, datatype: float64}
# - {name: e_ref, unit: MeV, datatype: float64}
# - {name: e_max, unit: MeV, datatype: float64}
# - {name: ref_dnde_e_min, unit: ph / (cm2 MeV s), datatype: float64}
# - {name: ref_dnde_e_max, unit: ph / (cm2 MeV s), datatype: float64}
# - {name: ref_dnde, unit: ph / (cm2 MeV s), datatype: float64}
# - {name: ref_flux, unit: ph / (cm2 s), datatype: float64}
# - {name: ref_eflux, unit: MeV / (cm2 s), datatype: float64}
# - {name: ref_npred, datatype: float64}
# - {name: dnde, unit: ph / (cm2 MeV s), datatype: float64}
# - {name: dnde_err, unit: ph / (cm2 MeV s), datatype: float64}
# - {name: dnde_errp, unit: ph / (cm2 MeV s), datatype: float64}
# - {name: dnde_errn, unit: ph / (cm2 MeV s), datatype: float64}
# - {name: dnde_ul, unit: ph / (cm2 MeV s), datatype: float64}
# - {name: e2dnde, unit: MeV / (cm2 s), datatype: float64}
# - {name: e2dnde_err, unit: MeV / (cm2 s), datatype: float64}
# - {name: e2dnde_errp, unit: MeV / (cm2 s), datatype: float64}
# - {name: e2dnde_errn, unit: MeV / (cm2 s), datatype: float64}
# - {name: e2dnde_ul, unit: MeV / (cm2 s), datatype: float64}
# - {name: norm, datatype: float64}
# - {name: norm_err, datatype: float64}
# - {name: norm_errp, datatype: float64}
# - {name: norm_errn, datatype: float64}
# - {name: norm_ul, datatype: float64}
# - {name: ts, datatype: float64}
# - {name: loglike, datatype: float64}
# - {name: norm_scan, datatype: string, subtype: 'float64[20]'}
# - {name: dloglike_scan, datatype: string, subtype: 'float64[20]'}
# - {name: ShowUL, datatype: bool}
# - {name: tstart, datatype: float64}
# - {name: tend, datatype: float64}
# meta: !!omap
# - {UL_CONF: 0.95}
# - {EXTNAME: SED}
# - {CONFIG: '{"bin_index": 2.0, "use_local_index": true, "free_background": false, "free_radius": null, "free_pars": [], "ul_confidence":
#     0.95, "cov_scale": 3.0, "make_plots": false, "write_fits": true, "write_npy": true, "optimizer": {"optimizer": "MINUIT", "tol":
#     0.001, "max_iter": 100, "init_lambda": 0.0001, "retries": 3, "min_fit_quality": 2, "verbosity": 0}, "prefix": "", "outfile": null,
#     "loge_bins": []}'}
# - {SRCNAME: 4FGL J2158.8-3013}
# - {CREATOR: fermipy 1.2.0}
# - {STVER: 2.2.0}
# schema: astropy-2.0
e_min e_ref e_max ref_dnde_e_min ref_dnde_e_max ref_dnde ref_flux ref_eflux ref_npred dnde dnde_err dnde_errp dnde_errn dnde_ul e2dnde e2dnde_err e2dnde_errp e2dnde_errn e2dnde_ul norm norm_err norm_errp norm_errn norm_ul ts loglike norm_scan dloglike_scan ShowUL tstart tend
[from data line 314]
4007.6519721450045 4618.915317184078 5323.411028602609 7.362006561265512e-15 4.317973959626099e-15 5.638169261572502e-15 7.412833021674157e-12 3.4152156552748036e-08 0.012393840795882127 1.798553678895827e-12 9.086883467719287e-13 1.0231268915711927e-12 7.942498019726647e-13 3.740141577273971e-12 3.837102531100303e-05 1.9386301316958747e-05 2.1827776570420588e-05 1.694482606349691e-05 7.979359682854741e-05 318.9960420581988 161.16726983795672 181.464380387516 140.87015928839747 663.3609960533244 36.13290399453899 -33.79426102581411 [0.0,75.0587851460342,105.55094226005475,136.04309937407535,166.53525648809594,197.02741360211658,227.51957071613717,258.0117278301577,288.50388494417825,318.9960420581988,372.59353128199734,426.19102050579613,479.78850972959447,533.3859989533928,586.9834881771916,640.58097740099,694.1784666247884,747.7759558485873,801.3734450723858,854.9709342961844] [-18.066451997269496,-2.6926915304752654,-1.736452910037599,-1.1150918101501262,-0.6936563695942155,-0.4052501157768589,-0.21179044924235058,-0.08951937075521954,-0.022613025730443326,0.0,-0.04434339868399917,-0.1713982024234184,-0.3616038347271555,-0.601610983514675,-0.8819017325183154,-1.195450530994293,-1.5369234183838998,-1.9021750771250296,-2.2879199438576805,-2.6915097497460323] False 54948.65603222185 54962.65603222185
5323.411028602609 6135.359285332078 7071.149185711414 4.124582626193385e-15 2.400407629732431e-15 3.146534539040754e-15 5.49604063397271e-12 3.3628226996943764e-08 0.009222990030909983 3.246711453447383e-12 1.0677059240835624e-12 1.1633974993907183e-12 9.720143487764067e-13 5.3305224147184055e-12 0.00012221476951753375 4.0191262850236756e-05 4.379334575431374e-05 3.6589179946159764e-05 0.00020065490194120055 1031.83722065138 339.3275715985184 369.7393068329036 308.91583636413316 1694.0930883102453 114.00205921386298 -46.58722967895388 [0.0,425.93889837438047,501.6761886590055,577.4134789436304,653.1507692282556,728.8880595128805,804.6253497975055,880.36264008213,956.099930366755,1031.83722065138,1132.1381163798335,1232.439012108286,1332.7399078367393,1433.040803565193,1533.3416992936468,1633.6425950220985,1733.9434907505527,1834.2443864790048,1934.5452822074587,2034.846177935912] [-57.00102960693149,-2.69364756406258,-1.8797767517438686,-1.2723077219422478,-0.8207573496184395,-0.49122063020099205,-0.25981643651973485,-0.10908389509747707,-0.025866058763625688,0.0,-0.040570927550092506,-0.15331989955255665,-0.3271136895079323,-0.5532274104303454,-0.8246946856628767,-1.1358634472981706,-1.4820838671238974,-1.8594838640377915,-2.2648042370825223,-2.6952753608928717] False 54948.65603222185 54962.65603222185
7071.149185711414 8149.575733880153 9392.473966813408 2.2751346418913117e-15 1.3138710493439464e-15 1.7289400045520685e-15 4.011718295653613e-12 3.259866390591367e-08 0.006809728955629368 1.7183824417900446e-12 6.66343202730912e-13 7.358709891244788e-13 5.968154163373452e-13 3.0664843801717167e-12 0.0001141273745104599 4.425557338176166e-05 4.887330196397175e-05 3.9637844799551576e-05 0.00020366235290542677 993.8936211006592 385.4056248201321 425.61973647843683 345.1915131618274 1773.6210464782307 76.19562981687424 -26.046109434607395 [0.0,344.26635381624766,425.46976222679933,506.6731706373506,587.876579047902,669.0799874584534,750.2833958690047,831.4868042795562,912.6902126901075,993.8936211006592,1112.7334508623912,1231.5732806241235,1350.413110385856,1469.2529401475886,1588.092769909321,1706.932599671053,1825.7724294327852,1944.6122591945177,2063.45208895625,2182.2919187179828] [-38.09781490843712,-2.6984742136717266,-1.8483624108298855,-1.235966393566656,-0.7918107692828009,-0.47313865907618435,-0.2517243667302651,-0.10793919525998774,-0.027572356266926334,0.0,-0.03828685084231154,-0.153348847017444,-0.33124085128035574,-0.561508416987003,-0.836110621517296,-1.1487291699555406,-1.4943084981674488,-1.8687399133893798,-2.2686387805319406,-2.691183665648289] False 54948.65603222185 54962.65603222185
9392.473966813408 10825.05221838098 12476.13311942254 1.2356527232362265e-15 7.080175753014496e-16 9.353415659641898e-16 2.883545830269057e-12 3.111796319214955e-08 0.0048923685692663366 1.3375225755030587e-12 5.032620150957213e-13 5.533096549871297e-13 4.532143752043129e-13 2.3444795572585756e-12 0.00015673324345935827 5.897312642082171e-05 6.483779672346398e-05 5.310845611817943e-05 0.00027473023032533963 1429.9830395373097 538.0515882205422 591.5589289745234 484.5442474665608 2506.5490966840403 106.8571170352714 -13.108363444100625 [0.0,511.51213178756325,626.3209952562815,741.1298587249997,855.938722193718,970.7475856624358,1085.5564491311543,1200.3653125998724,1315.174176068591,1429.9830395373097,1594.5150810547623,1759.0471225722142,1923.5791640896666,2088.1112056071192,2252.6432471245707,2417.175288642024,2581.707330159478,2746.23937167693,2910.771413194382,3075.303454711835] [-53.4285585176357,-2.6968029469093135,-1.8427656842222362,-1.2274492977420906,-0.781844581070736,-0.46312135148741795,-0.24286127106091193,-0.1012391996061055,-0.023873681370453426,0.0,-0.042948635600165375,-0.16076388842528644,-0.3400416522509069,-0.5706836988652952,-0.844892668913932,-1.156522144915213,-1.5006411460804916,-1.8732333847866833,-2.2709841475080843,-2.691125843634902] False 54948.65603222185 54962.65603222185
12476.13311942254 14379.0435808939 16572.19366947696 6.607053397575007e-16 3.756441209118309e-16 4.981867888001035e-16 2.040453508859125e-12 2.9243621322941835e-08 0.0034577030827563915 2.893590627184227e-13 2.0338272240215568e-13 2.36805313524273e-13 1.6996013128003832e-13 7.601111576459813e-13 5.982698114558055e-05 4.2050780038402176e-05 4.8961131178311555e-05 3.514042889849279e-05 0.00015715822227860794 580.8244401971239 408.24591694213433 475.33439032902714 341.15744355524146 1525.7553486649651 23.306493253612924 -8.592206481025963 [0.0,60.2871514816513,125.35431257108536,190.42147366051938,255.48863474995346,320.55579583938743,385.6229569288215,450.69011801825565,515.7572791076894,580.8244401971239,732.3445299955257,883.864619793927,1035.3847095923286,1186.9047993907307,1338.424889189132,1489.9449789875346,1641.4650687859357,1792.9851585843371,1944.5052483827392,2096.025338181141] [-11.653246626806462,-2.6745621997493654,-1.4676983743369512,-0.8668936066392803,-0.5091427090041236,-0.2834353560966605,-0.1408474193047855,-0.05544148919050329,-0.011798052559475636,0.0,-0.06169133524532633,-0.21040822569663398,-0.4185157395501822,-0.6697560132831484,-0.9537502353101299,-1.2634665823363473,-1.5939197671111636,-1.9414466392288485,-2.303276402664716,-2.677262418012255] False 54948.65603222185 54962.65603222185
51591.719177855455 59460.697587199145 68529.88452212527 2.2866510586650934e-17 1.2504736205125984e-17 1.6909751116376332e-17 2.8667763184795307e-13 1.697458286320386e-08 0.0004940921490141914 3.3623961393347125e-14 3.4367425640026126e-14 4.311365474719358e-14 2.5621196532858668e-14 1.2430712757559679e-13 0.00011888002242657507 0.00012150859570158614 0.00015243154080744618 9.058565059572608e-05 0.00043949711757919146 1988.4362083120104 2032.4028073212044 2549.632720817514 1515.1728938248946 7351.209767671326 9.128736600703212 -7.193213157225899 [0.0,220.9373564791123,441.8747129582246,662.8120694373362,883.7494259164492,1104.6867823955613,1325.6241388746723,1546.5614953537852,1767.4988518328985,1988.4362083120104,2864.476247395263,3740.516286478516,4616.556325561768,5492.596364645024,6368.636403728276,7244.676442811533,8120.716481894785,8996.756520978039,9872.796560061284,10748.836599144546] [-4.564368300351606,-1.2931959228090735,-0.7263766379261805,-0.4358625384801309,-0.26025028674661677,-0.14801805648685384,-0.07602688444990768,-0.03187400350933167,-0.008132270563648625,0.0,-0.06900086076104905,-0.23564221295900278,-0.4584555103570809,-0.717816524610706,-1.0028714223401751,-1.3069820348253414,-1.6257908708742255,-1.9562828974210218,-2.2962850920330498,-2.6441794405802286] False 54948.65603222185 54962.65603222185
100.0 115.25240587974294 132.83117061068992 6.080669787558493e-12 3.664293140030954e-12 4.7203131876332136e-12 1.54773216274946e-10 1.780400361477703e-08 0.07745237049825096 1.697188059943775e-09 6.154679984902121e-10 6.458883541814374e-10 5.85047642798987e-10 2.786685199917448e-09 2.254394767488176e-05 8.175333471287327e-06 8.57941061697323e-06 7.771256325601428e-06 3.701586572285194e-05 359.5498841878229 130.3871107753362 136.83167376978406 123.94254778088835 590.3602344052736 9.753082415606514 -807.6436681811917 [0.0,80.64588772259106,115.508887280745,150.371886838899,185.23488639705297,220.09788595520695,254.96088551336095,289.8238850715148,324.686884629669,359.5498841878229,393.0351292988339,426.520374409845,460.0056195208563,493.49086463186757,526.9761097428782,560.4613548538895,593.9465999649008,627.4318450759115,660.9170901869226,694.4023352979336] [-4.876541207803257,-2.711299580557011,-2.0112350967201564,-1.4331016998789892,-0.9657324806066754,-0.599639296084888,-0.32666861859263463,-0.13974496490027377,-0.0326757130274018,0.0,-0.034148203897302665,-0.12860685901716806,-0.2799103394246458,-0.4849199625049323,-0.7407813774793794,-1.0448889563999728,-1.3948558137943792,-1.7884883916249237,-2.22376477788805,-2.6988161020631196] False 54962.65603222185 54976.65603222185
132.83117061068992 153.091119887046 176.4411988580621 3.793764073775393e-12 2.2750357582419153e-12 2.9378476689870342e-12 1.2796582757862504e-10 1.9550853511653323e-08 0.08599246785449298 1.37509757631633e-09 3.4031628050469545e-10 3.574305587496372e-10 3.232020022597537e-10 1.980916712109375e-09 3.222801199435996e-05 7.975955567722027e-06 8.377061041291645e-06 7.574850094152407e-06 4.642652903854943e-05 468.062926077601 115.83864068147415 121.66408848314411 110.01319287980418 674.2748213328542 26.32847435305075 -807.0692922624298 [0.0,223.12803907083648,253.74489994668198,284.36176082252746,314.97862169837293,345.5954825742183,376.2123434500641,406.82920432590964,437.44606520175535,468.062926077601,497.84650362401845,527.630081170436,557.4136587168537,587.197236263271,616.9808138096887,646.7643913561058,676.547968902524,706.3315464489418,736.1151239953589,765.8987015417765] [-13.164237176525376,-2.707136505798644,-2.0121982517764536,-1.4374180185225214,-0.9719550939962573,-0.6065467545987531,-0.3331979046405422,-0.14494608681275167,-0.03568043043151192,0.0,-0.03132844763706544,-0.1237835206403588,-0.2737954938290841,-0.47813232508156034,-0.7338559010657946,-1.038285394990453,-1.3889663607275224,-1.783644493473389,-2.220243216677545,-2.6968444292366485] False 54962.65603222185 54976.65603222185
176.4411988580621 203.35272664697808 234.36890988269914 2.3439452048204935e-12 1.3987641086221445e-12 1.8106977729814219e-12 1.0477346532095971e-10 2.1260470340276925e-08 0.08727140369835268 5.625819212620912e-10 1.5856899746017356e-10 1.6827203252992604e-10 1.4886596239042114e-10 8.493705018978828e-10 2.3264074067234387e-05 6.5571977382508096e-06 6.9584408603783185e-06 6.1559546161233014e-06 3.5123450505390204e-05 310.6989634917188 87.57342049362565 92.93214750734248 82.21469347990883 469.0846338753394 21.295977047697306 -602.1920198286876 [0.0,127.90029046740133,150.75012459544092,173.59995872348063,196.44979285152027,219.2996269795599,242.14946110759968,264.99929523563935,287.84912936367874,310.6989634917188,333.84883699461636,356.9987104975141,380.14858400041174,403.29845750330946,426.44833100620707,449.5982045091048,472.7480780120026,495.89795151489994,519.0478250177981,542.1976985206959] [-10.647988523848653,-2.7005033931611706,-1.9798907980722333,-1.3952704157462676,-0.930187129697174,-0.5712439152601974,-0.3073617581152348,-0.12925487796530888,-0.029049352761944647,0.0,-0.037163712698657037,-0.13610244379663072,-0.29219054439397496,-0.5013479749341059,-0.7599542970182256,-1.0647793402166599,-1.4129267575098083,-1.8017876584076475,-2.22900220539816,-2.6924275641596296] False 54962.65603222185 54976.65603222185
234.36890988269914 270.1158072739371 311.3149665447022 1.4341111927696364e-12 8.516457200967359e-13 1.1051491571118755e-12 8.495084495396534e-11 2.289491907981709e-08 0.08295983159395542 3.4031416892137086e-10 9.199361480529737e-11 9.83490793723637e-11 8.563815023823103e-11 5.099566269998382e-10 2.483018934077163e-05 6.712088659127535e-06 7.175799556175972e-06 6.248377762079098e-06 3.720773555835358e-05 307.93505721049064 83.24090392079515 88.99167930361794 77.49012853797235 461.43692343984185 28.226567073264277 -583.4747355737428 [0.0,137.58471446124196,158.878507304898,180.1723001485541,201.46609299221026,222.7598858358662,244.0536786795223,265.3474715231784,286.6412643668346,307.93505721049064,330.4356892081723,352.9363212058539,375.4369532035356,397.93758520121725,420.43821719889917,442.9388491965808,465.4394811942626,487.940113191944,510.44074518962594,532.9413771873077] [-14.113283536632139,-2.7030002302910816,-1.972211970233161,-1.3850184133140147,-0.9215012955002067,-0.5659126445239053,-0.3055505864421093,-0.12999646227524408,-0.030580874587485596,0.0,-0.03561050384689679,-0.13485678977747284,-0.292329371189453,-0.5033344253092764,-0.7637685573459976,-1.07002033508968,-1.418891924293689,-1.8075360329870591,-2.2334046661039793,-2.694207098498964] False 54962.65603222185 54976.65603222185
311.3149665447022 358.7979888064861 413.52331434760555 8.689132727988324e-13 5.134896469552236e-13 6.679655452822244e-13 6.820923736306642e-11 2.4415434430431624e-08 0.0759023605607102 2.634838962385041e-10 6.08921400933863e-11 6.45937780520888e-11 5.719050213468381e-11 3.7470733175432315e-10 3.391986201552321e-05 7.839010350476736e-06 8.315544402777814e-06 7.362476298175656e-06 4.823832185101165e-05 394.4573160988095 91.16060030859609 96.70226033110293 85.61894028608924 560.9680535183955 50.90545015055022 -530.5958316134394 [0.0,208.13798705194898,231.42790318280643,254.71781931366397,278.0077354445217,301.29765157537906,324.58756770623665,347.8774838370945,371.1673999679519,394.4573160988095,418.93283090843715,443.4083457180647,467.88386052769226,492.35937533732,516.8348901469475,541.310404956575,565.7859197662026,590.2614345758305,614.7369493854582,639.2124641950859] [-25.45272507527511,-2.7039927317331376,-1.9803067285424731,-1.395749208632651,-0.9321800684544996,-0.5750200234604108,-0.3123505872158603,-0.13428544149269328,-0.03251979693834528,0.0,-0.03382970947461672,-0.13140697903429555,-0.2874884813317067,-0.49749864479395,-0.757417170208555,-1.063689696082747,-1.413156060576398,-1.8029921125689725,-2.2306620782480877,-2.6938792395566225] False 54962.65603222185 54976.65603222185
