data/S20109+22_allsed_14d_min11.ecsv
# %ECSV 1.0
# ---
# datatype:
# - {name: e_min, unit: MeV, datatype: float64}
# - {name: e_ref, unit: MeV, datatype: float64}
# - {name: e_max, unit: MeV, datatype: float64}
# - {name: ref_dnde_e_min, unit: ph / (cm2 MeV s), datatype: float64}
# - {name: ref_dnde_e_max, unit: ph / (cm2 MeV s), datatype: float64}
# - {name: ref_dnde, unit: ph / (cm2 MeV s), datatype: float64}
# - {name: ref_flux, unit: ph / (cm2 s), datatype: float64}
# - {name: ref_eflux, unit: MeV / (cm2 s), datatype: float64}
# - {name: ref_npred, datatype: float64}
# - {name: dnde, unit: ph / (cm2 MeV s), datatype: float64}
# - {name: dnde_err, unit: ph / (cm2 MeV s), datatype: float64}
# - {name: dnde_errp, unit: ph / (cm2 MeV s), datatype: float64}
# - {name: dnde_errn, unit: ph / (cm2 MeV s), datatype: float64}
# - {name: dnde_ul, unit: ph / (cm2 MeV s), datatype: float64}
# - {name: e2dnde, unit: MeV / (cm2 s), datatype: float64}
# - {name: e2dnde_err, unit: MeV / (cm2 s), datatype: float64}
# - {name: e2dnde_errp, unit: MeV / (cm2 s), datatype: float64}
# - {name: e2dnde_errn, unit: MeV / (cm2 s), datatype: float64}
# - {name: e2dnde_ul, unit: MeV / (cm2 s), datatype: float64}
# - {name: norm, datatype: float64}
# - {name: norm_err, datatype: float64}
# - {name: norm_errp, datatype: float64}
# - {name: norm_errn, datatype: float64}
# - {name: norm_ul, datatype: float64}
# - {name: ts, datatype: float64}
# - {name: loglike, datatype: float64}
# - {name: norm_scan, datatype: string, subtype: 'float64[20]'}
# - {name: dloglike_scan, datatype: string, subtype: 'float64[20]'}
# - {name: ShowUL, datatype: bool}
# - {name: tstart, datatype: float64}
# - {name: tend, datatype: float64}
# meta: !!omap
# - {UL_CONF: 0.95}
# - {EXTNAME: SED}
# - {CONFIG: '{"bin_index": 2.0, "use_local_index": true, "free_background": false, "free_radius": null, "free_pars": [], "ul_confidence":
#     0.95, "cov_scale": 3.0, "make_plots": false, "write_fits": true, "write_npy": true, "optimizer": {"optimizer": "MINUIT", "tol":
#     0.001, "max_iter": 100, "init_lambda": 0.0001, "retries": 3, "min_fit_quality": 2, "verbosity": 0}, "prefix": "", "outfile": null,
#     "loge_bins": []}'}
# - {SRCNAME: 4FGL J0112.1+2245}
# - {CREATOR: fermipy 1.2.0}
# - {STVER: 2.2.0}
# schema: astropy-2.0
e_min e_ref e_max ref_dnde_e_min ref_dnde_e_max ref_dnde ref_flux ref_eflux ref_npred dnde dnde_err dnde_errp dnde_errn dnde_ul e2dnde e2dnde_err e2dnde_errp e2dnde_errn e2dnde_ul norm norm_err norm_errp norm_errn norm_ul ts loglike norm_scan dloglike_scan ShowUL tstart tend
[from data line 316]
316.2277660168379 365.17412725483774 421.6965034285822 1.1620378381998775e-12 6.293832813276294e-13 8.552000863149538e-13 9.028337966219573e-11 3.282607436886574e-08 0.08442181758948619 1.5619502362335177e-10 5.335558348959093e-11 5.743869987823584e-11 4.927246710094602e-11 2.5699543202158067e-10 2.0828941159899626e-05 7.11508141089491e-06 7.65957373232244e-06 6.57058908946738e-06 3.427089165688504e-05 182.64149656064012 62.389590861127544 67.16404827054971 57.615133451705375 300.50912778665713 19.11190577361799 -406.309256777576 [0.0,62.14070775493622,77.20330635564925,92.26590495636226,107.32850355707522,122.39110215778823,137.45370075850116,152.5162993592142,167.57889795992716,182.64149656064012,200.18745396159488,217.73341136254973,235.27936876350438,252.82532616445897,270.37128356541376,287.91724096636864,305.4631983673231,323.00915576827794,340.55511316923275,358.10107057018735] [-9.555952886808996,-2.6991674540416852,-1.9291587661547283,-1.332192023819573,-0.874260086808988,-0.5310382889050516,-0.2844478538518729,-0.12063733977709035,-0.02872833329900004,0.0,-0.036807039280233766,-0.14055304752980646,-0.30373824194816734,-0.5201499577499362,-0.7845752836512929,-1.092590843963933,-1.440405925528637,-1.8247433446486525,-2.2427475582455827,-2.6919127984048714] False 58070.65603222185 58084.65603222185
421.6965034285822 486.9675251658631 562.341325190349 6.702801880480859e-13 3.5549834934934304e-13 4.881429098662212e-13 6.876092473533746e-11 3.332227830356954e-08 0.07272830167651023 1.3625440190602907e-10 3.9308673618855364e-11 4.203190431442412e-11 3.658544292328661e-11 2.0936037575445081e-10 3.231101059606126e-05 9.321555502418959e-06 9.967335269011204e-06 8.675775735826714e-06 4.964716900715486e-05 279.12809784202443 80.5269785228022 86.1057355640856 74.94822148151879 428.8915633575983 32.255675443111386 -395.08957029136246 [0.0,120.17897501316337,140.04761536677103,159.91625572037856,179.78489607398626,199.65353642759388,219.52217678120152,239.39081713480923,259.2594574884168,279.12809784202443,301.2829991795615,323.43790051709846,345.5928018546354,367.7477031921724,389.9026045297093,412.05750586724656,434.2124072047833,456.3673085423204,478.52220987985737,500.67711121739444] [-16.127837721555693,-2.698789286736144,-1.9493147914294582,-1.358132645400758,-0.8982188817893189,-0.549431087014284,-0.29628606633087884,-0.12658113605527888,-0.03049834666563811,0.0,-0.035192228805158265,-0.13592586737848933,-0.2957380930653244,-0.5091586941221067,-0.7715088657894853,-1.0787495533843412,-1.4273652150019984,-1.8142733987476163,-2.236753460829391,-2.6923896969184966] False 58070.65603222185 58084.65603222185
562.341325190349 649.3816315762112 749.8942093324558 3.7073624108360864e-13 1.9254512226582333e-13 2.671768232235259e-13 5.0218530647201724e-11 3.24368677369069e-08 0.058559416888195104 3.521776813388061e-11 1.6473655748350086e-11 1.8008141004642952e-11 1.493917049205722e-11 6.76354965433118e-11 1.4851209680616002e-05 6.9468830277653975e-06 7.593970094906811e-06 6.299795960623983e-06 2.8521652399970557e-05 131.8144579644795 61.65825145157846 67.40158366797016 55.91491923518675 253.14881630554643 10.47189917728042 -283.08273952091633 [0.0,22.917611626511647,36.529717418757635,50.141823211003604,63.75392900324959,77.36603479549554,90.97814058774154,104.59024637998749,118.20235217223349,131.8144579644795,150.20083153747467,168.58720511047014,186.9735786834654,205.3599522564607,223.7463258294561,242.13269940245127,260.5190729754467,278.905446548442,297.2918201214373,315.6781936944328] [-5.23594958864021,-2.691716179554817,-1.838479316603241,-1.2279289108786884,-0.78490484585069,-0.46636453791921895,-0.2448984967242609,-0.10176869268849487,-0.023495170303306168,0.0,-0.04172576983376075,-0.1548007813279355,-0.3282289723157419,-0.5535052587885616,-0.8238967193449298,-1.13396968395989,-1.4792671683266576,-1.8560821160288583,-2.261293853743723,-2.6922475074400722] False 58070.65603222185 58084.65603222185
749.8942093324558 865.9643233600654 1000.0 1.9662840121157903e-13 1e-13 1.4022424940486545e-13 3.517018675656414e-11 3.0278308863033506e-08 0.044538538783376436 2.2596839948604118e-11 1.0477879320705146e-11 1.1938495283666768e-11 9.017263357743525e-12 4.3495058451676385e-11 1.6945239426670538e-05 7.857301028681076e-06 8.952608481364545e-06 6.7619935759976065e-06 3.2616692467488814e-05 161.14787595233204 74.72230634269731 85.13859289199755 64.30601979339707 310.1821449305416 16.276653392816115 -236.83122915978288 [0.0,36.260807463091986,51.871691024246985,67.48257458540199,83.09345814655703,98.70434170771198,114.31522526886704,129.92610883002203,145.5369923911771,161.14787595233204,183.74080678793274,206.33373762353352,228.92666845913425,251.51959929473486,274.1125301303359,296.7054609659366,319.2983918015374,341.89132263713793,364.4842534727389,387.0771843083396] [-8.138326696408058,-2.6885410758856665,-1.8009073040523162,-1.1870992432741616,-0.7520819175094857,-0.4444555503295078,-0.23302933856047048,-0.0973241424805451,-0.023097557276457792,0.0,-0.04168846045598684,-0.157009232318444,-0.33336176057372313,-0.5613227428146104,-0.8336330814108237,-1.1445639337735827,-1.489502289690222,-1.8646700533508351,-2.2669277058564603,-2.693633444590148] False 58070.65603222185 58084.65603222185
1000.0 1154.781984689458 1333.5214321633239 1e-13 4.9801224953207315e-14 7.056998296245178e-14 2.3619663997992008e-11 2.7102715037893733e-08 0.03195307875175213 1.6982962960292148e-11 6.830415415699169e-12 7.702715876607218e-12 5.9581149547911185e-12 3.055389192555482e-11 2.264714508918547e-05 9.108505347413602e-06 1.0271736707320431e-05 7.945273987506771e-06 4.074426971872929e-05 240.654202358647 96.78924563909038 109.1500316884816 84.42845958969916 432.9587544581335 23.788109714596942 -176.12152535404192 [0.0,73.77956985558755,94.63889891846998,115.49822798135241,136.35755704423485,157.21688610711726,178.0762151699996,198.9355442328821,219.79487329576452,240.654202358647,269.68807539326593,298.72194842788485,327.7558214625037,356.7896944971224,385.8235675317416,414.85744056636054,443.89131360097934,472.92518663559815,501.9590596702174,530.9929327048362] [-11.894054857298471,-2.6940724453283735,-1.8635042370271435,-1.2561196754427897,-0.810068310252916,-0.48668718190137383,-0.26003844361875394,-0.11180246142794203,-0.028521996536909455,0.0,-0.03685182173796875,-0.14832301339899345,-0.3221764463131933,-0.5490074095409625,-0.8214240263457384,-1.1335059601024398,-1.4804347082871914,-1.858233815359597,-2.2635818209062677,-2.693674700073018] False 58070.65603222185 58084.65603222185
1778.2794100389226 2053.525026457146 2371.373705661655 2.2804740934025202e-14 1.089024660828537e-14 1.5759100628195585e-14 9.393703471601918e-12 1.9148757046984752e-08 0.01367416272014843 4.127602871466854e-12 2.467977919544765e-12 2.7872390252966953e-12 2.148716813792834e-12 9.432986465358272e-12 1.740595698439348e-05 1.0407376592109741e-05 1.175368951187306e-05 9.06106367234642e-06 3.977857409330724e-05 261.9186823442136 156.606520750883 176.86536123196478 136.34768026980115 598.5739090009446 10.378170108933261 -159.67267620827639 [0.0,31.12165607488738,59.97128435855318,88.82091264221893,117.67054092588471,146.52016920955055,175.3697974932163,204.21942577688202,233.06905406054773,261.9186823442136,314.37636089196485,366.8340394397162,419.2917179874677,471.749396535219,524.2070750829702,576.6647536307216,629.1224321784731,681.5801107262243,734.0377892739758,786.4954678217267] [-5.189085054466631,-2.688621861751699,-1.6773829131461468,-1.0619436611030721,-0.6557495476138513,-0.3814336357584125,-0.19872071904001132,-0.08372460723521158,-0.021014838279114656,0.0,-0.04512801333032712,-0.17288764075311747,-0.3635099577996641,-0.6036672665613878,-0.8839276621920078,-1.1973605120880109,-1.5387177389284261,-1.903926305111753,-2.2897594769096656,-2.6936160160819043] False 58070.65603222185 58084.65603222185
2371.373705661655 2738.4196342643613 3162.277660168379 1.0225782092295254e-14 4.7818437202500466e-15 6.99271706010528e-15 5.562895595514098e-12 1.511427032586938e-08 0.008187836955124261 2.65614442843681e-12 1.5479326269974432e-12 1.761552607985176e-12 1.3343126460097111e-12 6.0573480392722425e-12 1.9918273260354297e-05 1.1607857134221591e-05 1.320978100162569e-05 1.0005933266817495e-05 4.54237021856156e-05 379.84440176917735 221.36354348278724 251.91246733478653 190.814619630788 866.2366841396332 21.771753306794565 -61.00512746737238 [0.0,65.02915209604701,104.38105830518829,143.73296451432952,183.0848707234709,222.436776932612,261.7886831417533,301.1405893508946,340.492495560036,379.84440176917735,456.4641669707006,533.0839321722237,609.7036973737473,686.3234625752707,762.9432277767938,839.5629929783178,916.1827581798414,992.8025233813646,1069.422288582888,1146.0420537844116] [-10.885876653397283,-2.691391446638825,-1.6503209113649646,-1.0290851103406382,-0.6271524868148504,-0.3603833835183323,-0.18539296087249824,-0.07685103405209759,-0.018672180440390207,0.0,-0.04985699125926857,-0.18456320222371403,-0.38160627748153786,-0.6264359820890348,-0.9090987655328533,-1.2224821065191165,-1.5613247403511181,-1.9216237853596922,-2.300261856235956,-2.694762926006682] False 58070.65603222185 58084.65603222185
3162.277660168379 3651.741272548377 4216.965034285822 4.396838067854226e-15 2.013379252528355e-15 2.9753155366354952e-15 3.159026599698869e-12 1.1439900374106467e-08 0.0046552666918027175 1.2703350217414134e-12 9.097449007301621e-13 1.0620767000240476e-12 7.574131014362763e-13 3.3954922885740284e-12 1.6940189775198367e-05 1.2131643229249666e-05 1.4163020420833649e-05 1.010026603766568e-05 4.527961739558761e-05 426.9580843105855 305.7641751028891 356.96271099536904 254.56563921040913 1141.2209047292079 16.21642439254032 -50.806717272906866 [0.0,43.19425614377217,91.16473466462386,139.1352131854755,187.10569170632724,235.0761702271788,283.0466487480307,331.01712726888235,378.9876057897341,426.9580843105855,541.1925239467928,655.4269635830001,769.6614032192074,883.8958428554141,998.1302824916215,1112.364722127829,1226.5991617640361,1340.8336014002434,1455.0680410364505,1569.302480672657] [-8.10821219627016,-2.67076271120785,-1.4791429974339039,-0.8809320514420307,-0.522603188506011,-0.29504849738331984,-0.14997893678308571,-0.061729510498352624,-0.015016987577638474,0.0,-0.056195000164827036,-0.20232779811593815,-0.4094839872344096,-0.6607818947227813,-0.945502250768044,-1.256411637615436,-1.5883977812895935,-1.9377135539546586,-2.301530398438409,-2.6776606358365314] False 58070.65603222185 58084.65603222185
100.0 115.47819846894582 133.3521432163324 8.197851517846779e-12 4.725932800499885e-12 6.224346984368711e-12 2.074772744501549e-10 2.3890798400072885e-08 0.06527300211588896 2.3024599432193444e-09 8.249885654175129e-10 8.709176780465407e-10 7.790594527884849e-10 3.784417215171851e-09 3.070379680980546e-05 1.1001399332739278e-05 1.1613873893249798e-05 1.038892477222876e-05 5.046601464679504e-05 369.9118877854246 132.54218755627187 139.92113232660205 125.16324278594169 608.0022891840237 10.700164871001562 -586.9048224116423 [0.0,92.39742515186943,127.0867329810638,161.77604081025822,196.4653486394525,231.154656468647,265.84396429784147,300.53327212703596,335.22257995623045,369.9118877854246,404.45938148046525,439.00687517550557,473.5543688705461,508.1018625655866,542.6493562606272,577.1968499556675,611.7443436507078,646.2918373457485,680.8393310407888,715.3868247358295] [-5.350082435500781,-2.7089940366589644,-2.002697840872429,-1.4235805861136441,-0.9581572789986694,-0.595247430235645,-0.325447239311643,-0.1407493468790335,-0.03426240327041796,0.0,-0.03245528947763887,-0.1267745996784697,-0.2788974440408083,-0.4851953241766296,-0.7424087011954725,-1.0475954836803112,-1.398088537926128,-1.7914603438674703,-2.225493367239892,-2.698155046623242] False 58084.65603222185 58098.65603222185
237.13737056616552 273.8419634264361 316.2277660168379 1.5938570316475117e-12 9.16135031589569e-13 1.2083824982337545e-12 9.552329378403647e-11 2.608187487388045e-08 0.07923256492220226 2.374106269051838e-10 9.624691102299924e-11 1.026641595099072e-10 8.982966253609127e-11 4.155085625947491e-10 1.7803285435018542e-05 7.217500124228323e-06 7.698725872246297e-06 6.7362743762103475e-06 3.115874650178545e-05 196.469766197539 79.64937522984617 84.95998548470158 74.33876497499077 343.85516440537805 9.88720779904338 -524.6527371960615 [0.0,40.08940298799017,59.636948389183765,79.18449379037736,98.73203919157093,118.27958459276458,137.8271299939582,157.3746753951518,176.92222079634536,196.469766197539,218.23548549217315,240.0012047868073,261.7669240814413,283.5326433760755,305.29836267070965,327.0640819653439,348.8298012599779,370.59552055461205,392.3612398492461,414.1269591438805] [-4.94360389952169,-2.6985931151066325,-1.9466842166950755,-1.3553888838146122,-0.8961252620176765,-0.5480963673533097,-0.29556920172535683,-0.12627565383911588,-0.030414796834406843,0.0,-0.03509942768596375,-0.1355532156752588,-0.29500133678970997,-0.5080610380258577,-0.7701267110485333,-1.0772199767558277,-1.4258752989080676,-1.8130512858481325,-2.236060921991907,-2.692515986306148] False 58084.65603222185 58098.65603222185
316.2277660168379 365.17412725483774 421.6965034285822 9.197348559338752e-13 5.281374743070731e-13 6.969551232648318e-13 7.34715363517335e-11 2.675090233234615e-08 0.07185008773403878 1.4209943986210632e-10 5.646242332688145e-11 6.066489654084737e-11 5.2259950112915517e-11 2.483315135279232e-10 1.8949264855452214e-05 7.529385161827482e-06 8.089793971719066e-06 6.968976351935896e-06 3.3115539557104206e-05 203.8860682972708 81.01299702395133 87.04275858776589 74.98323546013675 356.30918726105875 11.849941099914304 -510.678274371454 [0.0,48.579152860945655,67.9925172904863,87.40588172002691,106.81924614956759,126.23261057910817,145.6459750086488,165.05933943818954,184.47270386773013,203.8860682972708,226.50647681723194,249.12688533719302,271.7472938571541,294.3677023771152,316.9881108970763,339.6085194170375,362.22892793699845,384.8493364569595,407.4697449769209,430.0901534968818] [-5.924970549957152,-2.6958398328529256,-1.9214494282231271,-1.3253005085679206,-0.8696822833335318,-0.5287368478524286,-0.28380361069048377,-0.12088255045080132,-0.029143850850459785,0.0,-0.03582164765202833,-0.138305800949297,-0.30018957711450867,-0.5154698935816668,-0.779113931912093,-1.0868502542257374,-1.4350146749187616,-1.8204342795603452,-2.2403386281558824,-2.6922907209556115] False 58084.65603222185 58098.65603222185
