data/S20109+22_allsed_14d_min11.ecsv
# %ECSV 1.0
# ---
# datatype:
# - {name: e_min, unit: MeV, datatype: float64}
# - {name: e_ref, unit: MeV, datatype: float64}
# - {name: e_max, unit: MeV, datatype: float64}
# - {name: ref_dnde_e_min, unit: ph / (cm2 MeV s), datatype: float64}
# - {name: ref_dnde_e_max, unit: ph / (cm2 MeV s), datatype: float64}
# - {name: ref_dnde, unit: ph / (cm2 MeV s), datatype: float64}
# - {name: ref_flux, unit: ph / (cm2 s), datatype: float64}
# - {name: ref_eflux, unit: MeV / (cm2 s), datatype: float64}
# - {name: ref_npred, datatype: float64}
# - {name: dnde, unit: ph / (cm2 MeV s), datatype: float64}
# - {name: dnde_err, unit: ph / (cm2 MeV s), datatype: float64}
# - {name: dnde_errp, unit: ph / (cm2 MeV s), datatype: float64}
# - {name: dnde_errn, unit: ph / (cm2 MeV s), datatype: float64}
# - {name: dnde_ul, unit: ph / (cm2 MeV s), datatype: float64}
# - {name: e2dnde, unit: MeV / (cm2 s), datatype: float64}
# - {name: e2dnde_err, unit: MeV / (cm2 s), datatype: float64}
# - {name: e2dnde_errp, unit: MeV / (cm2 s), datatype: float64}
# - {name: e2dnde_errn, unit: MeV / (cm2 s), datatype: float64}
# - {name: e2dnde_ul, unit: MeV / (cm2 s), datatype: float64}
# - {name: norm, datatype: float64}
# - {name: norm_err, datatype: float64}
# - {name: norm_errp, datatype: float64}
# - {name: norm_errn, datatype: float64}
# - {name: norm_ul, datatype: float64}
# - {name: ts, datatype: float64}
# - {name: loglike, datatype: float64}
# - {name: norm_scan, datatype: string, subtype: 'float64[20]'}
# - {name: dloglike_scan, datatype: string, subtype: 'float64[20]'}
# - {name: ShowUL, datatype: bool}
# - {name: tstart, datatype: float64}
# - {name: tend, datatype: float64}
# meta: !!omap
# - {UL_CONF: 0.95}
# - {EXTNAME: SED}
# - {CONFIG: '{"bin_index": 2.0, "use_local_index": true, "free_background": false, "free_radius": null, "free_pars": [], "ul_confidence":
#     0.95, "cov_scale": 3.0, "make_plots": false, "write_fits": true, "write_npy": true, "optimizer": {"optimizer": "MINUIT", "tol":
#     0.001, "max_iter": 100, "init_lambda": 0.0001, "retries": 3, "min_fit_quality": 2, "verbosity": 0}, "prefix": "", "outfile": null,
#     "loge_bins": []}'}
# - {SRCNAME: 4FGL J0112.1+2245}
# - {CREATOR: fermipy 1.2.0}
# - {STVER: 2.2.0}
# schema: astropy-2.0
e_min e_ref e_max ref_dnde_e_min ref_dnde_e_max ref_dnde ref_flux ref_eflux ref_npred dnde dnde_err dnde_errp dnde_errn dnde_ul e2dnde e2dnde_err e2dnde_errp e2dnde_errn e2dnde_ul norm norm_err norm_errp norm_errn norm_ul ts loglike norm_scan dloglike_scan ShowUL tstart tend
[from data line 352]
749.8942093324558 865.9643233600654 1000.0 1.865626294521414e-13 1e-13 1.365879311843259e-13 3.420398456030224e-11 2.9483541094352185e-08 0.04364257777375946 1.5545688096815432e-11 8.762843269202223e-12 1.0072646166935371e-11 7.453040371469075e-12 3.3763393349061684e-11 1.1657621483890379e-05 6.571205424862634e-06 7.553419033239591e-06 5.588991816485675e-06 2.5318973159875313e-05 113.81450734352565 64.15532612011478 73.74477437060159 54.56587786962796 247.1916300093737 10.131059988918423 -277.16961152951967 [0.0,15.15036834411583,27.483385719042044,39.81640309396828,52.149420468894505,64.48243784382073,76.81545521874696,89.1484725936732,101.4814899685994,113.81450734352565,134.25432812528214,154.69414890703868,175.1339696887951,195.57379047055164,216.01361125230812,236.45343203406472,256.89325281582103,277.33307359757777,297.7728943793341,318.2127151610907] [-5.065529994459212,-2.6863129822961014,-1.7327390447909465,-1.1178868388317937,-0.6993797576777752,-0.41095633189900127,-0.21593463614016173,-0.09169754464414837,-0.023228017600615658,0.0,-0.041333091272406364,-0.16182391091649606,-0.34494646605344315,-0.5790605059788163,-0.855629255017675,-1.1681887168517733,-1.5117157688868588,-1.8822221536708525,-2.2764833710443213,-2.691851721064097] False 58126.65603222185 58140.65603222185
1000.0 1154.781984689458 1333.5214321633239 1e-13 5.339947646006305e-14 7.307494540542818e-14 2.4405004753362046e-11 2.805063006012024e-08 0.03341125008186652 1.7269998184009133e-11 6.763934077820659e-12 7.429506867923057e-12 6.09836128771826e-12 3.0765338978097665e-11 2.3029912711797863e-05 9.019851058513716e-06 9.907406638780008e-06 8.132295478247426e-06 4.102623889506293e-05 236.33268678058116 92.56160288993138 101.66968756121953 83.45351821864323 421.01076925077444 31.133733555820015 -239.02602679653356 [0.0,75.35884452929994,95.4805748107101,115.60230509212029,135.72403537353043,155.84576565494058,175.96749593635076,196.08922621776085,216.21095649917115,236.33268678058116,264.45185061850674,292.5710144564323,320.6901782943577,348.8093421322833,376.9285059702089,405.0476698081343,433.1668336460599,461.28599748398517,489.40516132191084,517.5243251598362] [-15.566866777910008,-2.698625939751281,-1.8483762092704126,-1.2347373216835251,-0.7889144704102762,-0.46881402301292496,-0.24669871699140344,-0.10327113827253243,-0.02453524007327701,0.0,-0.04152090415786347,-0.15665938375440192,-0.3330385989225988,-0.5612271599135852,-0.8338645466397168,-1.1450904146626328,-1.4901588804862342,-1.8651699670478763,-2.266877799100172,-2.692550555600093] False 58126.65603222185 58140.65603222185
1333.5214321633239 1539.926526059492 1778.2794100389226 5.319841002402695e-14 2.8300708290844924e-14 3.880145208142018e-14 1.7282434128022944e-11 2.6486795599182453e-08 0.02483404310017645 1.0308463739062541e-11 4.172519631800902e-12 4.602155570827321e-12 3.742883692774483e-12 1.873470335112629e-11 2.444521985657954e-05 9.89460334120971e-06 1.0913430710024213e-05 8.875775972395208e-06 4.442698291023218e-05 265.672112410419 107.5351412891809 118.60781810872052 96.46246446964129 482.83510915554825 39.29297945362754 -166.57156651012343 [0.0,84.33147291843869,106.99905285493618,129.6666327914337,152.33421272793123,175.0017926644288,197.66937260092632,220.3369525374239,243.0045324739214,265.672112410419,298.94746627309814,332.22282013577757,365.498173998457,398.7735278611361,432.04888172381555,465.3242355864947,498.59958944917395,531.8749433118531,565.1502971745326,598.4256510372118] [-19.64648972681377,-2.700799763895418,-1.8272555475278125,-1.208890255245791,-0.7662517336682129,-0.4521995473537004,-0.2364349754900843,-0.09831210905275611,-0.023119991921305427,0.0,-0.04357949328618815,-0.16257489755011534,-0.3430386862384296,-0.5745997902819227,-0.8493321919648338,-1.1610390966413888,-1.5047818064013256,-1.876559200946872,-2.273083438278803,-2.6916191223713497] False 58126.65603222185 58140.65603222185
1778.2794100389226 2053.525026457146 2371.373705661655 2.8087986742365973e-14 1.488609948885964e-14 2.044799660330152e-14 1.214660035384443e-11 2.482218688959537e-08 0.017887861352802514 4.36738521500912e-12 2.5415353209467405e-12 2.8593491180256685e-12 2.2237215238678117e-12 9.748373095105538e-12 1.8417110742950326e-05 1.0717565581834798e-05 1.2057775251530249e-05 9.377355912139348e-06 4.110854848323271e-05 213.5849931774718 124.29263219539003 139.83517180181846 108.75009258896156 476.73976498663797 14.821536993474808 -110.78663381709927 [0.0,29.250389009435384,52.29221453043993,75.33404005144448,98.37586557244902,121.4176910934536,144.45951661445812,167.50134213546272,190.54316765646732,213.5849931774718,254.42007164821223,295.2551501189526,336.0902285896929,376.92530706043334,417.7603855311735,458.5954640019138,499.4305424726544,540.2656209433945,581.100699414135,621.9357778848754] [-7.410768496737404,-2.6889245405443347,-1.6630528243234721,-1.0495173544262286,-0.6466125032067964,-0.3749384279166179,-0.1941835907998808,-0.08074666034860911,-0.019476975155058085,0.0,-0.046277337708914956,-0.1728904965665663,-0.3615070092815955,-0.5995905289060346,-0.878153572925271,-1.190513750624035,-1.5315562917591592,-1.8972725023261603,-2.284458041221626,-2.6905084580682086] False 58126.65603222185 58140.65603222185
5623.41325190349 6493.816315762113 7498.942093324558 2.0241445046508843e-15 1.0566920322318477e-15 1.4624969641508559e-15 2.7484779571639775e-12 1.7755002681066066e-08 0.004033070592749932 1.0645358544880236e-12 6.266049513390931e-13 7.14317603241361e-13 5.388922994368252e-13 2.4490265829791673e-12 4.489110476119576e-05 2.642371170107325e-05 3.012252356243673e-05 2.2724899839709772e-05 0.00010327459468459635 727.8892747008925 428.448719346852 488.4233066809153 368.4741320127887 1674.5515669505016 27.46731171452798 -39.667897674916965 [0.0,122.5118830796795,198.18405703233105,273.8562309849828,349.5284049376345,425.20057889028595,500.8727528429376,576.5449267955893,652.2171007482409,727.8892747008925,877.2308085597266,1026.5723424185608,1175.9138762773948,1325.2554101362282,1474.5969439950622,1623.938477853896,1773.2800117127306,1922.6215455715637,2071.963079430398,2221.3046132892327] [-13.73365585726399,-2.700363417589017,-1.653116767071623,-1.0307202273334184,-0.6286290920633135,-0.3618651730674429,-0.18679432626093728,-0.0779976513663101,-0.019355781567462316,0.0,-0.04918056328650522,-0.1843231945170416,-0.38222112054392454,-0.6279583138039655,-0.9113768580794641,-1.2252461567740411,-1.5642359860967403,-1.924303819366024,-2.3023107588215836,-2.6957707807390747] False 58126.65603222185 58140.65603222185
23713.737056616555 27384.196342643612 31622.776601683796 6.377743369900987e-17 3.2672489374656985e-17 4.5648302540990393e-17 3.619720737355839e-13 9.856156809110221e-09 0.0005465696045092727 8.362306769299581e-14 8.412107023241175e-14 1.0544091825466766e-13 6.280122221015583e-14 3.045902225413106e-13 6.270845422959352e-05 6.30819034501344e-05 7.906953402587212e-05 4.709427287439667e-05 0.00022841044410301287 1831.8987352904435 1842.808287490522 2309.854088440328 1375.762486540716 6672.542144755557 15.709479051641736 -11.978761918787253 [0.0,203.5443039211603,407.0886078423206,610.632911763481,814.1772156846412,1017.7215196058022,1221.265823526962,1424.8101274481232,1628.3544313692823,1831.8987352904435,2629.3158440554494,3426.7329528204536,4224.150061585462,5021.567170350467,5818.9842791154715,6616.40138788048,7413.818496645486,8211.235605410488,9008.652714175496,9806.0698229405] [-7.854739525820868,-1.3083063811520521,-0.7267733452736511,-0.4324942555881126,-0.2558911768955774,-0.14378384797930366,-0.07247716454940978,-0.029329191149169986,-0.006792929410279314,0.0,-0.07342477803484826,-0.24331762883312358,-0.4688758034331073,-0.7307173415963728,-1.0180977106449198,-1.3244352908341277,-1.6454047856303866,-1.9780108384390065,-2.3200931299594814,-2.670042213286216] False 58126.65603222185 58140.65603222185
177.82794100389228 205.3525026457146 237.13737056616552 4.11706607030918e-12 2.2155923850261363e-12 3.0202218848996015e-12 1.7933096088512963e-10 3.666059854823883e-08 0.1166224386044728 5.36609906376729e-10 1.8506286054801628e-10 1.9603727182064967e-10 1.740884492753829e-10 8.740575436984943e-10 2.2628652122420548e-05 7.804036120758979e-06 8.26682320684465e-06 7.341249034673306e-06 3.685870099730302e-05 177.6723455517133 61.274590940912994 64.90823498789605 57.640946893929936 289.4017648400524 13.608196627631287 -565.4115356462711 [0.0,53.90799209225189,69.37853627468455,84.84908045711721,100.31962463954986,115.7901688219826,131.26071300441518,146.73125718684793,162.2018013692805,177.6723455517133,194.08613967718154,210.4999338026499,226.91372792811816,243.32752205358653,259.74131617905493,276.15511030452325,292.56890442999156,308.9826985554599,325.39649268092825,341.8102868063965] [-6.8040983138156435,-2.7027121940431016,-1.9750723289103007,-1.3897004975799518,-0.9269425095120596,-0.5712750563697,-0.3101846840257849,-0.13341006184373327,-0.03241315057823613,0.0,-0.03377320048957699,-0.1315904423925076,-0.28805751122001766,-0.4984938529896681,-0.758807233989387,-1.0653953259037507,-1.4150674717565153,-1.8049817976894929,-2.2325941472558952,-2.695616232403495] False 58140.65603222185 58154.65603222185
237.13737056616552 273.8419634264361 316.2277660168379 2.2045986449944738e-12 1.1875820614731737e-12 1.6180673050103639e-12 1.2811532969891114e-10 3.4926552352335956e-08 0.10409809957043786 2.770879896327147e-10 1.0059901860206592e-10 1.0693330522241563e-10 9.42647319817162e-11 4.61239639731254e-10 2.0778667890114427e-05 7.543862151421722e-06 8.018866637106952e-06 7.068857665736492e-06 3.458809349490554e-05 171.24626940715544 62.17233256648837 66.08705638590894 58.257608747067806 285.05590484587395 12.335494121880288 -493.7861474345272 [0.0,46.23634105415992,61.86258209828434,77.48882314240879,93.11506418653313,108.7413052306576,124.36754627478207,139.9937873189065,155.62002836303088,171.24626940715544,188.05288847820097,204.85950754924644,221.6661266202921,238.47274569133774,255.27936476238315,272.0859838334288,288.8926029044744,305.69922197552006,322.5058410465655,339.312460117611] [-6.167747060940144,-2.6911533678090223,-1.9506676664510678,-1.3620291340771473,-0.9013364795310395,-0.5504573953499516,-0.29522394089065074,-0.12430193298001768,-0.02844766466745341,0.0,-0.03729625327747499,-0.1383631261740561,-0.2974464697586541,-0.5096070349206911,-0.7705666913608411,-1.0765902442661286,-1.4243932257368783,-1.8110689796559427,-2.2340303060670976,-2.690962249743791] False 58140.65603222185 58154.65603222185
562.341325190349 649.3816315762112 749.8942093324558 3.425621859088554e-13 1.850843553380067e-13 2.5179932752515225e-13 4.727413247324143e-11 3.056393160849682e-08 0.058004892705782685 3.5264746950686946e-11 1.676800933394828e-11 1.83309522768163e-11 1.5205066391080263e-11 6.825394192696344e-11 1.4871020483398445e-05 7.071010905583821e-06 7.730098479649644e-06 6.411923331518e-06 2.8782448655818e-05 140.05099734495656 66.5927486731406 72.79984604003845 60.38565130624278 271.064830068482 9.71513963008988 -314.70502198569017 [0.0,22.28983409894033,37.009979504692346,51.730124910444395,66.45027031619638,81.17041572194842,95.89056112770047,110.6107065334525,125.33085193920458,140.05099734495656,159.84952984954322,179.64806235412993,199.44659485871665,219.24512736330323,239.04365986788986,258.84219237247663,278.6407248770632,298.43925738164984,318.23778988623656,338.0363223908233] [-4.85756981504494,-2.694443781885866,-1.8436361748471768,-1.2338506617600729,-0.790612856846451,-0.4712668607861019,-0.2486606870508581,-0.10424404914778052,-0.024679666340261974,0.0,-0.04011148455310831,-0.1515208407701607,-0.3234666709107614,-0.5476104483479389,-0.8173384663479624,-1.1273025358779591,-1.473106657894732,-1.8510867086190501,-2.2581514868642785,-2.691665461760465] False 58140.65603222185 58154.65603222185
749.8942093324558 865.9643233600654 1000.0 1.8490031245368445e-13 1e-13 1.3597805427850647e-13 3.4042861484302665e-11 2.935094262309288e-08 0.04592548911761307 2.0525188078454036e-11 9.387892673113119e-12 1.0300487023956206e-11 8.475298322270033e-12 3.918603539233934e-11 1.539171968549224e-05 7.039926353402118e-06 7.724275572568861e-06 6.355577134235376e-06 2.9385381027411944e-05 150.94485788430916 69.0397632391849 75.75109879759741 62.328427680772386 288.17911537460003 14.459268900094116 -190.9462251111836 [0.0,33.08940267011141,47.82133457188613,62.553266473660834,77.2851983754356,92.0171302772103,106.74906217898503,121.48099408075976,136.21292598253447,150.94485788430916,171.82430734030712,192.70375679630504,213.58320625230306,234.462655708301,255.3421051642988,276.2215546202967,297.1010040762946,317.9804535322928,338.8599029882907,359.7393524442885] [-7.229634450047058,-2.6924366862976967,-1.8222216170192667,-1.2090124740932993,-0.7691995498976496,-0.45575572255756924,-0.23924718838887316,-0.09986868868614351,-0.023575068911668495,0.0,-0.041851791830595175,-0.157145035660335,-0.333510823191034,-0.561586348420775,-0.8340948374632262,-1.145256481899537,-1.4903960029491827,-1.8656724145848784,-2.267887649549067,-2.6943477388001327] False 58140.65603222185 58154.65603222185
1000.0 1154.781984689458 1333.5214321633239 1e-13 5.413702926812125e-14 7.357786981703215e-14 2.4563639462314735e-11 2.8242234490859154e-08 0.03577239359979123 1.1241420807615155e-11 5.688402992714544e-12 6.325225956642605e-12 5.051580028786484e-12 2.2980329914766997e-11 1.4990675574921552e-05 7.5856073055668365e-06 8.434824376458677e-06 6.7363902346749975e-06 3.0644762459525766e-05 152.7826347184209 77.31133025269733 85.96641860346998 68.6562419019247 312.3266543583381 15.206622038358432 -221.37503128931928 [0.0,29.114969007761836,44.573427221594244,60.03188543542663,75.49034364925905,90.94880186309143,106.40726007692383,121.86571829075618,137.32417650458848,152.7826347184209,177.36921186779767,201.95578901717462,226.54236616655163,251.12894331592835,275.71552046530513,300.30209761468217,324.88867476405886,349.47525191343584,374.06182906281276,398.6484062121895] [-7.603311019179216,-2.706647049270032,-1.7607251879356909,-1.137570631398546,-0.7097828851318866,-0.4142697359011436,-0.2148749252522748,-0.08883120631224983,-0.020817580593359253,0.0,-0.045207805734548856,-0.1674077145914339,-0.3510336860508687,-0.5849774336179223,-0.8610123388754971,-1.172861747344058,-1.5156182532794276,-1.8853658001023916,-2.278924786247444,-2.6936748493740197] False 58140.65603222185 58154.65603222185
