data/S20109+22_allsed_14d_min11.ecsv
# %ECSV 1.0
# ---
# datatype:
# - {name: e_min, unit: MeV, datatype: float64}
# - {name: e_ref, unit: MeV, datatype: float64}
# - {name: e_max, unit: MeV, datatype: float64}
# - {name: ref_dnde_e_min, unit: ph / (cm2 MeV s), datatype: float64}
# - {name: ref_dnde_e_max, unit: ph / (cm2 MeV s), datatype: float64}
# - {name: ref_dnde, unit: ph / (cm2 MeV s), datatype: float64}
# - {name: ref_flux, unit: ph / (cm2 s), datatype: float64}
# - {name: ref_eflux, unit: MeV / (cm2 s), datatype: float64}
# - {name: ref_npred, datatype: float64}
# - {name: dnde, unit: ph / (cm2 MeV s), datatype: float64}
# - {name: dnde_err, unit: ph / (cm2 MeV s), datatype: float64}
# - {name: dnde_errp, unit: ph / (cm2 MeV s), datatype: float64}
# - {name: dnde_errn, unit: ph / (cm2 MeV s), datatype: float64}
# - {name: dnde_ul, unit: ph / (cm2 MeV s), datatype: float64}
# - {name: e2dnde, unit: MeV / (cm2 s), datatype: float64}
# - {name: e2dnde_err, unit: MeV / (cm2 s), datatype: float64}
# - {name: e2dnde_errp, unit: MeV / (cm2 s), datatype: float64}
# - {name: e2dnde_errn, unit: MeV / (cm2 s), datatype: float64}
# - {name: e2dnde_ul, unit: MeV / (cm2 s), datatype: float64}
# - {name: norm, datatype: float64}
# - {name: norm_err, datatype: float64}
# - {name: norm_errp, datatype: float64}
# - {name: norm_errn, datatype: float64}
# - {name: norm_ul, datatype: float64}
# - {name: ts, datatype: float64}
# - {name: loglike, datatype: float64}
# - {name: norm_scan, datatype: string, subtype: 'float64[20]'}
# - {name: dloglike_scan, datatype: string, subtype: 'float64[20]'}
# - {name: ShowUL, datatype: bool}
# - {name: tstart, datatype: float64}
# - {name: tend, datatype: float64}
# meta: !!omap
# - {UL_CONF: 0.95}
# - {EXTNAME: SED}
# - {CONFIG: '{"bin_index": 2.0, "use_local_index": true, "free_background": false, "free_radius": null, "free_pars": [], "ul_confidence":
#     0.95, "cov_scale": 3.0, "make_plots": false, "write_fits": true, "write_npy": true, "optimizer": {"optimizer": "MINUIT", "tol":
#     0.001, "max_iter": 100, "init_lambda": 0.0001, "retries": 3, "min_fit_quality": 2, "verbosity": 0}, "prefix": "", "outfile": null,
#     "loge_bins": []}'}
# - {SRCNAME: 4FGL J0112.1+2245}
# - {CREATOR: fermipy 1.2.0}
# - {STVER: 2.2.0}
# schema: astropy-2.0
e_min e_ref e_max ref_dnde_e_min ref_dnde_e_max ref_dnde ref_flux ref_eflux ref_npred dnde dnde_err dnde_errp dnde_errn dnde_ul e2dnde e2dnde_err e2dnde_errp e2dnde_errn e2dnde_ul norm norm_err norm_errp norm_errn norm_ul ts loglike norm_scan dloglike_scan ShowUL tstart tend
[from data line 73]
421.6965034285822 486.9675251658631 562.341325190349 4.853909300020806e-13 2.8667804748795187e-13 3.7302938769131523e-13 5.2408307527949843e-11 2.5463159823098644e-08 0.05348172143167207 1.4453923752988525e-10 3.845383481990657e-11 4.1116372101539337e-11 3.57912975382738e-11 2.1604600705962785e-10 3.4275654731475416e-05 9.118841277378303e-06 9.750228367379082e-06 8.487454187377522e-06 5.123258203543938e-05 387.47413018700996 103.0852691202105 110.22287642271085 95.94766181771014 579.1661841892404 37.29018757014944 -444.54581841231993 [0.0,182.18410587595162,207.84535891483407,233.5066119537163,259.1678649925986,284.8291180314809,310.4903710703633,336.1516241092454,361.8128771481277,387.47413018700996,415.85878720179755,444.24344421658515,472.6281012313728,501.0127582461605,529.3974152609482,557.7820722757358,586.1667292905234,614.5513863053111,642.9360433200987,671.3207003348863] [-18.64509378507472,-2.7016304877859056,-1.9602897217749842,-1.370399629380472,-0.9086273571903121,-0.5568626052107106,-0.30073675662237065,-0.1286383133696063,-0.031035994030276015,0.0,-0.03519094677369594,-0.13605568608068097,-0.2961476552603699,-0.509964243519903,-0.7727674494664711,-1.0804456954398347,-1.4294058746555152,-1.816487965162537,-2.238896732942635,-2.6941465459188976] False 55606.65603222185 55620.65603222185
562.341325190349 649.3816315762112 749.8942093324558 2.980046330154373e-13 1.726281069279963e-13 2.26812644385685e-13 4.251071630655176e-11 2.753017068085638e-08 0.047509160152614804 8.579447364081417e-11 2.2905715900805558e-11 2.4524957540194808e-11 2.128647426141631e-11 1.2855204350072736e-10 3.617922954782701e-05 9.659260303898184e-06 1.0342088841434596e-05 8.976431766361772e-06 5.420994725285573e-05 378.26142309299314 100.98958972435148 108.12870511086317 93.85047433783978 566.7763534476068 49.03663094391277 -289.45439097888817 [0.0,181.35719538572025,205.97022384912944,230.58325231253852,255.19628077594763,279.80930923935665,304.42233770276584,329.03536616617487,353.6483946295842,378.26142309299314,406.25493143730006,434.2484397816065,462.2419481259131,490.2354564702198,518.2289648145264,546.222473158833,574.2159815031397,602.2094898474463,630.2029981917532,658.1965065360599] [-24.518315471956384,-2.6993136191867393,-1.9488355033179232,-1.356479042422336,-0.8959616880538306,-0.5472436659400159,-0.2946624492513479,-0.12572358565853392,-0.03028670730924432,0.0,-0.03593420096092359,-0.13860616075055532,-0.30087447811155243,-0.516714959995511,-0.7809960408834513,-1.0893084269937958,-1.4378338773784094,-1.8232427390636872,-2.2426129464903966,-2.6933652744068013] False 55606.65603222185 55620.65603222185
749.8942093324558 865.9643233600654 1000.0 1.7600532076010977e-13 1e-13 1.326669969359787e-13 3.317276527479608e-11 2.8634560467879437e-08 0.040009090044623385 3.661270689798088e-11 1.2658436077718483e-11 1.3720403503859319e-11 1.1596468651577651e-11 6.09612077541102e-11 2.7455656890782323e-05 9.492487913886138e-06 1.0288851137248841e-05 8.696124690523434e-06 4.571445668872005e-05 275.97449059353573 95.41510978670213 103.41986945314208 87.4103501202622 459.50544718765536 29.643848562551625 -203.21422279715452 [0.0,99.94295687601252,121.94689859070293,143.9508403053933,165.95478202008368,187.95872373477403,209.9626654494645,231.96660716415485,253.9705488788454,275.97449059353573,303.5414836021306,331.1084766107252,358.67546961932,386.24246262791485,413.80945563650965,441.37644864510463,468.94344165369927,496.5104346622939,524.0774276708889,551.6444206794837] [-14.821924281275813,-2.6984977299042043,-1.8996862267755716,-1.295841403845941,-0.8417415743785739,-0.506865210956505,-0.26951300544075707,-0.11363634063718564,-0.026991426856142198,0.0,-0.038806055641856574,-0.14737438662379532,-0.31627040568452003,-0.5379116260408239,-0.8061042701370411,-1.1157179267909214,-1.4624512799321678,-1.842659693624256,-2.253225882791952,-2.6914612639921245] False 55606.65603222185 55620.65603222185
1000.0 1154.781984689458 1333.5214321633239 1e-13 5.5726262185848186e-14 7.465002490679306e-14 2.4902897806088645e-11 2.865214553179391e-08 0.03188973882178214 3.854552777727421e-11 1.0057747565302739e-11 1.0810060453637154e-11 9.305434676968325e-12 5.748927991585362e-11 5.140128740504189e-05 1.3412221937619693e-05 1.441544729790633e-05 1.2408996577333061e-05 7.666318688742735e-05 516.349831435443 134.7320054864107 144.8098706883814 124.65414028444005 770.1173574641657 91.43308385629763 -184.1894893373023 [0.0,257.6872060948576,290.0200342624306,322.3528624300039,354.685690597577,387.01851876515013,419.3513469327234,451.68417510029644,484.01700326786965,516.349831435443,554.1737825442203,591.997733652998,629.8216847617754,667.6456358705531,705.4695869793305,743.2935380881081,781.1174891968863,818.9414403056634,856.7653914144414,894.589342523219] [-45.716541928148814,-2.698399125011065,-1.9371491640113163,-1.3416666937459354,-0.8822722687634723,-0.5367266256029382,-0.2879173937786277,-0.12238385478275404,-0.029339023319835178,0.0,-0.036879490837861795,-0.14149530654074738,-0.3059794822652009,-0.5237837786441446,-0.7893977659200857,-1.0981387152964714,-1.4459923477015195,-1.8294903054021745,-2.2456146018479046,-2.691722200566346] False 55606.65603222185 55620.65603222185
1333.5214321633239 1539.926526059492 1778.2794100389226 5.4656979150766874e-14 2.9873853698873665e-14 4.040810065781857e-14 1.7984693767745356e-11 2.758092234358485e-08 0.023993043404845205 1.2850304987044417e-11 4.948894365050253e-12 5.434426920790885e-12 4.463361809309621e-12 2.2719689449744327e-11 3.047287535600997e-05 1.1735677969377303e-05 1.2887057105303339e-05 1.0584298833451266e-05 5.387687416192222e-05 318.0130908864685 122.47282808361076 134.48855136276683 110.4571048044547 562.2558120743616 34.33002887041232 -135.61619235935683 [0.0,104.73725228975759,131.39673211434652,158.05621193893543,184.71569176352412,211.37517158811298,238.03465141270166,264.6941312372908,291.35361106187946,318.0130908864685,355.2362561749948,392.4594214635211,429.68258675204737,466.9057520405737,504.12891732910003,541.3520826176265,578.5752479061529,615.7984131946791,653.0215784832055,690.2447437717319] [-17.16501443520616,-2.6977044810493,-1.8498273817066888,-1.2360361723875712,-0.7894873189916041,-0.46873841459105847,-0.24624538701607435,-0.10273373654484885,-0.02416831860168145,0.0,-0.042179707619766305,-0.15798333582381474,-0.33494340188630645,-0.5635552562527835,-0.8364014066209506,-1.1475782872961133,-1.4923079076556576,-1.8666669830874127,-2.2673932260649394,-2.6917437768643424] False 55606.65603222185 55620.65603222185
1778.2794100389226 2053.525026457146 2371.373705661655 2.873840571859645e-14 1.5406145940219266e-14 2.1041579612517898e-14 1.2495140691724732e-11 2.554144313243069e-08 0.017097728209945595 1.679991591495434e-11 4.7198207130670165e-12 5.121447413829369e-12 4.318194012304665e-12 2.5912663953600684e-11 7.084465799230435e-05 1.9903318915101584e-05 2.1596964669051997e-05 1.820967316115117e-05 0.00010927279783753267 798.4151486877852 224.30923913426807 243.39652764389209 205.22195062464405 1231.4980353559063 86.01290368134931 -169.06629645705706 [0.0,378.78130337247256,431.2355340368865,483.68976470130076,536.1439953657151,588.5982260301289,641.052456694543,693.5066873589566,745.9609180233713,798.4151486877852,863.1199594996241,927.8247703114622,992.5295811233018,1057.2343919351404,1121.9392027469787,1186.6440135588177,1251.3488243706563,1316.0536351824956,1380.7584459943344,1445.4632568061727] [-43.00645184067466,-2.6977863297978217,-1.9286006446561998,-1.3328063842936615,-0.8765088755842214,-0.5349502044565781,-0.28948270297942713,-0.12570303950968764,-0.03224984453473212,0.0,-0.033602127557514905,-0.1377732519765118,-0.30340806617101634,-0.5230746247943614,-0.790626247826566,-1.1009200312480232,-1.449608600415985,-1.8329833336075865,-2.2478544859589533,-2.6914582441557684] False 55606.65603222185 55620.65603222185
3162.277660168379 3651.741272548377 4216.965034285822 7.073120080962436e-15 3.64765528172866e-15 5.079399947003947e-15 5.3699735846950374e-12 1.9501757362942914e-08 0.007464745843215659 2.4884463607578557e-12 1.3449563730779625e-12 1.5145488557648125e-12 1.1753638903911123e-12 5.357881126800207e-12 3.318396554859427e-05 1.7935281488241143e-05 2.019683359220816e-05 1.5673729384274123e-05 7.144849313571455e-05 489.90951425781117 264.7864683054298 298.17475913826394 231.39817747259568 1054.8256059183764 30.799392211157652 -43.51168589751677 [0.0,94.6599686967369,144.06616189187116,193.4723550870054,242.87854828213975,292.28474147727405,341.6909346724082,391.0971278675426,440.50332106267683,489.90951425781117,578.1644966223465,666.4194789868817,754.674461351417,842.9294437159526,931.1844260804884,1019.4394084450237,1107.6943908095584,1195.949373174094,1284.2043555386294,1372.4593379031653] [-15.399696105578826,-2.6934497998968183,-1.690204611825763,-1.0678914645841289,-0.6558572351362102,-0.37820980972576734,-0.19430205642487408,-0.07971641256447981,-0.018587511750901342,0.0,-0.049286774439195824,-0.17978517921793014,-0.3720249503266757,-0.6128433578989245,-0.8929117654092451,-1.2053708706003619,-1.5450257565020564,-1.907845358013411,-2.290637549753825,-2.690830573052004] False 55606.65603222185 55620.65603222185
4216.965034285822 4869.67525165863 5623.41325190349 3.3108716389564496e-15 1.6746760615898513e-15 2.3547053906502032e-15 3.321735334610701e-12 1.6079236211499035e-08 0.004612886488780221 1.933108682159402e-12 1.0153660358573773e-12 1.140157633328627e-12 8.905744383861276e-13 4.088007610525736e-12 4.5841230990590605e-05 2.407812319054094e-05 2.7037398319849288e-05 2.1118848061232588e-05 9.694193756145463e-05 820.9556447422975 431.2072499129095 484.203942393743 378.210557432076 1736.101521132084 21.97472872138411 -49.71538613085948 [0.0,164.79459230758425,246.81472386192343,328.8348554162626,410.8549869706017,492.87511852494094,574.89525007928,656.9153816336193,738.9355131879588,820.9556447422975,963.8112596020576,1106.6668744618175,1249.522489321577,1392.378104181336,1535.2337190410965,1678.0893339008562,1820.944948760615,1963.800563620375,2106.6561784801347,2249.5117933398938] [-10.987364360692055,-2.6952401573239726,-1.7175276290972121,-1.0936112584380595,-0.6746151300846819,-0.39003011075157445,-0.2006477193875753,-0.08233483921123508,-0.019150324317656953,0.0,-0.048983786836053866,-0.1787553675509912,-0.3703137710376083,-0.6106729594312981,-0.8905603281670054,-1.2031216481584437,-1.543146092778933,-1.906579054784494,-2.2902032379621247,-2.6914227170306475] False 55606.65603222185 55620.65603222185
13335.21432163324 15399.265260594919 17782.794100389227 1.0789015408830063e-16 5.050252891311295e-17 7.381548364865336e-17 3.3020639512890195e-13 5.045242812011593e-09 0.00046780737898766134 1.5496420547688464e-13 1.583551338186345e-13 1.9854947499849995e-13 1.1816079263876906e-13 5.736969655200985e-13 3.674780421866341e-05 3.7551920049404264e-05 4.7083500428436906e-05 2.8020339670371622e-05 0.00013604498990522432 2099.3455277551616 2145.2834282353633 2689.807953349665 1600.758903121062 7772.041002275065 14.095945129126697 -3.4526727350382624 [0.0,233.26061419501792,466.52122839003584,699.7818425850539,933.0424567800717,1166.3030709750894,1399.5636851701079,1632.8242993651256,1866.0849135601434,2099.3455277551616,3031.55904117672,3963.7725545982817,4895.986068019843,5828.199581441403,6760.413094862964,7692.626608284523,8624.840121706084,9557.053635127639,10489.267148549201,11421.480661970763] [-7.047972564563349,-1.3216554455902014,-0.739091441296718,-0.4432352251070175,-0.264918206168391,-0.1510421301674909,-0.0779392476798142,-0.03297935149343312,-0.008621308929090521,0.0,-0.06874508670768842,-0.23677525569213076,-0.4616849866571435,-0.723511244148265,-1.0112479130264656,-1.318178236479811,-1.6399000617896315,-1.9733710966382794,-2.3164007380301634,-2.667359124524467] False 55606.65603222185 55620.65603222185
133.3521432163324 153.9926526059492 177.82794100389228 2.2054758723899928e-12 1.4176643211034223e-12 1.7682263586265581e-12 7.845006909004527e-11 1.2077780073458413e-08 0.042561891928532464 1.0359061933970856e-09 3.3972150911452383e-10 3.599038471688134e-10 3.1953917106023434e-10 1.650621313310282e-09 2.4565207085539058e-05 8.056066539618781e-06 8.53466519742595e-06 7.577467881811613e-06 3.9142399803887105e-05 585.8447864116839 192.12557682852164 203.53946507638483 180.7116885806585 933.4898245676961 13.602920044826078 -609.2428972918815 [0.0,185.18691459977424,235.26914857626292,285.3513825527517,335.4336165292404,385.5158505057293,435.5980844822178,485.6803184587064,535.7625524351953,585.8447864116839,636.4009636401506,686.9571408686174,737.5133180970845,788.0694953255514,838.6256725540185,889.1818497824847,939.7380270109519,990.2942042394192,1040.8503814678854,1091.4065586963522] [-6.801460022413039,-2.7095684258472374,-1.9994743967024533,-1.4188062377395454,-0.9533524071199508,-0.5913280730818542,-0.32282898372659474,-0.13943465687918888,-0.033913586681364905,0.0,-0.03282689519721771,-0.12810028155331565,-0.2814458624313829,-0.4889736867233978,-0.7472061298351491,-1.053019108944227,-1.4035936714050194,-1.7963757998221581,-2.229042788673496,-2.6994749235204836] False 55620.65603222185 55634.65603222185
316.2277660168379 365.17412725483774 421.6965034285822 6.992390693786267e-13 4.3000080102105303e-13 5.483369036805979e-13 5.772783265224275e-11 2.1053192190842004e-08 0.052022694487222215 1.3429031272337046e-10 5.2953574120279826e-11 5.703982134967345e-11 4.88673268908862e-11 2.343701221230416e-10 1.790790101485296e-05 7.0614725999042275e-06 7.606382425655668e-06 6.516562774152788e-06 3.125375809098116e-05 244.904750750815 96.57123889499307 104.02331297931156 89.11916481067459 427.419932070741 12.763839042239056 -430.937128026376 [0.0,60.68159347973592,83.70948813862084,106.7373827975057,129.76527745639058,152.7931721152755,175.82106677416039,198.84896143304516,221.87685609193014,244.904750750815,272.19606570148727,299.4873806521595,326.77869560283176,354.070010553504,381.36132550417625,408.65264045484867,435.9439554055209,463.2352703561929,490.5265853068651,517.8179002575375] [-6.381919521119528,-2.6946664979651587,-1.9040909922347282,-1.3024371860940391,-0.8471910415896104,-0.5097345164246008,-0.2697146705459659,-0.11204320867551587,-0.02516568155402865,0.0,-0.040144483515348384,-0.14701003158808135,-0.3127371355826085,-0.5308937567325529,-0.7961362775593557,-1.1039675468541077,-1.4505600398861702,-1.8326239062628815,-2.24730671108415,-2.692116028693647] False 55620.65603222185 55634.65603222185
