data/S20109+22_allsed_14d_min11.ecsv
# %ECSV 1.0
# ---
# datatype:
# - {name: e_min, unit: MeV, datatype: float64}
# - {name: e_ref, unit: MeV, datatype: float64}
# - {name: e_max, unit: MeV, datatype: float64}
# - {name: ref_dnde_e_min, unit: ph / (cm2 MeV s), datatype: float64}
# - {name: ref_dnde_e_max, unit: ph / (cm2 MeV s), datatype: float64}
# - {name: ref_dnde, unit: ph / (cm2 MeV s), datatype: float64}
# - {name: ref_flux, unit: ph / (cm2 s), datatype: float64}
# - {name: ref_eflux, unit: MeV / (cm2 s), datatype: float64}
# - {name: ref_npred, datatype: float64}
# - {name: dnde, unit: ph / (cm2 MeV s), datatype: float64}
# - {name: dnde_err, unit: ph / (cm2 MeV s), datatype: float64}
# - {name: dnde_errp, unit: ph / (cm2 MeV s), datatype: float64}
# - {name: dnde_errn, unit: ph / (cm2 MeV s), datatype: float64}
# - {name: dnde_ul, unit: ph / (cm2 MeV s), datatype: float64}
# - {name: e2dnde, unit: MeV / (cm2 s), datatype: float64}
# - {name: e2dnde_err, unit: MeV / (cm2 s), datatype: float64}
# - {name: e2dnde_errp, unit: MeV / (cm2 s), datatype: float64}
# - {name: e2dnde_errn, unit: MeV / (cm2 s), datatype: float64}
# - {name: e2dnde_ul, unit: MeV / (cm2 s), datatype: float64}
# - {name: norm, datatype: float64}
# - {name: norm_err, datatype: float64}
# - {name: norm_errp, datatype: float64}
# - {name: norm_errn, datatype: float64}
# - {name: norm_ul, datatype: float64}
# - {name: ts, datatype: float64}
# - {name: loglike, datatype: float64}
# - {name: norm_scan, datatype: string, subtype: 'float64[20]'}
# - {name: dloglike_scan, datatype: string, subtype: 'float64[20]'}
# - {name: ShowUL, datatype: bool}
# - {name: tstart, datatype: float64}
# - {name: tend, datatype: float64}
# meta: !!omap
# - {UL_CONF: 0.95}
# - {EXTNAME: SED}
# - {CONFIG: '{"bin_index": 2.0, "use_local_index": true, "free_background": false, "free_radius": null, "free_pars": [], "ul_confidence":
#     0.95, "cov_scale": 3.0, "make_plots": false, "write_fits": true, "write_npy": true, "optimizer": {"optimizer": "MINUIT", "tol":
#     0.001, "max_iter": 100, "init_lambda": 0.0001, "retries": 3, "min_fit_quality": 2, "verbosity": 0}, "prefix": "", "outfile": null,
#     "loge_bins": []}'}
# - {SRCNAME: 4FGL J0112.1+2245}
# - {CREATOR: fermipy 1.2.0}
# - {STVER: 2.2.0}
# schema: astropy-2.0
e_min e_ref e_max ref_dnde_e_min ref_dnde_e_max ref_dnde ref_flux ref_eflux ref_npred dnde dnde_err dnde_errp dnde_errn dnde_ul e2dnde e2dnde_err e2dnde_errp e2dnde_errn e2dnde_ul norm norm_err norm_errp norm_errn norm_ul ts loglike norm_scan dloglike_scan ShowUL tstart tend
[from data line 449]
4216.965034285822 4869.67525165863 5623.41325190349 6.246542452511551e-15 3.587299483747587e-15 4.73373198598126e-15 6.654524116311162e-12 3.231003009135811e-08 0.010587045470665801 1.3171333115832665e-12 7.826636794756846e-13 8.903597930611571e-13 6.749675658902123e-13 3.0358193955267934e-12 3.1234153019396185e-05 1.8559880698850398e-05 2.1113758018435807e-05 1.6006003379265e-05 7.199062289689898e-05 278.24416664988615 165.33755645514125 188.08834038300407 142.5867725272785 641.3162816393576 23.96640913324738 -48.36552044547349 [0.0,43.11201321241643,72.50353239210014,101.8950515717839,131.28657075146754,160.67808993115136,190.06960911083485,219.46112829051876,248.85264747020244,278.24416664988615,335.6297870132861,393.01540737668614,450.40102774008625,507.7866481034861,565.1722684668856,622.5578888302858,679.9435091936859,737.3291295570858,794.7147499204856,852.1003702838857] [-11.98320456662369,-2.7025650960017416,-1.6392959657716304,-1.0158712715580336,-0.6156555412775333,-0.35145077052693807,-0.17906432923420113,-0.07291957338843247,-0.016855839392690086,0.0,-0.05283479663685853,-0.18988864931960592,-0.38859716106546216,-0.6344107815163866,-0.9173958181145778,-1.2304664894397561,-1.568390220274317,-1.9271926822095864,-2.303784016363565,-2.695714337286134] False 58700.65603222185 58714.65603222185
7498.942093324558 8659.643233600653 10000.0 2.1527912586494873e-15 1.2441115977624078e-15 1.6365550930070638e-15 4.0905721118763196e-12 3.532399572322931e-08 0.006619571308763228 2.538558783224343e-13 2.555389896934418e-13 3.205609423180176e-13 1.90517037068866e-13 9.239954418441893e-13 1.9036505315899796e-05 1.916272086297781e-05 2.4038679438243676e-05 1.4286762287711942e-05 6.928988312885414e-05 155.1159990929426 156.14444682329972 195.8754359616502 116.41345768494924 564.5978224579092 11.832947329087595 -30.77688007012439 [0.0,17.235111010326953,34.47022202065391,51.70533303098087,68.94044404130781,86.17555505163479,103.41066606196173,120.64577707228867,137.88088808261563,155.1159990929426,221.86370983469837,288.611420576454,355.35913131821,422.1068420599657,488.8545528017216,555.602263543477,622.3499742852331,689.097685026989,755.8453957687447,822.5931065105005] [-5.916473664543798,-1.3025462516883373,-0.7246543661937572,-0.4314951160207592,-0.2553868421833769,-0.1435300338974983,-0.07235667606693141,-0.029279316026634916,-0.006778182198637239,0.0,-0.07191852663723708,-0.2387172404308444,-0.46056869672841927,-0.7184460802466504,-1.0017640017733775,-1.3040219533569406,-1.6209396724466707,-1.9495482987707327,-2.2877037059866403,-2.6338065562705104] False 58700.65603222185 58714.65603222185
23713.737056616555 27384.196342643612 31622.776601683796 2.7572751712873617e-16 1.6136022238743207e-16 2.1092997293468591e-16 1.6667718838752383e-12 4.552948865056405e-08 0.0027187093608275203 7.58486198839046e-14 7.783290438514234e-14 9.75891549043909e-14 5.807665386589376e-14 2.820650035296009e-13 5.687844083679862e-05 5.836644429394494e-05 7.318154215645076e-05 4.355134643143911e-05 0.0002115189128021864 359.5914740262685 368.9987880918335 462.661392056449 275.33618412721785 1337.2447718321275 15.6344486791971 -3.0646828128753043 [0.0,39.95460822514093,79.90921645028186,119.86382467542276,159.81843290056372,199.77304112570465,239.72764935084552,279.6822575759864,319.63686580112744,359.5914740262685,520.3685664207053,681.1456588151423,841.9227512095792,1002.6998436040159,1163.4769359984527,1324.2540283928902,1485.0311207873256,1645.8082131817634,1806.5853055762013,1967.3623979706374] [-7.81722433959855,-1.3270134802291516,-0.7431724753607023,-0.4465595072363895,-0.26761600782717876,-0.15316559348997894,-0.07951445305918048,-0.03402120543884912,-0.009139129508675126,0.0,-0.06758424998311341,-0.23547631990639628,-0.4606856889596056,-0.7230390332285377,-1.0114360534965048,-1.3191115026219027,-1.6416357181113517,-1.9759496388272,-2.319851857949115,-2.6717052394839627] False 58700.65603222185 58714.65603222185
133352.1432163324 153992.65260594917 177827.94100389228 1.5260955906963226e-17 9.100946170563425e-18 1.1785123598020271e-17 5.234911820589853e-13 8.044929886053005e-08 0.000853254330847486 1.3346764415288374e-14 1.3845561908627685e-14 1.7364944477287266e-14 1.0326179339968102e-14 5.0197113654489727e-14 0.0003165016619007551 0.00032833001450230295 0.00041178772733713604 0.00024487230166746985 0.001190361154203666 1132.509498460452 1174.8338312678823 1473.463076806791 876.2045857289735 4259.362512152364 15.884740822922975 -5.181616875421568 [0.0,125.83438871782802,251.66877743565604,377.5031661534841,503.3375548713121,629.1719435891405,755.0063323069681,880.8407210247958,1006.6751097426242,1132.509498460452,1646.2103347906866,2159.9111711209207,2673.612007451156,3187.3128437813893,3701.0136801116246,4214.714516441858,4728.415352772093,5242.116189102327,5755.817025432561,6269.517861762795] [-7.9423704114614875,-1.3371935930122927,-0.7520231173164893,-0.454129484424981,-0.27391753356865145,-0.158203555003122,-0.08329129447882444,-0.03653832360653286,-0.010397397534841701,0.0,-0.06431974227905268,-0.23106811256393733,-0.45603592474536203,-0.718614796446392,-1.0075103720230931,-1.315857769580532,-1.6391709133606582,-1.9743564066558026,-2.319190746974103,-2.672021934760272] False 58700.65603222185 58714.65603222185
133.3521432163324 153.9926526059492 177.82794100389228 2.599493137958133e-12 1.6321562098591653e-12 2.059800686378334e-12 9.141586615520739e-11 1.4066006160075585e-08 0.04086581232304581 9.951514334757161e-10 3.912069192196448e-10 4.161828352089003e-10 3.6623100323038927e-10 1.709420715817551e-09 2.3598759424958167e-05 9.276978017103688e-06 9.869250321621038e-06 8.684705712586337e-06 4.0536753374030647e-05 483.1299649799862 189.92464747037658 202.05005171673096 177.7992432240222 829.896177393337 9.169566280034815 -547.8828850685343 [0.0,93.88435389002379,142.5400552762691,191.19575666251444,239.85145804875964,288.50715943500495,337.1628608212504,385.8185622074956,434.47426359374066,483.1299649799862,533.6424212338775,584.1548774877685,634.6673337416596,685.179789995551,735.6922462494421,786.2047025033332,836.7171587572245,887.2296150111157,937.7420712650066,988.2545275188974] [-4.584783140017407,-2.7018283321900753,-1.9796527764956409,-1.3964193815440922,-0.9335957312522396,-0.5765796522209712,-0.3136046559168335,-0.13501141778908732,-0.0327454042063664,0.0,-0.033329812981946816,-0.12971349290239687,-0.28428967425907103,-0.49280887212353264,-0.7515286766894178,-1.0571312017179935,-1.4066572364617969,-1.797453121846388,-2.2271274498298226,-2.6935154385778333] False 58770.65603222185 58784.65603222185
177.82794100389228 205.3525026457146 237.13737056616552 1.7420796533294641e-12 1.0819902327352485e-12 1.3729213996253712e-12 8.126695417205606e-11 1.6670555694762074e-08 0.050035492361366535 5.641926133175808e-10 1.9123967541152156e-10 2.0291818034276906e-10 1.7956117048027403e-10 9.141225094945245e-10 2.3791805229625796e-05 8.064510243785565e-06 8.556988713263617e-06 7.572031774307511e-06 3.8548226595920193e-05 410.9431271677546 139.29397230147705 147.80028951266934 130.78765509028474 665.8229012556443 14.292698353408923 -540.7275787550753 [0.0,129.41004423783383,164.60167960407395,199.7933149703141,234.98495033655414,270.1765857027943,305.3682210690345,340.5598564352744,375.75149180151453,410.9431271677546,448.4265911243634,485.91005508097226,523.393519037581,560.8769829941899,598.3604469507986,635.8439109074072,673.327374864016,710.810838820625,748.2943027772337,785.7777667338424] [-7.146349176704462,-2.7035344419390412,-1.9748264843666448,-1.3890105863544022,-0.9262024696604385,-0.570703037756175,-0.30986376366195145,-0.133319031388055,-0.032450002629502706,0.0,-0.033760099514552167,-0.13175706674030607,-0.28850326783435776,-0.4992434341193075,-0.7598253075750563,-1.0665981820737898,-1.4163323332988966,-1.8061543182436708,-2.233494489729196,-2.696044025200308] False 58770.65603222185 58784.65603222185
237.13737056616552 273.8419634264361 316.2277660168379 1.1423834760930111e-12 7.01858445438824e-13 8.954281046659418e-13 7.069280636344701e-11 1.9332952812072082e-08 0.05448359355472698 3.418217025364439e-10 1.1064544191286467e-10 1.1848850181392008e-10 1.0280238201180927e-10 5.464543372413543e-10 2.5633011535624046e-05 8.29723761794878e-06 8.885384138273684e-06 7.709091097623877e-06 4.097829431618965e-05 381.7410920600572 123.56708633145178 132.3260920631084 114.80808059979516 610.2715945522176 17.182049500725043 -585.7402239448687 [0.0,131.16593974939778,162.4878337882301,193.80972782706263,225.13162186589506,256.45351590472745,287.77540994355985,319.09730398239213,350.4191980212248,381.7410920600572,415.3819062496354,449.0227204392136,482.66353462879187,516.3043488183698,549.9451630079478,583.585977197526,617.2267913871044,650.8676055766829,684.5084197662605,718.1492339558391] [-8.591024750362521,-2.697700842985114,-1.951976659011052,-1.3603289504706026,-0.8982164316239505,-0.547003579465013,-0.29214849948630217,-0.12204661212069823,-0.027262183111020022,0.0,-0.03849633418792564,-0.14054753507116402,-0.3003768227644059,-0.5130390031146135,-0.7742614994591577,-1.0803224557494104,-1.427955868977051,-1.814276770618676,-2.236721510510165,-2.6929995763866827] False 58770.65603222185 58784.65603222185
562.341325190349 649.3816315762112 749.8942093324558 2.8276851545659823e-13 1.6815722269846103e-13 2.1805863483418495e-13 4.084810770633639e-11 2.6470099906908677e-08 0.047529538933452575 6.225025568893272e-11 2.045616084975182e-11 2.204972604386633e-11 1.8862595655637304e-11 1.0103477244820249e-10 2.625071516155814e-05 8.626291503913e-06 9.298292374256578e-06 7.95429063356942e-06 4.260601026610946e-05 285.47484825019075 93.81036832275406 101.11833480308299 86.50240184242512 463.3376363427701 30.627007240775356 -334.72370054837063 [0.0,109.55057761194557,131.54111144172623,153.53164527150687,175.52217910128758,197.51271293106825,219.5032467608489,241.49378059062957,263.48431442041004,285.47484825019075,312.08251391403786,338.69017957788475,365.2978452417318,391.9055109055786,418.51317656942547,445.12084223327264,471.7285078971194,498.3361735609666,524.9438392248134,551.5515048886602] [-15.313503620387678,-2.697782293446835,-1.910751950093072,-1.3092698282366086,-0.8532358735610046,-0.514820711494508,-0.2738321912510173,-0.11510153631212461,-0.026911223489037184,0.0,-0.03879917802282762,-0.14582549982617365,-0.31256009576469523,-0.5320632025907344,-0.7985979398695804,-1.1073612289354173,-1.4542869252153992,-1.8358989057551298,-2.249199510433641,-2.6915835111298065] False 58770.65603222185 58784.65603222185
1000.0 1154.781984689458 1333.5214321633239 1e-13 5.819009218555692e-14 7.628243060204425e-14 2.5422245802064425e-11 2.9280020932151177e-08 0.03511620126003445 3.370861801508522e-11 9.372782199717443e-12 1.034400312123632e-11 8.401561278198566e-12 5.136897350235248e-11 4.4951164571722864e-05 1.2498805942322116e-05 1.3793949856532951e-05 1.1203662028111279e-05 6.850162711361692e-05 441.8922909121602 122.86947499895562 135.6013834325714 110.13756656533985 673.4050435589538 60.95740947183015 -219.1939189715162 [0.0,209.26287621164005,238.34155304920515,267.4202298867701,296.49890672433514,325.5775835619001,354.6562603994652,383.7349372370303,412.81361407459514,441.8922909121602,476.3467901970622,510.80128948196375,545.2557887668656,579.7102880517676,614.1647873366693,648.6192866215713,683.0737859064734,717.5282851913748,751.9827844762766,786.4372837611786] [-30.478704735915073,-2.6988067120035453,-1.9310338141411307,-1.3338096465424485,-0.8751264795395741,-0.5313633868314298,-0.28457345189110583,-0.12078913395910718,-0.02891838088370946,0.0,-0.037205881908420224,-0.1425276761342218,-0.3078091192588488,-0.5263106554963883,-0.7923961337058643,-1.1013019820805425,-1.448964041197769,-1.8318855472423081,-2.247035029490746,-2.6917663158893106] False 58770.65603222185 58784.65603222185
1333.5214321633239 1539.926526059492 1778.2794100389226 5.756139768414137e-14 3.313314503351876e-14 4.367138809106835e-14 1.94127983335862e-11 2.980798009783913e-08 0.028234493501444802 1.3157778172983344e-11 4.906199883518452e-12 5.369271290371878e-12 4.443128476665027e-12 2.2845261087653152e-11 3.120200918434156e-05 1.1634433398495935e-05 1.2732548756551899e-05 1.053631804043997e-05 5.417465144223608e-05 301.2905874561467 112.34357546152434 122.94711766832982 101.74003325471885 523.1173563801938 36.779935580759 -145.95722894361597 [0.0,102.45146069335321,127.30635153870236,152.1612423840515,177.01613322940074,201.87102407474978,226.72591492009903,251.58080576544822,276.4356966107975,301.2905874561467,334.94906578643213,368.60754411671775,402.26602244700325,435.92450077728876,469.58297910757415,503.2414574378599,536.8999357681452,570.558414098431,604.2168924287164,637.8753707590021] [-18.3899677903795,-2.6942580185387044,-1.8624677169507322,-1.2526953981287363,-0.8046427224509216,-0.4801761281235599,-0.2535253213842168,-0.1063975314143022,-0.025305520689926198,0.0,-0.04069635416144024,-0.15399884198194513,-0.32838133921734425,-0.5549151695388161,-0.8265352586051051,-1.1375500369384781,-1.4833035434322994,-1.859936069562167,-2.2642106057421074,-2.693384417816503] False 58770.65603222185 58784.65603222185
1778.2794100389226 2053.525026457146 2371.373705661655 3.242106169440358e-14 1.8460389026162307e-14 2.446437024572468e-14 1.4505449792365374e-11 2.9693579551341887e-08 0.02154101738630687 6.1554338410077175e-12 3.0707147964287744e-12 3.399366432375936e-12 2.742063160481612e-12 1.2415035240339034e-11 2.595724927838922e-05 1.2949096926804247e-05 1.4335009384054261e-05 1.1563184469554231e-05 5.235376950793598e-05 251.60810514153414 125.51783534936499 138.95172441522377 112.0839462835062 507.4741395605165 14.340272531609969 -133.10287235367858 [0.0,45.091207291273264,70.90581952255587,96.72043175383853,122.53504398512109,148.3496562164037,174.1642684476864,199.97888067896903,225.79349291025156,251.60810514153414,290.853233637648,330.09836213376167,369.34349062987536,408.5886191259894,447.8337476221028,487.0788761182166,526.3240046143303,565.569133110444,604.8142616065579,644.0593901026716] [-7.1701362658049845,-2.7417331088694255,-1.806458494825904,-1.178655719015751,-0.7412425494207469,-0.43557582832855246,-0.227403442174392,-0.0947431511358161,-0.022544269376595594,0.0,-0.04332428265601607,-0.16267534359258207,-0.3436029258498081,-0.5755451299867218,-0.850527262338062,-1.1623677503679062,-1.5061697329996093,-1.8779825422521412,-2.274568811469095,-2.693239746032532] False 58770.65603222185 58784.65603222185
