data/Ton599_allsed_14d_min11.ecsv
# %ECSV 1.0
# ---
# datatype:
# - {name: e_min, unit: MeV, datatype: float64}
# - {name: e_ref, unit: MeV, datatype: float64}
# - {name: e_max, unit: MeV, datatype: float64}
# - {name: ref_dnde_e_min, unit: ph / (MeV s cm2), datatype: float64}
# - {name: ref_dnde_e_max, unit: ph / (MeV s cm2), datatype: float64}
# - {name: ref_dnde, unit: ph / (MeV s cm2), datatype: float64}
# - {name: ref_flux, unit: ph / (s cm2), datatype: float64}
# - {name: ref_eflux, unit: MeV / (s cm2), datatype: float64}
# - {name: ref_npred, datatype: float64}
# - {name: dnde, unit: ph / (MeV s cm2), datatype: float64}
# - {name: dnde_err, unit: ph / (MeV s cm2), datatype: float64}
# - {name: dnde_errp, unit: ph / (MeV s cm2), datatype: float64}
# - {name: dnde_errn, unit: ph / (MeV s cm2), datatype: float64}
# - {name: dnde_ul, unit: ph / (MeV s cm2), datatype: float64}
# - {name: e2dnde, unit: MeV / (s cm2), datatype: float64}
# - {name: e2dnde_err, unit: MeV / (s cm2), datatype: float64}
# - {name: e2dnde_errp, unit: MeV / (s cm2), datatype: float64}
# - {name: e2dnde_errn, unit: MeV / (s cm2), datatype: float64}
# - {name: e2dnde_ul, unit: MeV / (s cm2), datatype: float64}
# - {name: norm, datatype: float64}
# - {name: norm_err, datatype: float64}
# - {name: norm_errp, datatype: float64}
# - {name: norm_errn, datatype: float64}
# - {name: norm_ul, datatype: float64}
# - {name: ts, datatype: float64}
# - {name: loglike, datatype: float64}
# - {name: norm_scan, datatype: string, subtype: 'float64[20]'}
# - {name: dloglike_scan, datatype: string, subtype: 'float64[20]'}
# - {name: ShowUL, datatype: bool}
# - {name: tstart, datatype: float64}
# - {name: tend, datatype: float64}
# meta: !!omap
# - {UL_CONF: 0.95}
# - {EXTNAME: SED}
# - {CONFIG: '{"bin_index": 2.0, "use_local_index": true, "free_background": false, "free_radius": null, "free_pars": [], "ul_confidence":
#     0.95, "cov_scale": 3.0, "make_plots": false, "write_fits": true, "write_npy": true, "optimizer": {"optimizer": "MINUIT", "tol":
#     0.001, "max_iter": 100, "init_lambda": 0.0001, "retries": 3, "min_fit_quality": 2, "verbosity": 0}, "prefix": "", "outfile": null,
#     "loge_bins": []}'}
# - {SRCNAME: 4FGL J1159.5+2914}
# - {CREATOR: fermipy 1.2.0}
# - {STVER: 2.2.0}
# schema: astropy-2.0
e_min e_ref e_max ref_dnde_e_min ref_dnde_e_max ref_dnde ref_flux ref_eflux ref_npred dnde dnde_err dnde_errp dnde_errn dnde_ul e2dnde e2dnde_err e2dnde_errp e2dnde_errn e2dnde_ul norm norm_err norm_errp norm_errn norm_ul ts loglike norm_scan dloglike_scan ShowUL tstart tend
[from data line 1486]
5323.411028602609 6135.359285332078 7071.149185711414 2.452847895415485e-15 1.3069300650881867e-15 1.7904470557955006e-15 3.134300413980033e-12 1.913767888286221e-08 0.004025907128381134 2.1983988621061245e-12 9.903223986763615e-13 1.1011495561181204e-12 8.794952412346026e-13 4.2446064416822e-12 8.275352278522484e-05 3.727834315974398e-05 4.145016923583279e-05 3.3106517083655175e-05 0.0001597781648911278 1227.8491313050138 553.1145953022099 615.0137489705758 491.215441633844 2370.6964291084887 56.122399881089066 -37.221571855866934 [0.0,339.93043694005297,450.92027373567316,561.9101105312933,672.8999473269134,783.8897841225335,894.8796209181535,1005.8694577137733,1116.8592945093937,1227.8491313050138,1404.814320808444,1581.7795103118742,1758.7446998153046,1935.7098893187356,2112.675078822165,2289.6402683255965,2466.6054578290273,2643.5706473324585,2820.535836835887,2997.5010263393183] [-28.061199940544533,-2.6969107614051353,-1.7802262005115637,-1.157560650868703,-0.7241240372774627,-0.4228223432366889,-0.21906781024547684,-0.09030443974266689,-0.020999822887965536,0.0,-0.04664610397602331,-0.17154387805891957,-0.3582029934348725,-0.5948535550814569,-0.8728000235344524,-1.1854355689503393,-1.5276223331590018,-1.8952857820484326,-2.2851400966218876,-2.694496870125427] False 59610.65603222185 59624.65603222185
7071.149185711414 8149.575733880153 9392.473966813408 1.1625367761096716e-15 6.090194559273332e-16 8.41431824262566e-16 1.9573787037062558e-12 1.586882165421881e-08 0.0025444207983866818 9.80196732272555e-13 5.704300938680818e-13 6.504390351861819e-13 4.904211525499815e-13 2.2414655870168114e-12 6.5100339038303e-05 3.788544818178119e-05 4.3199288796030145e-05 3.257160756753224e-05 0.00014886824741720166 1164.9152123900271 677.9278812849857 773.0145407279183 582.841221842053 2663.8707051296046 36.303804845336444 -16.03168465908358 [0.0,207.52716431839758,327.20067032735113,446.87417633630486,566.5476823452585,686.2211883542122,805.8946943631657,925.5682003721197,1045.2417063810733,1164.9152123900271,1401.3340016574266,1637.7527909248238,1874.1715801922232,2110.5903694596227,2347.009158727021,2583.4279479944194,2819.8467372618184,3056.265526529214,3292.684315796615,3529.103105064013] [-18.151902422668222,-2.7002881724111347,-1.6561144499381015,-1.0336047339919645,-0.6309553812392714,-0.3636116551697057,-0.18801705555918602,-0.0787601268792244,-0.019713896264885733,0.0,-0.04867534480557012,-0.18355923680552877,-0.381358377243032,-0.6271062535927783,-0.9106135773338053,-1.2246292535460448,-1.5638091081591625,-1.924100795286222,-2.3023583073727707,-2.696090347193408] False 59610.65603222185 59624.65603222185
9392.473966813408 10825.05221838098 12476.13311942254 5.326060302184045e-16 2.7430121688791974e-16 3.8222307911840146e-16 1.181765272283019e-12 1.2721008774077364e-08 0.0015362799711663433 9.86955156789286e-13 4.955799735366804e-13 5.578924587972918e-13 4.3326748827606913e-13 2.045117898110226e-12 0.00011565313790262115 5.807293130487369e-05 6.537481771919145e-05 5.0771044890555946e-05 0.00023965050556776045 2582.1443306503124 1296.5726054003253 1459.5990908871129 1133.5461199135377 5350.587156660701 64.44027457527304 -25.329508292771393 [0.0,620.2060211540708,865.4483098411007,1110.6905985281312,1355.9328872151611,1601.1751759021909,1846.4174645892228,2091.6597532762507,2336.9020419632807,2582.1443306503124,3013.0529650360336,3443.9615994217565,3874.870233807478,4305.778868193201,4736.687502578924,5167.596136964645,5598.504771350364,6029.413405736089,6460.322040121812,6891.23067450753] [-32.22013728763652,-2.6889374058055964,-1.7340553995319112,-1.1134296820814384,-0.6924710823652269,-0.4044098778958407,-0.21121887336811085,-0.08916802609815022,-0.022449080457818127,0.0,-0.04455725194580751,-0.171735585115794,-0.36200330504828315,-0.602028286322966,-0.8823034826303413,-1.1958105570626358,-1.537220527161871,-1.9023916237077856,-2.2880408826879446,-2.691521984611171] False 59610.65603222185 59624.65603222185
12476.13311942254 14379.0435808939 16572.19366947696 2.358413479346716e-16 1.1941565529641712e-16 1.678187984392962e-16 6.895933968136509e-13 9.856196681064834e-09 0.0008956071677943545 5.616282745715411e-13 3.234236854042385e-13 3.6773928307823323e-13 2.7910808773024385e-13 1.2714404108910425e-12 0.00011612051780217933 6.687007673764361e-05 7.603263208182229e-05 5.770752139346495e-05 0.0002628790706449322 3346.6350599256302 1927.21964650002 2191.2877847904074 1663.151508209633 7576.269301862217 45.718538060762754 -16.87430379401833 [0.0,595.2300308035631,939.1556594438217,1283.0812880840801,1627.0069167243382,1970.932545364597,2314.8581740048535,2658.7838026451127,3002.7094312853724,3346.6350599256302,4015.2568619039307,4683.878663882231,5352.500465860531,6021.122267838829,6689.744069817135,7358.365871795435,8026.987673773735,8695.609475752037,9364.23127773034,10032.853079708637] [-22.859269030381377,-2.7038492294449554,-1.6492186989446829,-1.023661228893321,-0.6207164971454233,-0.35439956751983104,-0.18056834771269337,-0.07352711916897903,-0.01699424608214528,0.0,-0.052827026175904734,-0.1898893752223998,-0.3886361815282555,-0.6345124129194879,-0.9175752290401249,-1.230730148193949,-1.5687372891890483,-1.927616443191372,-2.304273089961555,-2.6962536653159646] False 59610.65603222185 59624.65603222185
16572.19366947696 19099.851911122612 22013.03884703687 1.009422876491628e-16 5.024977523255905e-17 7.122027285703683e-17 3.88959750139837e-13 7.381539413257919e-09 0.0005053122103908514 2.774906624424504e-13 1.9867966471602062e-13 2.3232952628106357e-13 1.650298031509777e-13 7.439664491139997e-13 0.00010122979880839355 7.24792045595156e-05 8.475482020069433e-05 6.0203588918336866e-05 0.00027140219170302435 3896.231386244027 2789.650428815934 3262.1263154583453 2317.1745421735227 10445.992682552507 31.614490191317543 -11.245440175626552 [0.0,424.024226974786,858.0501218834414,1292.076016792096,1726.1019117007513,2160.1278066094064,2594.153701518061,3028.179596426717,3462.2054913353722,3896.231386244027,4942.236900181386,5988.242414118744,7034.247928056099,8080.253441993462,9126.258955930818,10172.264469868172,11218.269983805532,12264.275497742887,13310.281011680245,14356.286525617603] [-15.807245095658772,-2.677614951635441,-1.4893400282937552,-0.8906784988237515,-0.531116884297921,-0.30204134645758884,-0.15531306994849814,-0.06532796117561723,-0.016832111255338233,0.0,-0.05303878863634637,-0.19770000364587048,-0.4043163707819595,-0.6556418639454851,-0.9407594097979626,-1.2523189421097225,-1.5851349531579224,-1.9354120244762392,-2.300288471047626,-2.67755313578529] False 59610.65603222185 59624.65603222185
51591.719177855455 59460.697587199145 68529.88452212527 2.4114550800455283e-18 1.1215504348964962e-18 1.6445572333483646e-18 2.8031592139826607e-14 1.6534647828691477e-09 3.7265979849543385e-05 4.335435028010623e-14 4.4280273398500965e-14 5.550336287079934e-14 3.305718392620258e-14 1.6047833059541664e-13 0.0001532825378097296 0.00015655620802937926 0.00019623627762481595 0.00011687613843394258 0.0005673831026922719 26362.323792061383 26925.346531324474 33749.730167671296 20100.962894977652 97581.48110703223 20.04408564218946 -2.9437897172192145 [0.0,2929.1470880068214,5858.294176013643,8787.441264020461,11716.588352027286,14645.7354400341,17574.882528040922,20504.02961604774,23433.17670405457,26362.323792061383,38108.63928000112,49854.95476794087,61601.27025588059,73347.58574382032,85093.90123176007,96840.2167196998,108586.53220763954,120332.84769557927,132079.163183519,143825.47867145884] [-10.02204282109473,-1.3238312763905178,-0.7399164481836555,-0.4436338163422451,-0.265121750435946,-0.15114321766674887,-0.07798418538647267,-0.03299460490070416,-0.0086234208800553,0.0,-0.06923793394502642,-0.23830172446568376,-0.46447675093115137,-0.7276887482824392,-1.0168817522576221,-1.3253133304902391,-1.648566759409082,-1.9835908628431875,-2.32818931305835,-2.6807283934010098] False 59610.65603222185 59624.65603222185
132.83117061068992 153.091119887046 176.4411988580621 1.249076802894572e-12 8.75716847887062e-13 1.0458669134262182e-12 4.546706920153923e-11 6.972262324870006e-09 0.02218142181525416 9.405306014159633e-10 3.7350297309036104e-10 3.9781517195050597e-10 3.4919077423021605e-10 1.6242502168826588e-09 2.2043113176517853e-05 8.753748464113494e-06 9.323550818483852e-06 8.183946109743138e-06 3.806737527075261e-05 899.2832542477346 357.1228502360594 380.3688278533254 333.87687261879336 1553.0180714501046 9.029498728315048 -648.8870515163208 [0.0,169.67155394471772,260.87301648259483,352.0744790204722,443.27594155834925,534.4774040962263,625.6788666341034,716.8803291719805,808.0817917098574,899.2832542477346,994.5737500151263,1089.8642457825172,1185.1547415499085,1280.4452373172987,1375.7357330846905,1471.0262288520817,1566.316724619473,1661.607220386864,1756.8977161542546,1852.1882119216452] [-4.514749364157524,-2.7004792156983513,-1.9761322508247758,-1.392352805866608,-0.9299301919417076,-0.5737878646363015,-0.311823512606793,-0.13413834419350223,-0.03250668166333526,0.0,-0.033487578589415534,-0.13021647140874393,-0.2851933822871615,-0.49406854380549703,-0.7530234925731065,-1.0586830010386166,-1.408045076111307,-1.7984246736268688,-2.2274079669487037,-2.6928148367967424] False 59638.65603222185 59652.65603222185
176.4411988580621 203.35272664697808 234.36890988269914 1.0491843478963806e-12 7.141363730727231e-13 8.655984663176051e-13 4.9995288180937005e-11 1.01765838920939e-08 0.0321610664880087 1.1539872186239405e-09 2.3950518545495015e-10 2.532940954000363e-10 2.2571627550986405e-10 1.5861151810235644e-09 4.7720061936014725e-05 9.904097809276902e-06 1.047430138345017e-05 9.333894235103636e-06 6.558956065939174e-05 1333.1668938060704 276.69317215156775 292.6230870967113 260.76325720642427 1832.3913947897263 46.45427179894614 -676.6904452958531 [0.0,747.3709911554748,820.595478986799,893.8199668181242,967.0444546494484,1040.268942480773,1113.493430312097,1186.7179181434212,1259.942405974746,1333.1668938060704,1405.4953146405696,1477.8237354750688,1550.1521563095691,1622.4805771440685,1694.808997978568,1767.137418813068,1839.4658396475668,1911.7942604820664,1984.1226813165665,2056.4511021510652] [-23.22713589947307,-2.7027938508623492,-2.0054860207001184,-1.4304425190404118,-0.9660188205129998,-0.6023051936203956,-0.3307835149514631,-0.14406705459248315,-0.03569988891695175,0.0,-0.031153827042885496,-0.1239734149544347,-0.27458331660579915,-0.479493057644504,-0.7355455581313208,-1.0398741354833874,-1.3898664018533964,-1.7831337481870833,-2.2174853911390073,-2.6909061740178686] False 59638.65603222185 59652.65603222185
234.36890988269914 270.1158072739371 311.3149665447022 8.306614190845133e-13 5.489188926597663e-13 6.752523575220317e-13 5.182059781581387e-11 1.4001401383596894e-08 0.04070410161875035 4.52456933209825e-10 1.1298719214040746e-10 1.2079106186348988e-10 1.0518332241732505e-10 6.609281786427664e-10 3.301241131320793e-05 8.243833581247882e-06 8.813223810955368e-06 7.674443351540396e-06 4.822300484392397e-05 670.0560585529871 167.3258758474175 178.88284360347276 155.76890809136225 978.786925036692 38.12508437746851 -529.4547112253209 [0.0,328.6944668694162,371.3646658298626,414.034864790309,456.7050637507553,499.37526271120146,542.0454616716481,584.7156606320941,627.3858595925403,670.0560585529871,715.2731127005245,760.4901668480614,805.7072209955988,850.9242751431367,896.1413292906734,941.3583834382113,986.5754375857487,1031.7924917332855,1077.0095458808237,1122.2266000283605] [-19.062542188734255,-2.7067776382893953,-1.9768548293208141,-1.389701772268154,-0.925771245488022,-0.5695172216672972,-0.30834823480165596,-0.13190563442333314,-0.03155202428160919,0.0,-0.034749035536151496,-0.1334560565716174,-0.2906692541243956,-0.5016585673304235,-0.7622897145823799,-1.068924970526382,-1.418344095267912,-1.8076806535498235,-2.234370231873868,-2.696107957366735] False 59638.65603222185 59652.65603222185
311.3149665447022 358.7979888064861 413.52331434760555 6.198774718249832e-13 3.976901003778836e-13 4.965069324713059e-13 5.063105513932219e-11 1.815859325577959e-08 0.04634813463593468 4.241595975483651e-10 8.02307513170967e-11 8.519235972747508e-11 7.52691429067183e-11 5.701212259139683e-10 5.460460858062072e-05 1.0328585742539146e-05 1.0967323346839459e-05 9.689848138238833e-06 7.339512429866947e-05 854.2873619853798 161.59039495734208 171.58342443163875 151.5973654830454 1148.2643818813478 78.93344843101727 -522.1647969225048 [0.0,517.8437641754679,559.8992139017068,601.9546636279457,644.010113354185,686.0655630804237,728.121012806663,770.1764625329021,812.2319122591408,854.2873619853798,896.9456588432344,939.603955701089,982.2622525589436,1024.9205494167977,1067.5788462746516,1110.237143132507,1152.8954399903605,1195.5537368482153,1238.2120337060696,1280.8703305639233] [-39.466724215508634,-2.6946028911443136,-1.9923221257156456,-1.4163737739645512,-0.9536171231043227,-0.5929478813029618,-0.32488938495930597,-0.14128277824659108,-0.0350484876740893,0.0,-0.031590459115022895,-0.12580743670594075,-0.2781954655719119,-0.4847792209467343,-0.7419955096149806,-1.0466370343392555,-1.3958055489424623,-1.7868725678021065,-2.217446201701023,-2.685342999179511] False 59638.65603222185 59652.65603222185
413.52331434760555 476.5900816815941 549.2752115212968 4.360091697427459e-13 2.715854722188553e-13 3.4411299925509185e-13 4.6627204728296934e-11 2.2197079960885513e-08 0.04837295472805894 1.3972647611259727e-10 3.716657122456815e-11 3.975147697184806e-11 3.458166547728824e-11 2.0889049667585926e-10 3.173720713629887e-05 8.441944592874328e-06 9.029075188389546e-06 7.85481399735911e-06 4.744699176742777e-05 406.0482353618314 108.00687944083296 115.51867281357828 100.49508606808764 607.0404115161258 49.548446123062604 -352.5700155055904 [0.0,195.10549644526827,221.47333880983862,247.8411811744091,274.20902353897935,300.57686590354984,326.94470826812017,353.3125506326906,379.6803929972611,406.0482353618314,435.88405192421544,465.71986848659975,495.5556850489838,525.3915016113682,555.2273181737525,585.0631347361365,614.8989512985208,644.7347678609049,674.570584423289,704.4064009856733] [-24.774223061531302,-2.6982349445680143,-1.9462608543922784,-1.3534258734169953,-0.8929812609425767,-0.5446290414192845,-0.2925712296112124,-0.12425097291628617,-0.029508968701918548,0.0,-0.036580562540848405,-0.13943110108743895,-0.3015574733290691,-0.5170632637946255,-0.7809276484119891,-1.0888372538527165,-1.4370568997532018,-1.8223288469177419,-2.2417932814255437,-2.692924848604889] False 59638.65603222185 59652.65603222185
