data/Ton599_allsed_14d_min11.ecsv
# %ECSV 1.0
# ---
# datatype:
# - {name: e_min, unit: MeV, datatype: float64}
# - {name: e_ref, unit: MeV, datatype: float64}
# - {name: e_max, unit: MeV, datatype: float64}
# - {name: ref_dnde_e_min, unit: ph / (MeV s cm2), datatype: float64}
# - {name: ref_dnde_e_max, unit: ph / (MeV s cm2), datatype: float64}
# - {name: ref_dnde, unit: ph / (MeV s cm2), datatype: float64}
# - {name: ref_flux, unit: ph / (s cm2), datatype: float64}
# - {name: ref_eflux, unit: MeV / (s cm2), datatype: float64}
# - {name: ref_npred, datatype: float64}
# - {name: dnde, unit: ph / (MeV s cm2), datatype: float64}
# - {name: dnde_err, unit: ph / (MeV s cm2), datatype: float64}
# - {name: dnde_errp, unit: ph / (MeV s cm2), datatype: float64}
# - {name: dnde_errn, unit: ph / (MeV s cm2), datatype: float64}
# - {name: dnde_ul, unit: ph / (MeV s cm2), datatype: float64}
# - {name: e2dnde, unit: MeV / (s cm2), datatype: float64}
# - {name: e2dnde_err, unit: MeV / (s cm2), datatype: float64}
# - {name: e2dnde_errp, unit: MeV / (s cm2), datatype: float64}
# - {name: e2dnde_errn, unit: MeV / (s cm2), datatype: float64}
# - {name: e2dnde_ul, unit: MeV / (s cm2), datatype: float64}
# - {name: norm, datatype: float64}
# - {name: norm_err, datatype: float64}
# - {name: norm_errp, datatype: float64}
# - {name: norm_errn, datatype: float64}
# - {name: norm_ul, datatype: float64}
# - {name: ts, datatype: float64}
# - {name: loglike, datatype: float64}
# - {name: norm_scan, datatype: string, subtype: 'float64[20]'}
# - {name: dloglike_scan, datatype: string, subtype: 'float64[20]'}
# - {name: ShowUL, datatype: bool}
# - {name: tstart, datatype: float64}
# - {name: tend, datatype: float64}
# meta: !!omap
# - {UL_CONF: 0.95}
# - {EXTNAME: SED}
# - {CONFIG: '{"bin_index": 2.0, "use_local_index": true, "free_background": false, "free_radius": null, "free_pars": [], "ul_confidence":
#     0.95, "cov_scale": 3.0, "make_plots": false, "write_fits": true, "write_npy": true, "optimizer": {"optimizer": "MINUIT", "tol":
#     0.001, "max_iter": 100, "init_lambda": 0.0001, "retries": 3, "min_fit_quality": 2, "verbosity": 0}, "prefix": "", "outfile": null,
#     "loge_bins": []}'}
# - {SRCNAME: 4FGL J1159.5+2914}
# - {CREATOR: fermipy 1.2.0}
# - {STVER: 2.2.0}
# schema: astropy-2.0
e_min e_ref e_max ref_dnde_e_min ref_dnde_e_max ref_dnde ref_flux ref_eflux ref_npred dnde dnde_err dnde_errp dnde_errn dnde_ul e2dnde e2dnde_err e2dnde_errp e2dnde_errn e2dnde_ul norm norm_err norm_errp norm_errn norm_ul ts loglike norm_scan dloglike_scan ShowUL tstart tend
[from data line 1389]
969.1477682383326 1116.9661194245136 1287.3303254983532 1.0670318829177454e-13 5.927940689643914e-14 7.95317654518963e-14 2.5318003301357543e-11 2.817128177088606e-08 0.04658189742212471 6.540282189616315e-11 1.135701398497302e-11 1.2119191617973728e-11 1.0594836351972313e-11 8.596771037224188e-11 8.159743123624166e-05 1.4169161831566717e-05 1.512006479256304e-05 1.3218258870570394e-05 0.00010725445985760538 822.3484229797612 142.79846449331185 152.38177537129934 133.21515361532437 1080.9229480041943 199.1888076756843 -347.7907839090932 [0.0,533.4611673209179,569.5720742782731,605.6829812356285,641.7938881929841,677.9047951503394,714.0157021076948,750.1266090650507,786.2375160224055,822.3484229797612,859.966542820022,897.5846626602827,935.2027825005437,972.8209023408043,1010.4390221810654,1048.0571420213255,1085.6752618615867,1123.2933817018477,1160.9115015421087,1198.5296213823694] [-99.59440383784215,-2.690613320973398,-1.990135699997552,-1.4163261331996182,-0.9556071377186868,-0.5965120502626178,-0.3292653319471128,-0.14546276599566,-0.037824219032359,0.0,-0.028841792111791165,-0.12185723189645614,-0.27414787015231923,-0.48136604616911427,-0.7396345668084905,-1.045480587263114,-1.3957807729702836,-1.787715501319326,-2.2187303659338227,-2.6865036246538807] False 59540.65603222185 59554.65603222185
1287.3303254983532 1483.6791717563765 1709.9759409858673 5.824687284291618e-14 3.172641283300751e-14 4.298795568582037e-14 1.8186937980554984e-11 2.6867924370793628e-08 0.035059805475772476 2.4973025654638647e-11 5.748655676258127e-12 6.155379696652344e-12 5.341931655863909e-12 3.569721455472319e-11 5.49732183863609e-05 1.265453807197092e-05 1.3549861238067011e-05 1.1759214905874824e-05 7.858041707241317e-05 580.9307573766768 133.72712390122632 143.18847217670097 124.26577562575164 830.4003757614823 126.83458537879346 -186.0524453397042 [0.0,316.94937932062857,349.9470515776346,382.94472383464074,415.94239609164663,448.94006834865263,481.937740605659,514.9354128626647,547.933085119671,580.9307573766768,617.9869646372263,655.0431718977758,692.0993791583255,729.1555864188749,766.2117936794243,803.2680009399741,840.3242082005237,877.380415461073,914.436622721623,951.492829982172] [-63.41729268939673,-2.703987078089824,-1.9574118498281905,-1.3650398603616622,-0.9027361882848481,-0.5516905009912705,-0.29694864953219735,-0.12641962291394293,-0.030183987665935774,0.0,-0.03628939123944974,-0.13892432579268643,-0.3009699367198948,-0.5165388288942268,-0.7805889072932075,-1.088767918804308,-1.4372922953779153,-1.8228515776204404,-2.2425321840999004,-2.6937559984291966] False 59540.65603222185 59554.65603222185
1709.9759409858673 1970.7884119509856 2271.3810595726877 3.056410189900516e-14 1.6322320444403698e-14 2.2335556077496002e-14 1.2558783550003448e-11 2.4633127533728212e-08 0.024826535063961153 1.1955943104015751e-11 3.3125441349678066e-12 3.5845795278043727e-12 3.0405087421312413e-12 1.830104335453984e-11 4.643696628531842e-05 1.2865944491025798e-05 1.3922531851442557e-05 1.1809357130609041e-05 7.108137984994862e-05 535.287461056851 148.30811122295415 160.48758828153757 136.12863416437077 819.3681541235007 100.36065233717477 -168.48550636623014 [0.0,256.78175756184567,291.5949704987213,326.4081834355969,361.22139637247267,396.03460930934835,430.84782224622387,465.6610351830995,500.47424811997513,535.287461056851,577.9143714171272,620.5412817774031,663.1681921376797,705.7951024979558,748.4220128582319,791.0489232185082,833.6758335787845,876.3027439390605,918.929654299337,961.5565646596133] [-50.180326168587385,-2.6981166534436625,-1.9197755203894928,-1.3195552557165797,-0.8620197503146301,-0.521373334904581,-0.27825083355421043,-0.11774204411312894,-0.028121288610151396,0.0,-0.03826005982992342,-0.1460174864867554,-0.31416643415380463,-0.5352862011952197,-0.8032491776932034,-1.1129365999248364,-1.460028378999084,-1.8408449785400762,-2.2522265981857004,-2.6914395734935397] False 59540.65603222185 59554.65603222185
2271.3810595726877 2617.821317854317 3017.1020504598932 1.5416808271660124e-14 8.072101906244985e-15 1.115553886810859e-14 8.336685382375056e-12 2.171015483251322e-08 0.016650862647018982 9.691188107351721e-12 2.6099422721989215e-12 2.8174118943636572e-12 2.4024726500341857e-12 1.4663188026591604e-11 6.641360018790058e-05 1.7885904252320495e-05 1.9307691177200323e-05 1.6464117327440668e-05 0.00010048665821885304 868.7333011816088 233.9593186000377 252.55722091723092 215.3614162828445 1314.4311718110425 124.60333184376987 -120.15078255844637 [0.0,427.0822888083436,482.2886653550017,537.4950419016598,592.701418448318,647.9077949949764,703.1141715416344,758.3205480882925,813.5269246349508,868.7333011816088,935.3822307760155,1002.0311603704225,1068.6800899648297,1135.3290195592372,1201.9779491536444,1268.6268787480506,1335.2758083424574,1401.9247379368646,1468.5736675312714,1535.2225971256778] [-62.30166592188493,-2.70109815807173,-1.9307070838311091,-1.332801289507529,-0.8744515083298126,-0.5314142547720593,-0.2853134288123158,-0.1218812941353633,-0.02981391152546564,0.0,-0.03643243966347143,-0.1421122060957032,-0.3083782441936904,-0.5281151911057691,-0.7954044258027011,-1.1052685921039398,-1.453481029337894,-1.836421246151133,-2.250963680622135,-2.6943909358571716] False 59540.65603222185 59554.65603222185
3017.1020504598932 3477.2827010020824 4007.6519721450045 7.475170644998728e-15 3.837383285825793e-15 5.355846795028183e-15 5.319821808810009e-12 1.839349300006083e-08 0.010658161307614655 3.493239000682957e-12 1.376995475725093e-12 1.5140250943266484e-12 1.239965857123538e-12 6.248080468756478e-12 4.22384818500892e-05 1.6649933885914502e-05 1.8306826831714905e-05 1.49930409401141e-05 7.554863363940195e-05 652.229074947723 257.10135640984987 282.6864083812318 231.51630443846798 1166.5905892895505 50.61083992003583 -62.603885932066774 [0.0,214.2614451478175,269.0073988728057,323.75335259779376,378.49930632278205,433.2452600477701,487.99121377275804,542.7371674977464,597.4831212227348,652.229074947723,730.7647251978306,809.3003754479382,887.8360256980466,966.3716759481541,1044.9073261982624,1123.44297644837,1201.978626698478,1280.514276948586,1359.049927198694,1437.5855774488016] [-25.305419960017915,-2.6999766098579414,-1.836543372067439,-1.2201142047946263,-0.775991452482657,-0.4592498164548715,-0.24070651824698075,-0.1003012132084109,-0.023632532708930398,0.0,-0.042767210051309235,-0.16006255165912364,-0.3386843142401048,-0.5687006510523247,-0.8424441391188395,-1.1538668215553258,-1.4981106282198624,-1.8712120362733913,-2.269893447883291,-2.691412332789426] False 59540.65603222185 59554.65603222185
4007.6519721450045 4618.915317184078 5323.411028602609 3.484107598090495e-15 1.7535878619478314e-15 2.471778467770062e-15 3.2633119094918507e-12 1.498040051610233e-08 0.006507417136080829 4.287831477112912e-12 1.297984478441879e-12 1.4109123291975983e-12 1.1850566276861599e-12 6.80538872627714e-12 9.147822056588426e-05 2.7691692419299282e-05 3.010093795392525e-05 2.528244688467332e-05 0.00014518874033690688 1734.7151182934354 525.1216868204486 570.8085686459053 479.434804994992 2753.2357025573915 110.76477897256014 -60.58054033898154 [0.0,776.3782802293159,896.1703849873309,1015.9624897453459,1135.7545945033614,1255.5466992613758,1375.3388040193913,1495.1309087774055,1614.9230135354214,1734.7151182934354,1887.5487060692526,2040.3822938450708,2193.215881620889,2346.0494693967066,2498.883057172524,2651.7166449483416,2804.5502327241593,2957.3838204999784,3110.2174082757956,3263.0509960516115] [-55.38238948628007,-2.694513007857026,-1.9097190304696028,-1.3102302548136109,-0.856195325281675,-0.5194708221456565,-0.27942182454443554,-0.1204563909192089,-0.030498473109609847,0.0,-0.03539142047635124,-0.1424424852598989,-0.3111116886590253,-0.5333401016024553,-0.8025598734702228,-1.1133465445125879,-1.4611673681737898,-1.842195433829552,-2.2531699338462943,-2.6912894542176247] False 59540.65603222185 59554.65603222185
5323.411028602609 6135.359285332078 7071.149185711414 1.5610104611144495e-15 7.703067247727821e-16 1.0965659376604396e-15 1.9243226969659043e-12 1.1728448306327369e-08 0.003844307339458952 4.990223674395379e-13 3.9820584860578355e-13 4.694854035060968e-13 3.269262937054703e-13 1.4323097557537545e-12 1.8784516115825365e-05 1.4989516840560367e-05 1.7672667006000643e-05 1.2306366675120092e-05 5.391591128041001e-05 455.07739234014406 363.1389914001607 428.1415165126867 298.1364662876348 1306.177500652296 12.739762789539377 -30.495071559630805 [0.0,21.60547956513689,75.78946866201281,129.9734577588887,184.15744685576465,238.34143595264052,292.5254250495164,346.70941414639213,400.89340324326815,455.07739234014406,589.1690394774014,723.2606866146591,857.3523337519166,991.4439808891738,1125.5356280264318,1259.6272751636893,1393.7189223009461,1527.8105694382045,1661.9022165754618,1795.9938637127182] [-6.369881394769688,-2.6106509671517095,-1.3097457529815664,-0.7680673685230381,-0.4532006697591946,-0.25466246234332957,-0.12840732134272415,-0.05190695840164139,-0.011933666072621918,0.0,-0.057624820344504,-0.2016246661073744,-0.40430344516764194,-0.6495255694869719,-0.9270385587902901,-1.2299121077861876,-1.5532380955064689,-1.893411460938264,-2.2477053674080274,-2.614006795305176] False 59540.65603222185 59554.65603222185
7071.149185711414 8149.575733880153 9392.473966813408 6.723048932713023e-16 3.252909440786671e-16 4.676480444104625e-16 1.0907609248714372e-12 8.826441809021575e-09 0.0022094742144989077 2.1317492342735434e-13 2.1452348863038363e-13 2.6901030762656395e-13 1.600366696342033e-13 7.76184250968504e-13 1.415813717049424e-05 1.4247702916881622e-05 1.7866476855809296e-05 1.0628928977953947e-05 5.155073081817872e-05 455.84478749631467 458.72850575227204 575.2409549059273 342.2160565986168 1659.7615669429251 11.489712093999003 -51.97127886728102 [0.0,50.64942083292382,101.29884166584765,151.9482624987715,202.5976833316953,253.24710416461912,303.896524997543,354.5459458304668,405.1953666633906,455.84478749631467,653.1183364676751,850.3918854390364,1047.6654344103972,1244.938983381758,1442.2125323531184,1639.4860813244798,1836.75963029584,2034.0331792672014,2231.306728238562,2428.580277209922] [-5.744856046999502,-1.3001115417553635,-0.7231968004974405,-0.4304590569473561,-0.254624849546353,-0.14297699765323557,-0.07197506242748375,-0.02904346844957928,-0.00666842188585548,0.0,-0.072957781208288,-0.24142228461548854,-0.46513640504751663,-0.724917678877695,-1.0101118313996693,-1.3141840250009196,-1.6328356297433757,-1.9630875997300663,-2.3027901505179074,-2.650340941103181] False 59540.65603222185 59554.65603222185
9392.473966813408 10825.05221838098 12476.13311942254 2.7835402344228217e-16 1.3203828720645478e-16 1.9171173279782354e-16 5.944454617348958e-13 6.386466874522787e-09 0.0012067362587147024 6.34443507105375e-13 3.164580602282512e-13 3.5506832114713095e-13 2.778477993093714e-13 1.3047315097207716e-12 7.434520394764615e-05 3.7083111049378566e-05 4.1607529205350314e-05 3.255869289340682e-05 0.00015289072880526802 3309.361914611924 1650.6974070386361 1852.094892499777 1449.2999215774953 6805.694626404127 46.91131407639466 -15.042289565566941 [0.0,784.3177553827561,1099.9482752864023,1415.5787951900488,1731.209315093694,2046.83983499734,2362.470354900987,2678.1008748046315,2993.7313947082785,3309.361914611924,3854.9551994513117,4400.548484290701,4946.14176913009,5491.735053969479,6037.328338808864,6582.921623648251,7128.514908487644,7674.108193327029,8219.701478166418,8765.294763005804] [-23.45565703819733,-2.691415713207478,-1.727101964379747,-1.1031143638464744,-0.6815618369641196,-0.39440006034694086,-0.20300567633012356,-0.08333253486994963,-0.019389161700411606,0.0,-0.04886735390222441,-0.17844943585504502,-0.3698475536840071,-0.6101102524731754,-0.8899731634172436,-1.2025799666567334,-1.5427139775216272,-1.9063137185390513,-2.290155155579333,-2.6916361983667496] False 59540.65603222185 59554.65603222185
12476.13311942254 14379.0435808939 16572.19366947696 1.1077571753831137e-16 5.1519169612849247e-17 7.554517179040195e-17 3.1139103156471157e-13 4.441737849242869e-09 0.0006314867813332903 2.2233628290883568e-13 1.682779318330851e-13 1.9704946798217937e-13 1.3950639568399077e-13 6.145336428604055e-13 4.596955934471409e-05 3.4792622565245465e-05 4.0741336023708236e-05 2.884390910678269e-05 0.00012705906744144856 2943.0905726934043 2227.514053445635 2608.366137929871 1846.6619689613985 8134.651471379437 16.98159598366533 -11.87678766526054 [0.0,192.50940396418662,536.3320500553388,880.1546961464912,1223.9773422376431,1567.799988328796,1911.6226344199479,2255.4452805111005,2599.267926602252,2943.0905726934043,3768.328208581408,4593.565844469412,5418.803480357414,6244.041116245417,7069.278752133424,7894.516388021425,8719.754023909427,9544.991659797435,10370.22929568543,11195.46693157344] [-8.490797991832665,-2.6095552117687095,-1.3932818965668794,-0.8251038477954715,-0.48787888379236755,-0.27412982062529245,-0.13811193857203286,-0.05577052994555132,-0.012806807688628297,0.0,-0.05824276845717691,-0.20400580300812976,-0.4093371515842925,-0.6578682015106114,-0.9391766486178952,-1.2462124347816115,-1.5739824748138123,-1.9188204174844117,-2.277954368933644,-2.6492375649610125] False 59540.65603222185 59554.65603222185
51591.719177855455 59460.697587199145 68529.88452212527 6.114163186066971e-19 2.576148102840505e-19 3.9687516793374316e-19 6.794269283022678e-15 3.998366734092865e-10 1.4323900524360056e-05 2.769049835859505e-14 2.7836083083658052e-14 3.488535612674678e-14 2.078681004056933e-14 1.0080517138072513e-13 9.790182148270453e-05 9.841654713260612e-05 0.00012333977755301845 7.349331671219379e-05 0.0003564041992037993 69771.3049238139 70138.13242229653 87900.07273161208 52376.192112981 253997.1747427498 17.86988172374307 -2.938519194235364 [0.0,7752.367213757098,15504.734427514197,23257.10164127131,31009.468855028394,38761.83606878552,46514.20328254262,54266.570496299726,62018.93771005679,69771.3049238139,100179.49735873145,130587.68979364895,160995.88222856654,191404.07466348406,221812.26709840161,252220.45953331923,282628.6519682367,313036.8444031543,343445.0368380718,373853.2292729894] [-8.934940861871535,-1.308483709968021,-0.726598770013489,-0.4322505105434731,-0.2556489327915781,-0.1435713336502955,-0.0723084575014159,-0.029212303063336886,-0.006732838750566739,0.0,-0.07383790991541872,-0.24432829306205672,-0.47056327425130906,-0.7331225567159643,-1.0212442901771475,-1.3283378882693029,-1.6500729471601554,-1.983450988109297,-2.3263096761310296,-2.6770382051687527] False 59540.65603222185 59554.65603222185
