data/Ton599_allsed_14d_min11.ecsv
# %ECSV 1.0
# ---
# datatype:
# - {name: e_min, unit: MeV, datatype: float64}
# - {name: e_ref, unit: MeV, datatype: float64}
# - {name: e_max, unit: MeV, datatype: float64}
# - {name: ref_dnde_e_min, unit: ph / (MeV s cm2), datatype: float64}
# - {name: ref_dnde_e_max, unit: ph / (MeV s cm2), datatype: float64}
# - {name: ref_dnde, unit: ph / (MeV s cm2), datatype: float64}
# - {name: ref_flux, unit: ph / (s cm2), datatype: float64}
# - {name: ref_eflux, unit: MeV / (s cm2), datatype: float64}
# - {name: ref_npred, datatype: float64}
# - {name: dnde, unit: ph / (MeV s cm2), datatype: float64}
# - {name: dnde_err, unit: ph / (MeV s cm2), datatype: float64}
# - {name: dnde_errp, unit: ph / (MeV s cm2), datatype: float64}
# - {name: dnde_errn, unit: ph / (MeV s cm2), datatype: float64}
# - {name: dnde_ul, unit: ph / (MeV s cm2), datatype: float64}
# - {name: e2dnde, unit: MeV / (s cm2), datatype: float64}
# - {name: e2dnde_err, unit: MeV / (s cm2), datatype: float64}
# - {name: e2dnde_errp, unit: MeV / (s cm2), datatype: float64}
# - {name: e2dnde_errn, unit: MeV / (s cm2), datatype: float64}
# - {name: e2dnde_ul, unit: MeV / (s cm2), datatype: float64}
# - {name: norm, datatype: float64}
# - {name: norm_err, datatype: float64}
# - {name: norm_errp, datatype: float64}
# - {name: norm_errn, datatype: float64}
# - {name: norm_ul, datatype: float64}
# - {name: ts, datatype: float64}
# - {name: loglike, datatype: float64}
# - {name: norm_scan, datatype: string, subtype: 'float64[20]'}
# - {name: dloglike_scan, datatype: string, subtype: 'float64[20]'}
# - {name: ShowUL, datatype: bool}
# - {name: tstart, datatype: float64}
# - {name: tend, datatype: float64}
# meta: !!omap
# - {UL_CONF: 0.95}
# - {EXTNAME: SED}
# - {CONFIG: '{"bin_index": 2.0, "use_local_index": true, "free_background": false, "free_radius": null, "free_pars": [], "ul_confidence":
#     0.95, "cov_scale": 3.0, "make_plots": false, "write_fits": true, "write_npy": true, "optimizer": {"optimizer": "MINUIT", "tol":
#     0.001, "max_iter": 100, "init_lambda": 0.0001, "retries": 3, "min_fit_quality": 2, "verbosity": 0}, "prefix": "", "outfile": null,
#     "loge_bins": []}'}
# - {SRCNAME: 4FGL J1159.5+2914}
# - {CREATOR: fermipy 1.2.0}
# - {STVER: 2.2.0}
# schema: astropy-2.0
e_min e_ref e_max ref_dnde_e_min ref_dnde_e_max ref_dnde ref_flux ref_eflux ref_npred dnde dnde_err dnde_errp dnde_errn dnde_ul e2dnde e2dnde_err e2dnde_errp e2dnde_errn e2dnde_ul norm norm_err norm_errp norm_errn norm_ul ts loglike norm_scan dloglike_scan ShowUL tstart tend
[from data line 1051]
100.0 115.25240587974294 132.83117061068992 1.5543670198206053e-11 8.343245394442882e-12 1.1387917052469318e-11 3.7440565965005416e-10 4.295132733171858e-08 0.08367204666317016 2.1951381577084533e-09 8.792044021067661e-10 9.348681655364534e-10 8.235406386770789e-10 3.807682550129289e-09 2.9158277114060737e-05 1.1678574993791357e-05 1.2417963279487546e-05 1.093918670809517e-05 5.057789304475708e-05 192.76028685443114 77.20502336431423 82.09299042389317 72.31705630473529 334.3616337022444 9.23826412546623 -390.5653097519074 [0.0,37.32374628389849,56.75331385521507,76.18288142653164,95.61244899784825,115.0420165691648,134.47158414048135,153.90115171179792,173.3307192831145,192.76028685443114,213.59516004356456,234.43003323269758,255.26490642183083,276.09977961096416,296.93465280009735,317.7695259892308,338.604399178364,359.43927236749727,380.2741455566305,401.10901874576393] [-4.619132062733115,-2.6967002497904673,-1.9656346623094691,-1.3799244370007955,-0.9185008506584609,-0.5649238746272545,-0.3060719746848122,-0.13127371539195565,-0.031711519109592246,0.0,-0.03428140265975799,-0.1328228394394273,-0.2899984481314277,-0.500951090553599,-0.7614529808923862,-1.0677972040059558,-1.416712147046951,-1.805293193636885,-2.2309476064700675,-2.691349614026649] False 59246.65603222185 59260.65603222185
132.83117061068992 153.091119887046 176.4411988580621 9.161302039723115e-12 4.853169950149451e-12 6.667934894960147e-12 2.913086365715794e-10 4.4376461818754386e-08 0.09061691376041008 2.0846252440098783e-09 5.037287835613597e-10 5.36483058326287e-10 4.709745087964324e-10 3.004445760561545e-09 4.885713459525504e-05 1.1805836587981385e-05 1.2573494955046825e-05 1.1038178220915944e-05 7.041486777045056e-05 312.6343128493216 75.54494629845517 80.45715304325769 70.63273955365266 450.5811481201485 36.97950314964646 -420.1031921404618 [0.0,155.72677086871096,175.34021361628737,194.95365636386364,214.5670991114401,234.1805418590164,253.79398460659266,273.40742735416904,293.02087010174523,312.6343128493216,332.83739301136853,353.0404731734157,373.24355333546254,393.44663349750965,413.6497136595566,433.8527938216036,454.05587398365077,474.25895414569754,494.4620343077447,514.6651144697917] [-18.48975157482323,-2.7088893704744805,-1.984581986728415,-1.3981683577771378,-0.9324256417808101,-0.5733826003620948,-0.30952471987978925,-0.13123221675806462,-0.030372769447467363,0.0,-0.03609432821485825,-0.1349511729156916,-0.2916198693386036,-0.5017529907489688,-0.7615088678377333,-1.0674734117276898,-1.4165967730044144,-1.8061415404396826,-2.233640014057528,-2.6968586856939964] False 59246.65603222185 59260.65603222185
176.4411988580621 203.35272664697808 234.36890988269914 5.2593798474603815e-12 2.749727707764179e-12 3.80287555571022e-12 2.2077213085806144e-10 4.465897242651392e-08 0.08755274764550056 1.1339038047008465e-09 2.830209275208611e-10 3.0208602239990753e-10 2.6395583264181467e-10 1.653492847777574e-09 4.688956594712546e-05 1.1703575197816006e-05 1.249196132008949e-05 1.091518907554252e-05 6.83757842663044e-05 298.1701052505464 74.42287378977998 79.43621030309795 69.409537276462 434.80067216366484 37.27140821848309 -407.1679099887799 [0.0,145.33735269172126,164.4414467615744,183.54554083142762,202.6496349012808,221.75372897113385,240.85782304098706,259.9619171108401,279.0660111806933,298.1701052505464,318.20342640451895,338.2367475584916,358.2700687124641,378.30338986643665,398.3367110204091,418.37003217438155,438.4033533283543,458.4366744823268,478.4699956362993,498.50331679027204] [-18.635704109241544,-2.7065884006340184,-1.9761383113778948,-1.3881942997840042,-0.9235096140169503,-0.5667521094859467,-0.305477675341308,-0.1294250658721694,-0.03001725792569232,0.0,-0.036303083434972905,-0.13595668513471537,-0.2936523267082407,-0.5047679525926014,-0.765250446675509,-1.0715227379095609,-1.420409492657427,-1.8090770479543608,-2.234984390680495,-2.695842800809146] False 59246.65603222185 59260.65603222185
234.36890988269914 270.1158072739371 311.3149665447022 2.9409360545469108e-12 1.5174961130305749e-12 2.112547995063408e-12 1.6297277803444305e-10 4.377687428222871e-08 0.07718156624091893 2.82073642963124e-10 1.1809750303113076e-10 1.2812388616243436e-10 1.0807111989982716e-10 5.096537572853162e-10 2.058081209199913e-05 8.616694891751191e-06 9.348245365663162e-06 7.88514441783922e-06 3.71856374118644e-05 133.52295125236074 55.902873358191364 60.64898239558754 51.15676432079519 241.2507353566748 11.774205665213572 -241.0597068955907 [0.0,29.760473170261555,42.730782930523944,55.701092690786346,68.67140245104876,81.64171221131119,94.61202197157361,107.58233173183595,120.55264149209829,133.52295125236074,149.6789808199308,165.83501038750083,181.99103995507085,198.1470695226409,214.30309909021094,230.459128657781,246.61515822535097,262.7711877929211,278.9272173604911,295.0832469280611] [-5.887102832606786,-2.6940876547172365,-1.8914897451308832,-1.2885973411622444,-0.8366391993847913,-0.5037998285334879,-0.2679643592461787,-0.11303101019376527,-0.026851890803129663,0.0,-0.038339050788607665,-0.14574866388554142,-0.3132062451745412,-0.5334647769415142,-0.800602136069017,-1.1097071360765653,-1.4566548650047935,-1.837942171840723,-2.2505647600686984,-2.691923736980641] False 59246.65603222185 59260.65603222185
311.3149665447022 358.7979888064861 413.52331434760555 1.6018075372272705e-12 8.15716397011841e-13 1.1430750950718136e-12 1.1718332459941652e-10 4.179850430653517e-08 0.06375063671224357 2.4911775764583184e-10 8.099190252215873e-11 8.737544264643514e-11 7.460836239788231e-11 4.0297757330120376e-10 3.207042284403689e-05 1.0426573301616695e-05 1.124836470244679e-05 9.6047819007866e-06 5.187771957552264e-05 217.93647566976432 70.85440219224654 76.43893478489774 65.26986959959534 352.53814472782886 22.94912840396057 -280.32457061951067 [0.0,81.61600847829689,98.65606687723029,115.69612527616368,132.73618367509712,149.77624207403056,166.8163004729641,183.85635887189738,200.89641727083082,217.93647566976432,238.02679832168064,258.11712097359714,278.20744362551346,298.2977662774299,318.38808892934617,338.4784115812625,358.56873423317904,378.6590568850954,398.74937953701175,418.83970218892813] [-11.474564201980286,-2.6983225977143093,-1.930411895263319,-1.333596279847086,-0.8752835240717332,-0.531693721041222,-0.284892342759008,-0.12098771619673698,-0.028980613899989294,0.0,-0.03697638474534415,-0.14176112754699943,-0.3063933883536265,-0.524284603342096,-0.7899151417876737,-1.098611201476956,-1.446377588145424,-1.8297702735121106,-2.245797818604615,-2.6918441057370615] False 59246.65603222185 59260.65603222185
413.52331434760555 476.5900816815941 549.2752115212968 8.497830631431404e-13 4.2711836769604333e-13 6.024599196838264e-13 8.206675995738606e-11 3.887075218133301e-08 0.05027194018562964 1.6116347624050075e-10 5.06778999230744e-11 5.5694359016433183e-11 4.566144082971563e-11 2.5727931439370237e-10 3.660636674275659e-05 1.1510882202419125e-05 1.2650311219496755e-05 1.0371453185341497e-05 5.843793617337018e-05 267.50904246888325 84.1182927980842 92.44491989718058 75.79166569898783 427.0480176153854 40.39855393708467 -233.14183404233535 [0.0,111.401859294112,130.91525719095844,150.4286550878048,169.94205298465118,189.4554508814977,208.9688487783441,228.48224667519048,247.99564457203692,267.50904246888325,291.32254414508736,315.1360458212914,338.94954749749513,362.7630491736993,386.5765508499033,410.3900525261071,434.2035542023114,458.01705587851535,481.8305575547192,505.6440592309231] [-20.199276968542335,-2.6960783601444973,-1.9143102261952265,-1.3143487676091183,-0.8582547511846883,-0.5191414794947207,-0.2772122991489141,-0.11744043076575394,-0.02813274598230464,0.0,-0.03773950513917157,-0.14448110870509367,-0.31141753416102347,-0.531381826528559,-0.7984586778530627,-1.1077051944012624,-1.4549459419124844,-1.8366196563402184,-2.249662675131532,-2.69141897072339] False 59246.65603222185 59260.65603222185
549.2752115212968 633.0528961793416 729.6086933380817 4.391416967286345e-13 2.1782499152575193e-13 3.0928310068369223e-13 5.599135932351314e-11 3.521572015309343e-08 0.03773212401348247 5.4079704374152286e-11 2.4334008568033013e-11 2.7679428766371733e-11 2.0988588369694286e-11 1.0256007554141267e-10 2.1672764349222538e-05 9.751999192122222e-06 1.10926963066275e-05 8.411302077616942e-06 4.110156249134158e-05 174.8550252328862 78.67875261933472 89.49544512837718 67.86206011029223 331.6058178241758 18.42440702888439 -152.18822541196673 [0.0,43.48605492808189,59.90717621618243,76.32829750428299,92.74941879238348,109.1705400804841,125.59166136858458,142.01278265668515,158.43390394478564,174.8550252328862,198.65902008691657,222.46301494094695,246.26700979497727,270.0710046490077,293.874999503038,317.6789943570685,341.4829892110988,365.28698406512916,389.0909789191595,412.8949737731901] [-9.212203514442194,-2.6875012893916335,-1.8172056120003504,-1.2039355280116126,-0.7648563156335229,-0.45265427162101446,-0.23749393060933244,-0.09923504273638173,-0.023584241243071347,0.0,-0.042309920754178165,-0.15928810188654552,-0.33771482801739694,-0.5676787080190877,-0.8415443884560716,-1.1532968395285934,-1.4981077161198755,-1.8720387909048384,-2.2718332830926613,-2.6947654069372504] False 59246.65603222185 59260.65603222185
729.6086933380817 840.8915725798939 969.1477682383326 2.2103012838356514e-13 1.0820351271667914e-13 1.5464875139269762e-13 3.720595417366441e-11 3.1073730457653335e-08 0.02719248992606904 3.4005677049678774e-11 1.5020116690339163e-11 1.6637024607609495e-11 1.3403208773068836e-11 6.46919604178843e-11 2.4045367886509275e-05 1.062070403685478e-05 1.1764017421045785e-05 9.477390652663778e-06 4.5743597025727154e-05 219.88976143317578 97.12407345726815 107.57943053392852 86.6687163806078 418.31543957062297 24.763383595232852 -114.3133291727534 [0.0,59.00419561384961,79.11489134126533,99.22558706868114,119.33628279609692,139.44697852351263,159.55767425092844,179.66836997834412,199.77906570576008,219.88976143317578,250.33805867984708,280.78635592651824,311.23465317318954,341.68295041986084,372.13124766653226,402.5795449132034,433.02784215987475,463.4761394065457,493.92443665321724,524.3727338998887] [-12.381691797616426,-2.6980578038367753,-1.8093761865736155,-1.191500256317184,-0.7537238058230429,-0.4449509496588604,-0.2334166905343693,-0.09796430003825662,-0.02376355103315575,0.0,-0.04241639853044887,-0.161503535676502,-0.34260518767878523,-0.5749682119369908,-0.8504605526948978,-1.1627776213669705,-1.5069290403150006,-1.8788944416205027,-2.27538546354954,-2.693676812602604] False 59246.65603222185 59260.65603222185
1287.3303254983532 1483.6791717563765 1709.9759409858673 5.174473880933556e-14 2.4673444944944244e-14 3.5731232335348635e-14 1.5182212198519402e-11 2.2358719549575257e-08 0.012444252274498746 8.538725321384961e-12 5.014723317302034e-12 5.722105680450904e-12 4.307340954153164e-12 1.9648287612792718e-11 1.8796329220382456e-05 1.1038929919091129e-05 1.2596093463061612e-05 9.481766375120646e-06 4.325185184981595e-05 238.9709160111354 140.34565811325254 160.14297035006174 120.54834587644335 549.8911268547214 21.706466976407512 -68.94234169998555 [0.0,41.27194552433627,65.98431683518615,90.69668814603602,115.40905945688597,140.12143076773577,164.83380207858576,189.54617338943564,214.25854470028554,238.9709160111354,287.9817533746164,336.99259073809765,386.0034281015786,435.0142654650596,484.025102828541,533.0359401920224,582.0467775555032,631.0576149189847,680.0684522824657,729.0792896459463] [-10.853233488203756,-2.6971283356194675,-1.6568379322484361,-1.0355907125197206,-0.6332575895922901,-0.3657849327032352,-0.1898184589081069,-0.08004394425886119,-0.020386955380118366,0.0,-0.04760393958191855,-0.18189771095467222,-0.3794158740305704,-0.6250966783867966,-0.9086938253869619,-1.2229199703876503,-1.5624067589127861,-1.9230850722199477,-2.3017968819097803,-2.6960420327188785] False 59246.65603222185 59260.65603222185
4007.6519721450045 4618.915317184078 5323.411028602609 2.0681409564245455e-15 9.3560200039394e-16 1.3910272520434118e-15 1.843907502310208e-12 8.443325536585215e-09 0.0015820483702375654 8.815070034075831e-13 8.872352111997317e-13 1.1124846578835337e-12 6.619857645159297e-13 3.2102170612952098e-12 1.8806404243850165e-05 1.892861199820207e-05 2.373416899736807e-05 1.4123054999036075e-05 6.84879865183645e-05 633.709369901024 637.8273393971166 799.7576296577221 475.8970491365112 2307.8031408654415 11.191810403599845 -28.284276129531705 [0.0,70.41215221122488,140.82430442244976,211.23645663367475,281.6486088448995,352.0607610561245,422.4729132673495,492.8850654785742,563.297217689799,633.709369901024,908.2687468380319,1182.8281237750407,1457.387500712048,1731.946877649056,2006.5062545860644,2281.0656315230717,2555.62500846008,2830.1843853970886,3104.7437623340957,3379.303139271107] [-5.595905201799923,-1.2987758256072084,-0.7226817321670396,-0.4302061896505478,-0.25449321193743657,-0.14290987827659052,-0.07194394383197178,-0.02903194283230448,-0.006666145061664963,0.0,-0.07307812664370772,-0.241792520395677,-0.4658111028520473,-0.7259239550075165,-1.0114643730764996,-1.3158910780773354,-1.6349017714363363,-1.9655151669365338,-2.3055800367837342,-2.6534930699105104] False 59246.65603222185 59260.65603222185
5323.411028602609 6135.359285332078 7071.149185711414 8.658504520937109e-16 3.8658121638047596e-16 5.7855122588580775e-16 1.0192715174271652e-12 6.197693281999549e-09 0.0008773539198299041 6.961710037406015e-13 7.139934590763258e-13 8.973000877203117e-13 5.3068683043234e-13 2.572228436753883e-12 2.6205709988981812e-05 2.687659414432592e-05 3.377673839551074e-05 1.9976449893141096e-05 9.682545247762238e-05 1203.3005420992915 1234.1058615564168 1550.9431966831878 917.2685264296457 4445.982173515573 9.965379587358374 -15.384583820675681 [0.0,133.7000602332546,267.4001204665092,401.10018069976365,534.8002409330184,668.5003011662727,802.2003613995273,935.900421632782,1069.6004818660367,1203.3005420992915,1717.9268571937025,2232.553172288114,2747.179487382528,3261.8058024769366,3776.4321175713485,4291.058432665763,4805.684747760174,5320.311062854583,5834.937377948998,6349.56369304341] [-4.982689793679187,-1.312876548395737,-0.7389011172915634,-0.44505791235988745,-0.2671609474522434,-0.15311756240702756,-0.07959559128282478,-0.03410811531210989,-0.009185009301873492,0.0,-0.06222644560920543,-0.21923577711277176,-0.4317342745583339,-0.6808555343014273,-0.9560593623199214,-1.2508470880029652,-1.5609222657697668,-1.883292205585855,-2.21578599152023,-2.5567767910031964] False 59246.65603222185 59260.65603222185
