data/Ton599_allsed_1d_min11.ecsv
# %ECSV 1.0
# ---
# datatype:
# - {name: e_min, unit: MeV, datatype: float64}
# - {name: e_ref, unit: MeV, datatype: float64}
# - {name: e_max, unit: MeV, datatype: float64}
# - {name: ref_dnde_e_min, unit: ph / (MeV s cm2), datatype: float64}
# - {name: ref_dnde_e_max, unit: ph / (MeV s cm2), datatype: float64}
# - {name: ref_dnde, unit: ph / (MeV s cm2), datatype: float64}
# - {name: ref_flux, unit: ph / (s cm2), datatype: float64}
# - {name: ref_eflux, unit: MeV / (s cm2), datatype: float64}
# - {name: ref_npred, datatype: float64}
# - {name: dnde, unit: ph / (MeV s cm2), datatype: float64}
# - {name: dnde_err, unit: ph / (MeV s cm2), datatype: float64}
# - {name: dnde_errp, unit: ph / (MeV s cm2), datatype: float64}
# - {name: dnde_errn, unit: ph / (MeV s cm2), datatype: float64}
# - {name: dnde_ul, unit: ph / (MeV s cm2), datatype: float64}
# - {name: e2dnde, unit: MeV / (s cm2), datatype: float64}
# - {name: e2dnde_err, unit: MeV / (s cm2), datatype: float64}
# - {name: e2dnde_errp, unit: MeV / (s cm2), datatype: float64}
# - {name: e2dnde_errn, unit: MeV / (s cm2), datatype: float64}
# - {name: e2dnde_ul, unit: MeV / (s cm2), datatype: float64}
# - {name: norm, datatype: float64}
# - {name: norm_err, datatype: float64}
# - {name: norm_errp, datatype: float64}
# - {name: norm_errn, datatype: float64}
# - {name: norm_ul, datatype: float64}
# - {name: ts, datatype: float64}
# - {name: loglike, datatype: float64}
# - {name: norm_scan, datatype: string, subtype: 'float64[20]'}
# - {name: dloglike_scan, datatype: string, subtype: 'float64[20]'}
# - {name: ShowUL, datatype: bool}
# - {name: tstart, datatype: float64}
# - {name: tend, datatype: float64}
# meta: !!omap
# - {UL_CONF: 0.95}
# - {EXTNAME: SED}
# - {CONFIG: '{"bin_index": 2.0, "use_local_index": true, "free_background": false, "free_radius": null, "free_pars": [], "ul_confidence":
#     0.95, "cov_scale": 3.0, "make_plots": false, "write_fits": true, "write_npy": true, "optimizer": {"optimizer": "MINUIT", "tol":
#     0.001, "max_iter": 100, "init_lambda": 0.0001, "retries": 3, "min_fit_quality": 2, "verbosity": 0}, "prefix": "", "outfile": null,
#     "loge_bins": []}'}
# - {SRCNAME: 4FGL J1159.5+2914}
# - {CREATOR: fermipy 1.2.0}
# - {STVER: 2.2.0}
# schema: astropy-2.0
e_min e_ref e_max ref_dnde_e_min ref_dnde_e_max ref_dnde ref_flux ref_eflux ref_npred dnde dnde_err dnde_errp dnde_errn dnde_ul e2dnde e2dnde_err e2dnde_errp e2dnde_errn e2dnde_ul norm norm_err norm_errp norm_errn norm_ul ts loglike norm_scan dloglike_scan ShowUL tstart tend
[from data line 1085]
2271.3810595726877 2617.821317854317 3017.1020504598932 1.608753884162939e-14 8.548350457975085e-15 1.172697403529721e-14 8.759905556713392e-12 2.2820229018168905e-08 0.00033247772036913703 3.520856294716913e-11 3.5448436580855545e-11 4.444739104297784e-11 2.6449482118733254e-11 1.2824750136155335e-10 0.0002412838752959474 0.00024292772653759066 0.000304597457548501 0.00018125799552668031 0.0008788786458558337 3002.357030994894 3022.8118928343083 3790.184143769306 2255.4396418993106 10936.111990658384 10.723579781407034 -7.104293582090533 [0.0,333.59522566609934,667.1904513321987,1000.7856769982978,1334.3809026643974,1667.9761283304967,2001.5713539965957,2335.1665796626953,2668.7618053287947,3002.357030994894,4303.629082667791,5604.901134340684,6906.173186013583,8207.445237686481,9508.71728935938,10809.989341032278,12111.261392705175,13412.533444378068,14713.805496050963,16015.077547723857] [-5.361789890703517,-1.2961807230517506,-0.7216520370896351,-0.4296816651087587,-0.2542059546571309,-0.14275221632912682,-0.07186186370786096,-0.02899448853950748,-0.0066539094741004945,0.0,-0.07310601835831498,-0.24184749060160282,-0.46589189843732637,-0.7260291636898186,-1.0115925121383755,-1.3160406297135294,-1.6350711991153348,-1.9657029238240442,-2.3057845704387505,-2.6537128250706337] False 59463.699990555186 59464.699990555186
4007.6519721450045 4618.915317184078 5323.411028602609 3.459839986243185e-15 1.7388862421485994e-15 2.4528082175567424e-15 3.238422058131796e-12 1.48656413887598e-08 0.00012469834160827586 1.955469857526655e-11 1.9759227366387698e-11 2.4772578842550747e-11 1.474587589022465e-11 7.153204943996668e-11 0.0004171873449121823 0.00042155083959851075 0.0005285075785838634 0.00031459410061315807 0.0015260918324628216 7972.371600558771 8055.757162323106 10099.680303267602 6011.834021378609 29163.327539411213 12.369457570016726 -7.47453589237993 [0.0,885.8190667287522,1771.6381334575044,2657.4572001862552,3543.276266915009,4429.09533364376,5314.9144003725105,6200.733467101263,7086.552533830018,7972.371600558771,11453.543084802468,14934.714569046162,18415.886053289858,21897.057537533547,25378.22902177725,28859.400506020935,32340.57199026462,35821.74347450833,39302.91495875204,42784.086442995715] [-6.184728785008363,-1.3074615294656864,-0.7281909209923478,-0.4343273813054749,-0.2576766662770087,-0.14533615352005036,-0.07370341062138142,-0.030176249471481675,-0.007227555514762507,0.0,-0.07201099219918827,-0.24084183925475777,-0.4654898007380437,-0.7265000112007547,-1.0130950109718553,-1.318676133020161,-1.6389083709293812,-1.9707904319594567,-2.31215816382696,-2.661399534493465] False 59463.699990555186 59464.699990555186
7071.149185711414 8149.575733880153 9392.473966813408 5.955463762618317e-16 2.831260794613074e-16 4.1062721615645666e-16 9.583946884150688e-13 7.752121969943661e-09 3.75994224782808e-05 1.0719481483178457e-11 1.0956872860040817e-11 1.3732905849338312e-11 8.180839870743324e-12 3.971462574763388e-11 0.0007119406297670515 0.0007277071168503934 0.0009120789708207546 0.0005433352628800323 0.0026376700878771894 26105.141260520184 26683.260214944065 33443.730247304935 19922.790182583198 96716.98364119603 23.449094210794193 -3.0670203915953502 [0.0,2900.5712511689103,5801.142502337821,8701.71375350673,11602.285004675641,14502.856255844552,17403.42750701346,20303.99875818237,23204.570009351282,26105.141260520184,37764.57490241861,49424.008544317054,61083.44218621547,72742.8758281139,84402.30947001227,96061.74311191074,107721.17675380906,119380.61039570755,131040.04403760596,142699.47767950443] [-11.724547105397097,-1.3247218855036813,-0.7406481553734254,-0.4442474000505783,-0.265627405949743,-0.15154502320900498,-0.07828418009875149,-0.03319395401780145,-0.008722852678550996,0.0,-0.06914969442904129,-0.2384733425827612,-0.46505709460544775,-0.7287551333395816,-1.0184794649184186,-1.327471172593234,-1.6513041832257125,-1.9869216226607511,-2.332123492633034,-2.685273605315242] False 59463.699990555186 59464.699990555186
12476.13311942254 14379.0435808939 16572.19366947696 8.20531134047676e-17 3.689403010761114e-17 5.5020632824229913e-17 2.271076427475302e-13 3.2369343530193483e-09 8.884827908513249e-06 6.190678205941849e-12 6.220636374326441e-12 7.79420513252182e-12 4.6470676161310625e-12 2.2532608920707722e-11 0.0012799653994789465 0.0012861594573330987 0.0016115056467470438 0.0009608132679191537 0.004658772240950081 112515.57621517585 113060.06592470536 141659.67805970815 84460.45378970256 409530.1664866501 26.40635849507693 -2.8435295725200644 [0.0,12501.730690575097,25003.461381150195,37505.19207172529,50006.92276230039,62508.65345287546,75010.38414345057,87512.11483402565,100013.84552460078,112515.57621517585,161693.95366843327,210872.33112169083,260050.70857494842,309229.08602820575,358407.4634814631,407585.8409347208,456764.2183879779,505942.59584123554,555120.9732944932,604299.3507477507] [-13.203179247538465,-1.3086133405699272,-0.7265449405822526,-0.43215657649646966,-0.25555073892843083,-0.14348321884232096,-0.0722375914485931,-0.029162782834187162,-0.00670722505539878,0.0,-0.0743279206635945,-0.24572194035084305,-0.4730396689383438,-0.7367754001772688,-1.0261287301763242,-1.3344891186148908,-1.657514798131837,-1.992200343229646,-2.336378933099451,-2.6884367357038634] False 59463.699990555186 59464.699990555186
100.0 115.25240587974294 132.83117061068992 5.372140386638456e-12 3.287155012599577e-12 4.202268220892998e-12 1.377494921500311e-10 1.5851441609375344e-08 0.004980807735190886 7.843182412547272e-09 3.3754289914850833e-09 3.649836719476808e-09 3.1010212634933594e-09 1.429029032467436e-08 0.00010418191011718303 4.483621842522246e-05 4.8481208398598514e-05 4.11912284518464e-05 0.00018981959921931133 1866.416420911032 803.2397776760171 868.5396856227335 737.9398697293008 3400.61356712676 10.19727535639214 -143.79816851540585 [0.0,361.0397088429199,549.2117978514334,737.3838868599476,925.5559758684614,1113.7280648769754,1301.900153885489,1490.0722428940032,1678.2443319025165,1866.416420911032,2096.494668551741,2326.572916192453,2556.651163833163,2786.7294114738725,3016.8076591145837,3246.8859067552944,3476.964154396004,3707.042402036713,3937.1206496774266,4167.198897318138] [-5.09863767819607,-2.701208051447992,-1.9020309450153263,-1.2975840130025915,-0.842537922990914,-0.5066145554746129,-0.26841427241049587,-0.11215840265600718,-0.025822961590847626,0.0,-0.03979168715940773,-0.1479014265437968,-0.31559475431424744,-0.5357962155932228,-0.8026821751536204,-1.111393508594972,-1.4578276990745849,-1.8384850812089155,-2.25035294953949,-2.690816734861471] False 59989.699990555186 59990.699990555186
132.83117061068992 153.091119887046 176.4411988580621 3.6157780345782307e-12 2.183004572487728e-12 2.8094946133753273e-12 1.2235963425075237e-10 1.869731687732935e-08 0.005837259164602682 8.44163483442533e-09 2.2345005762354462e-09 2.3947306844173817e-09 2.0742704680535108e-09 1.2620132949131578e-08 0.00019784567537720822 5.2369746418456414e-05 5.612504199695513e-05 4.8614450839957705e-05 0.0002957766801862698 3004.6809110210565 795.3389786182636 852.3706267371525 738.3073304993748 4491.958407412551 42.45808878954216 -156.54302974348286 [0.0,1438.659589801824,1634.412254954227,1830.1649201066311,2025.917585259035,2221.67025041144,2417.422915563845,2613.175580716248,2808.9282458686525,3004.6809110210565,3225.4464874580485,3446.21206389504,3666.977640332031,3887.7432167690213,4108.508793206015,4329.274369643006,4550.03994608,4770.805522516988,4991.5710989539775,5212.336675390972] [-21.22904439477108,-2.6988399147544158,-1.9526324838167,-1.3615245743902165,-0.9006485041977328,-0.5508297337577517,-0.29694642923007564,-0.12684570317935595,-0.030602812815544667,0.0,-0.03567286515061596,-0.13781360836691192,-0.29946858513869756,-0.5147441005452151,-0.7785985989812048,-1.086683840176903,-1.4352217450320381,-1.8209076537739008,-2.240833438177276,-2.692425742280932] False 59989.699990555186 59990.699990555186
176.4411988580621 203.35272664697808 234.36890988269914 2.3692793804557673e-12 1.4113970648833781e-12 1.828659061570519e-12 1.058163854814192e-10 2.1471204818558776e-08 0.0061663862764883125 3.846732959367843e-09 1.2213375933826923e-09 1.3181539560811567e-09 1.1245212306842281e-09 6.17093466949481e-09 0.00015907137627679653 5.0505156955293975e-05 5.450873927390886e-05 4.650157463667908e-05 0.00025518253571520425 2103.5812745018347 667.8869883671827 720.8308994182207 614.9430773161446 3374.5681735746775 31.8533040072204 -142.29204569643608 [0.0,842.8343961183631,1000.4277559162973,1158.021115714231,1315.6144755121647,1473.2078353100997,1630.8011951080332,1788.3945549059683,1945.9879147039,2103.5812745018347,2293.436726507499,2483.2921785131616,2673.1476305188244,2863.0030825244885,3052.8585345301503,3242.7139865358126,3432.5694385414768,3622.42489054714,3812.280342552802,4002.135794558467] [-15.9266520036102,-2.696979969740653,-1.9204708342056165,-1.322150201196365,-0.8656104970249316,-0.5249867733043345,-0.2811711838140525,-0.11960346330948823,-0.028905824497030608,0.0,-0.03687772815763424,-0.14235550370082706,-0.3080003146310162,-0.5268995199059532,-0.7933089071790675,-1.1023982311231464,-1.4500632805133478,-1.8327844733795189,-2.247518698373568,-2.6916153676849035] False 59989.699990555186 59990.699990555186
234.36890988269914 270.1158072739371 311.3149665447022 1.5114399293166439e-12 8.883904436998153e-13 1.158770378216165e-12 8.909108782301944e-11 2.400491346857292e-08 0.006025596289519097 9.395870965778438e-10 4.723891144161036e-10 5.245879076101757e-10 4.2019032122203145e-10 1.9117446800621697e-09 6.855466989258427e-05 3.446671406790992e-05 3.8275271091781756e-05 3.065815704403808e-05 0.00013948576554308618 810.8483908816025 407.66412681631465 452.7108368249257 362.6174168077036 1649.8045825137065 12.465076627199181 -73.65336738225517 [0.0,151.8299808115442,234.20728207030146,316.5845833290588,398.96188458781626,481.3391858465733,563.716487105331,646.0937883640881,728.4710896228452,810.8483908816025,940.3079129138052,1069.7674349460083,1199.2269569782109,1328.6864790104137,1458.146001042616,1587.6055230748198,1717.0650451070221,1846.524567139225,1975.9840891714277,2105.44361120363] [-6.232538313599591,-2.693555041128789,-1.781356212985017,-1.1606386492053105,-0.7275263775887595,-0.42569882928978586,-0.22107392427672323,-0.09141660929454076,-0.02139930506058363,0.0,-0.045575958338872624,-0.16860021066968045,-0.35326033032490045,-0.5881950534962357,-0.8649608200818193,-1.1771074578060023,-1.519593693387236,-1.888402671452269,-2.2802805226522764,-2.6925535136937526] False 59989.699990555186 59990.699990555186
311.3149665447022 358.7979888064861 413.52331434760555 9.386973924893173e-13 5.444006691749886e-13 7.148618668134428e-13 7.30267857323562e-11 2.6128259389058674e-08 0.005597159814134545 1.1150300188132567e-09 4.0581010570697625e-10 4.5636467650182794e-10 3.552555349121247e-10 1.908290379905819e-09 0.00014354450090215746 5.224236845816756e-05 5.875056152080216e-05 4.573417539553297e-05 0.00024566566418679145 1559.7838835404618 567.6762526387218 638.3956085615702 496.95689671587365 2669.453314683276 31.073807265118745 -80.36323961221328 [0.0,551.9029689897491,677.8880833085883,803.8731976274269,929.8583119462667,1055.8434262651056,1181.8285405839447,1307.8136549027843,1433.798769221623,1559.7838835404618,1727.187132203409,1894.5903808663556,2061.9936295293014,2229.3968781922476,2396.800126855195,2564.2033755181433,2731.6066241810886,2899.0098728440353,3066.4131215069824,3233.816370169928] [-15.536903632559373,-2.699062000059186,-1.8785329531378068,-1.2695922068126464,-0.8184439872761544,-0.4898129397154207,-0.2592465039114842,-0.10906072406126555,-0.026031857242912793,0.0,-0.04012297692828781,-0.15239960992666113,-0.32569940547210763,-0.551316211007375,-0.8223066254335123,-1.13304077773752,-1.4788883238885546,-1.8559934261794382,-2.2611099759322713,-2.6914786237436346] False 59989.699990555186 59990.699990555186
413.52331434760555 476.5900816815941 549.2752115212968 5.675703521905608e-13 3.247975089305178e-13 4.293546745224875e-13 5.82727423269225e-11 2.768543858573794e-08 0.004991291298520578 5.891430386650493e-10 2.4576461791432694e-10 2.7086403040315314e-10 2.2066520542550077e-10 1.0837328150688363e-09 0.00013381683394028912 5.582250982437201e-05 6.152354283772421e-05 5.012147681101982e-05 0.0002461570189784743 1372.1593675910779 572.4046633186359 630.8631219734551 513.9462046638167 2524.096928196075 31.012635363878218 -89.51588999489077 [0.0,409.1867488409023,529.558326184674,649.9299035284458,770.3014808722179,890.6730582159896,1011.0446355597617,1131.4162129035335,1251.787790247306,1372.1593675910779,1547.9606811590518,1723.7619947270232,1899.5633082949973,2075.3646218629706,2251.1659354309427,2426.967248998914,2602.768562566887,2778.5698761348613,2954.371189702835,3130.1725032708077] [-15.506317681939109,-2.6859008862262925,-1.8204017381716255,-1.2081798209444372,-0.7690696419835632,-0.45642424716693597,-0.2405870710947653,-0.10146633200520228,-0.024782461594000438,0.0,-0.04089469517751354,-0.15715408174223455,-0.3353252886134044,-0.56534638126233,-0.8394816008668613,-1.151647024150705,-1.4969658400601844,-1.8714649660036997,-2.271862059406047,-2.6954122593751464] False 59989.699990555186 59990.699990555186
549.2752115212968 633.0528961793416 729.6086933380817 3.341138667952846e-13 1.8864622340881954e-13 2.510564063302263e-13 4.5277990110788604e-11 2.8564743811766365e-08 0.004238412390194846 4.2021176948214204e-10 1.6926425299899742e-10 1.8628273683089404e-10 1.5224576916710074e-10 7.597459105936092e-10 0.00016840237501573887 6.783365978878761e-05 7.465391877389474e-05 6.101340080368046e-05 0.0003044727088680372 1673.7743347183011 674.2080613404311 741.9955521304945 606.4205705503675 3026.196071628141 34.85916335354932 -82.21041656413486 [0.0,521.9288299926791,665.9095180833818,809.8902061740843,953.8708942647876,1097.85158235549,1241.8322704461934,1385.8129585368956,1529.793646627598,1673.7743347183011,1880.1252187921252,2086.476102865949,2292.826986939774,2499.177871013598,2705.528755087424,2911.8796391612477,3118.2305232350714,3324.5814073088973,3530.93229138272,3737.2831754565436] [-17.42958167677466,-2.701164142069217,-1.8374865295858598,-1.2215745832935028,-0.7777764915536949,-0.4610345581642292,-0.24222631226494684,-0.10138315428918077,-0.024186077775055992,0.0,-0.04194815155281617,-0.1584492115379703,-0.33640248344543977,-0.5659436721146704,-0.8394512259052505,-1.1509086961178951,-1.495479778144798,-1.8692159509376722,-2.268849818356145,-2.6916455754552544] False 59989.699990555186 59990.699990555186
