data/Ton599_allsed_14d_min11.ecsv
# %ECSV 1.0
# ---
# datatype:
# - {name: e_min, unit: MeV, datatype: float64}
# - {name: e_ref, unit: MeV, datatype: float64}
# - {name: e_max, unit: MeV, datatype: float64}
# - {name: ref_dnde_e_min, unit: ph / (cm2 MeV s), datatype: float64}
# - {name: ref_dnde_e_max, unit: ph / (cm2 MeV s), datatype: float64}
# - {name: ref_dnde, unit: ph / (cm2 MeV s), datatype: float64}
# - {name: ref_flux, unit: ph / (cm2 s), datatype: float64}
# - {name: ref_eflux, unit: MeV / (cm2 s), datatype: float64}
# - {name: ref_npred, datatype: float64}
# - {name: dnde, unit: ph / (cm2 MeV s), datatype: float64}
# - {name: dnde_err, unit: ph / (cm2 MeV s), datatype: float64}
# - {name: dnde_errp, unit: ph / (cm2 MeV s), datatype: float64}
# - {name: dnde_errn, unit: ph / (cm2 MeV s), datatype: float64}
# - {name: dnde_ul, unit: ph / (cm2 MeV s), datatype: float64}
# - {name: e2dnde, unit: MeV / (cm2 s), datatype: float64}
# - {name: e2dnde_err, unit: MeV / (cm2 s), datatype: float64}
# - {name: e2dnde_errp, unit: MeV / (cm2 s), datatype: float64}
# - {name: e2dnde_errn, unit: MeV / (cm2 s), datatype: float64}
# - {name: e2dnde_ul, unit: MeV / (cm2 s), datatype: float64}
# - {name: norm, datatype: float64}
# - {name: norm_err, datatype: float64}
# - {name: norm_errp, datatype: float64}
# - {name: norm_errn, datatype: float64}
# - {name: norm_ul, datatype: float64}
# - {name: ts, datatype: float64}
# - {name: loglike, datatype: float64}
# - {name: norm_scan, datatype: string, subtype: 'float64[20]'}
# - {name: dloglike_scan, datatype: string, subtype: 'float64[20]'}
# - {name: ShowUL, datatype: bool}
# - {name: tstart, datatype: float64}
# - {name: tend, datatype: float64}
# meta: !!omap
# - {UL_CONF: 0.95}
# - {EXTNAME: SED}
# - {CONFIG: '{"bin_index": 2.0, "use_local_index": true, "free_background": false, "free_radius": null, "free_pars": [], "ul_confidence":
#     0.95, "cov_scale": 3.0, "make_plots": false, "write_fits": true, "write_npy": true, "optimizer": {"optimizer": "MINUIT", "tol":
#     0.001, "max_iter": 100, "init_lambda": 0.0001, "retries": 3, "min_fit_quality": 2, "verbosity": 0}, "prefix": "", "outfile": null,
#     "loge_bins": []}'}
# - {SRCNAME: 4FGL J1159.5+2914}
# - {CREATOR: fermipy 1.2.0}
# - {STVER: 2.2.0}
# schema: astropy-2.0
e_min e_ref e_max ref_dnde_e_min ref_dnde_e_max ref_dnde ref_flux ref_eflux ref_npred dnde dnde_err dnde_errp dnde_errn dnde_ul e2dnde e2dnde_err e2dnde_errp e2dnde_errn e2dnde_ul norm norm_err norm_errp norm_errn norm_ul ts loglike norm_scan dloglike_scan ShowUL tstart tend
[from data line 363]
311.3149665447022 358.7979888064861 413.52331434760555 1.5652578051092288e-12 8.015924158293746e-13 1.1201333783944161e-12 1.1481062860869388e-10 4.095760380206996e-08 0.1113478026149557 2.457493375122249e-10 6.066992051796963e-11 6.464847240504018e-11 5.669136863089908e-11 3.576845941465456e-10 3.1636785920591546e-05 7.810402691933313e-06 8.322585534822787e-06 7.2982198490438375e-06 4.6046882757293356e-05 219.3929243180653 54.1631217212124 57.71497720896989 50.611266233454906 319.32321725761426 43.76256037898224 -438.4751348045419 [0.0,110.12144024123245,123.78037575083658,137.4393112604407,151.09824677004477,164.75718227964887,178.41611778925292,192.07505329885703,205.733988808461,219.3929243180653,234.14685164290705,248.90077896774872,263.65470629259073,278.40863361743243,293.16256094227424,307.91648826711594,322.6704155919579,337.4243429167996,352.1782702416414,366.93219756648335] [-21.88128018949112,-2.7048477905417485,-1.9719803990248579,-1.384222597872963,-0.9210701184460959,-0.5662623357250709,-0.30666350110686835,-0.1314942445815177,-0.031788457860272956,0.0,-0.034585641404305534,-0.13403835132118047,-0.29245024810529685,-0.5047226564125822,-0.7664217725836693,-1.0736655136690842,-1.4230337371049586,-1.8114962231912841,-2.2363543308954945,-2.695193301513143] False 57048.65603222185 57062.65603222185
413.52331434760555 476.5900816815941 549.2752115212968 8.109459071529846e-13 4.1377422951411e-13 5.792654986358569e-13 7.886812108334747e-11 3.736897160647673e-08 0.08734122419956503 7.549233036294726e-11 3.120570740820886e-11 3.382987489712121e-11 2.8581539919296524e-11 1.355086683534666e-10 1.7147184932940235e-05 7.088005275757265e-06 7.684053708903456e-06 6.491956842611074e-06 3.0779182270598054e-05 130.32423049659988 53.871165263073394 58.401328884231795 49.34100164191499 233.93188213795426 12.29962210334213 -409.3156623412071 [0.0,30.221844506436078,42.734642755206536,55.24744100397702,67.7602392527475,80.27303750151798,92.78583575028846,105.29863399905892,117.81143224782939,130.32423049659988,145.84024004911183,161.35624960162374,176.87225915413583,192.3882687066477,207.9042782591597,223.42028781167164,238.93629736418364,254.4523069166955,269.96831646920765,285.4843260217194] [-6.149811051671065,-2.6935292765198824,-1.890933094746913,-1.2884547194262836,-0.8368861084313153,-0.5042550237971,-0.2684353110564075,-0.11337897716305179,-0.027015725259786905,0.0,-0.03794290110295151,-0.14465370717499582,-0.3113217709799301,-0.5308636377808398,-0.7974835564680802,-1.1063679774176762,-1.453467309028042,-1.835336302679309,-2.2490149061554234,-2.6919377157231565] False 57048.65603222185 57062.65603222185
549.2752115212968 633.0528961793416 729.6086933380817 4.170441034815952e-13 2.1198735857031755e-13 2.973349591023385e-13 5.378400227588975e-11 3.3846920105218584e-08 0.06621229669681639 3.840167869378428e-11 1.7108230365305162e-11 1.8678302961873323e-11 1.5538157768737004e-11 7.193171052194428e-11 1.5389701970019186e-05 6.856225444100059e-06 7.485441409504956e-06 6.227009478695162e-06 2.882706237802038e-05 129.15292170728898 57.53857675180654 62.81906109615759 52.258092407455486 241.92147044904462 14.800745797952686 -281.4892506015175 [0.0,29.418081028750333,41.88493611356767,54.35179119838499,66.81864628320227,79.28550136801968,91.75235645283696,104.2192115376543,116.68606662247161,129.15292170728898,146.1885067954487,163.22409188360845,180.25967697176813,197.29526205992792,214.33084714808763,231.36643223624742,248.40201732440718,265.4376024125668,282.4731875007266,299.5087725888862] [-7.400372898976343,-2.691524235253951,-1.8325780778992566,-1.2218106714813075,-0.7806241823608389,-0.46427415904759073,-0.24455910804101677,-0.102408931079367,-0.02424345742008427,0.0,-0.040381180287226925,-0.1524164377878492,-0.3250244475440809,-0.5496957284148607,-0.8197293997820339,-1.1297379114588466,-1.4753132644461857,-1.852794804319899,-2.259103247128621,-2.6916192469728344] False 57048.65603222185 57062.65603222185
969.1477682383326 1116.9661194245136 1287.3303254983532 1.0784389450977503e-13 5.441061899743103e-14 7.6601912870179e-14 2.445420489702235e-11 2.714833448760708e-08 0.03547017412196851 1.6458863295442768e-11 7.098196440681688e-12 8.029449652370277e-12 6.166943228993097e-12 3.0524613583802636e-11 2.05342969468322e-05 8.855804370175617e-06 1.0017648273867284e-05 7.693960466483953e-06 3.808291424904561e-05 214.8623014589258 92.66343586891031 104.8204849137146 80.50638682410603 398.4836989062426 19.330030988985754 -207.5853361339093 [0.0,56.670940466846965,76.44486059085679,96.21878071486665,115.99270083887647,135.76662096288638,155.5405410868962,175.31446121090605,195.08838133491602,214.8623014589258,242.68887089363523,270.5154403283446,298.34200976305397,326.1685791977632,353.99514863247265,381.8217180671821,409.6482875018913,437.4748569366008,465.30142637131013,493.12799580601956] [-9.665015494492877,-2.6842038325533792,-1.8280506156864078,-1.2173374918132822,-0.7763792067785289,-0.4608536222064856,-0.24233062040596565,-0.10137331539709749,-0.024049401807531012,0.0,-0.04148386666540205,-0.15636052526508593,-0.33235079026377434,-0.5601297821458218,-0.8324354299457752,-1.1434924671562783,-1.48862606119323,-1.8639943739725027,-2.266398427250323,-2.6931437740889237] False 57048.65603222185 57062.65603222185
1287.3303254983532 1483.6791717563765 1709.9759409858673 5.423036655841979e-14 2.725904938271304e-14 3.844825405735088e-14 1.630589717995003e-11 2.404341496954869e-08 0.024964421377461132 6.767411816326722e-12 3.504498678306435e-12 3.931478991483164e-12 3.077518365129706e-12 1.4164771448545848e-11 1.4897129920669651e-05 7.714466554494893e-06 8.654379976582824e-06 6.774553132406963e-06 3.118096641562385e-05 176.01350132133942 91.14844780933333 102.253771669809 80.04312394885767 368.41130490391413 20.68888723019063 -145.2017438752321 [0.0,36.083292250661806,53.57456838449652,71.06584451833123,88.55712065216596,106.0483967860007,123.53967291983535,141.03094905367004,158.52222518750477,176.01350132133942,205.76972127950262,235.52594123766568,265.2821611958288,295.0383811539918,324.794601112155,354.55082107031785,384.307041028481,414.0632609866442,443.8194809448072,473.5757009029704] [-10.344443615095315,-2.698207441694194,-1.7444053819861836,-1.1251843601812936,-0.7033972537700777,-0.41308461456506507,-0.21713302190050854,-0.09246329739423231,-0.02368684927552067,0.0,-0.041915886154839654,-0.16507003772133544,-0.3514661758723321,-0.5885803165100185,-0.8673286682654009,-1.1809034198997495,-1.5240650942794218,-1.8926914834139552,-2.2834786802662563,-2.693736334496947] False 57048.65603222185 57062.65603222185
2271.3810595726877 2617.821317854317 3017.1020504598932 1.3409632329397406e-14 6.690293373086594e-15 9.471767222060278e-15 7.0893901871619526e-12 1.8440978416056518e-08 0.011247203876114886 1.64795012115386e-12 1.197739438821411e-12 1.399841777229567e-12 9.95637100413255e-13 4.456201418657435e-12 1.1293383150089615e-05 8.208094543002625e-06 9.593099534278864e-06 6.8230895517263865e-06 3.0538296862792416e-05 173.9854963195983 126.45363961561561 147.79098181058092 105.11629742065031 470.4720158534609 12.62271476795354 -55.08885278436905 [0.0,16.251312036373577,35.96808507177668,55.68485810717978,75.40163114258281,95.11840417798595,114.83517721338904,134.55195024879217,154.26872328419526,173.9854963195983,221.35474831924697,268.7240003188956,316.09325231854444,363.4625043181931,410.83175631784155,458.20100831749045,505.570260317139,552.9395123167878,600.308764316436,647.6780163160846] [-6.31135738397677,-2.6713933702566237,-1.484268252910013,-0.8867466587726938,-0.5280579773561911,-0.29970876925222,-0.15362342920156635,-0.06423052571104648,-0.016294292801489973,0.0,-0.05394946132328471,-0.1990209628740871,-0.4057754349788496,-0.6570773651270372,-0.942069682759076,-1.2534376922540602,-1.5860180716949088,-1.9360300101668102,-2.300621822044377,-2.677589416395577] False 57048.65603222185 57062.65603222185
4007.6519721450045 4618.915317184078 5323.411028602609 3.218338365928404e-15 1.5937497139737943e-15 2.2647794263833494e-15 2.991682902868116e-12 1.372822162425447e-08 0.0046966377486457045 4.749690962013861e-13 4.856540443556942e-13 6.092553373559045e-13 3.6205275135548384e-13 1.7572179854045157e-12 1.013317057263278e-05 1.0361127303024843e-05 1.2998084096605464e-05 7.724170509444222e-06 3.748915397192979e-05 209.71980346883905 214.437679315747 269.0131013459579 159.8622572855361 775.8892388962735 9.699639108803368 -37.15894774842459 [0.0,23.30220038542657,46.60440077085314,69.90660115627969,93.20880154170628,116.5110019271328,139.81320231255938,163.11540269798599,186.41760308341256,209.71980346883905,302.2117715053159,394.7037395417928,487.19570757826966,579.6876756147466,672.179643651223,764.6716116877002,857.1635797241767,949.6555477606541,1042.1475157971308,1134.6394838336078] [-4.849819554401684,-1.3011681990693305,-0.730107875735861,-0.43811474222353297,-0.26172985705049,-0.14901019226970647,-0.07667494787210671,-0.03226021393277989,-0.008308158502096319,0.0,-0.06861994559879037,-0.23516858873400537,-0.45801411332083575,-0.7174730731295398,-1.0026649691929421,-1.3069378537586047,-1.6259263972757978,-1.9566107785504343,-2.2968148847700363,-2.64491861770707] False 57048.65603222185 57062.65603222185
7071.149185711414 8149.575733880153 9392.473966813408 7.496999622561522e-16 3.6852004350788154e-16 5.256229282560788e-16 1.225284594711115e-12 9.918701660939304e-09 0.001938537026423326 5.10927855767065e-13 3.8435046647408806e-13 4.5034474833545845e-13 3.183561846127178e-13 1.4134384092830687e-12 3.39335722507799e-05 2.552686093839739e-05 2.9909909751265618e-05 2.114381212552916e-05 9.387433830834434e-05 972.0425580790983 731.2285020543014 856.7829219886208 605.6740821199821 2689.0729709463017 13.111831336134358 -30.853971459171056 [0.0,73.82586713923212,186.1029535067153,298.38003987419836,410.6571262416817,522.9342126091648,635.2112989766482,747.4883853441314,859.7654717116143,972.0425580790983,1245.350116526771,1518.6576749744443,1791.9652334221175,2065.2727918697915,2338.5803503174643,2611.887908765137,2885.1954672128104,3158.503025660483,3431.8105841081565,3705.1181425558307] [-6.555915668067179,-2.6060038687124774,-1.432800598266013,-0.8573532219812314,-0.5118498439452814,-0.2912950894305304,-0.14977477580028875,-0.06289872021210385,-0.01610829073487352,0.0,-0.0532346340721368,-0.19733999345764985,-0.40294169196713625,-0.6529564606660898,-0.9365635365218807,-1.2464731112342804,-1.5775391768970053,-1.925993230190194,-2.2889925299786,-2.6643396223870255] False 57048.65603222185 57062.65603222185
100.0 115.25240587974294 132.83117061068992 1.3833239462036508e-11 7.532653295438062e-12 1.0207888950233194e-11 3.3547648036010005e-10 3.849848809964381e-08 0.15202561625573474 2.0063061504376276e-09 6.106897291735771e-10 6.437821464367684e-10 5.775973119103858e-10 3.1002856565207584e-09 2.664999945660573e-05 8.111863160605153e-06 8.551433612945863e-06 7.672292708264442e-06 4.1181457298318405e-05 196.54466856164157 59.82527162578764 63.06711892884194 56.583424322733336 303.7146731940039 15.745860292592852 -667.79442599524 [0.0,70.57464316382624,86.32089633855315,102.06714951328001,117.81340268800699,133.55965586273388,149.3059090374608,165.05216221218765,180.7984153869147,196.54466856164157,212.0837011449413,227.62273372824114,243.16176631154067,258.7007988948406,274.2398314781405,289.77886406144023,305.31789664474,320.85692922803975,336.39596181133965,351.9349943946393] [-7.872930146296426,-2.71214635273202,-2.009366911323923,-1.4309880457847157,-0.964717947940585,-0.6001964733314935,-0.3285903656969822,-0.1422921073595944,-0.03469157608401474,0.0,-0.03225623254718357,-0.12618491244836605,-0.2778913712944586,-0.48387683608814314,-0.7409836813736774,-1.0463501144082556,-1.3973723712957735,-1.7916729496904509,-2.227073734949954,-2.7015731247005306] False 57132.65603222185 57146.65603222185
132.83117061068992 153.091119887046 176.4411988580621 8.062122346466796e-12 4.348348663612599e-12 5.920888356584697e-12 2.585392482520461e-10 3.94012588622488e-08 0.15560114161394847 1.5617457200067288e-09 3.481912565827931e-10 3.66785189015474e-10 3.2959732415011225e-10 2.182445468844432e-09 3.660246419119478e-05 8.160520523599634e-06 8.596304491067633e-06 7.724736556131637e-06 5.114973654115053e-05 263.7688174393446 58.80726600689322 61.94766172335734 55.6668702904291 368.60101684189095 36.0048762299441 -712.0437667245076 [0.0,138.60650848258481,154.25179710217972,169.89708572177474,185.54237434136974,201.18766296096464,216.8329515805596,232.47824020015463,248.12352881974965,263.7688174393446,278.9807371110399,294.19265678273547,309.4045764544309,324.61649612612626,339.8284157978217,355.0403354695172,370.25225514121246,385.46417481290814,400.6760944846034,415.88801415629894] [-18.00243811497205,-2.7039200792410156,-2.002665244473519,-1.4248056360261216,-0.9586843394163225,-0.5943687816653664,-0.32331204454555973,-0.13809548594906573,-0.032229949465772734,0.0,-0.03445140563417226,-0.12956893528394176,-0.2816189585100801,-0.48723208504111426,-0.7433552153374876,-1.047211431836672,-1.3962662154121972,-1.78819880662968,-2.2208777836465288,-2.692340120544145] False 57132.65603222185 57146.65603222185
176.4411988580621 203.35272664697808 234.36890988269914 4.609742403437723e-12 2.4626490439222485e-12 3.369299292516729e-12 1.954771300892168e-10 3.956230691105073e-08 0.14404417352193732 6.067930209015474e-10 1.6674834632511435e-10 1.778834617513209e-10 1.556132308989078e-10 9.125763146587308e-10 2.5092306112620403e-05 6.895432883434373e-06 7.355895867103182e-06 6.434969899765564e-06 3.773715822328021e-05 180.09472243954247 49.490511779545756 52.79538749982915 46.185636059262364 270.8504752562583 24.881251122458025 -555.4453098168965 [0.0,77.8815050920195,90.65815726045992,103.43480942890028,116.21146159734064,128.98811376578107,141.76476593422137,154.54141810266174,167.31807027110216,180.09472243954247,193.3887114220057,206.68270040446896,219.97668938693226,233.27067836939545,246.56466735185876,259.85865633432195,273.15264531678514,286.4466342992484,299.74062328171175,313.0346122641749] [-12.440625561229012,-2.704722535484734,-1.9777084883025964,-1.3912219357330287,-0.926755365264512,-0.5695028419594337,-0.3074039360446932,-0.13048272158732743,-0.03037779610144753,0.0,-0.035888591303432804,-0.13480362934569712,-0.2916378882129038,-0.5019322515115618,-0.7617664835568121,-1.0676725305038417,-1.4165649294653804,-1.8056843793904136,-2.232551558731643,-2.694929007487076] False 57132.65603222185 57146.65603222185
