data/Ton599_allsed_1d_min11.ecsv
# %ECSV 1.0
# ---
# datatype:
# - {name: e_min, unit: MeV, datatype: float64}
# - {name: e_ref, unit: MeV, datatype: float64}
# - {name: e_max, unit: MeV, datatype: float64}
# - {name: ref_dnde_e_min, unit: ph / (MeV s cm2), datatype: float64}
# - {name: ref_dnde_e_max, unit: ph / (MeV s cm2), datatype: float64}
# - {name: ref_dnde, unit: ph / (MeV s cm2), datatype: float64}
# - {name: ref_flux, unit: ph / (s cm2), datatype: float64}
# - {name: ref_eflux, unit: MeV / (s cm2), datatype: float64}
# - {name: ref_npred, datatype: float64}
# - {name: dnde, unit: ph / (MeV s cm2), datatype: float64}
# - {name: dnde_err, unit: ph / (MeV s cm2), datatype: float64}
# - {name: dnde_errp, unit: ph / (MeV s cm2), datatype: float64}
# - {name: dnde_errn, unit: ph / (MeV s cm2), datatype: float64}
# - {name: dnde_ul, unit: ph / (MeV s cm2), datatype: float64}
# - {name: e2dnde, unit: MeV / (s cm2), datatype: float64}
# - {name: e2dnde_err, unit: MeV / (s cm2), datatype: float64}
# - {name: e2dnde_errp, unit: MeV / (s cm2), datatype: float64}
# - {name: e2dnde_errn, unit: MeV / (s cm2), datatype: float64}
# - {name: e2dnde_ul, unit: MeV / (s cm2), datatype: float64}
# - {name: norm, datatype: float64}
# - {name: norm_err, datatype: float64}
# - {name: norm_errp, datatype: float64}
# - {name: norm_errn, datatype: float64}
# - {name: norm_ul, datatype: float64}
# - {name: ts, datatype: float64}
# - {name: loglike, datatype: float64}
# - {name: norm_scan, datatype: string, subtype: 'float64[20]'}
# - {name: dloglike_scan, datatype: string, subtype: 'float64[20]'}
# - {name: ShowUL, datatype: bool}
# - {name: tstart, datatype: float64}
# - {name: tend, datatype: float64}
# meta: !!omap
# - {UL_CONF: 0.95}
# - {EXTNAME: SED}
# - {CONFIG: '{"bin_index": 2.0, "use_local_index": true, "free_background": false, "free_radius": null, "free_pars": [], "ul_confidence":
#     0.95, "cov_scale": 3.0, "make_plots": false, "write_fits": true, "write_npy": true, "optimizer": {"optimizer": "MINUIT", "tol":
#     0.001, "max_iter": 100, "init_lambda": 0.0001, "retries": 3, "min_fit_quality": 2, "verbosity": 0}, "prefix": "", "outfile": null,
#     "loge_bins": []}'}
# - {SRCNAME: 4FGL J1159.5+2914}
# - {CREATOR: fermipy 1.2.0}
# - {STVER: 2.2.0}
# schema: astropy-2.0
e_min e_ref e_max ref_dnde_e_min ref_dnde_e_max ref_dnde ref_flux ref_eflux ref_npred dnde dnde_err dnde_errp dnde_errn dnde_ul e2dnde e2dnde_err e2dnde_errp e2dnde_errn e2dnde_ul norm norm_err norm_errp norm_errn norm_ul ts loglike norm_scan dloglike_scan ShowUL tstart tend
[from data line 97]
234.36890988269914 270.1158072739371 311.3149665447022 2.0151800576195463e-12 1.1196480162228167e-12 1.5020959868948163e-12 1.1563664238176938e-10 3.111598846565682e-08 0.007270949118919658 2.236002909447929e-09 7.829114167165852e-10 8.468217822060824e-10 7.190010512270883e-10 3.7343484379188526e-09 0.0001631444726033027 5.712321287044654e-05 6.178627606576352e-05 5.246014967512958e-05 0.00027246758215160815 1488.5885648827743 521.2126412340973 563.7600989512401 478.66518351695464 2486.0917481303068 27.05098888675394 -119.74116664146689 [0.0,529.4389814439006,649.33267937376,769.2263773036193,889.120075233478,1009.013773163338,1128.9074710931966,1248.8011690230564,1368.6948669529152,1488.5885648827743,1638.1609963311448,1787.7334277795153,1937.3058592278862,2086.8782906762553,2236.450722124626,2386.023153572998,2535.5955850213686,2685.1680164697373,2834.740447918108,2984.3128793664787] [-13.52549444337697,-2.698736987942766,-1.9021670214026472,-1.299028468819813,-0.8447983088240534,-0.509366604520423,-0.27129051319060693,-0.11468775768065598,-0.027425359206503686,0.0,-0.03828038941915679,-0.1462064653166948,-0.31448709475245096,-0.5356388663404346,-0.8035364202971209,-1.1130961416354808,-1.4600480128537185,-1.8407674498653677,-2.252148983289615,-2.691509777654801] False 58103.699990555186 58104.699990555186
311.3149665447022 358.7979888064861 413.52331434760555 1.0926091911359e-12 6.106824643395956e-13 8.168459300277881e-13 8.351668980426436e-11 2.985536784762199e-08 0.006006462624843514 7.432247168133826e-10 3.380799988202598e-10 3.7512861774798706e-10 3.010313798925324e-10 1.43825701230771e-09 9.56797747442456e-05 4.3523065636660505e-05 4.829255652333188e-05 3.875357474998913e-05 0.00018515545009314667 909.8713594473056 413.884658528884 459.2403585033785 368.5289585543895 1760.7445412120521 21.513095320394513 -56.549125031951604 [0.0,230.81319656446198,315.69546692481754,400.57773728517304,485.4600076455285,570.3422780058839,655.2245483662393,740.1068187265948,824.9890890869509,909.8713594473056,1040.9961569771378,1172.1209545069703,1303.2457520368025,1434.370549566635,1565.4953470964674,1696.6201446262994,1827.744942156131,1958.8697396859639,2089.9945372157954,2221.1193347456274] [-10.756547660197256,-2.7063080523068095,-1.7967829384070555,-1.1736926749360634,-0.737115656417231,-0.431971849415973,-0.22462110158134863,-0.09298714659902885,-0.021788264019576786,0.0,-0.044997850578027965,-0.16683089226945924,-0.3502233910045476,-0.5841181272626486,-0.8602450586459582,-1.1722510303278,-1.5151455058644672,-1.8849337538812705,-2.2783661177361836,-2.6927618338153394] False 58103.699990555186 58104.699990555186
413.52331434760555 476.5900816815941 549.2752115212968 5.994901496324231e-13 3.3708216105154525e-13 4.4953023832353235e-13 6.103629637949206e-11 2.898635486708398e-08 0.004944271625111948 4.49612121983538e-10 2.1512038006371316e-10 2.394236643495443e-10 1.9081709577788202e-10 8.955418938974857e-10 0.0001021240458027692 4.8862035680479554e-05 5.438223764170429e-05 4.3341833719254825e-05 0.00020341168958526004 1000.1821538419994 478.5448490984235 532.6085854478786 424.4811127489685 1992.1727562472745 20.449742706410348 -65.62921708338847 [0.0,232.56165123420215,328.5142140601767,424.4667768861516,520.4193397121262,616.3719025381009,712.3244653640755,808.2770281900503,904.2295910160245,1000.1821538419994,1153.6104709637846,1307.0387880855692,1460.467105207354,1613.8954223291391,1767.323739450924,1920.752056572709,2074.180373694495,2227.608690816278,2381.037007938064,2534.465325059849] [-10.224871353205174,-2.6946388481479318,-1.76988598379738,-1.1483330641199103,-0.7177610574118631,-0.41910883988835224,-0.2173005964687036,-0.08973884121037656,-0.020982790688790942,0.0,-0.04611111331909967,-0.17020448647501496,-0.35597034656555593,-0.5917821768973539,-0.8690535188893733,-1.1812590531863236,-1.5233212391328976,-1.8912098081818414,-2.2816710834740945,-2.692039623726785] False 58103.699990555186 58104.699990555186
549.2752115212968 633.0528961793416 729.6086933380817 3.328779276102154e-13 1.8827873550039622e-13 2.503474291588465e-13 4.514823330063533e-11 2.8484065527039805e-08 0.004019105113549401 5.591099683473639e-10 1.9260180198867368e-10 2.100605333244425e-10 1.7514307065290485e-10 9.359236859537446e-10 0.00022406665734447506 7.718632185665636e-05 8.418301265693658e-05 7.018963105637614e-05 0.000375077004012362 2233.336168963041 769.3380460738306 839.0760553453026 699.6000368023585 3738.4992891614525 50.64593982917211 -61.4096410112312 [0.0,857.3081930767835,1029.3116900625662,1201.3151870483482,1373.3186840341293,1545.3221810199113,1717.325678005694,1889.3291749914754,2061.332671977257,2233.336168963041,2461.3734369087597,2689.410704854482,2917.447972800202,3145.4852407459216,3373.5225086916425,3601.5597766373626,3829.5970445830826,4057.6343125288045,4285.6715804745245,4513.708848420243] [-25.322969914586054,-2.697026199706414,-1.8795113049984593,-1.271067624779576,-0.8195376584034122,-0.490335047985333,-0.25929757532429676,-0.1088536795321744,-0.025810140199666876,0.0,-0.04056478568146815,-0.15329173330414392,-0.3270467969505546,-0.5531083413373992,-0.824513598544101,-1.1356131764649149,-1.4817586972325927,-1.859078398028025,-2.264312481553347,-2.694690044266139] False 58103.699990555186 58104.699990555186
729.6086933380817 840.8915725798939 969.1477682383326 1.870394527098058e-13 1.0642225047854238e-13 1.410856459235045e-13 3.379244504932971e-11 2.8323170920469688e-08 0.0032547108477757533 1.8185628723017814e-10 9.187483013445949e-11 1.0289136921837219e-10 8.085829105054678e-11 3.754392580119623e-10 0.00012859033280049453 6.4964567147605e-05 7.275434691648895e-05 5.7174787378721046e-05 0.00026547258755493547 1288.977954063302 651.1989900395203 729.2830432527421 573.1149368262984 2661.073389531933 22.49319283503624 -43.23829514309793 [0.0,283.4089128631245,409.10504301314654,534.8011731631686,660.4973033131905,786.1934334632132,911.8895636132352,1037.585693763257,1163.2818239132794,1288.977954063302,1502.5469593079054,1716.1159645525092,1929.684969797113,2143.2539750417172,2356.8229802863216,2570.3919855309236,2783.960990775527,2997.5299960201323,3211.099001264735,3424.6680065093383] [-11.24659641751812,-2.6963988186912573,-1.7347909572977684,-1.1103376039303328,-0.6872350422104603,-0.3982940300142275,-0.20528847063698663,-0.08437025012294441,-0.019649143050870066,0.0,-0.048091590536081696,-0.17608886258661016,-0.3658296995409529,-0.6047663420836855,-0.8838598287226773,-1.1963783975246542,-1.5371705664171742,-1.9022041418334013,-2.2882622566629394,-2.6927362732159708] False 58103.699990555186 58104.699990555186
969.1477682383326 1116.9661194245136 1287.3303254983532 1.0635240870884985e-13 6.087367028389398e-14 8.046155269220476e-14 2.5595618634186032e-11 2.8500267348026065e-08 0.002621773711351333 1.2552473868300578e-10 6.376831121800292e-11 7.152853549307529e-11 5.6008086942930544e-11 2.6047314613962785e-10 0.00015660633495899115 7.95581939556572e-05 8.923995306489493e-05 6.987643484641945e-05 0.00032496976452728055 1560.0586178492517 792.5314524060992 888.9778173520766 696.0850874601217 3237.237381386786 24.589755020967033 -41.3958329616256 [0.0,344.7455763228466,496.6597065136471,648.5738367044478,800.4879668952487,952.4020970860494,1104.31622727685,1256.23035746765,1408.1444876584515,1560.0586178492517,1821.3576741594,2082.6567304695486,2343.9557867796975,2605.2548430898455,2866.5538993999953,3127.852955710144,3389.1520120202917,3650.45106833044,3911.750124640589,4173.049180950737] [-12.294877510483516,-2.6949510128467224,-1.7317285382993433,-1.1077440565684569,-0.6855974895399441,-0.3975790551592482,-0.2052597473119846,-0.0847072897867065,-0.019998607864145868,0.0,-0.04779449645435818,-0.17621555219271556,-0.3666172335806337,-0.6061878864946948,-0.8857415410830143,-1.1984649899183069,-1.5391635318707344,-1.9037846425057552,-2.28910504650149,-2.692518208615823] False 58103.699990555186 58104.699990555186
1287.3303254983532 1483.6791717563765 1709.9759409858673 6.119660383122368e-14 3.523647210686478e-14 4.643654190326592e-14 1.9619087503684468e-11 2.902172072121235e-08 0.002098664533530012 9.973078977860042e-11 4.873011931623229e-11 5.432914703512377e-11 4.3131091597340815e-11 2.0104617095723966e-10 0.00021953777496419992 0.00010726980095289634 0.00011959496242105577 9.494463948473691e-05 0.0004425637171329733 2147.6790839928212 1049.3916497430887 1169.965393812039 928.8179056741383 4329.481970816176 31.540420845030013 -38.60058545336571 [0.0,493.38939450423896,700.1756056903118,906.9618168763842,1113.7480280624575,1320.5342392485297,1527.320450434603,1734.106661620676,1940.892872806749,2147.6790839928212,2485.7906383971326,2823.9021928014417,3162.013747205753,3500.1253016100645,3838.2368560143736,4176.348410418684,4514.459964822996,4852.571519227308,5190.683073631618,5528.794628035927] [-15.770210422515007,-2.7006633852980215,-1.7571391144964892,-1.1341077995090316,-0.7066044879087627,-0.41177888491833414,-0.21328474089899174,-0.08810158469896123,-0.020680041345315203,0.0,-0.04655085010111293,-0.17191629719687995,-0.35913877126530735,-0.5962416351018689,-0.8744423311434986,-1.1871038799699392,-1.5290855237542758,-1.8963225796371574,-2.2855445625484876,-2.6940802078178123] False 58103.699990555186 58104.699990555186
1709.9759409858673 1970.7884119509856 2271.3810595726877 3.563470725370314e-14 2.0640548592332234e-14 2.7120470251151476e-14 1.5218054562178373e-11 2.990642817437957e-08 0.0016700390545320853 3.290964365417483e-11 2.3303566959559577e-11 2.71646684305606e-11 1.944246548855855e-11 8.708728082750478e-11 0.00012782128515796145 9.051121637282282e-05 0.0001055077613775281 7.551467136811752e-05 0.0003382476052690966 1213.4613946370475 859.2611685474059 1001.6296981210069 716.8926389738048 3211.1272415642293 18.226589977486725 -17.08627276108156 [0.0,126.40066804377851,262.28325886793704,398.1658496920956,534.0484405162546,669.9310313404133,805.8136221645717,941.6962129887296,1077.5788038128894,1213.4613946370475,1533.622136567255,1853.7828784974638,2173.9436204276712,2494.10436235788,2814.2651042880875,3134.425846218294,3454.586588148503,3774.7473300787115,4094.908072008919,4415.068813939125] [-9.113294988743363,-2.670269495072649,-1.473147394300618,-0.8740403541840784,-0.5160923405127491,-0.2894552268577826,-0.14558331249781276,-0.05869917313027884,-0.01346253845718337,0.0,-0.05893779701071722,-0.2064832980704665,-0.41434136402391886,-0.6659305862688285,-0.9506945980136763,-1.2614957514992682,-1.5932815568932668,-1.9423439697146065,-2.3058809250462176,-2.6817232238658804] False 58103.699990555186 58104.699990555186
2271.3810595726877 2617.821317854317 3017.1020504598932 2.099833949112184e-14 1.2235336986887225e-14 1.6028779112550595e-14 1.1945563163691767e-11 3.1186964006967437e-08 0.0013295136136219632 4.781734728545363e-11 2.4003674423039186e-11 2.7000755973874932e-11 2.100659287220344e-11 9.898177483178304e-11 0.00032769172876264904 0.0001644969036317564 0.00018503586888997292 0.00014395793837353985 0.0006783209599017083 2983.218306877313 1497.5360415469333 1684.5173162772726 1310.554766816594 6175.253532209445 44.89082512737961 -18.282358822603438 [0.0,710.6649842759912,994.7341496011567,1278.803314926322,1562.872480251487,1846.9416455766525,2131.010810901817,2415.079976226982,2699.1491415521473,2983.218306877313,3480.3627940900437,3977.5072813027714,4474.651768515502,4971.796255728231,5468.940742940962,5966.085230153688,6463.229717366419,6960.374204579151,7457.518691791883,7954.663179004605] [-22.445412563689803,-2.6915867355176744,-1.7335958040294273,-1.1117106653833382,-0.6903351661669781,-0.40231131658383035,-0.20943045229665458,-0.0878663582864938,-0.021755057725673765,0.0,-0.045559434835393375,-0.17329596987533336,-0.363825782395633,-0.6039055058456206,-0.884084594633908,-1.1973823885340984,-1.538495994371278,-1.9033022813731328,-2.288531955746503,-2.6915489519727736] False 58103.699990555186 58104.699990555186
3017.1020504598932 3477.2827010020824 4007.6519721450045 1.2521679795870039e-14 7.339669727241703e-15 9.586709244154701e-15 9.489018224419932e-12 3.291158627321446e-08 0.001061726289515827 1.791650969255017e-11 1.2734740562059129e-11 1.4865016092179868e-11 1.0604465031938393e-11 4.765197080739504e-11 0.00021663738705475732 0.00015398205161197562 0.00017974026749617426 0.000128223835727777 0.0005761835659328282 1868.890485384689 1328.3745483179096 1550.5858906948185 1106.1632059410008 4970.628564379362 22.425536457261423 -9.94306182058774 [0.0,199.7682099642657,408.40849439181846,617.0487788193715,825.6890632469242,1034.329347674478,1242.9696321020306,1451.6099165295836,1660.2502009571358,1868.890485384689,2365.02359076472,2861.156696144753,3357.289801524782,3853.422906904815,4349.556012284848,4845.689117664877,5341.822223044909,5837.9553284249405,6334.088433804973,6830.221539185005] [-11.212768228630711,-2.6765016632956744,-1.481054474878471,-0.8815238400110861,-0.5226382346353944,-0.2948519473657658,-0.14971821931164797,-0.06150163142987708,-0.01488282433910193,0.0,-0.05645839677473674,-0.20272348780465066,-0.40993513121511604,-0.6612377844856994,-0.9459263272205298,-1.256775680824001,-1.5886788132694196,-1.937892064100847,-2.3015892670848785,-2.6775844503493094] False 58103.699990555186 58104.699990555186
4007.6519721450045 4618.915317184078 5323.411028602609 7.556246519808842e-15 4.455567053335498e-15 5.802358403316822e-15 7.627866653368796e-12 3.514727784807113e-08 0.000854122241102491 1.3595961825308766e-11 9.598158647793772e-12 1.1190002886133164e-11 8.006314409454377e-12 3.591721521809918e-11 0.0002900613984713715 0.0002047707514849486 0.0002387317593087429 0.0001708097436611543 0.0007662714715751623 2343.178562967923 1654.1823135756563 1928.526662492373 1379.8379646589394 6190.106284638968 25.52754111267201 -19.343598316761273 [0.0,250.18245253223077,511.8069663366925,773.4314801411542,1035.0559939456155,1296.680507750077,1558.3050215545386,1819.9295353589994,2081.554049163461,2343.178562967923,2959.274057587202,3575.3695522064854,4191.465046825762,4807.560541445041,5423.656036064322,6039.751530683601,6655.8470253028845,7271.942519922161,7888.038014541442,8504.133509160718] [-12.763770556336006,-2.6778773542082064,-1.4758279626318966,-0.8752482542763822,-0.51666659215838,-0.28972001210404486,-0.1456924099883139,-0.05873367631285831,-0.01346734858540799,0.0,-0.05890542993926928,-0.2063385126370676,-0.41400453952813265,-0.6653230217252286,-0.9497387099527188,-1.2601151552915653,-1.5914010956165683,-1.939889717322366,-2.3027801761946627,-2.677904476565729] False 58103.699990555186 58104.699990555186
