data/Ton599_allsed_14d_min11.ecsv
# %ECSV 1.0
# ---
# datatype:
# - {name: e_min, unit: MeV, datatype: float64}
# - {name: e_ref, unit: MeV, datatype: float64}
# - {name: e_max, unit: MeV, datatype: float64}
# - {name: ref_dnde_e_min, unit: ph / (cm2 MeV s), datatype: float64}
# - {name: ref_dnde_e_max, unit: ph / (cm2 MeV s), datatype: float64}
# - {name: ref_dnde, unit: ph / (cm2 MeV s), datatype: float64}
# - {name: ref_flux, unit: ph / (cm2 s), datatype: float64}
# - {name: ref_eflux, unit: MeV / (cm2 s), datatype: float64}
# - {name: ref_npred, datatype: float64}
# - {name: dnde, unit: ph / (cm2 MeV s), datatype: float64}
# - {name: dnde_err, unit: ph / (cm2 MeV s), datatype: float64}
# - {name: dnde_errp, unit: ph / (cm2 MeV s), datatype: float64}
# - {name: dnde_errn, unit: ph / (cm2 MeV s), datatype: float64}
# - {name: dnde_ul, unit: ph / (cm2 MeV s), datatype: float64}
# - {name: e2dnde, unit: MeV / (cm2 s), datatype: float64}
# - {name: e2dnde_err, unit: MeV / (cm2 s), datatype: float64}
# - {name: e2dnde_errp, unit: MeV / (cm2 s), datatype: float64}
# - {name: e2dnde_errn, unit: MeV / (cm2 s), datatype: float64}
# - {name: e2dnde_ul, unit: MeV / (cm2 s), datatype: float64}
# - {name: norm, datatype: float64}
# - {name: norm_err, datatype: float64}
# - {name: norm_errp, datatype: float64}
# - {name: norm_errn, datatype: float64}
# - {name: norm_ul, datatype: float64}
# - {name: ts, datatype: float64}
# - {name: loglike, datatype: float64}
# - {name: norm_scan, datatype: string, subtype: 'float64[20]'}
# - {name: dloglike_scan, datatype: string, subtype: 'float64[20]'}
# - {name: ShowUL, datatype: bool}
# - {name: tstart, datatype: float64}
# - {name: tend, datatype: float64}
# meta: !!omap
# - {UL_CONF: 0.95}
# - {EXTNAME: SED}
# - {CONFIG: '{"bin_index": 2.0, "use_local_index": true, "free_background": false, "free_radius": null, "free_pars": [], "ul_confidence":
#     0.95, "cov_scale": 3.0, "make_plots": false, "write_fits": true, "write_npy": true, "optimizer": {"optimizer": "MINUIT", "tol":
#     0.001, "max_iter": 100, "init_lambda": 0.0001, "retries": 3, "min_fit_quality": 2, "verbosity": 0}, "prefix": "", "outfile": null,
#     "loge_bins": []}'}
# - {SRCNAME: 4FGL J1159.5+2914}
# - {CREATOR: fermipy 1.2.0}
# - {STVER: 2.2.0}
# schema: astropy-2.0
e_min e_ref e_max ref_dnde_e_min ref_dnde_e_max ref_dnde ref_flux ref_eflux ref_npred dnde dnde_err dnde_errp dnde_errn dnde_ul e2dnde e2dnde_err e2dnde_errp e2dnde_errn e2dnde_ul norm norm_err norm_errp norm_errn norm_ul ts loglike norm_scan dloglike_scan ShowUL tstart tend
[from data line 351]
234.36890988269914 270.1158072739371 311.3149665447022 1.9018636865446967e-12 1.0687236959267838e-12 1.4256811664018682e-12 1.0972312419036016e-10 2.953265564043744e-08 0.10682237574814063 2.7634282632802867e-10 8.641035391099586e-11 9.275006689489627e-11 8.007064092709544e-11 4.37442497749448e-10 2.0162677100506788e-05 6.304719710653153e-06 6.767281332037675e-06 5.842158089268631e-06 3.191691982512918e-05 193.83213641340473 60.60987263307838 65.05666840572688 56.16307686042988 306.83052288153925 19.260523941075235 -513.8462338460653 [0.0,71.60756354097101,86.88563515002518,102.1637067590794,117.44177836813363,132.71984997718783,147.99792158624206,163.2759931952962,178.55406480435047,193.83213641340473,210.4133460938049,226.9945557742053,243.57576545460572,260.1569751350059,276.73818481540627,293.3193944958065,309.9006041762068,326.4818138566071,343.0630235370075,359.64423321740793] [-9.630261970537617,-2.705651890926788,-1.966776159750907,-1.3778197124011058,-0.9156521003445732,-0.5625733222155986,-0.30467297670770677,-0.13077816764632644,-0.03175049338892677,0.0,-0.034262086603803255,-0.13335131343092144,-0.2913991974395458,-0.5033701107136039,-0.7649040124783824,-1.0721955374616527,-1.4218996474228334,-1.8110570290627948,-2.237034399816139,-2.6974762265501795] False 57006.65603222185 57020.65603222185
413.52331434760555 476.5900816815941 549.2752115212968 6.377735914910238e-13 3.5154203125571993e-13 4.735020842974302e-13 6.43232910216134e-11 3.053300208583618e-08 0.08233743341156452 5.84577015919462e-11 2.3445745522805118e-11 2.5518196062561064e-11 2.137329498304917e-11 1.0403187154928059e-10 1.327797161820986e-05 5.325422230806063e-06 5.796154721096348e-06 4.854689740515779e-06 2.3629602262893443e-05 123.45817163336079 49.51561207506255 53.892468288548905 45.13875586157619 219.70731491845558 14.692711103596707 -355.67260044483345 [0.0,32.63661385539498,43.98930857764073,55.342003299886436,66.6946980221322,78.04739274437792,89.40008746662369,100.75278218886932,112.10547691111512,123.45817163336079,137.9460938111339,152.43401598890694,166.92193816667998,181.40986034445316,195.8977825222262,210.38570469999922,224.87362687777232,239.3615490555454,253.84947123331852,268.3373934110916] [-7.346355551798354,-2.695110512955523,-1.8854750737256722,-1.280315875790052,-0.8288440566091708,-0.4978387976703402,-0.264238648819628,-0.11130598103773082,-0.026464791404180232,0.0,-0.0390037404554846,-0.14815257988561825,-0.317684448859211,-0.5398398157420843,-0.8083381619496208,-1.1180169161626736,-1.4645754580822654,-1.8443892576633516,-2.254372123494079,-2.6918722438313125] False 57006.65603222185 57020.65603222185
549.2752115212968 633.0528961793416 729.6086933380817 3.5878707087679546e-13 1.9585220186513751e-13 2.650834544666328e-13 4.78486950748977e-11 3.016247037372541e-08 0.06769173278724117 5.307576780847441e-11 1.714971400727753e-11 1.8508656567927903e-11 1.5790771446627147e-11 8.57124438602813e-11 2.1270430777667296e-05 6.872850261251322e-06 7.417454604450754e-06 6.328245918051889e-06 3.43497735255318e-05 200.2228615711482 64.69552783588097 69.82199852936377 59.56905714239815 323.3413569049074 33.96472021575619 -362.34085413913976 [0.0,79.4195787354327,94.51998908989715,109.6203994443616,124.72080979882604,139.82122015329048,154.92163050775497,170.02204086221937,185.12245121668374,200.2228615711482,218.63197829663457,237.04109502212106,255.45021174760745,273.8593284730938,292.2684451985802,310.6775619240665,329.0866786495529,347.4957953750394,365.9049121005256,384.3140288260119] [-16.982360107878094,-2.698726497743678,-1.9133485642880714,-1.3125631090883871,-0.8567140347919349,-0.5181386704002193,-0.27670681939298447,-0.11727154206965906,-0.028122302346673678,0.0,-0.03754888681049806,-0.14392128469143017,-0.3104282999553334,-0.5300034510497653,-0.7968139317191003,-1.1059830428010287,-1.4533874544219998,-1.835506159081774,-2.2493059514494576,-2.6921532428988826] False 57006.65603222185 57020.65603222185
729.6086933380817 840.8915725798939 969.1477682383326 1.979657706309842e-13 1.0702458168182088e-13 1.455582487841223e-13 3.490906964746356e-11 2.922374971754111e-08 0.053755644832513716 1.7464178229331057e-11 8.579869870812419e-12 9.478448323138328e-12 7.681291418486508e-12 3.483657176910956e-11 1.2348896619418969e-05 6.0668142898807615e-06 6.7021978886105125e-06 5.431430691151009e-06 2.4632892409972922e-05 119.9806838513989 58.94458021089027 65.11790573405311 52.77125468772742 239.33079753367835 14.29886381266789 -203.65980563196587 [0.0,22.783155160649983,34.93284624699363,47.08253733333722,59.23222841968086,71.38191950602442,83.5316105923681,95.6813016787117,107.83099276505533,119.9806838513989,138.222068733892,156.46345361638512,174.70483849887816,192.94622338137134,211.18760826386438,229.42899314635739,247.67037802885028,265.9117629113437,284.1531477938366,302.3945326763298] [-7.149431906333945,-2.703247318361065,-1.7804943132443327,-1.1615671712732762,-0.7305698601327606,-0.4293101342354646,-0.224000354681948,-0.09309675610711565,-0.02192769368741665,0.0,-0.042977265643855844,-0.16058454120525312,-0.33928886298883754,-0.5691545595934713,-0.8426416260026883,-1.1538729650958146,-1.4981654167794147,-1.871717467617998,-2.2713942807966134,-2.6945754901817622] False 57006.65603222185 57020.65603222185
1287.3303254983532 1483.6791717563765 1709.9759409858673 5.687315317074634e-14 3.015811979101428e-14 4.1414820610695345e-14 1.7534576489231852e-11 2.5887774147837998e-08 0.03039717852295465 5.85633342238779e-12 3.113407988299817e-12 3.483396325982294e-12 2.74341965061734e-12 1.2386135804704909e-11 1.2891569512822282e-05 6.85355709931188e-06 7.668013864347377e-06 6.0391003342763835e-06 2.7265648863364352e-05 141.40670745475592 75.17617950265326 84.10989772783682 66.24246127746969 299.07495968982175 16.59849742597538 -125.01321643732788 [0.0,25.389719432422517,39.89184293521419,54.39396643800587,68.8960899407976,83.39821344358924,97.90033694638093,112.40246044917254,126.90458395196427,141.40670745475592,165.87615751062688,190.34560756649793,214.81505762236873,239.2845076782398,263.75395773411054,288.2234077899816,312.69285784585253,337.16230790172347,361.6317579575943,386.10120801346534] [-8.29924871298769,-2.700123580491038,-1.7265263863464213,-1.104022964329289,-0.6839682963124574,-0.39714194686550286,-0.20524390578320606,-0.08470444897983498,-0.019921362478953597,0.0,-0.04697389997235746,-0.17329117713794062,-0.361389988971311,-0.5990602792863626,-0.8774518028467924,-1.189934589034408,-1.5314071823558635,-1.897856200508798,-2.286064696420823,-2.6934126069783417] False 57006.65603222185 57020.65603222185
1709.9759409858673 1970.7884119509856 2271.3810595726877 2.961223513177669e-14 1.5551414759653215e-14 2.1459546838053975e-14 1.2072135693701295e-11 2.3669247477072343e-08 0.021477747071296127 2.834344698118823e-12 1.7815246569793252e-12 2.0249690521490886e-12 1.5380802618095615e-12 6.7481957791066e-12 1.1008614547798154e-05 6.919454175457358e-06 7.8649939018091e-06 5.973914449105616e-06 2.621003940507615e-05 132.0784972538522 83.0178134898994 94.36215347093135 71.67347350886743 314.46124328870263 9.406744289345056 -82.66287999865793 [0.0,13.50136875486377,28.323509817237305,43.14565087961085,57.9677919419844,72.78993300435795,87.6120740667315,102.43421512910497,117.25635619147859,132.0784972538522,160.87571584166673,189.67293442948127,218.47015301729604,247.26737160511072,276.0645901929253,304.8618087807399,333.6590273685547,362.45624595636923,391.25346454418377,420.05068313199854] [-4.703372144672528,-2.6882155724942436,-1.6361029655249553,-1.015255221196142,-0.6156624213454904,-0.3515318052362204,-0.17907938523318023,-0.07286933280468588,-0.01679387876150429,0.0,-0.052697413387676306,-0.18921811604026573,-0.38724340213263986,-0.6323511754005153,-0.9146787910987229,-1.2271819677351061,-1.5646530189931696,-1.9231326427403417,-2.299539894315899,-2.691429885060842] False 57006.65603222185 57020.65603222185
2271.3810595726877 2617.821317854317 3017.1020504598932 1.5123022275816385e-14 7.865730589855355e-15 1.0906586034408439e-14 8.152293698073504e-12 2.1226632076592578e-08 0.01462939379459094 2.733587464988428e-12 1.5896613632039142e-12 1.7895923072646036e-12 1.3897304191432244e-12 6.113586873868078e-12 1.8733243330678572e-05 1.0893930964964824e-05 1.2264055415852674e-05 9.523806514076972e-06 4.1896340248215934e-05 250.63640046155794 145.75242501996507 164.08363731957385 127.42121272035625 560.540837855287 13.406597749684437 -91.2993963738887 [0.0,34.2180375802429,61.27033294040726,88.32262830057164,115.37492366073604,142.42721902090034,169.47951438106472,196.5318097412291,223.58410510139342,250.63640046155794,298.9453718814077,347.25434330125745,395.5633147211074,443.8722861409571,492.1812575608069,540.4902289806566,588.7992004005062,637.1081718203567,685.417143240206,733.7261146600559] [-6.703298874842218,-2.684537751498226,-1.666655698797598,-1.0496409325783418,-0.6439984997277008,-0.3712902537311038,-0.1907409495382666,-0.07822325169512112,-0.018191117490999886,0.0,-0.04886875502367616,-0.17820723955131257,-0.3691172479913547,-0.6088013835308885,-0.8881661957014728,-1.2005038229321627,-1.5407157103753093,-1.9048302387593026,-2.2896896067496186,-2.6927390904190105] False 57006.65603222185 57020.65603222185
3017.1020504598932 3477.2827010020824 4007.6519721450045 7.575468821484875e-15 3.902220002779853e-15 5.437016274174038e-15 5.399858835704842e-12 1.8671733325736705e-08 0.00969509139389424 1.668391789583008e-12 9.752955996087454e-13 1.1130492252285585e-12 8.375419739889324e-13 3.829516626762321e-12 2.0173350952901358e-05 1.179278184930716e-05 1.3458429122336256e-05 1.0127134576278062e-05 4.630458107861818e-05 306.85797236030186 179.3806658702538 204.7169199245494 154.04441181595823 704.3415788458498 26.802602657308498 -30.499679750465837 [0.0,54.356428470235386,85.91912145649367,117.48181444275195,149.04450742901037,180.60720041526864,212.169893401527,243.73258638778506,275.29527937404345,306.85797236030186,369.5050608762776,432.1521493922539,494.7992379082301,557.4463264242061,620.093414940182,682.7405034561586,745.3875919721344,808.0346804881106,870.6817690040862,933.3288575200625] [-13.401301328654249,-2.6966184242849494,-1.6569727816609898,-1.0359509852223354,-0.6336788276268877,-0.36618597089525906,-0.19015334992315047,-0.08028418078576749,-0.02051364885929985,0.0,-0.047403737173382865,-0.1815929613699332,-0.3790660371673056,-0.6247412570418085,-0.9083604093714293,-1.2226285937089116,-1.562172427718231,-1.9229193137755445,-2.3017087369380036,-2.6960387151203022] False 57006.65603222185 57020.65603222185
4007.6519721450045 4618.915317184078 5323.411028602609 3.7220650502732625e-15 1.8988381777327284e-15 2.6584956681295478e-15 3.5082608323696064e-12 1.6109982978919197e-08 0.006254039491196073 1.1783737143992312e-12 7.569978151459284e-13 8.657763555596152e-13 6.482192747322414e-13 2.8502608624493373e-12 2.5139871081741817e-05 1.615007806893531e-05 1.8470800645350167e-05 1.3829355492520448e-05 6.0808544654140105e-05 443.24831088715166 284.7466799442007 325.6640083858982 243.82935150250313 1072.1329722740195 18.74400821247319 -38.95591753458989 [0.0,51.855205122365284,100.77934334296361,149.70348156356187,198.62761978416012,247.5517580047584,296.47589622535673,345.40003444595504,394.32417266655324,443.24831088715166,542.4864766047988,641.7246423224462,740.9628080400933,840.2009737577409,939.4391394753887,1038.6773051930356,1137.9154709106826,1237.1536366283299,1336.391802345977,1435.6299680636248] [-9.372004106236595,-2.700134534907477,-1.57081377816543,-0.9586885125530102,-0.5769883375325833,-0.32826455972207214,-0.16697942950342792,-0.06795299605105498,-0.015706059021127317,0.0,-0.05296332084286348,-0.18996450776161566,-0.38828402826420927,-0.6334558327985746,-0.9156708403275076,-1.227956492056201,-1.5651709157486664,-1.9234087264772128,-2.2996309310534713,-2.6914242943305524] False 57006.65603222185 57020.65603222185
100.0 115.25240587974294 132.83117061068992 2.016333113454659e-11 1.0481169707912416e-11 1.453737581195508e-11 4.784039889301643e-10 5.4840334805031145e-08 0.15944089822051383 2.1785090218692176e-09 7.775894350105212e-10 8.268363181823588e-10 7.283425518386836e-10 3.6094930864983207e-09 2.893739035608375e-05 1.0328811490695262e-05 1.098296360475957e-05 9.674659376630952e-06 4.794531919907646e-05 149.85572706166695 53.48898212915815 56.87658686668846 50.101377391627835 248.29055348008458 11.416494253377323 -586.5481067378406 [0.0,40.50139768109423,54.170688853665794,67.83998002623737,81.50927119880897,95.17856237138054,108.84785354395214,122.51714471652367,136.18643588909524,149.85572706166695,164.05350818346054,178.25128930525432,192.44907042704793,206.6468515488417,220.84463267063543,235.04241379242902,249.24019491422277,263.43797603601644,277.63575715781013,291.83353827960366] [-5.708247126688661,-2.707750688182273,-2.008897613883505,-1.4357075039233678,-0.9742303426484114,-0.6130102693838353,-0.3424918504691732,-0.1545980144663872,-0.042422371353040944,0.0,-0.0242212388174039,-0.11298789094360018,-0.26180738317475516,-0.4666979723995155,-0.724109254104178,-1.0308580832567031,-1.3840763830592095,-1.7811682350402407,-2.219774296052833,-2.6977420581230263] False 57048.65603222185 57062.65603222185
132.83117061068992 153.091119887046 176.4411988580621 1.0762867484336018e-11 5.573853200547773e-12 7.74536270129669e-12 3.3861070149037923e-10 5.155464075943929e-08 0.1688317739781101 1.2428518141157239e-09 3.8865142591697736e-10 4.0771607505487377e-10 3.6958677677908095e-10 1.9363114157899394e-09 2.9128582482003697e-05 9.108781101651851e-06 9.555597205226343e-06 8.66196499807736e-06 4.538111957121135e-05 160.46399142904588 50.17859600711937 52.640023557142904 47.71716845709582 249.9962223158086 15.857845563695719 -617.7971131278578 [0.0,56.39378712471705,69.40256266275813,82.41133820079926,95.42011373884034,108.4288892768815,121.43766481492261,134.4464403529637,147.4552158910048,160.46399142904588,173.54767830218472,186.63136517532374,199.7150520484625,212.79873892160137,225.88242579474024,238.9661126678792,252.04979954101807,265.1334864141569,278.2171732872959,291.30086016043475] [-7.928922781847859,-2.7102630313307827,-1.9963173437528212,-1.4140412424638953,-0.9482987917224364,-0.5867467867628875,-0.3191457344654509,-0.1368783760730139,-0.032603369436174034,0.0,-0.03395136986284797,-0.12995396407711723,-0.28369344783084216,-0.49134110875809256,-0.749479342223708,-1.0550414036440543,-1.4052621936456262,-1.7976376804292613,-2.2298911595810296,-2.6999449817412824] False 57048.65603222185 57062.65603222185
