data/Ton599_allsed_14d_min11.ecsv
# %ECSV 1.0
# ---
# datatype:
# - {name: e_min, unit: MeV, datatype: float64}
# - {name: e_ref, unit: MeV, datatype: float64}
# - {name: e_max, unit: MeV, datatype: float64}
# - {name: ref_dnde_e_min, unit: ph / (cm2 MeV s), datatype: float64}
# - {name: ref_dnde_e_max, unit: ph / (cm2 MeV s), datatype: float64}
# - {name: ref_dnde, unit: ph / (cm2 MeV s), datatype: float64}
# - {name: ref_flux, unit: ph / (cm2 s), datatype: float64}
# - {name: ref_eflux, unit: MeV / (cm2 s), datatype: float64}
# - {name: ref_npred, datatype: float64}
# - {name: dnde, unit: ph / (cm2 MeV s), datatype: float64}
# - {name: dnde_err, unit: ph / (cm2 MeV s), datatype: float64}
# - {name: dnde_errp, unit: ph / (cm2 MeV s), datatype: float64}
# - {name: dnde_errn, unit: ph / (cm2 MeV s), datatype: float64}
# - {name: dnde_ul, unit: ph / (cm2 MeV s), datatype: float64}
# - {name: e2dnde, unit: MeV / (cm2 s), datatype: float64}
# - {name: e2dnde_err, unit: MeV / (cm2 s), datatype: float64}
# - {name: e2dnde_errp, unit: MeV / (cm2 s), datatype: float64}
# - {name: e2dnde_errn, unit: MeV / (cm2 s), datatype: float64}
# - {name: e2dnde_ul, unit: MeV / (cm2 s), datatype: float64}
# - {name: norm, datatype: float64}
# - {name: norm_err, datatype: float64}
# - {name: norm_errp, datatype: float64}
# - {name: norm_errn, datatype: float64}
# - {name: norm_ul, datatype: float64}
# - {name: ts, datatype: float64}
# - {name: loglike, datatype: float64}
# - {name: norm_scan, datatype: string, subtype: 'float64[20]'}
# - {name: dloglike_scan, datatype: string, subtype: 'float64[20]'}
# - {name: ShowUL, datatype: bool}
# - {name: tstart, datatype: float64}
# - {name: tend, datatype: float64}
# meta: !!omap
# - {UL_CONF: 0.95}
# - {EXTNAME: SED}
# - {CONFIG: '{"bin_index": 2.0, "use_local_index": true, "free_background": false, "free_radius": null, "free_pars": [], "ul_confidence":
#     0.95, "cov_scale": 3.0, "make_plots": false, "write_fits": true, "write_npy": true, "optimizer": {"optimizer": "MINUIT", "tol":
#     0.001, "max_iter": 100, "init_lambda": 0.0001, "retries": 3, "min_fit_quality": 2, "verbosity": 0}, "prefix": "", "outfile": null,
#     "loge_bins": []}'}
# - {SRCNAME: 4FGL J1159.5+2914}
# - {CREATOR: fermipy 1.2.0}
# - {STVER: 2.2.0}
# schema: astropy-2.0
e_min e_ref e_max ref_dnde_e_min ref_dnde_e_max ref_dnde ref_flux ref_eflux ref_npred dnde dnde_err dnde_errp dnde_errn dnde_ul e2dnde e2dnde_err e2dnde_errp e2dnde_errn e2dnde_ul norm norm_err norm_errp norm_errn norm_ul ts loglike norm_scan dloglike_scan ShowUL tstart tend
[from data line 2356]
132.83117061068992 153.091119887046 176.4411988580621 5.841387049625391e-12 3.296638588625666e-12 4.3882732320234255e-12 1.913922043828717e-10 2.919932100258799e-08 0.15753755707349704 1.336959100701733e-09 2.961600473564085e-10 3.105362096084676e-10 2.817838851043495e-10 1.8619748510115003e-09 3.133416469892187e-05 6.941070744972995e-06 7.2780032925041855e-06 6.604138197441807e-06 4.36389016060566e-05 304.6663300145654 67.48897156065408 70.76501238398957 64.2129307373186 424.30695459520115 34.50253933345675 -908.116541528504 [0.0,160.7873988985978,178.77226528809368,196.7571316775897,214.7419980670857,232.72686445658164,250.7117308460776,268.69659723557356,286.6814636250695,304.6663300145654,321.9474612144934,339.22859241442137,356.5097236143494,373.79085481427745,391.07198601420515,408.35311721413325,425.6342484140618,442.9153796139893,460.19651081391737,477.4776420138455] [-17.251269666728376,-2.7135757051270275,-2.0194986592972555,-1.44401674199446,-0.977025296451643,-0.6098062234522104,-0.33477210626108445,-0.1452684234792514,-0.03541844169171782,0.0,-0.03174390315746223,-0.12417151301985996,-0.273907983654226,-0.47788403894276144,-0.7332981072293023,-1.0375843292245008,-1.3883853574692466,-1.7835290942118718,-2.221008689016003,-2.698965251885511] False 60422.65603222185 60436.65603222185
176.4411988580621 203.35272664697808 234.36890988269914 3.4959509634845748e-12 1.9541072160610994e-12 2.6137067556902674e-12 1.514569403301535e-10 3.068591656117435e-08 0.156557685775073 9.589257239793168e-10 1.7511139148537184e-10 1.8404431314563525e-10 1.6617846982510848e-10 1.270392262210652e-09 3.965381435931047e-05 7.241264298705211e-06 7.610661435881175e-06 6.871867161529248e-06 5.253368187909017e-05 366.88343934974785 66.99733667678636 70.41505813341712 63.57961522015561 486.0500358140397 60.10637710883498 -920.9644039944302 [0.0,222.80002738553938,240.8104538810655,258.8208803765915,276.83130687211764,294.8417333676438,312.8521598631697,330.8625863586959,348.87301285422177,366.88343934974785,384.1073158351882,401.33119232062825,418.55506880606833,435.77894529150825,453.00282177694857,470.2266982623885,487.4505747478284,504.6744512332687,521.8983277187085,539.1222042041488] [-30.05318855441749,-2.7040903649647134,-2.013954278879737,-1.4408670175695306,-0.9752477260208252,-0.608759230950568,-0.33409192183364667,-0.14479381593048402,-0.035135261197524414,0.0,-0.03187442840442145,-0.12407509440993181,-0.27330370500510526,-0.4765509467265474,-0.7310620922970656,-1.0343077152817841,-1.383958612857782,-1.777864218683817,-2.214033928547451,-2.690620871238025] False 60422.65603222185 60436.65603222185
234.36890988269914 270.1158072739371 311.3149665447022 2.0524381783201473e-12 1.1362681737484423e-12 1.5271280825822762e-12 1.1757441957353603e-10 3.163473432197807e-08 0.14333152627041024 5.243782590600667e-10 9.29344562177297e-11 9.826618894822222e-11 8.760272348723717e-11 6.91754201011932e-10 3.825997459910052e-05 6.78073484710254e-06 7.169751659514799e-06 6.391718034690281e-06 5.0472150021967065e-05 343.37542806060935 60.85570508308868 64.34705121921428 57.36435894696308 452.9771987705313 81.7374752683711 -733.1872839299798 [0.0,214.61128310291724,230.7068012226288,246.80231934234024,262.89783746205177,278.9933555817634,295.0888737014749,311.18439182118635,327.27990994089777,343.37542806060935,359.25671020064,375.1379923406705,391.0192744807009,406.9005566207315,422.78183876076224,438.66312090079293,454.5444030408232,470.4256851808539,486.30696732088416,502.1882494609149] [-40.86873763418555,-2.695605879987056,-1.9992865524818626,-1.4249624331828272,-0.9612244580902143,-0.5982764085141525,-0.3276379616760323,-0.14191388443907726,-0.03461231182473057,0.0,-0.03212317954057653,-0.12568809508695722,-0.27677314294192,-0.48184258305377625,-0.7376962785231171,-1.041427467281892,-1.3903870608493207,-1.7821532859543368,-2.214505729513121,-2.6854030357792453] False 60422.65603222185 60436.65603222185
311.3149665447022 358.7979888064861 413.52331434760555 1.1820347392362576e-12 6.48139813823046e-13 8.752849683508561e-13 8.953549450396808e-11 3.1992488872470164e-08 0.1250394923117084 3.2096743548874455e-10 5.7325868380493204e-11 6.067296128491992e-11 5.397877547606648e-11 4.2445636453905804e-10 4.1320062738861114e-05 7.379902806759155e-06 7.810794148097609e-06 6.9490114654206995e-06 5.464281317497647e-05 366.70049994516256 65.49394820352296 69.31795184285548 61.66994456419044 484.93505530979894 86.62881744131005 -677.994970930783 [0.0,228.7777311884109,246.01807728300497,263.25842337759883,280.4987694721928,297.73911556678667,314.9794616613805,332.2198077559745,349.4601538505685,366.70049994516256,383.83793882868343,400.9753777122045,418.11281659572563,435.2502554792462,452.3876943627672,469.52513324628836,486.6625721298096,503.8000110133305,520.9374498968516,538.0748887803724] [-43.314408720655024,-2.695862683885366,-1.9981026992979878,-1.4233434164558503,-0.9597785646308239,-0.5973089453732428,-0.3272197960379799,-0.14193219454966766,-0.03480878231721363,0.0,-0.03193827952054562,-0.12566787668970392,-0.27712267422725745,-0.48264425676518385,-0.7389278307715585,-1.0429769642055362,-1.3920654554478915,-1.7837050103902357,-2.2156176859207335,-2.685712271449006] False 60422.65603222185 60436.65603222185
413.52331434760555 476.5900816815941 549.2752115212968 6.677982450413902e-13 3.626879336293614e-13 4.921405953336671e-13 6.688151869273534e-11 3.173625579386218e-08 0.10525940040543691 1.9358175248567684e-10 3.562491842212954e-11 3.752512050359358e-11 3.3724716340665504e-11 2.57706996502489e-10 4.39697926074854e-05 8.091776495284708e-06 8.523384797004508e-06 7.660168193564907e-06 5.853507907751177e-05 393.3464427059304 72.38768506381018 76.2487810584938 68.52658906912656 523.6450700185907 99.75917475545225 -595.3921401630638 [0.0,243.01807375896837,261.8091198773387,280.6001659957087,299.39121211407905,318.1822582324493,336.9733043508195,355.7643504691899,374.5553965875602,393.3464427059304,412.36172148761295,431.37700026929537,450.39227905097806,469.4075578326604,488.42283661434317,507.43811539602564,526.4533941777082,545.4686729593905,564.4839517410732,583.4992305227559] [-49.879587377726125,-2.691010691628321,-1.9874154574514478,-1.4110471871473464,-0.9484973788294155,-0.5884658871884767,-0.32133181020458323,-0.13882960657281274,-0.03380066568558959,0.0,-0.0327018229118039,-0.12771181213247473,-0.28058106227172175,-0.4873436570580907,-0.7444477164341379,-1.0486984730054019,-1.3972109241367434,-1.787370174137095,-2.2167980029105365,-2.6833245143424165] False 60422.65603222185 60436.65603222185
549.2752115212968 633.0528961793416 729.6086933380817 3.7011602546533056e-13 1.9908204414106936e-13 2.7144696520500266e-13 4.901708629783836e-11 3.088824458645509e-08 0.08471844547472296 8.858372746392558e-11 1.964607461568145e-11 2.0835959270969964e-11 1.8456189960392936e-11 1.244988490036414e-10 3.5500457569420764e-05 7.873281676746981e-06 8.350135055204971e-06 7.3964282982889915e-06 4.9893656916789586e-05 326.33898631736497 72.375370271111 76.75885878935576 67.99188175286623 458.6488889629588 74.79702566927665 -467.25802734113836 [0.0,180.39627617002648,198.63911493844375,216.8819537068611,235.12479247527853,253.36763124369568,271.610470012113,289.85330878053014,308.0961475489475,326.33898631736497,345.80953961598897,365.2800929146132,384.7506462132372,404.22119951186085,423.6917528104854,443.1623061091093,462.63285940773346,482.1034127063574,501.5739660049815,521.0445193036057] [-37.398512834638325,-2.7045811881696977,-1.9780899659128863,-1.3925226067240146,-0.9291066804050274,-0.5727464706976093,-0.3111008984359387,-0.1339371832553411,-0.032666047054362934,0.0,-0.03379774231711963,-0.13211968834445997,-0.28933610045697833,-0.5005534975230148,-0.7614889317248412,-1.068370351393071,-1.4178567563773186,-1.8069735666001634,-2.233059822479845,-2.693724686945586] False 60422.65603222185 60436.65603222185
729.6086933380817 840.8915725798939 969.1477682383326 2.0121712192789975e-13 1.0719803785663935e-13 1.4686756161191987e-13 3.5237634119373436e-11 2.9488587650875923e-08 0.0658507310882559 3.77390477594156e-11 1.0405682588895152e-11 1.1342542613248274e-11 9.46882256454203e-12 5.7232097384854945e-11 2.6685229226167215e-05 7.357843973954687e-06 8.020296420080816e-06 6.695391527828559e-06 4.0468738044089676e-05 256.95972170584923 70.85078879699068 77.22973329685692 64.47184429712445 389.6850792422358 56.67040892290697 -320.68771988147944 [0.0,122.15931765761884,139.00936816364768,155.85941866967644,172.7094691757053,189.5595196817341,206.40957018776282,223.25962069379156,240.1096711998204,256.95972170584923,276.6336882864854,296.3076548671215,315.98162144775773,335.6555880283938,355.32955460903,375.00352118966623,394.6774877703025,414.3514543509387,434.02542093157484,453.6993875122109] [-28.335204461453486,-2.6921712870411625,-1.9371175148141333,-1.3451985655881344,-0.8874154820684907,-0.5420894708025799,-0.29255675059391706,-0.1257116182193272,-0.03104690260084908,0.0,-0.034865470979866586,-0.13755240221939857,-0.3003949447941636,-0.5169980976883153,-0.7819673800904638,-1.0907073435717507,-1.4392687981655854,-1.8242311966973261,-2.242610843397074,-2.691788371920552] False 60422.65603222185 60436.65603222185
969.1477682383326 1116.9661194245136 1287.3303254983532 1.0731177523399356e-13 5.662353572825918e-14 7.79510881195698e-14 2.48499040511182e-11 2.7616806782894404e-08 0.0493814965649686 8.373994275553069e-12 4.320548445469498e-12 4.945435526491979e-12 3.695661364447015e-12 1.719692982178486e-11 1.0447506732308263e-05 5.390373755459169e-06 6.1699911962035565e-06 4.6107563147147794e-06 2.145511857019557e-05 107.42626533587496 55.426403270242666 63.44280299084647 47.41000354963885 220.61179948388084 12.108114237170923 -204.49372255078424 [0.0,18.146339995779506,29.306330663291448,40.46632133080335,51.626311998315295,62.7863026658272,73.94629333333914,85.10628400085108,96.26627466836297,107.42626533587496,124.77945662079736,142.1326479057199,159.48583919064242,176.83903047556487,194.1922217604875,211.54541304540993,228.89860433033243,246.25179561525488,263.6049869001775,280.95817818509994] [-6.054057118585462,-2.706473837976631,-1.7808611028737573,-1.1589309019443021,-0.7266067125352436,-0.42551452522184263,-0.221240908848074,-0.09162751551269821,-0.02150410743752218,0.0,-0.04478240622017893,-0.16621213671456303,-0.34911829570833675,-0.5825489058260018,-0.8583257575373295,-1.1701718255142737,-1.5131582624182442,-1.8833397329612183,-2.2775058243343267,-2.6930067330581267] False 60422.65603222185 60436.65603222185
1287.3303254983532 1483.6791717563765 1709.9759409858673 5.614165736911172e-14 2.934016394132894e-14 4.0585778681056e-14 1.7191010834535863e-11 2.5371824224959342e-08 0.03566465111484085 1.529161375867882e-11 4.319212178947968e-12 4.66771225096586e-12 3.970712106930075e-12 2.3538766003145615e-11 3.366148877036804e-05 9.50789854837764e-06 1.0275053110730141e-05 8.740743986025138e-06 5.1815977043855534e-05 376.7727084614594 106.42181373161685 115.00856710541771 97.83506035781599 579.9757148464587 80.00324141443252 -158.53497810596923 [0.0,177.134517020548,202.08929095066193,227.04406488077575,251.99883881088988,276.9536127410036,301.90838667111757,326.86316060123164,351.8179345313453,376.7727084614594,407.21655224808063,437.66039603470216,468.10423982132374,498.5480836079451,528.9919273945666,559.4357711811879,589.8796149678096,620.3234587544307,650.7673025410526,681.2111463276734] [-40.00162070721626,-2.6983079171332918,-1.9210131643239379,-1.3213622587463192,-0.8639584899505905,-0.5231179070960081,-0.27959901667531994,-0.11860538604275916,-0.02850855599004376,0.0,-0.03772728736777253,-0.1447970285114195,-0.31226001502497525,-0.5328122377797229,-0.8004130383262407,-1.110008255427914,-1.457325470741182,-1.8387198995222889,-2.251056577114582,-2.6916190269008666] False 60422.65603222185 60436.65603222185
1709.9759409858673 1970.7884119509856 2271.3810595726877 2.881233680474417e-14 1.491363436604249e-14 2.0729125797708463e-14 1.166639923086151e-11 2.2865919476988726e-08 0.024865121576618687 6.300553373618651e-12 2.391131961787565e-12 2.617081468100549e-12 2.165182455474581e-12 1.1027274354190786e-11 2.4471393184474718e-05 9.28717319305254e-06 1.0164762649238244e-05 8.409583736866838e-06 4.283001039311733e-05 303.94689265261536 115.35131703681864 126.2514152135571 104.45121886008019 531.9700628865794 43.61020708606404 -121.19424546048877 [0.0,102.76270766994656,127.9107307927802,153.05875391561375,178.20677703844729,203.3548001612809,228.50282328411458,253.65084640694812,278.7988695297816,303.94689265261536,338.77414701790434,373.6014013831936,408.42865574848247,443.2559101137717,478.08316447906066,512.9104188443498,547.7376732096384,582.564927574928,617.392181940217,652.2194363055058] [-21.80510354303202,-2.6974001045457925,-1.8421777571956426,-1.2254992650614867,-0.7785514646212448,-0.45885051807650257,-0.238263426076756,-0.09716575525577298,-0.02130658954249043,0.0,-0.04558108537419514,-0.16369015220372773,-0.34203955811865683,-0.5712609463075609,-0.8440426847102032,-1.1545650545248236,-1.4981175524707169,-1.8708319566802487,-2.269491436463724,-2.69139105029096] False 60422.65603222185 60436.65603222185
2271.3810595726877 2617.821317854317 3017.1020504598932 1.4505314179405417e-14 7.43635048024007e-15 1.0385884654859926e-14 7.766600662748828e-12 2.021549540717332e-08 0.016827238214913276 1.8102198871906814e-12 1.0709959608256851e-12 1.2177527796668025e-12 9.242391419845676e-13 4.161877656309315e-12 1.2405415982883177e-05 7.339522951904664e-06 8.345245736706285e-06 6.333800167103042e-06 2.852129951820901e-05 174.29616709093875 103.12034038665429 117.25075139333197 88.98992937997662 400.724424987892 16.89116908237588 -70.2919776638671 [0.0,27.08425325229758,45.485742482127705,63.88723171195787,82.28872094178803,100.69021017161818,119.09169940144831,137.49318863127849,155.89467786110848,174.29616709093875,210.0878781560506,245.87958922116252,281.6713002862743,317.46301135138634,353.2547224164981,389.04643348161017,424.838144546722,460.629855611834,496.4215666769461,532.2132777420576] [-8.44558454118794,-2.7035510293155056,-1.647576579486298,-1.0224050163148206,-0.6199106477029801,-0.3539330816321353,-0.18033088389304908,-0.07343081583735511,-0.01697183038162109,0.0,-0.05281352378356985,-0.18983646633597573,-0.3885248021979919,-0.6343290560562025,-0.9173105112510029,-1.2303777002727543,-1.568292958419292,-1.927077727566001,-2.303638734693209,-2.695523371557144] False 60422.65603222185 60436.65603222185
