data/Ton599_allsed_1d_min11.ecsv
# %ECSV 1.0
# ---
# datatype:
# - {name: e_min, unit: MeV, datatype: float64}
# - {name: e_ref, unit: MeV, datatype: float64}
# - {name: e_max, unit: MeV, datatype: float64}
# - {name: ref_dnde_e_min, unit: ph / (MeV s cm2), datatype: float64}
# - {name: ref_dnde_e_max, unit: ph / (MeV s cm2), datatype: float64}
# - {name: ref_dnde, unit: ph / (MeV s cm2), datatype: float64}
# - {name: ref_flux, unit: ph / (s cm2), datatype: float64}
# - {name: ref_eflux, unit: MeV / (s cm2), datatype: float64}
# - {name: ref_npred, datatype: float64}
# - {name: dnde, unit: ph / (MeV s cm2), datatype: float64}
# - {name: dnde_err, unit: ph / (MeV s cm2), datatype: float64}
# - {name: dnde_errp, unit: ph / (MeV s cm2), datatype: float64}
# - {name: dnde_errn, unit: ph / (MeV s cm2), datatype: float64}
# - {name: dnde_ul, unit: ph / (MeV s cm2), datatype: float64}
# - {name: e2dnde, unit: MeV / (s cm2), datatype: float64}
# - {name: e2dnde_err, unit: MeV / (s cm2), datatype: float64}
# - {name: e2dnde_errp, unit: MeV / (s cm2), datatype: float64}
# - {name: e2dnde_errn, unit: MeV / (s cm2), datatype: float64}
# - {name: e2dnde_ul, unit: MeV / (s cm2), datatype: float64}
# - {name: norm, datatype: float64}
# - {name: norm_err, datatype: float64}
# - {name: norm_errp, datatype: float64}
# - {name: norm_errn, datatype: float64}
# - {name: norm_ul, datatype: float64}
# - {name: ts, datatype: float64}
# - {name: loglike, datatype: float64}
# - {name: norm_scan, datatype: string, subtype: 'float64[20]'}
# - {name: dloglike_scan, datatype: string, subtype: 'float64[20]'}
# - {name: ShowUL, datatype: bool}
# - {name: tstart, datatype: float64}
# - {name: tend, datatype: float64}
# meta: !!omap
# - {UL_CONF: 0.95}
# - {EXTNAME: SED}
# - {CONFIG: '{"bin_index": 2.0, "use_local_index": true, "free_background": false, "free_radius": null, "free_pars": [], "ul_confidence":
#     0.95, "cov_scale": 3.0, "make_plots": false, "write_fits": true, "write_npy": true, "optimizer": {"optimizer": "MINUIT", "tol":
#     0.001, "max_iter": 100, "init_lambda": 0.0001, "retries": 3, "min_fit_quality": 2, "verbosity": 0}, "prefix": "", "outfile": null,
#     "loge_bins": []}'}
# - {SRCNAME: 4FGL J1159.5+2914}
# - {CREATOR: fermipy 1.2.0}
# - {STVER: 2.2.0}
# schema: astropy-2.0
e_min e_ref e_max ref_dnde_e_min ref_dnde_e_max ref_dnde ref_flux ref_eflux ref_npred dnde dnde_err dnde_errp dnde_errn dnde_ul e2dnde e2dnde_err e2dnde_errp e2dnde_errn e2dnde_ul norm norm_err norm_errp norm_errn norm_ul ts loglike norm_scan dloglike_scan ShowUL tstart tend
[from data line 266]
4007.6519721450045 4618.915317184078 5323.411028602609 2.6670607078396775e-15 1.270963698326235e-15 1.8411239341490592e-15 2.435454847294052e-12 1.1165694848300162e-08 0.0002105909825093899 8.735988664646603e-12 8.783403088526983e-12 1.1008111432604975e-11 6.5586947444489885e-12 3.1807128569276e-11 0.00018637689055440518 0.0001873884478296585 0.00023485121815554802 0.00013992567750376893 0.000678585326489278 4744.921568076973 4770.674545918901 5979.017071272155 3562.3320205656455 17275.930196397556 17.152993745157694 -3.738942821952301 [0.0,527.2135075641078,1054.4270151282155,1581.640522692324,2108.854030256431,2636.06753782054,3163.281045384648,3690.4945529487563,4217.708060512862,4744.921568076973,6812.392162688349,8879.862757299728,10947.333351911107,13014.803946522485,15082.274541133871,17149.745135745245,19217.21573035661,21284.686324968,23352.156919579367,25419.627514190746] [-8.576496872578847,-1.3084583085229258,-0.7266496793446824,-0.4323150503858044,-0.2557114268453753,-0.1436255103979205,-0.07235118090684134,-0.029241781004135436,-0.006747951105661176,0.0,-0.07374329570207916,-0.2441024418812794,-0.4701903131808325,-0.7325941774929903,-1.0205556012809898,-1.3274857672860674,-1.6490552794590019,-1.9822662752764706,-2.3249568177413864,-2.6755163693048893] False 59959.699990555186 59960.696228981105
100.0 115.25240587974294 132.83117061068992 2.7639802123762846e-12 1.8356660367839432e-12 2.2524974144717704e-12 7.375261817937346e-11 8.503504992389686e-09 0.002546582591280962 1.9299326495574725e-08 4.933316584626713e-09 5.282088281544778e-09 4.584544887708648e-09 2.8437460272474005e-08 0.0002563552130405097 6.552982169290975e-05 7.016259697066009e-05 6.089704641515941e-05 0.00037773811371877145 8567.968323329058 2190.154160857768 2344.9919398835236 2035.316381832013 12624.858119600918 34.516382264163894 -230.09397965737318 [0.0,4110.961456237753,4668.087314624163,5225.2131730105775,5782.339031396992,6339.464889783406,6896.590748169814,7453.716606556229,8010.842464942643,8567.968323329058,9162.591723551883,9757.215123774718,10351.838523997552,10946.461924220377,11541.085324443206,12135.708724666041,12730.332124888873,13324.955525111704,13919.57892533453,14514.202325557357] [-17.258191132081947,-2.7071181956639805,-1.978684632057508,-1.3919924193999975,-0.9280014236544787,-0.5714506880404713,-0.30988970632972723,-0.1330078165120483,-0.0321563963434528,0.0,-0.03439567008138056,-0.13332958692475927,-0.29113362532265796,-0.5028796033175524,-0.7642529015762136,-1.071452406366575,-1.4211103784771524,-1.8102276110776643,-2.2361204632117335,-2.6963772209198282] False 59953.699990555186 59954.699990555186
132.83117061068992 153.091119887046 176.4411988580621 2.0592332252699413e-12 1.3456887557230037e-12 1.6646582221756448e-12 7.241295509028699e-11 1.1085894567912852e-08 0.0034189650505713326 1.3568622915749197e-08 2.7968691772265847e-09 2.9670722943515613e-09 2.6266660601016078e-09 1.8681997746837265e-08 0.00031800633613735473 6.554991801511158e-05 6.953894991703339e-05 6.156088611318976e-05 0.0004378479446357288 8150.9962435505395 1680.1461945570925 1782.391276975589 1577.9011121385959 11222.722777544453 72.50860768107651 -217.82518943343848 [0.0,4722.069569186154,5150.685403481699,5579.301237777248,6007.917072072797,6436.532906368344,6865.1487406638935,7293.76457495944,7722.380409254988,8150.9962435505395,8601.544266807025,9052.09229006351,9502.640313319998,9953.18833657649,10403.73635983298,10854.284383089467,11304.832406345957,11755.380429602445,12205.928452858941,12656.47647611542] [-36.254303840538256,-2.687371471881846,-1.9745869400760512,-1.3955972744911946,-0.9344337875310487,-0.5778822645160631,-0.314875058437309,-0.13604384119531687,-0.03338422167203703,0.0,-0.03303845651350912,-0.1299592025798404,-0.28547012893619694,-0.49491922234429353,-0.7541943210131308,-1.059641903443321,-1.4080007067280462,-1.7963470204190344,-2.2220492615158207,-2.6827299927259673] False 59953.699990555186 59954.699990555186
176.4411988580621 203.35272664697808 234.36890988269914 1.4853774663051223e-12 9.551163101933727e-13 1.191095397044975e-12 6.883752294788853e-11 1.3993090770635125e-08 0.004073056732425553 5.808335516975218e-09 1.4856099149193635e-09 1.5869915024963266e-09 1.3842283273424007e-09 8.565306008615916e-09 0.00024018821538225076 6.143343358451201e-05 6.56257985953768e-05 5.724106857364723e-05 0.00035419537290843175 4876.465421145353 1247.2635849362348 1332.3798466802427 1162.147323192227 7191.1167064081055 48.55701033451953 -204.28459634933574 [0.0,2404.806191857829,2713.7635955187698,3022.7209991797085,3331.67840284065,3640.6358065015907,3949.593210162532,4258.550613823471,4567.508017484412,4876.465421145353,5219.241350828416,5562.017280511485,5904.79321019455,6247.569139877619,6590.3450695606825,6933.120999243746,7275.8969289268125,7618.672858609879,7961.4487882929525,8304.224717976009] [-24.278505167259766,-2.7008603832015297,-1.957985708739642,-1.367636458339888,-0.9060325478008338,-0.5547661126429944,-0.2992671740632318,-0.12778612023606684,-0.030695944584351764,0.0,-0.035519109453133524,-0.13677403569414537,-0.2972345325663639,-0.5113344426847561,-0.7742869324345634,-1.08194248919213,-1.4306782423202833,-1.8173106043595908,-2.2390255292368693,-2.693322256174156] False 59953.699990555186 59954.699990555186
234.36890988269914 270.1158072739371 311.3149665447022 1.0373583631532402e-12 6.563395670977173e-13 8.251420114120936e-13 6.335841873984538e-11 1.710120429419128e-08 0.004410721075641725 5.76351333813183e-09 1.0934675801886112e-09 1.1568298823782163e-09 1.030105277999006e-09 7.757686662104287e-09 0.0004205206263008733 7.978218227038264e-05 8.440525737014023e-05 7.515910717062507e-05 0.0005660205958422313 6984.87443181875 1325.18713756596 1401.9767099223247 1248.3975652095955 9401.638208710636 128.78166727042833 -210.6612752876199 [0.0,4309.133466238822,4643.6010869363145,4978.0687076338045,5312.536328331295,5647.0039490287845,5981.471569726278,6315.939190423769,6650.40681112126,6984.87443181875,7338.149285003201,7691.424138187648,8044.6989913720945,8397.973844556544,8751.248697740997,9104.523550925445,9457.798404109893,9811.073257294338,10164.348110478788,10517.622963663232] [-64.39083363521416,-2.683440072179792,-1.9756278589442786,-1.399504063587841,-0.9396762415206581,-0.5833398776100864,-0.3197239657035027,-0.13967838921468,-0.03536151138240484,0.0,-0.03102389690670293,-0.12635164314238523,-0.280683971737119,-0.4893582555114335,-0.7482497039141549,-1.0536911080805282,-1.4024070914765616,-1.7914598183130295,-2.218203835825875,-2.6802482599437667] False 59953.699990555186 59954.699990555186
311.3149665447022 358.7979888064861 413.52331434760555 7.014253878278038e-13 4.3667828717024815e-13 5.534412678273747e-13 5.6461648661548454e-11 2.0235310713171134e-08 0.004497475142047843 3.451853010797377e-09 6.837211946456368e-10 7.352293884254782e-10 6.322130008657954e-10 4.696073320306795e-09 0.00044437773805397756 8.801952950656106e-05 9.46504881747126e-05 8.138857083840953e-05 0.0006045536798021154 6237.071955888287 1235.399733253896 1328.4686762007157 1142.3307903070768 8485.22434682547 135.13295548207986 -186.80874270039163 [0.0,3761.5560470572455,4070.995535661126,4380.435024265006,4689.874512868887,4999.314001472766,5308.753490076645,5618.192978680525,5927.632467284407,6237.071955888287,6566.397572554117,6895.723189219955,7225.048805885786,7554.37442255162,7883.700039217453,8213.02565588328,8542.351272549113,8871.676889214948,9201.002505880784,9530.328122546614] [-67.56647774103993,-2.6891090622946194,-1.9722089379411045,-1.3916633717279012,-0.9305132999670604,-0.5748197015780647,-0.31298063488645766,-0.13523214723670662,-0.03327642827801469,0.0,-0.0331458116697263,-0.13070971063115167,-0.2871148267311696,-0.4974855546978745,-0.7575339315420422,-1.0634682396546395,-1.4119187962178046,-1.7998771778069624,-2.224646053351762,-2.6837974709000036] False 59953.699990555186 59954.699990555186
413.52331434760555 476.5900816815941 549.2752115212968 4.591916169796076e-13 2.813014418630987e-13 3.594040399714666e-13 4.8712502591504e-11 2.3180662687558033e-08 0.004365991435401808 1.4280289799627823e-09 3.598515507713217e-10 3.926156055020062e-10 3.2708749604063717e-10 2.0983846557600405e-09 0.00032435979776083653 8.173599966798387e-05 8.917796500299183e-05 7.429403433297589e-05 0.0004766231162791305 3973.324785320037 1001.2451468266485 1092.4073238942342 910.0829697590626 5838.511598051688 88.55713829110414 -129.49414923476698 [0.0,2051.727461865946,2291.927127297709,2532.1267927294703,2772.3264581612325,3012.5261235929943,3252.7257890247533,3492.9254544565147,3733.125119888278,3973.324785320037,4250.144379502783,4526.963973685527,4803.78356786827,5080.603162051013,5357.422756233758,5634.242350416499,5911.061944599243,6187.881538781985,6464.701132964734,6741.520727147473] [-44.27856914555207,-2.6966718622892074,-1.94346057830316,-1.3503511846613208,-0.8903639067627864,-0.5428838472242603,-0.29179376579341465,-0.12424717462462809,-0.02983451091972711,0.0,-0.03649218740861215,-0.14027201051854377,-0.30381586391877136,-0.5208098123211187,-0.78590198033001,-1.0945154199179967,-1.4427045175014541,-1.8270432988116738,-2.2445374720448683,-2.6925543890137362] False 59953.699990555186 59954.699990555186
549.2752115212968 633.0528961793416 729.6086933380817 2.9106199948738735e-13 1.7543929844398772e-13 2.2597281472285875e-13 4.069764580434585e-11 2.5714825401691733e-08 0.004002618059193226 1.424002450898479e-09 2.833290968416668e-10 3.042877144380498e-10 2.623704792452838e-10 1.95275169725108e-09 0.0005706774825823342 0.00011354582685297363 0.00012194511796427969 0.00010514653574166755 0.0007825768993532966 6301.653819044241 1253.8193905720557 1346.567793171224 1161.0709879728872 8641.533715664007 203.40235292009055 -131.06158226910452 [0.0,3767.970301506457,4084.680741198681,4401.391180890903,4718.101620583125,5034.812060275348,5351.52249996757,5668.232939659796,5984.9433793520175,6301.653819044241,6645.182542533256,6988.71126602228,7332.239989511298,7675.768713000321,8019.297436489344,8362.826159978365,8706.354883467382,9049.883606956404,9393.412330445424,9736.941053934437] [-101.70117646004528,-2.7034233709696878,-1.9736730666440678,-1.3867270609097773,-0.923344884224548,-0.5679469078340276,-0.307738182429091,-0.13208017179653098,-0.0320305864626107,0.0,-0.03462930143109588,-0.1345420290350603,-0.2936272143099359,-0.5065964318398812,-0.768842193054752,-1.0763256063787594,-1.4254863239919189,-1.8131696652944242,-2.2365671251450294,-2.6931674178941876] False 59953.699990555186 59954.699990555186
729.6086933380817 840.8915725798939 969.1477682383326 1.7861641832804303e-13 1.0593588364368793e-13 1.3755685409623143e-13 3.291774090832139e-11 2.7617115941085698e-08 0.003496458286840344 8.490413681472306e-10 1.8354971726405527e-10 1.9615829231932472e-10 1.7094114220878577e-10 1.190198416812847e-09 0.0006003559940341834 0.00012978775486902598 0.00013870326110305 0.00012087224863500195 0.0008415876780925951 6172.29416684146 1334.355299632313 1426.0161269906416 1242.6944722739843 8652.410849554708 196.38602302800095 -116.0525646730862 [0.0,3538.8025802900474,3867.9890286089735,4197.175476927902,4526.361925246825,4855.548373565754,5184.734821884681,5513.921270203606,5843.107718522531,6172.29416684146,6539.954611091792,6907.615055342119,7275.27549959245,7642.93594384278,8010.596388093111,8378.25683234344,8745.917276593775,9113.577720844105,9481.238165094435,9848.898609344767] [-98.19301151400047,-2.7001961248241457,-1.9602285939163835,-1.370495481137013,-0.9085627000440724,-0.5566859986694652,-0.3005877746652885,-0.12860844376514535,-0.031102626803615863,0.0,-0.035420284857323736,-0.13715077207422155,-0.29839482437664344,-0.5133544940929085,-0.7770437217917703,-1.0851432835973895,-1.4338867664064452,-1.8199699308975,-2.24047793091448,-2.6928263264813523] False 59953.699990555186 59954.699990555186
969.1477682383326 1116.9661194245136 1287.3303254983532 1.0612505577943516e-13 6.193269689882738e-14 8.107164062086626e-14 2.5778691822170826e-11 2.8717273838077816e-08 0.002905842158913728 4.946324933280101e-10 1.1723537021082115e-10 1.2578838272617658e-10 1.0868235769546567e-10 7.145820955132819e-10 0.000617110083195215 0.00014626440850549916 0.00015693526077686533 0.00013559355623413296 0.0008915221348379636 6101.17779213538 1446.0712687322507 1551.5707066350044 1340.5718308294968 8814.205436584718 167.129328432168 -91.628012914826 [0.0,3295.2352642175565,3645.9780802072823,3996.720896197011,4347.463712186739,4698.206528176466,5048.9493441661925,5399.692160155922,5750.434976145652,6101.17779213538,6505.14776668477,6909.117741234161,7313.087715783551,7717.057690332947,8121.027664882338,8524.997639431727,8928.967613981116,9332.937588530505,9736.907563079903,10140.877537629292] [-83.564664216084,-2.703871458419812,-1.9503962107405357,-1.356099837738867,-0.8946586359210045,-0.5457919532459528,-0.293541354559693,-0.12512229888911008,-0.030133816215837328,0.0,-0.03640108886349935,-0.14027044682386247,-0.30403174424361623,-0.5213182029416288,-0.7867279378041729,-1.0956382202826376,-1.4440624084347178,-1.8285382926162015,-2.246039923031745,-2.693907229493135] False 59953.699990555186 59954.699990555186
1287.3303254983532 1483.6791717563765 1709.9759409858673 6.10485247447113e-14 3.505561395192542e-14 4.6261144773829046e-14 1.954617758277561e-11 2.891200693631431e-08 0.002297082718530699 1.3931325401968838e-10 5.3113663933406526e-11 5.841993866610362e-11 4.7807389200709417e-11 2.457313656147367e-10 0.00030667080726425164 0.00011691931474745393 0.00012860003792984506 0.00010523859156506276 0.0005409294097212621 3011.452801282621 1148.1268825723937 1262.829507391548 1033.424257753239 5311.830626244087 57.41539470229202 -49.75179835806287 [0.0,1048.2098383943207,1293.6152087553585,1539.0205791163955,1784.4259494774342,2029.8313198384703,2275.2366901995083,2520.6420605605467,2766.0474309215842,3011.452801282621,3363.1396864847447,3714.8265716868646,4066.513456888986,4418.200342091107,4769.887227293228,5121.574112495352,5473.260997697473,5824.947882899595,6176.634768101716,6528.321653303836] [-28.70769735114601,-2.6983190623412696,-1.8432299856856815,-1.2275014878084107,-0.7817480794863201,-0.4629905506848928,-0.2427457759907412,-0.1011587774730387,-0.023833973320961377,0.0,-0.042997773399022776,-0.1608507627935296,-0.34015561569449204,-0.5708159006284745,-0.8450362825476958,-1.1566722772563907,-1.5007946350438104,-1.873388572943938,-2.2711406666117995,-2.691284422600546] False 59953.699990555186 59954.699990555186
