data/Ton599_allsed_14d_min11.ecsv
# %ECSV 1.0
# ---
# datatype:
# - {name: e_min, unit: MeV, datatype: float64}
# - {name: e_ref, unit: MeV, datatype: float64}
# - {name: e_max, unit: MeV, datatype: float64}
# - {name: ref_dnde_e_min, unit: ph / (MeV s cm2), datatype: float64}
# - {name: ref_dnde_e_max, unit: ph / (MeV s cm2), datatype: float64}
# - {name: ref_dnde, unit: ph / (MeV s cm2), datatype: float64}
# - {name: ref_flux, unit: ph / (s cm2), datatype: float64}
# - {name: ref_eflux, unit: MeV / (s cm2), datatype: float64}
# - {name: ref_npred, datatype: float64}
# - {name: dnde, unit: ph / (MeV s cm2), datatype: float64}
# - {name: dnde_err, unit: ph / (MeV s cm2), datatype: float64}
# - {name: dnde_errp, unit: ph / (MeV s cm2), datatype: float64}
# - {name: dnde_errn, unit: ph / (MeV s cm2), datatype: float64}
# - {name: dnde_ul, unit: ph / (MeV s cm2), datatype: float64}
# - {name: e2dnde, unit: MeV / (s cm2), datatype: float64}
# - {name: e2dnde_err, unit: MeV / (s cm2), datatype: float64}
# - {name: e2dnde_errp, unit: MeV / (s cm2), datatype: float64}
# - {name: e2dnde_errn, unit: MeV / (s cm2), datatype: float64}
# - {name: e2dnde_ul, unit: MeV / (s cm2), datatype: float64}
# - {name: norm, datatype: float64}
# - {name: norm_err, datatype: float64}
# - {name: norm_errp, datatype: float64}
# - {name: norm_errn, datatype: float64}
# - {name: norm_ul, datatype: float64}
# - {name: ts, datatype: float64}
# - {name: loglike, datatype: float64}
# - {name: norm_scan, datatype: string, subtype: 'float64[20]'}
# - {name: dloglike_scan, datatype: string, subtype: 'float64[20]'}
# - {name: ShowUL, datatype: bool}
# - {name: tstart, datatype: float64}
# - {name: tend, datatype: float64}
# meta: !!omap
# - {UL_CONF: 0.95}
# - {EXTNAME: SED}
# - {CONFIG: '{"bin_index": 2.0, "use_local_index": true, "free_background": false, "free_radius": null, "free_pars": [], "ul_confidence":
#     0.95, "cov_scale": 3.0, "make_plots": false, "write_fits": true, "write_npy": true, "optimizer": {"optimizer": "MINUIT", "tol":
#     0.001, "max_iter": 100, "init_lambda": 0.0001, "retries": 3, "min_fit_quality": 2, "verbosity": 0}, "prefix": "", "outfile": null,
#     "loge_bins": []}'}
# - {SRCNAME: 4FGL J1159.5+2914}
# - {CREATOR: fermipy 1.2.0}
# - {STVER: 2.2.0}
# schema: astropy-2.0
e_min e_ref e_max ref_dnde_e_min ref_dnde_e_max ref_dnde ref_flux ref_eflux ref_npred dnde dnde_err dnde_errp dnde_errn dnde_ul e2dnde e2dnde_err e2dnde_errp e2dnde_errn e2dnde_ul norm norm_err norm_errp norm_errn norm_ul ts loglike norm_scan dloglike_scan ShowUL tstart tend
[from data line 930]
234.36890988269914 270.1158072739371 311.3149665447022 2.266529103992562e-12 1.2306649448601803e-12 1.6701311070658516e-12 1.286501876555528e-10 3.459892497958245e-08 0.0740401322919394 5.30281377723051e-10 1.3285642210123694e-10 1.4170647567203137e-10 1.240063685304425e-10 7.759675956875258e-10 3.869068118580397e-05 9.693543252597823e-06 1.0339265722911923e-05 9.04782078228372e-06 5.661657398601086e-05 317.5088323782368 79.54849864130969 84.84751590609349 74.24948137652589 464.6147792856661 45.95291606552814 -382.6598672086259 [0.0,158.2480820128538,178.15567580852678,198.06326960419966,217.9708633998725,237.87845719554554,257.78605099121836,277.69364478689124,297.601238582564,317.5088323782368,339.24215010469425,360.9754678311518,382.7087855576091,404.44210328406643,426.17542101052413,447.90873873698143,469.64205646343873,491.3753741898962,513.1086919163536,534.842009642811] [-22.97645803276407,-2.7025108140480256,-1.9653284406680882,-1.3766278984819564,-0.9143610786424006,-0.5612665635271696,-0.30355389716703485,-0.13001487180406457,-0.031404732021997006,0.0,-0.03479688843793838,-0.13473296020561065,-0.29369074399949113,-0.5064234629828093,-0.7683935543965958,-1.0756473862420535,-1.424716789151148,-1.8125407529186646,-2.2364024933484075,-2.693878380099193] False 58406.65603222185 58420.65603222185
311.3149665447022 358.7979888064861 413.52331434760555 1.2269646377890943e-12 6.66697379987393e-13 9.044413244380025e-13 9.254045169882906e-11 3.305912160085264e-08 0.060494473935169824 2.3388850160012495e-10 7.232058989829052e-11 7.783452626911655e-11 6.680665352746449e-11 3.7055168402032175e-10 3.0109869386903213e-05 9.310263227665043e-06 1.0020105322498395e-05 8.600421132831687e-06 4.770334039774343e-05 258.59997246969834 79.96161602106002 86.05812689671274 73.8651051454073 409.7022924627791 30.29901843505354 -324.732831501652 [0.0,104.97244751900669,124.1758881378431,143.37932875667957,162.5827693755161,181.78620999435262,200.98965061318899,220.19309123202547,239.39653185086195,258.59997246969834,281.08038041890984,303.5607883681213,326.04119631733266,348.52160426654393,371.00201221575526,393.48242016496687,415.9628281141779,438.4432360633895,460.9236440126009,483.40405196181234] [-15.14950921752677,-2.696988773423641,-1.9316609650729788,-1.3365070948614743,-0.8788822528777587,-0.5351886800241914,-0.2877403891665722,-0.12289404682201166,-0.029873822567822117,0.0,-0.03578420050030218,-0.13906537568772137,-0.3021954772959816,-0.5188272199212633,-0.7836269960874347,-1.0920640654699696,-1.4402526959929105,-1.8248319034780707,-2.2428724245766603,-2.691803767371141] False 58406.65603222185 58420.65603222185
549.2752115212968 633.0528961793416 729.6086933380817 3.611636717910065e-13 1.9653372283731084e-13 2.6642229818594203e-13 4.809440587536302e-11 3.031511964209535e-08 0.038586875073882365 3.2726411656977916e-11 1.9895764544190222e-11 2.2298445771942758e-11 1.7493083316437687e-11 7.41924356930294e-11 1.3115304827301026e-05 7.973346406086207e-06 8.936235250579778e-06 7.010457561592636e-06 2.973306148541753e-05 122.83660894681354 74.67755018877784 83.69586901611433 65.65923136144136 278.4768249437172 9.482941743646847 -190.38184561683343 [0.0,11.841172771160242,25.7156022931169,39.59003181507357,53.46446133703021,67.33889085898691,81.21332038094357,95.08774990290017,108.96217942485687,122.83660894681354,146.74884514448888,170.66108134216427,194.5733175398395,218.48555373751483,242.39778993519033,266.3100261328655,290.2222623305409,314.1344985282162,338.04673472589155,361.95897092356705] [-4.741470871823424,-2.684144818999698,-1.6373735222898347,-1.0289146642957974,-0.6333113165802615,-0.36733766687527236,-0.190327597754532,-0.07907294987668934,-0.018933200575474984,0.0,-0.04447868959246648,-0.1663324199965075,-0.34941567646302474,-0.5825565824903833,-0.8576394041853916,-1.1685440495392356,-1.510516828794124,-1.8797758355446774,-2.273252126168785,-2.688413567968041] False 58406.65603222185 58420.65603222185
729.6086933380817 840.8915725798939 969.1477682383326 1.9637391037196765e-13 1.0693872006911843e-13 1.449136799275557e-13 3.474759857520564e-11 2.909357110930532e-08 0.030060804650371975 4.046367181504261e-11 1.5050452568163045e-11 1.6499095622527885e-11 1.3601809513798207e-11 7.032720077788728e-11 2.861180718179134e-05 1.0642154494711269e-05 1.1666488023714422e-05 9.617820965708115e-06 4.972826780252785e-05 279.2260319058278 103.8580524329171 113.85464526727915 93.86145959855506 485.30408456292605 38.00021465998884 -167.89811846306776 [0.0,96.65873498707609,119.47964710192014,142.30055921676401,165.12147133160798,187.9423834464521,210.763295561296,233.58420767613995,256.40511979098403,279.2260319058278,310.5531589923417,341.88028607885525,373.20741316536896,404.5345402518825,435.8616673383961,467.18879442490993,498.51592151142324,529.843048597937,561.1701756844507,592.4973027709643] [-19.00010732999442,-2.6981507286318163,-1.8587802848957722,-1.2464308563958753,-0.7984387856737953,-0.47526058418901584,-0.2502841609790494,-0.10471278206887291,-0.024759319500503807,0.0,-0.041404732675488276,-0.15584136544663352,-0.3313529011306571,-0.5587513732594118,-0.8308176074171456,-1.14177174183925,-1.48691127550876,-1.8623566614258493,-2.2648681495352037,-2.6917111386159434] False 58406.65603222185 58420.65603222185
969.1477682383326 1116.9661194245136 1287.3303254983532 1.0693007256786073e-13 5.827324830242251e-14 7.893771386189868e-14 2.5141511927702596e-11 2.7962187407900296e-08 0.02307162060181034 1.1543761749324731e-11 6.631482541499621e-12 7.498872270350853e-12 5.764092812648388e-12 2.584375755683712e-11 1.4402150828347367e-05 8.273525896687597e-06 9.355692869044378e-06 7.191358924330814e-06 3.224301595851829e-05 146.23886586734088 84.00905241696488 94.99733275111198 73.02077208281777 327.3942997899674 16.723028793895963 -109.28155476329098 [0.0,23.603464184228002,38.9328893946171,54.26231460500619,69.59173981539529,84.92116502578442,100.25059023617351,115.58001544656263,130.90944065695177,146.23886586734088,174.6443695752807,203.0498732832205,231.45537699116048,259.86088069910016,288.26638440704005,316.67188811497977,345.07739182291976,373.4828955308595,401.88839923879914,430.2939029467391] [-8.361514396947982,-2.6891183235166096,-1.6598810636352965,-1.0388428230058082,-0.6339601935768258,-0.36385539686560264,-0.1862058231980086,-0.07611170431492553,-0.01764928481777872,0.0,-0.050527514452113564,-0.1831140722260045,-0.3773274223915166,-0.6196181310592408,-0.9005201447897377,-1.2131484009265563,-1.5523319425090563,-1.9140843446186295,-2.2952649091673294,-2.693353471981169] False 58406.65603222185 58420.65603222185
1287.3303254983532 1483.6791717563765 1709.9759409858673 5.831124036466641e-14 3.180092978091095e-14 4.306218364498694e-14 1.8217733756342638e-11 2.6914208724074454e-08 0.01743559009639195 9.580971328081238e-12 5.300395033568072e-12 5.949992014272076e-12 4.650798052864068e-12 2.0784523878518984e-11 2.1090629403739878e-05 1.1667780177857528e-05 1.3097740534973039e-05 1.0237819820742018e-05 4.575305315550039e-05 222.49153473192723 123.08700081875934 138.17209232409053 108.00190931342814 482.66302633119267 14.944530424091624 -71.64416831834417 [0.0,36.166650394358264,59.457260936554356,82.74787147875053,106.03848202094662,129.32909256314272,152.61970310533886,175.91031364753488,199.20092418973107,222.49153473192723,262.92308394775097,303.3546331635746,343.78618237939827,384.217731595222,424.64928081104586,465.08083002686953,505.5123792426931,545.9439284585167,586.3754776743408,626.8070268901645] [-7.472265212045812,-2.696552524007515,-1.7023384724228947,-1.0814613934527273,-0.6675864641847937,-0.3869528086657681,-0.19995902652917152,-0.08272343782147118,-0.01966091426164951,0.0,-0.04702844988524646,-0.17420828353334628,-0.3632904053575601,-0.6017373442432898,-0.8805395819138937,-1.192991165177844,-1.5339576467339526,-1.8994154306686681,-2.2861495576332658,-2.6915484358764985] False 58406.65603222185 58420.65603222185
1709.9759409858673 1970.7884119509856 2271.3810595726877 3.184498453556352e-14 1.7379879176567534e-14 2.352577275261653e-14 1.3220067554089065e-11 2.594349333814168e-08 0.012996368912563394 5.078731783239923e-12 3.118615236369533e-12 3.553583259155019e-12 2.683647213584046e-12 1.1948413763995481e-11 1.9725829617846997e-05 1.2112723298217325e-05 1.3802142128129367e-05 1.042330446830528e-05 4.640772227624025e-05 215.8794882805739 132.56164926708652 151.0506497075549 114.07264882661809 507.8861336304705 16.99639762463373 -34.91864082679655 [0.0,29.10657177976029,52.453186342362,75.79980090496367,99.1464154675654,122.49303003016708,145.8396445927688,169.18625915537046,192.5328737179722,215.8794882805739,262.004819011847,308.13014974312034,354.25548047439366,400.38081120566676,446.50614193693997,492.6314726682132,538.7568033994863,584.8821341307593,631.0074648620327,677.1327955933058] [-8.498198812316865,-2.706386921605379,-1.6263428323432763,-1.0054144127517475,-0.6092231502431602,-0.3481816794085546,-0.17786557932214464,-0.07283944419302202,-0.017123527334092614,0.0,-0.0521374561299055,-0.18889800466354245,-0.38747585809975504,-0.633216799080806,-0.916137948200614,-1.2291291510738205,-1.5669453887855624,-1.9256059442527231,-2.302017770208849,-2.6937295336633014] False 58406.65603222185 58420.65603222185
3017.1020504598932 3477.2827010020824 4007.6519721450045 9.539543703896472e-15 5.213983558458779e-15 7.052589880839171e-15 6.99232190759632e-12 2.4212031093016035e-08 0.007067802795290401 1.2958714459218078e-12 1.2410012515830694e-12 1.511664217625111e-12 9.703382855410284e-13 4.400942855944584e-12 1.566902308657262e-05 1.500556040702663e-05 1.8278280302923518e-05 1.1732840511129748e-05 5.3213978461752024e-05 183.74405258449758 175.9639044026484 214.34171604562968 137.5860927596672 624.0179749996928 10.196073895204677 -45.520025129565695 [0.0,0.5620305832190496,23.459783333378876,46.357536083538704,69.25528883369853,92.15304158385834,115.05079433401814,137.94854708417807,160.8462998343378,183.74405258449758,253.01981768307175,322.295582781646,391.5713478802201,460.8471129787943,530.1228780773683,599.3986431759427,668.6744082745165,737.9501733730908,807.2259384716651,876.5017035702389] [-5.098036947602338,-4.275519986898395,-1.2123712255499868,-0.6531368861198033,-0.36979610001265684,-0.20269947007685118,-0.10055727519608126,-0.040217076768108484,-0.009202895908941855,0.0,-0.0623465673108754,-0.21235690590886946,-0.41781590453629747,-0.6619557185040179,-0.9348307714152426,-1.2300078595240649,-1.5430606254794341,-1.8707994781816808,-2.2108421208456264,-2.5613575624053553] False 58406.65603222185 58420.65603222185
7071.149185711414 8149.575733880153 9392.473966813408 1.581357046212859e-15 8.662588772171027e-16 1.1704121407998584e-15 2.719228718657218e-12 2.2068528948381358e-08 0.0027950241968557332 4.156905590287682e-13 4.206587232428831e-13 5.273796096658948e-13 3.1393783681987133e-13 1.5231128664462341e-12 2.7608331508158642e-05 2.793829503903778e-05 3.502622510436108e-05 2.085036497371448e-05 0.0001011584315011572 355.165966361803 359.41076530136246 450.5930785248726 268.2284520778523 1301.3474598830976 12.931249832510318 -13.90209363818705 [0.0,39.46288515131144,78.92577030262288,118.38865545393433,157.85154060524576,197.31442575655717,236.77731090786867,276.2401960591801,315.7030812104915,355.165966361803,510.6540380461024,666.1421097304017,821.6301814147007,977.1182530990003,1132.6063247833,1288.0943964675992,1443.5824681518984,1599.070539836198,1754.558611520496,1910.0466832047973] [-6.465624916255159,-1.3103800087260122,-0.7300996823956947,-0.43577846305777257,-0.25880870145237367,-0.14620469577868533,-0.07433626487435596,-0.030589314660240063,-0.00743077311184237,0.0,-0.07158440042092629,-0.2403832803785697,-0.4651700530613265,-0.7264083867280284,-1.0132840636848144,-1.319179397736196,-1.639748553537558,-1.971983619447446,-2.313716169599644,-2.6633312894334296] False 58406.65603222185 58420.65603222185
16572.19366947696 19099.851911122612 22013.03884703687 2.6563201851483763e-16 1.4582483247446715e-16 1.9681398476678664e-16 1.0716876482926266e-12 2.0385113039016356e-08 0.001101147143696024 1.7464633165525965e-13 1.7930186766028095e-13 2.248155956856333e-13 1.337881396349285e-13 6.4980268339328e-13 6.371174028154009e-05 6.541010003528955e-05 8.201370568627933e-05 4.880649438429976e-05 0.0002370508410123464 887.3674899789547 911.0219879585459 1142.2744981868386 679.7694777302529 3301.608288472281 15.715117632715558 -8.500809723528475 [0.0,98.59638777543934,197.19277555087868,295.7891633263181,394.38555110175736,492.98193887719674,591.5783266526362,690.1747144280756,788.7711022035147,887.3674899789547,1284.3947165362772,1681.4219430936,2078.4491696509226,2475.476396208245,2872.5036227655683,3269.530849322889,3666.558075880212,4063.5853024375347,4460.612528994858,4857.639755552182] [-7.857558816357779,-1.3275131687925263,-0.7435890371806533,-0.4469106504846625,-0.267906163985435,-0.1533965358620808,-0.07968706849487717,-0.03413600078223489,-0.009196421569265922,0.0,-0.06744387479586145,-0.23529788076972302,-0.46051287878369784,-0.722894525714004,-1.0113331221542001,-1.319058586111188,-1.641638514124411,-1.9760121751832305,-2.3199770870593888,-2.6718953899032254] False 58406.65603222185 58420.65603222185
22013.03884703687 25370.556878452422 29240.177187505025 1.4699285864462911e-16 8.075426561825334e-17 1.0895090798600418e-16 7.880155247210936e-13 1.9910730210882668e-08 0.0008106662330178427 1.3525325197556e-13 1.3596501886390394e-13 1.70437737099639e-13 1.0149230062816897e-13 4.922685675963241e-13 8.705780557601447e-05 8.751594512146577e-05 0.00010970483269354163 6.532705754938994e-05 0.00031685612451468363 1241.4146378012251 1247.9475515832323 1564.3535262829878 931.5415768834773 4518.2603495104495 16.540593202849198 -14.075235196000174 [0.0,137.93495975569164,275.8699195113833,413.804879267075,551.7398390227665,689.6747987784579,827.60975853415,965.5447182898416,1103.479678045533,1241.4146378012251,1780.8559005970915,2320.2971633929574,2859.738426188825,3399.179688984691,3938.6209517805564,4478.062214576422,5017.503477372288,5556.944740168158,6096.386002964021,6635.827265759887] [-8.270296601424599,-1.3080567051159058,-0.7263830589227638,-0.4321095764811691,-0.25554907290275963,-0.14349941769385133,-0.07225821363951646,-0.029180398618375847,-0.0067174102936977675,0.0,-0.07350521866681525,-0.24324741672706018,-0.4685589769179046,-0.7301072354121985,-1.0171699157659226,-1.3231769046774549,-1.6438094422296263,-1.976076151467252,-2.3178192673909503,-2.66743105165561] False 58406.65603222185 58420.65603222185
