data/Ton599_allsed_14d_min11.ecsv
# %ECSV 1.0
# ---
# datatype:
# - {name: e_min, unit: MeV, datatype: float64}
# - {name: e_ref, unit: MeV, datatype: float64}
# - {name: e_max, unit: MeV, datatype: float64}
# - {name: ref_dnde_e_min, unit: ph / (cm2 MeV s), datatype: float64}
# - {name: ref_dnde_e_max, unit: ph / (cm2 MeV s), datatype: float64}
# - {name: ref_dnde, unit: ph / (cm2 MeV s), datatype: float64}
# - {name: ref_flux, unit: ph / (cm2 s), datatype: float64}
# - {name: ref_eflux, unit: MeV / (cm2 s), datatype: float64}
# - {name: ref_npred, datatype: float64}
# - {name: dnde, unit: ph / (cm2 MeV s), datatype: float64}
# - {name: dnde_err, unit: ph / (cm2 MeV s), datatype: float64}
# - {name: dnde_errp, unit: ph / (cm2 MeV s), datatype: float64}
# - {name: dnde_errn, unit: ph / (cm2 MeV s), datatype: float64}
# - {name: dnde_ul, unit: ph / (cm2 MeV s), datatype: float64}
# - {name: e2dnde, unit: MeV / (cm2 s), datatype: float64}
# - {name: e2dnde_err, unit: MeV / (cm2 s), datatype: float64}
# - {name: e2dnde_errp, unit: MeV / (cm2 s), datatype: float64}
# - {name: e2dnde_errn, unit: MeV / (cm2 s), datatype: float64}
# - {name: e2dnde_ul, unit: MeV / (cm2 s), datatype: float64}
# - {name: norm, datatype: float64}
# - {name: norm_err, datatype: float64}
# - {name: norm_errp, datatype: float64}
# - {name: norm_errn, datatype: float64}
# - {name: norm_ul, datatype: float64}
# - {name: ts, datatype: float64}
# - {name: loglike, datatype: float64}
# - {name: norm_scan, datatype: string, subtype: 'float64[20]'}
# - {name: dloglike_scan, datatype: string, subtype: 'float64[20]'}
# - {name: ShowUL, datatype: bool}
# - {name: tstart, datatype: float64}
# - {name: tend, datatype: float64}
# meta: !!omap
# - {UL_CONF: 0.95}
# - {EXTNAME: SED}
# - {CONFIG: '{"bin_index": 2.0, "use_local_index": true, "free_background": false, "free_radius": null, "free_pars": [], "ul_confidence":
#     0.95, "cov_scale": 3.0, "make_plots": false, "write_fits": true, "write_npy": true, "optimizer": {"optimizer": "MINUIT", "tol":
#     0.001, "max_iter": 100, "init_lambda": 0.0001, "retries": 3, "min_fit_quality": 2, "verbosity": 0}, "prefix": "", "outfile": null,
#     "loge_bins": []}'}
# - {SRCNAME: 4FGL J1159.5+2914}
# - {CREATOR: fermipy 1.2.0}
# - {STVER: 2.2.0}
# schema: astropy-2.0
e_min e_ref e_max ref_dnde_e_min ref_dnde_e_max ref_dnde ref_flux ref_eflux ref_npred dnde dnde_err dnde_errp dnde_errn dnde_ul e2dnde e2dnde_err e2dnde_errp e2dnde_errn e2dnde_ul norm norm_err norm_errp norm_errn norm_ul ts loglike norm_scan dloglike_scan ShowUL tstart tend
[from data line 25]
413.52331434760555 476.5900816815941 549.2752115212968 7.299781069246312e-13 3.852720836000729e-13 5.303208333049815e-13 7.212869914498484e-11 3.42030015261686e-08 0.10246775063228541 4.7909792051866953e-11 2.056225515019734e-11 2.2401192677028847e-11 1.8723317623365833e-11 8.79847439183413e-11 1.0882139423467658e-05 4.670471689025914e-06 5.0881644758441656e-06 4.252778902207661e-06 1.9984688086747344e-05 90.34114642129205 38.77323661235881 42.24083096533033 35.305642259387284 165.9085187546126 12.00468897952453 -360.0973173504739 [0.0,19.812029543936514,28.62816915360595,37.44430876327539,46.260448372944836,55.076587982614285,63.89272759228373,72.70886720195317,81.52500681162263,90.34114642129205,101.74564331976636,113.15014021824065,124.55463711671491,135.95913401518922,147.36363091366354,158.76812781213792,170.17262471061218,181.5771216090865,192.9816185075607,204.38611540603515] [-6.002344489762265,-2.693167680026079,-1.8716490691605259,-1.2641374187511474,-0.8144359379738262,-0.48678146146846757,-0.2568269296718313,-0.10716024033104077,-0.024849870742229996,0.0,-0.0406511260963498,-0.15151970697741035,-0.3225218607444731,-0.5457095996509906,-0.8146951919064236,-1.1242592605915434,-1.4700760019023846,-1.8485156087216978,-2.2564990757960004,-2.691389444390836] False 54934.65603222185 54948.65603222185
549.2752115212968 633.0528961793416 729.6086933380817 3.8840285247550486e-13 2.0419828581457313e-13 2.8162243639488035e-13 5.088815762251351e-11 3.205001113625994e-08 0.07966428697891526 4.1144312397855464e-11 1.4135774892413004e-11 1.532768359651405e-11 1.2943866188311957e-11 6.835636838830614e-11 1.6488828798696528e-05 5.664996169678597e-06 6.142660697780487e-06 5.187331641576707e-06 2.739422267545682e-05 146.09742364477125 50.194065051664964 54.426358186256685 45.96177191707324 242.72344655260147 24.916990256960503 -282.7151200406152 [0.0,52.65042312867159,64.33129819318403,76.01217325769646,87.69304832220891,99.37392338672143,111.05479845123384,122.73567351574633,134.4165485802587,146.09742364477125,160.6019716234104,175.10651960204976,189.61106758068888,204.11561555932823,218.6201635379673,233.12471151660668,247.6292594952458,262.1338074738851,276.6383554525244,291.1429034311636] [-12.458495128480251,-2.698497892034368,-1.9064379758478367,-1.3038233560652088,-0.8486713322268429,-0.511959493412462,-0.27271725803473146,-0.11525830086395672,-0.027517536992093028,0.0,-0.03832718044537842,-0.14621001269330236,-0.3144127052135559,-0.535482860515458,-0.803313417139293,-1.1128324560264673,-1.4597783047700545,-1.8405331011433077,-2.2519973776699658,-2.6914940347936636] False 54934.65603222185 54948.65603222185
729.6086933380817 840.8915725798939 969.1477682383326 2.050697123674565e-13 1.0740033155505802e-13 1.4840672188336101e-13 3.562485054715498e-11 2.980061325434749e-08 0.06051897509388149 1.748793662155753e-11 7.638987162082361e-12 8.589953760102283e-12 6.68802056406244e-12 3.2638725324069916e-11 1.236569614617572e-05 5.401517409115281e-06 6.073944594251628e-06 4.729090223978933e-06 2.307879818471079e-05 117.83790113834615 51.47332321029339 57.88116367702996 45.06548274355681 219.92754040967256 17.85948424500424 -188.44850286757617 [0.0,30.337542774661102,41.275087570121734,52.212632365582365,63.150177161042976,74.08772195650364,85.02526675196424,95.96281154742488,106.9003563428855,117.83790113834615,133.32552289448017,148.81314465061425,164.30076640674818,179.78838816288228,195.27600991901627,210.76363167515032,226.25125343128423,241.7388751874183,257.2264969435523,272.71411869968637] [-8.92974212250212,-2.685814644610957,-1.8306667611674925,-1.2197102087243081,-0.7782988766483641,-0.46235760442240803,-0.24347802557090858,-0.10218385028792909,-0.02449268438732588,0.0,-0.04115775977155067,-0.15623403989155804,-0.332694696920953,-0.561039312986054,-0.8338821985820744,-1.1453594651250683,-1.4907318758078247,-1.866110332467997,-2.268260974943928,-2.6944635659520486] False 54934.65603222185 54948.65603222185
969.1477682383326 1116.9661194245136 1287.3303254983532 1.0744580670588422e-13 5.605675958316451e-14 7.760840002687144e-14 2.4749061819138138e-11 2.7497397213479893e-08 0.044897427690894665 1.2984135985834344e-11 5.207815001563865e-12 5.737194853157227e-12 4.6784351499705035e-12 2.3455772911626914e-11 1.6199180899995425e-05 6.497339322083663e-06 7.157800672005558e-06 5.836877972161768e-06 2.9263734526440323e-05 167.30322982227014 67.10375422970569 73.92492115764219 60.28258730176918 302.23239885766867 28.174567970695648 -216.533863755898 [0.0,51.57584737709842,66.04177018274488,80.50769298839136,94.97361579403783,109.43953859968425,123.90546140533074,138.37138421097714,152.83730701662373,167.30322982227014,187.84985540165994,208.39648098104968,228.9431065604395,249.48973213982944,270.0363577192191,290.582983298609,311.129608877999,331.67623445738894,352.22286003677846,372.76948561616837] [-14.087283985347824,-2.695049610743496,-1.8473876747407019,-1.235848734127444,-0.7914385305062694,-0.4720631229002379,-0.2500214139665218,-0.10605454825903848,-0.02620101237349104,0.0,-0.039596429763406604,-0.15402915360766656,-0.33044802321251154,-0.5591056418302003,-0.8324255438879788,-1.1443973638907607,-1.4901698805223589,-1.865768773748357,-2.2678957363386303,-2.6937822464549015] False 54934.65603222185 54948.65603222185
1287.3303254983532 1483.6791717563765 1709.9759409858673 5.5865830166133014e-14 2.903482372865926e-14 4.027473812861967e-14 1.7062151579861698e-11 2.5178354430011833e-08 0.03247159715267678 6.224485841858041e-12 3.0197801601846096e-12 3.3608919316417035e-12 2.678668388727514e-12 1.2474714238047551e-11 1.3701984863965209e-05 6.647453797565504e-06 7.398344465192163e-06 5.896563129938844e-06 2.7460636912782475e-05 154.55062232756902 74.97951074295678 83.44913183317304 66.50988965274048 309.74041837860847 20.567361823791884 -181.13206687273018 [0.0,34.747661857813526,49.72303191653296,64.6984019752524,79.67377203397184,94.64914209269125,109.62451215141073,124.59988221013012,139.5752522688496,154.55062232756902,178.53355557215804,202.51648881674723,226.49942206133602,250.4823553059251,274.4652885505141,298.4482217951033,322.4311550396923,346.41408828428115,370.39702152887037,394.3799547734595] [-10.283680911895942,-2.698169882214387,-1.7718510737642248,-1.1505853338821908,-0.7201920932220389,-0.42139585302854243,-0.21918841614089501,-0.09106592177653283,-0.021662674346430322,0.0,-0.04517993730809167,-0.16865819472567978,-0.35411011336051956,-0.5898921855658443,-0.8674002520803867,-1.1800915554338474,-1.5228719213122304,-1.8916955096442791,-2.2832942250762187,-2.6949893596263053] False 54934.65603222185 54948.65603222185
1709.9759409858673 1970.7884119509856 2271.3810595726877 2.8825170164217156e-14 1.4923793645292565e-14 2.07408025717719e-14 1.1672885277909941e-11 2.2878759206337125e-08 0.022814539235087805 4.30319218470489e-12 2.1224925528649167e-12 2.374956182998593e-12 1.87002892273124e-12 8.756468191941303e-12 1.6713628415751572e-05 8.243775857809377e-06 9.224346355577045e-06 7.26320536004171e-06 3.4010183443501425e-05 207.47471896586615 102.33415729792517 114.50647460628613 90.16183998956421 422.1856006603525 23.64103089037266 -119.43999532952809 [0.0,47.56837956067329,67.55667198632243,87.54496441197156,107.53325683762071,127.52154926326968,147.5098416889188,167.498134114568,187.48642654021694,207.47471896586615,240.6418149181259,273.80891087038566,306.97600682264533,340.14310277490495,373.31019872716456,406.47729467942446,439.6443906316838,472.8114865839436,505.9785825362033,539.1456784884629] [-11.82051544518633,-2.7013980358457985,-1.7673939034727226,-1.1469321768733067,-0.7193864518677344,-0.42319427614263816,-0.2225244555815351,-0.09461714994209558,-0.02408014252031876,0.0,-0.04181597638448409,-0.1641922369740314,-0.3497141931269141,-0.5861337593908473,-0.8644978603115732,-1.178056976044914,-1.5215926584231028,-1.8909843096101469,-2.2829196041798667,-2.6946948143809237] False 54934.65603222185 54948.65603222185
2271.3810595726877 2617.821317854317 3017.1020504598932 1.47593196971471e-14 7.612163610482417e-15 1.0599545099394587e-14 7.924867405428238e-12 2.0630367372501527e-08 0.015679499463617574 2.266493629632542e-12 1.3417724333135253e-12 1.515606027609051e-12 1.1679388390179997e-12 5.146624359463236e-12 1.5532254670885034e-05 9.195150990994672e-06 1.0386430605308504e-05 8.00387137668084e-06 3.526975730327717e-05 213.82933025701234 126.58773756150754 142.98783706251862 110.18763806049645 485.55143746283926 13.690410356224447 -68.91040340283419 [0.0,28.67221851445306,51.81685748227297,74.96149645009287,98.10613541791281,121.25077438573271,144.39541335355264,167.54005232137266,190.68469128919247,213.82933025701234,256.34615156510574,298.86297287319894,341.3797941812926,383.8966154893858,426.4134367974793,468.9302581055724,511.4470794136659,553.9639007217593,596.4807220298527,638.9975433379459] [-6.845205178112224,-2.6933663901827742,-1.6528310089027372,-1.0344947189393565,-0.6321321132470956,-0.3633657257361449,-0.18623465943690576,-0.07622992408974483,-0.017700415185231577,0.0,-0.04996801998235867,-0.18147756110323598,-0.3746036526715528,-0.6160295084162613,-0.896391233467142,-1.2088417046402924,-1.5482158634497978,-1.9105174000007423,-2.2925883833107576,-2.6918885053413106] False 54934.65603222185 54948.65603222185
5323.411028602609 6135.359285332078 7071.149185711414 1.8921812891817778e-15 9.647344198656777e-16 1.351093045759421e-15 2.368370053259068e-12 1.4445968394139132e-08 0.0046897917220423135 3.1900070458048877e-13 3.2403102974199024e-13 4.0649076368853677e-13 2.415712957954437e-13 1.1637193629187614e-12 1.2008026627940417e-05 1.219738131468302e-05 1.530138286309708e-05 9.093379766268961e-06 4.380546154515623e-05 236.10565207312206 239.82880435881393 300.86067348533857 178.79693523228931 861.3169659715472 10.844099777987054 -26.599676223957808 [0.0,26.23396134145801,52.46792268291602,78.70188402437401,104.93584536583204,131.1698067072901,157.40376804874802,183.6377293902061,209.87169073166407,236.10565207312206,335.1047760582765,434.10390004343077,533.1030240285847,632.1021480137393,731.1012719988934,830.1003959840475,929.0995199692024,1028.098643954356,1127.0977679395105,1226.0968919246648] [-5.422049888993527,-1.322635779983706,-0.7437738023801828,-0.4478777772039564,-0.26876476843706953,-0.1539318279829871,-0.07990542839428016,-0.0341348521610918,-0.009115539269920703,0.0,-0.06145420468553908,-0.21668650778713072,-0.4276518802324354,-0.6758598067268302,-0.9508797514567924,-1.2462253360561277,-1.557573915085591,-1.8818916515076864,-2.2169617700032873,-2.5611115040523202] False 54934.65603222185 54948.65603222185
7071.149185711414 8149.575733880153 9392.473966813408 9.39578386115109e-16 4.772395153668461e-16 6.696296988924094e-16 1.5592385422882015e-12 1.2631816321947232e-08 0.003124294074091205 2.1280756875364632e-13 2.164466044326391e-13 2.71449022756349e-13 1.6144418610892923e-13 7.835794840631869e-13 1.4133739095068859e-05 1.4375427777223165e-05 1.8028445546929863e-05 1.0722410007516467e-05 5.2041889547727794e-05 317.79888064349205 323.23328070820224 405.37183939920084 241.09472201720368 1170.1683562710173 11.642252732628151 -44.03426113528003 [0.0,35.31098673816578,70.62197347633156,105.93296021449729,141.24394695266312,176.55493369082888,211.86592042899457,247.17690716716046,282.48789390532625,317.79888064349205,457.4255350119843,597.0521893804766,736.678843748969,876.3054981174614,1015.932152485954,1155.5588068544457,1295.185461222938,1434.8121155914307,1574.4387699599222,1714.0654243284157] [-5.8211263663140755,-1.3108433219546143,-0.7323321921985979,-0.43821631672158645,-0.26105886549125046,-0.14810971602130962,-0.07581741138459108,-0.031601644980128185,-0.007946254427153576,0.0,-0.06991428072953454,-0.23747886054277245,-0.4612213207520952,-0.7215160224039678,-1.0075084922328728,-1.312560226887797,-1.6323135413261909,-1.9637532809468254,-2.3047063420535068,-2.6535546531393237] False 54934.65603222185 54948.65603222185
9392.473966813408 10825.05221838098 12476.13311942254 4.630162800388575e-16 2.3426654018072704e-16 3.2934665926961097e-16 1.0188647862950776e-12 1.0962891141080441e-08 0.002044174048025482 1.6044226236343903e-13 1.619495181806786e-13 2.0311187612267375e-13 1.2078716023868345e-13 5.854168969982879e-13 1.8800905965060936e-05 1.8977528847758894e-05 2.380100621318391e-05 1.4154051482333877e-05 6.860017970757975e-05 487.1531495696673 491.72965209312446 616.711511733907 366.7477924523419 1777.509747014169 9.065317219859452 -11.170572070607493 [0.0,54.128127729963026,108.25625545992605,162.38438318988912,216.5125109198521,270.64063864981523,324.76876637977824,378.89689410974114,433.0250218397042,487.1531495696673,698.214442369506,909.275735169345,1120.337027969184,1331.3983207690228,1542.4596135688616,1753.5209063687,1964.5821991685386,2175.643491968378,2386.7047847682165,2597.7660775680565] [-4.532658609929726,-1.280768526823426,-0.7157435671261236,-0.42681891928055826,-0.25274354668188614,-0.14202694379930136,-0.07154071065059142,-0.028886637735707765,-0.0066398708517176885,0.0,-0.07269763787249062,-0.24066374828628057,-0.46377298017275415,-0.7228911852365751,-1.0073859949378132,-1.3107339483114746,-1.628642914178771,-1.9581378318421674,-2.297071499138056,-2.643843323963578] False 54934.65603222185 54948.65603222185
100.0 115.25240587974294 132.83117061068992 1.96271612577152e-11 1.023642154153781e-11 1.4174339360185778e-11 4.664094570757094e-10 5.34695717739731e-08 0.20528904860702626 1.836590326025157e-09 6.255011600204594e-10 6.592771051235099e-10 5.917252149174089e-10 2.954579839399387e-09 2.4395644293819047e-05 8.308605130386218e-06 8.757254963038278e-06 7.859955297734157e-06 3.924602987301651e-05 129.5714939056663 44.12912264379856 46.51201642422571 41.74622886337141 208.44568232213274 12.070683081799189 -689.450801014242 [0.0,36.89696447478721,48.48128065364707,60.06559683250695,71.6499130113668,83.23422919022674,94.8185453690866,106.40286154794654,117.98717772680644,129.5714939056663,141.0218515491438,152.47220919262134,163.92256683609895,175.37292447957654,186.82328212305404,198.27363976653163,209.72399741000916,221.17435505348678,232.6247126969643,244.07507034044184] [-6.035341540899594,-2.7089874173614135,-2.0012139960847435,-1.4210860183702607,-0.9550733611347368,-0.5919771915076808,-0.32238896403009676,-0.1383032642119133,-0.0328337201569866,0.0,-0.03379822618592243,-0.12897982391837104,-0.28157500056079243,-0.48803342340079325,-0.7451632917806137,-1.0500815131475747,-1.4001725793408468,-1.793054335684019,-2.22654926641394,-2.698660235921693] False 55158.65603222185 55172.65603222185
