data/Ton599_allsed_1d_min11.ecsv
# %ECSV 1.0
# ---
# datatype:
# - {name: e_min, unit: MeV, datatype: float64}
# - {name: e_ref, unit: MeV, datatype: float64}
# - {name: e_max, unit: MeV, datatype: float64}
# - {name: ref_dnde_e_min, unit: ph / (MeV s cm2), datatype: float64}
# - {name: ref_dnde_e_max, unit: ph / (MeV s cm2), datatype: float64}
# - {name: ref_dnde, unit: ph / (MeV s cm2), datatype: float64}
# - {name: ref_flux, unit: ph / (s cm2), datatype: float64}
# - {name: ref_eflux, unit: MeV / (s cm2), datatype: float64}
# - {name: ref_npred, datatype: float64}
# - {name: dnde, unit: ph / (MeV s cm2), datatype: float64}
# - {name: dnde_err, unit: ph / (MeV s cm2), datatype: float64}
# - {name: dnde_errp, unit: ph / (MeV s cm2), datatype: float64}
# - {name: dnde_errn, unit: ph / (MeV s cm2), datatype: float64}
# - {name: dnde_ul, unit: ph / (MeV s cm2), datatype: float64}
# - {name: e2dnde, unit: MeV / (s cm2), datatype: float64}
# - {name: e2dnde_err, unit: MeV / (s cm2), datatype: float64}
# - {name: e2dnde_errp, unit: MeV / (s cm2), datatype: float64}
# - {name: e2dnde_errn, unit: MeV / (s cm2), datatype: float64}
# - {name: e2dnde_ul, unit: MeV / (s cm2), datatype: float64}
# - {name: norm, datatype: float64}
# - {name: norm_err, datatype: float64}
# - {name: norm_errp, datatype: float64}
# - {name: norm_errn, datatype: float64}
# - {name: norm_ul, datatype: float64}
# - {name: ts, datatype: float64}
# - {name: loglike, datatype: float64}
# - {name: norm_scan, datatype: string, subtype: 'float64[20]'}
# - {name: dloglike_scan, datatype: string, subtype: 'float64[20]'}
# - {name: ShowUL, datatype: bool}
# - {name: tstart, datatype: float64}
# - {name: tend, datatype: float64}
# meta: !!omap
# - {UL_CONF: 0.95}
# - {EXTNAME: SED}
# - {CONFIG: '{"bin_index": 2.0, "use_local_index": true, "free_background": false, "free_radius": null, "free_pars": [], "ul_confidence":
#     0.95, "cov_scale": 3.0, "make_plots": false, "write_fits": true, "write_npy": true, "optimizer": {"optimizer": "MINUIT", "tol":
#     0.001, "max_iter": 100, "init_lambda": 0.0001, "retries": 3, "min_fit_quality": 2, "verbosity": 0}, "prefix": "", "outfile": null,
#     "loge_bins": []}'}
# - {SRCNAME: 4FGL J1159.5+2914}
# - {CREATOR: fermipy 1.2.0}
# - {STVER: 2.2.0}
# schema: astropy-2.0
e_min e_ref e_max ref_dnde_e_min ref_dnde_e_max ref_dnde ref_flux ref_eflux ref_npred dnde dnde_err dnde_errp dnde_errn dnde_ul e2dnde e2dnde_err e2dnde_errp e2dnde_errn e2dnde_ul norm norm_err norm_errp norm_errn norm_ul ts loglike norm_scan dloglike_scan ShowUL tstart tend
[from data line 241]
311.3149665447022 358.7979888064861 413.52331434760555 5.98028985141944e-13 3.870370305943515e-13 4.811022371790544e-13 4.9054617558604293e-11 1.7596844820097583e-08 0.003418216192327045 1.0448529662032275e-09 4.284061104221178e-10 4.858729878836871e-10 3.709392329605484e-10 1.8933004490731592e-09 0.0001345101880839138 5.5151287648226616e-05 6.254934339959195e-05 4.775323189686128e-05 0.00024373592049951192 2171.789872210381 890.4679241029502 1009.9162929123049 771.0195552935954 3935.339108324535 22.642590776450277 -85.47655730094081 [0.0,635.4803615176719,827.5190503542608,1019.5577391908494,1211.5964280274377,1403.6351168640267,1595.6738057006153,1787.7124945372038,1979.7511833737933,2171.789872210381,2439.1986171522617,2706.6073620941424,2974.0161070360246,3241.4248519779053,3508.833596919784,3776.242341861666,4043.6510868035457,4311.059831745426,4578.468576687307,4845.877321629185] [-11.321295388225138,-2.691969710366223,-1.8445172570187793,-1.2325306121213089,-0.7876086898697707,-0.4679801535532704,-0.2461196603205451,-0.10286417904849543,-0.024303035170916587,0.0,-0.04171729053510376,-0.15681301629966526,-0.33305581035887144,-0.5611091994471451,-0.8336756322480454,-1.1449368126909576,-1.4901748004519106,-1.8655078236865563,-2.2677013615432173,-2.694030057037608] False 59955.699990555186 59956.699990555186
413.52331434760555 476.5900816815941 549.2752115212968 4.2124181998130047e-13 2.6530971870465673e-13 3.3430457485035504e-13 4.529047735885563e-11 2.156637477710751e-08 0.003551440591826719 1.756872926696705e-09 4.107412828309076e-10 4.4083076925365043e-10 3.806517964081648e-10 2.5278145618803654e-09 0.00039905278897749266 9.32949970206711e-05 0.00010012946597595986 8.646052806538235e-05 0.0005741630117967088 5255.30626520183 1228.643918542748 1318.6501245188756 1138.6377125666204 7561.411814396774 121.97538463348835 -106.00431744349406 [0.0,2847.451685562874,3148.433508017744,3449.415330472614,3750.3971529274827,4051.3789753823507,4352.36079783722,4653.342620292091,4954.324442746962,5255.30626520183,5598.2474336721125,5941.188602142397,6284.129770612681,6627.070939082962,6970.012107553246,7312.953276023534,7655.894444493813,7998.8356129641,8341.776781434382,8684.717949904667] [-60.98769231674417,-2.703883707366984,-1.9548888912827493,-1.3620897975745265,-0.9004058045133121,-0.550390244753217,-0.29665389142124354,-0.12680516365422534,-0.03071598976794121,0.0,-0.035771750097921995,-0.13862710322091232,-0.301289623948108,-0.5176126990923251,-0.7823562841156217,-1.0910163316615495,-1.439692631473335,-1.8249851116085551,-2.243911537123495,-2.6938415090292693] False 59955.699990555186 59956.699990555186
549.2752115212968 633.0528961793416 729.6086933380817 2.8100120867041484e-13 1.722220244259926e-13 2.199877201649436e-13 3.960796283865835e-11 2.5036176343932146e-08 0.0034098884347441363 1.3567961407186221e-09 2.991385382040146e-10 3.1997738750310344e-10 2.7829968890492575e-10 1.913753494593081e-09 0.0005437441525990261 0.00011988155485119805 0.00012823284810242327 0.00011153026159997282 0.0007669481368437515 6167.599444647709 1359.796528550434 1454.5238582553109 1265.069198845557 8699.36509709804 158.445849670474 -127.2114115030187 [0.0,3478.0932862224627,3814.28155602562,4150.469825828773,4486.658095631932,4822.846365435087,5159.034635238242,5495.222905041396,5831.411174844554,6167.599444647709,6543.228397690923,6918.857350734145,7294.486303777358,7670.115256820579,8045.7442098638,8421.373162907015,8797.002115950236,9172.631068993449,9548.260022036671,9923.888975079886] [-79.222924835237,-2.7038765987697673,-1.961596133173515,-1.370600217629658,-0.9080610998939562,-0.5559834156739925,-0.2999261524933843,-0.12812174119724773,-0.030852647105334086,0.0,-0.035703028128438064,-0.13771166261466306,-0.2992027728801361,-0.5143606737004234,-0.7781875699894272,-1.0863566537432803,-1.435096818983908,-1.8211011561830048,-2.241453566832064,-2.6935693515830224] False 59955.699990555186 59956.699990555186
729.6086933380817 840.8915725798939 969.1477682383326 1.7750858400166165e-13 1.0587038451800886e-13 1.370872059803658e-13 3.280174526041605e-11 2.7523444979232655e-08 0.00305581458381049 4.4420286578009296e-10 1.4178313800238964e-10 1.5445746774284724e-10 1.2910880826193203e-10 7.207115390633198e-10 0.0003140952408716983 0.0001002546636078042 0.0001092166648900903 9.129266232551807e-05 0.0005096141468235678 3240.2941077062555 1034.2550713499581 1126.7095761290027 941.8005665709135 5257.321672793762 75.81788581311685 -63.189630970422044 [0.0,1368.7331185523342,1602.6782421965747,1836.6233658408141,2070.568489485054,2304.513613129294,2538.4587367735353,2772.4038604177745,3006.3489840620146,3240.2941077062555,3545.510542285215,3850.7269768641754,4155.943411443137,4461.1598460220985,4766.376280601058,5071.592715180016,5376.8091497589785,5682.025584337941,5987.242018916902,6292.45845349586] [-37.90894290655842,-2.6929764932257996,-1.8880649049363996,-1.2824534807193118,-0.8296154145778019,-0.497648034238928,-0.26371575567366534,-0.11090689809534382,-0.026345380088635295,0.0,-0.04015513455244957,-0.15207369202276766,-0.3249803477249529,-0.5503610287314871,-0.8213711066097886,-1.1324254152698217,-1.4789069064937053,-1.8569549825148641,-2.263308703255788,-2.6951886321460137] False 59955.699990555186 59956.699990555186
969.1477682383326 1116.9661194245136 1287.3303254983532 1.0618906305956073e-13 6.163246653320494e-14 8.089928229107321e-14 2.5726897737630088e-11 2.8655874952502265e-08 0.0025487827502860966 4.3530129471007e-10 1.1761640044510017e-10 1.2689320589123916e-10 1.0833959499896118e-10 6.589836600975172e-10 0.0005430876899859828 0.00014673978689803816 0.00015831365286493956 0.0001351659209311367 0.0008221567866900938 5380.780674219941 1453.862100060664 1568.5331476079255 1339.1910525134024 8145.729374044551 153.43084056174956 -57.27134309105889 [0.0,2646.758647683285,2988.5114010003667,3330.2641543174495,3672.016907634532,4013.7696609516106,4355.522414268695,4697.275167585775,5039.027920902856,5380.780674219941,5794.949162498545,6209.117650777149,6623.286139055756,7037.454627334357,7451.623115612964,7865.791603891568,8279.960092170171,8694.128580448776,9108.297068727381,9522.465557005986] [-76.71542028087478,-2.700060931143355,-1.9262526409645915,-1.326985965257954,-0.8685871106487184,-0.5263005276719355,-0.2813885881523106,-0.11932332970967963,-0.028610875948579917,0.0,-0.037819091625074464,-0.14487450110457445,-0.31232271685185964,-0.5329160751185285,-0.8006400266073825,-1.1104480362282416,-1.4580641648634654,-1.8398335875328442,-2.252607715927411,-2.6936547303375065] False 59955.699990555186 59956.699990555186
1287.3303254983532 1483.6791717563765 1709.9759409858673 6.015745790875999e-14 3.397769114789277e-14 4.521074568137768e-14 1.9109701093713257e-11 2.8255347317345207e-08 0.0019766771474818007 2.5653946111693464e-10 7.766057708984982e-11 8.422367224539728e-11 7.109748193430237e-11 4.0619933787479543e-10 0.0005647213123364988 0.0001709545300362166 0.00018540189689780315 0.00015650716317463001 0.0008941681804278528 5674.302806790536 1717.7459897954798 1862.9126986527237 1572.5792809382358 8984.575055175634 120.10444453836882 -60.05572625656154 [0.0,2528.4286719574247,2921.662938811565,3314.8972056657026,3708.1314725198436,4101.36573937398,4494.60000622812,4887.834273082261,5281.068539936399,5674.302806790536,6172.45345859298,6670.604110395425,7168.7547621978665,7666.905414000308,8165.056065802751,8663.206717605188,9161.357369407635,9659.508021210078,10157.658673012525,10655.809324814963] [-60.05222226918441,-2.69476638128711,-1.9018363801979774,-1.2988931797263703,-0.8442068285676783,-0.5085313572191268,-0.2705587786513206,-0.11427406062867362,-0.02732948153045811,0.0,-0.03893717640448102,-0.14851763821324937,-0.3188026936324775,-0.5418265279016765,-0.8111044589612959,-1.1212857856292402,-1.467902960378403,-1.8471866477748549,-2.255926903132675,-2.691367302463462] False 59955.699990555186 59956.699990555186
1709.9759409858673 1970.7884119509856 2271.3810595726877 3.2273674938197196e-14 1.7738930727813082e-14 2.392698234338455e-14 1.3443004779877963e-11 2.6385402425501356e-08 0.001425953714943147 1.5064310656220145e-10 5.003662133739337e-11 5.4600966357429544e-11 4.5472276317357194e-11 2.486944354686522e-10 0.0005850988750686651 0.00019434258576350613 0.0002120705336105304 0.00017661463791648183 0.0009659309194374775 6295.9509226976115 2091.221559798064 2281.982975280035 1900.4601443160923 10393.89054162998 113.29197566253208 -37.9182994196472 [0.0,2581.719491986885,3045.998420825727,3510.2773496645655,3974.55627850341,4438.835207342249,4903.11413618109,5367.393065019929,5831.671993858773,6295.9509226976115,6917.668324658043,7539.3857266184705,8161.103128578902,8782.820530539328,9404.537932499761,10026.255334460184,10647.972736420617,11269.690138381047,11891.407540341472,12513.124942301898] [-56.64598783126604,-2.6952261255218914,-1.8769984029097415,-1.2682145168073902,-0.8168827485995251,-0.4882514382945189,-0.25793953512138046,-0.10818086825086937,-0.025628368623216602,0.0,-0.04097846844565112,-0.1546218911513435,-0.32942324500977094,-0.556409460375221,-0.8284480220023909,-1.1397756405122124,-1.4856687619399196,-1.8622075894898629,-2.266103473250311,-2.6945702846884956] False 59955.699990555186 59956.699990555186
2271.3810595726877 2617.821317854317 3017.1020504598932 1.6396706494792225e-14 8.770215580943728e-15 1.1991774296441223e-14 8.956014241812628e-12 2.3334735853480762e-08 0.0009608255789113895 5.001059984949808e-11 2.4972933313196073e-11 2.8019330757260695e-11 2.192653586913145e-11 1.0290216133647001e-10 0.00034272206325683115 0.00017113922361320584 0.0001920161501182304 0.00015026229710818126 0.0007051873233465378 4170.408699598325 2082.505282025467 2336.5458742478118 1828.4646898031217 8581.06221754091 47.557564723055634 -30.91046779789108 [0.0,984.7358908823752,1382.9449919718697,1781.154093061363,2179.363194150857,2577.572295240351,2975.781396329846,3373.990497419338,3772.1995985088342,4170.408699598325,4858.675935079811,5546.943170561302,6235.21040604279,6923.4776415242795,7611.744877005761,8300.012112487246,8988.279347968737,9676.546583450228,10364.813818931712,11053.081054413198] [-23.778782361527817,-2.6914975369500382,-1.7271085124300996,-1.1031028275688328,-0.6815459667374348,-0.39438409345652303,-0.20299150452802905,-0.08332157048377198,-0.019382861626336734,0.0,-0.0488732070871194,-0.1784532102594909,-0.36984661880070746,-0.610105225259602,-0.8899667526249218,-1.2025762823911137,-1.5427180982494875,-1.906331408464375,-2.2901926738743157,-2.69170016667956] False 59955.699990555186 59956.699990555186
3017.1020504598932 3477.2827010020824 4007.6519721450045 7.88885698032171e-15 4.106221358381593e-15 5.691519395189183e-15 5.650789604674706e-12 1.9544211191833266e-08 0.0006074676477815094 3.092955525400492e-11 1.7546634273631074e-11 1.989938535412371e-11 1.5193883193138434e-11 6.905569342092163e-11 0.0003739845621705822 0.00021216504028267737 0.00024061331816796865 0.00018371676239738603 0.0008349865705251378 5434.3230878117465 3082.9437721784016 3496.322154492503 2669.5653898642995 12133.085846863964 42.34245590098409 -24.05228651151777 [0.0,989.250550463844,1544.8846176323323,2100.5186848008198,2656.1527519693077,3211.7868191377947,3767.420886306283,4323.054953474771,4878.689020643256,5434.3230878117465,6486.318150550043,7538.313213288339,8590.30827602664,9642.303338764938,10694.29840150324,11746.293464241542,12798.288526979832,13850.283589718141,14902.27865245643,15954.273715194731] [-21.171227950492046,-2.6921158231456666,-1.6550952382334572,-1.033130191570418,-0.629500618385908,-0.3611267270834979,-0.18499890430341281,-0.07592916382256831,-0.01787985704626749,0.0,-0.05046999766677018,-0.18400085402180721,-0.379327159260491,-0.6225168709436169,-0.9039311270864339,-1.2166150765207746,-1.5553799951248237,-1.9162480282399983,-2.2960999641557613,-2.6924428648118948] False 59955.699990555186 59956.699990555186
5323.411028602609 6135.359285332078 7071.149185711414 1.5508749298707063e-15 7.644591940738919e-16 1.0888436981488029e-15 1.9108455086772324e-12 1.164600341948604e-08 0.00020517847687079316 5.22028542686094e-12 5.3261324155361194e-12 6.677430371649565e-12 3.9748344594226745e-12 1.929654355039578e-11 0.00019650529140251163 0.00020048965081065259 0.00025135606460315735 0.00014962323701814783 0.000726372717844263 4794.338650934204 4891.549103504333 6132.588527629994 3650.5096793786724 17722.05100071093 15.064418870135073 -4.702006337162584 [0.0,532.704294548245,1065.40858909649,1598.1128836447358,2130.81717819298,2663.521472741225,3196.2257672894716,3728.930061837714,4261.63435638596,4794.338650934204,6920.808613250542,9047.278575566887,11173.748537883224,13300.218500199559,15426.688462515898,17553.158424832232,19679.628387148587,21806.098349464934,23932.56831178125,26059.038274097606] [-7.532209435067537,-1.3212281498708842,-0.7382805492087039,-0.44241511839148995,-0.2641826462807808,-0.15042864830440905,-0.07746661683840461,-0.032658301819824764,-0.008458547954616868,0.0,-0.06927056026934952,-0.23767764900506538,-0.46290057091605785,-0.7250068613358467,-1.0130041183219385,-1.3201826525717921,-1.6421443239413653,-1.9758492873992752,-2.319108517390931,-2.670293214997355] False 59955.699990555186 59956.699990555186
7071.149185711414 8149.575733880153 9392.473966813408 6.337023421092055e-16 3.039931719444747e-16 4.389090851718844e-16 1.024054899772532e-12 8.284982097638252e-09 0.00011135304965728676 3.929617075862797e-12 3.961157288916417e-12 4.966890437295523e-12 2.9554241405373134e-12 1.4331040804357263e-11 0.0002609878155135896 0.0002630825772032869 0.00032987893224697414 0.0001962862221595997 0.0009518044535533031 8953.145898822968 9025.006368608569 11316.444806218587 6733.5679309985535 32651.501845182767 10.612241714547814 -13.257298032132404 [0.0,994.7939887581076,1989.5879775162152,2984.3819662743226,3979.1759550324305,4973.969943790537,5968.763932548645,6963.557921306754,7958.351910064861,8953.145898822968,12838.949749531654,16724.75360024032,20610.557450949014,24496.36130165769,28382.16515236638,32267.969003075064,36153.77285378375,40039.57670449242,43925.380555201125,47811.184405909815] [-5.306120857273907,-1.2965163198490366,-0.7222926020090679,-0.4303308949394502,-0.25478888554996537,-0.14323871884051265,-0.07223683293100436,-0.029249278293441705,-0.006783109406205412,0.0,-0.07276309827644134,-0.24134094503304837,-0.46529972119493124,-0.7253922662026859,-1.01093501541623,-1.3153779466040323,-1.6344137758205761,-1.9650581668675962,-2.30515792172881,-2.653108400292364] False 59955.699990555186 59956.699990555186
