data_LC/1d/PKS1830-211_allsed_1d_2_min11.ecsv
# %ECSV 1.0
# ---
# datatype:
# - {name: e_min, unit: MeV, datatype: float64}
# - {name: e_ref, unit: MeV, datatype: float64}
# - {name: e_max, unit: MeV, datatype: float64}
# - {name: ref_dnde_e_min, unit: ph / (cm2 MeV s), datatype: float64}
# - {name: ref_dnde_e_max, unit: ph / (cm2 MeV s), datatype: float64}
# - {name: ref_dnde, unit: ph / (cm2 MeV s), datatype: float64}
# - {name: ref_flux, unit: ph / (cm2 s), datatype: float64}
# - {name: ref_eflux, unit: MeV / (cm2 s), datatype: float64}
# - {name: ref_npred, datatype: float64}
# - {name: dnde, unit: ph / (cm2 MeV s), datatype: float64}
# - {name: dnde_err, unit: ph / (cm2 MeV s), datatype: float64}
# - {name: dnde_errp, unit: ph / (cm2 MeV s), datatype: float64}
# - {name: dnde_errn, unit: ph / (cm2 MeV s), datatype: float64}
# - {name: dnde_ul, unit: ph / (cm2 MeV s), datatype: float64}
# - {name: e2dnde, unit: MeV / (cm2 s), datatype: float64}
# - {name: e2dnde_err, unit: MeV / (cm2 s), datatype: float64}
# - {name: e2dnde_errp, unit: MeV / (cm2 s), datatype: float64}
# - {name: e2dnde_errn, unit: MeV / (cm2 s), datatype: float64}
# - {name: e2dnde_ul, unit: MeV / (cm2 s), datatype: float64}
# - {name: norm, datatype: float64}
# - {name: norm_err, datatype: float64}
# - {name: norm_errp, datatype: float64}
# - {name: norm_errn, datatype: float64}
# - {name: norm_ul, datatype: float64}
# - {name: ts, datatype: float64}
# - {name: loglike, datatype: float64}
# - {name: norm_scan, datatype: string, subtype: 'float64[20]'}
# - {name: dloglike_scan, datatype: string, subtype: 'float64[20]'}
# - {name: ShowUL, datatype: bool}
# - {name: tstart, datatype: float64}
# - {name: tend, datatype: float64}
# meta: !!omap
# - {UL_CONF: 0.95}
# - {EXTNAME: SED}
# - {CONFIG: '{"bin_index": 2.0, "use_local_index": true, "free_background": false, "free_radius": null, "free_pars": [], "ul_confidence":
#     0.95, "cov_scale": 3.0, "make_plots": false, "write_fits": true, "write_npy": true, "optimizer": {"optimizer": "MINUIT", "tol":
#     0.001, "max_iter": 100, "init_lambda": 0.0001, "retries": 3, "min_fit_quality": 2, "verbosity": 0}, "prefix": "", "outfile": null,
#     "loge_bins": []}'}
# - {SRCNAME: 4FGL J1833.6-2103}
# - {CREATOR: fermipy 1.2.0}
# - {STVER: 2.2.0}
# schema: astropy-2.0
e_min e_ref e_max ref_dnde_e_min ref_dnde_e_max ref_dnde ref_flux ref_eflux ref_npred dnde dnde_err dnde_errp dnde_errn dnde_ul e2dnde e2dnde_err e2dnde_errp e2dnde_errn e2dnde_ul norm norm_err norm_errp norm_errn norm_ul ts loglike norm_scan dloglike_scan ShowUL tstart tend
100.0 115.25240587974294 132.83117061068992 9.340875791771345e-12 5.338740436304526e-12 7.061764035991831e-12 2.318007600799631e-10 2.6631353929590227e-08 0.00985214542215162 2.1803413669681023e-08 6.122621647455282e-09 6.40389363426245e-09 5.841349660648114e-09 3.264031705462749e-08 0.00028961729610528514 8.132750006378366e-05 8.506366879054274e-05 7.75913313370246e-05 0.00043356515234702395 3087.5307583990552 867.0102280747411 906.8405007054329 827.1799554440495 4622.119471603546 19.863908301028687 -613.5427771533489 [0.0,1268.307577403258,1495.7104750277317,1723.1133726522069,1950.516270276681,2177.9191679011556,2405.3220655256305,2632.724963150105,2860.12786077458,3087.5307583990552,3311.513190989861,3535.4956235806644,3759.47805617147,3983.4604887622754,4207.44292135308,4431.425353943885,4655.407786534689,4879.390219125495,5103.3726517162995,5327.355084307105] [-9.931954150514343,-2.706144057280312,-1.9991409497204131,-1.4189164248822408,-0.9525868093909367,-0.589306037194433,-0.3198396020960672,-0.13624702277331835,-0.031640734953498395,0.0,-0.035005758693841926,-0.13116656824604433,-0.2844769891278247,-0.49134525275087526,-0.7485357773171017,-1.0531215803416671,-1.402444578604559,-1.794082231950597,-2.225819332614492,-2.6956240007307315] False 59690.99999055518 59691.99999055518
132.83117061068992 153.091119887046 176.4411988580621 6.123227541254451e-12 3.4328720454109894e-12 4.584785344382341e-12 1.999951269960539e-10 3.050702885704176e-08 0.011362193002138369 1.5199759587927157e-08 3.632688414106945e-09 3.829738027463915e-09 3.4356388007499736e-09 2.1694838953784246e-08 0.0003562351085101589 8.513892235577551e-05 8.975715266330356e-05 8.052069204824744e-05 0.0005084595755679126 3315.2609001752207 792.335549265794 835.314576320662 749.356522210926 4731.920324332427 30.423685660944557 -685.7649925919258 [0.0,1635.5830089790838,1845.5427453786012,2055.502481778118,2265.462218177635,2475.4219545771525,2685.3816909766697,2895.3414273761873,3105.301163775705,3315.2609001752207,3520.9348798291862,3726.60885948315,3932.2828391371136,4137.956818791077,4343.630798445041,4549.304778099007,4754.9787577529705,4960.652737406934,5166.326717060899,5372.000696714861] [-15.211842830472278,-2.711643705477286,-2.0072182718730573,-1.4277522583995506,-0.9609036400080413,-0.5962795494299371,-0.3250227365921319,-0.13950578325648166,-0.03310036033030883,0.0,-0.03371493947020099,-0.12857472936241265,-0.2807484569462986,-0.48679033452901876,-0.7435868599091009,-1.048313050127149,-1.3983958986303833,-1.791483638440127,-2.2254197132580202,-2.698220597186264] False 59690.99999055518 59691.99999055518
176.4411988580621 203.35272664697808 234.36890988269914 3.862115135157655e-12 2.1238725064531027e-12 2.864025166146019e-12 1.660310786335438e-10 3.362575579811285e-08 0.011611352209562675 8.93775332309341e-09 1.922977595916398e-09 2.039553485752046e-09 1.80640170608075e-09 1.2417882666853945e-08 0.0003695969376986916 7.951960688795402e-05 8.434029172173987e-05 7.469892205416817e-05 0.0005135083997577131 3120.696503906951 671.4248249794733 712.12833946448 630.7213104944668 4335.814787397309 46.466874295880416 -602.735470400536 [0.0,1708.4849617947013,1885.0114045587334,2061.537847322765,2238.0642900867942,2414.5907328508265,2591.1171756148565,2767.6436183788883,2944.1700611429187,3120.696503906951,3297.6386513501056,3474.580798793262,3651.5229462364164,3828.46509367957,4005.407241122725,4182.349388565881,4359.2915360090365,4536.23368345219,4713.175830895346,4890.117978338502] [-23.233437147940208,-2.6988811172956275,-1.990520507499241,-1.4109750223234414,-0.9464452409105206,-0.5853840489551203,-0.3180162999457252,-0.13598233747893573,-0.03206849540629264,0.0,-0.03443459731772691,-0.13064914972119368,-0.28431544344755366,-0.4915749687219204,-0.7489710786875321,-1.053393204727513,-1.4020306135398641,-1.7923337879173005,-2.221981952296005,-2.688855591277388] False 59690.99999055518 59691.99999055518
234.36890988269914 270.1158072739371 311.3149665447022 2.343808106443514e-12 1.2643033451812964e-12 1.7214193066884029e-12 1.3262480976269496e-10 3.566232644766357e-08 0.01080642939253268 3.4561499356490246e-09 9.647932860487267e-10 1.0288489003667008e-09 9.007376717307525e-10 5.23750961471596e-09 0.0002521695102036402 7.039377773550806e-05 7.506743865563927e-05 6.572011681537686e-05 0.0003821420536785133 2007.7327599501739 560.4638464899973 597.674777068673 523.2529159113217 3042.553080685304 28.80001474245489 -498.88304843665475 [0.0,878.9624595769026,1020.0587471235613,1161.1550346702204,1302.2513222168795,1443.347609763539,1584.443897310198,1725.5401848568565,1866.636472403516,2007.7327599501739,2160.944972627262,2314.157185304349,2467.369397981435,2620.5816106585225,2773.7938233356103,2927.006036012698,3080.2182486897855,3233.4304613668724,3386.6426740439592,3539.854886721046] [-14.400007371227446,-2.7093601408907375,-1.9676017179295968,-1.376325113803091,-0.9126965399145774,-0.5590270193370657,-0.3012924326664006,-0.1281581146557187,-0.030312791899177682,0.0,-0.03597114466157336,-0.13678373401302224,-0.29641148053150346,-0.5096846216199538,-0.7721300488530574,-1.0798477167490432,-1.429413771995371,-1.8178036809800915,-2.2423305421071404,-2.7005950793949864] False 59690.99999055518 59691.99999055518
311.3149665447022 358.7979888064861 413.52331434760555 1.3685822550016254e-12 7.241460202734763e-13 9.95516646458674e-13 1.0193552395176787e-10 3.6392572965445165e-08 0.009437494169962729 1.9686815554907744e-09 5.643440556598786e-10 6.051576327786046e-10 5.235304785411524e-10 3.025351163236508e-09 0.0002534401823719281 7.265139452749011e-05 7.790557105968303e-05 6.739721799529718e-05 0.00038947159758330886 1977.5476005287444 566.88560424118 607.8829871216282 525.8882213607317 3038.975966899712 30.545157822096257 -469.8097348743468 [0.0,859.6480199520422,999.3854675241299,1139.1229150962179,1278.8603626683052,1418.5978102403935,1558.335257812481,1698.0727053845687,1837.810152956657,1977.5476005287444,2135.222634559252,2292.897668589759,2450.572702620265,2608.247736650771,2765.9227706812767,2923.5978047117833,3081.2728387422917,3238.947872772794,3396.6229068033003,3554.2979408338083] [-15.272578911048129,-2.7055142565294545,-1.9546452485399755,-1.3615482065802667,-0.9000426631433243,-0.550220434217465,-0.29655545079941703,-0.12668292188504893,-0.03058028634097809,0.0,-0.03560768247126589,-0.1376624469292551,-0.29926942299147186,-0.514603742413783,-0.7786957507993861,-1.087268107172008,-1.4366103215637054,-1.8234807893434208,-2.2450293448507637,-2.6987353485863537] False 59690.99999055518 59691.99999055518
413.52331434760555 476.5900816815941 549.2752115212968 7.68901517896954e-13 3.9909419390730963e-13 5.539531852775939e-13 7.538097683367686e-11 3.573112893059645e-08 0.007823579259619018 1.6484676035253394e-09 3.9538592235992394e-10 4.211508759271512e-10 3.6962096879269675e-10 2.377609982164378e-09 0.0003744298091966631 8.980720952700075e-05 9.565941228033772e-05 8.39550067736638e-05 0.0005400458280539119 2975.8247580059824 713.7533150238867 760.2643817565674 667.242248291206 4292.07746313964 55.6786523992879 -410.77746415748516 [0.0,1544.2229549663255,1723.1731803462822,1902.123405726239,2081.073631106197,2260.023856486153,2438.9740818661103,2617.9243072460677,2796.8745326260255,2975.8247580059824,3170.295072317056,3364.765386628129,3559.2357009392017,3753.7060152502727,3948.1763295613455,4142.646643872419,4337.116958183491,4531.587272494561,4726.057586805639,4920.527901116709] [-27.83932619964395,-2.7058116927786386,-1.9711113633984496,-1.382626697624346,-0.9194228032316687,-0.5649354708004353,-0.3058080555567244,-0.13109624575656653,-0.03170814048178272,0.0,-0.034729400502499175,-0.13462981212654768,-0.2936318667962041,-0.5065059987032896,-0.7687114220112221,-1.0762780079620597,-1.4257127468531507,-1.8139248481793402,-2.2381651558494013,-2.6959766889767707] False 59690.99999055518 59691.99999055518
549.2752115212968 633.0528961793416 729.6086933380817 4.1566839725705427e-13 2.116191408318597e-13 2.965862254024852e-13 5.3645828976733464e-11 3.376121249624645e-08 0.006092772238846439 3.6180699669486295e-10 1.6218525633171714e-10 1.8203530108934377e-10 1.423352115740905e-10 6.818652507203297e-10 0.00014499631368206084 6.499670961728804e-05 7.295173354599097e-05 5.70416856885851e-05 0.0002732615695260427 1219.9049237835275 546.8401511621859 613.7685620507527 479.91174027361893 2299.0455804041403 16.19481344534495 -329.19895477636555 [0.0,290.6848518838715,406.83736087132837,522.9898698587857,639.1423788462427,755.2948878336998,871.4473968211561,987.5999058086138,1103.7524147960708,1219.9049237835275,1383.399910760666,1546.8948977378047,1710.3898847149433,1873.884871692081,2037.3798586692192,2200.8748456463586,2364.369832623497,2527.8648196006343,2691.359806577773,2854.854793554912] [-8.097406722672474,-2.6867560181877934,-1.8211251052432544,-1.2092402633440997,-0.7696833352772501,-0.4561141257964323,-0.23937959244557305,-0.09981589776276678,-0.023460510023710412,0.0,-0.041825476497876934,-0.1566638125729014,-0.33240084983447105,-0.5598437831246201,-0.8318315270481662,-1.1426638493775272,-1.4877203559704526,-1.8631976951920706,-2.265923179848528,-2.6932194032751795] False 59690.99999055518 59691.99999055518
729.6086933380817 840.8915725798939 969.1477682383326 2.1619879515359192e-13 1.0796605126814319e-13 1.5278131496247688e-13 3.673112680916761e-11 3.069155501205827e-08 0.0044968243741590475 2.8889604404256017e-10 1.1096802053348128e-10 1.255725292662528e-10 9.636351180070976e-11 5.067113552669932e-10 0.00020427799892977472 7.846533605160137e-05 8.879216426820193e-05 6.813850783500081e-05 0.00035829490857855587 1890.912145333431 726.3193183062671 821.9102532079493 630.7283834045849 3316.579356523025 26.649773514877438 -245.56921858397033 [0.0,611.6153125578859,771.5274166548295,931.4395207517728,1091.3516248487158,1251.2637289456588,1411.175833042602,1571.0879371395454,1731.0000412364884,1890.912145333431,2106.161662599574,2321.4111798657173,2536.660697131859,2751.910214398001,2967.1597316641446,3182.4092489302866,3397.65876619643,3612.908283462572,3828.1578007287158,4043.407317994857] [-13.324886757438719,-2.6998894916042104,-1.8679426441098599,-1.2571882682021283,-0.8079339703891719,-0.48232527350313603,-0.25472570508887316,-0.10690689994200397,-0.02541104891474788,0.0,-0.040551574260604184,-0.1534444067352183,-0.3273153022003612,-0.5533435103093609,-0.8245368096043535,-1.1352533616274059,-1.4808712687018897,-1.857554025601985,-2.26208015649604,-2.6917169619591164] False 59690.99999055518 59691.99999055518
969.1477682383326 1116.9661194245136 1287.3303254983532 1.0819608562932733e-13 5.299946748532475e-14 7.57253915298622e-14 2.4199027048939302e-11 2.6846347960164258e-08 0.0031428905636964877 1.8825852334799877e-10 7.056257275887294e-11 7.750611210613436e-11 6.361903341161154e-11 3.2908956062053673e-10 0.00023487383981555542 8.803480509886394e-05 9.669765722050213e-05 7.937195297722576e-05 0.00041057651665140987 2486.0686692357262 931.8218279669995 1023.5155017398613 840.1281541941379 4345.828446337721 37.93236811155742 -232.48117078998405 [0.0,859.7757135760954,1063.0623330335493,1266.348952491003,1469.6355719484563,1672.92219140591,1876.2088108633643,2079.4954303208183,2282.7820497782714,2486.0686692357262,2769.5855450068166,3053.102420777908,3336.6192965489995,3620.13617232009,3903.6530480911792,4187.169923862272,4470.686799633365,4754.203675404454,5037.720551175546,5321.237426946637] [-18.96618405577871,-2.6984821077873846,-1.8552547227562286,-1.2419580669419474,-0.794463228731729,-0.4723885608002263,-0.2486194507590085,-0.1040480749036874,-0.024691041396238234,0.0,-0.04176617526755422,-0.15740639773196108,-0.33440751965773075,-0.5632162749672887,-0.8363702730969749,-1.147926887864969,-1.4930751557322992,-1.8678644295425215,-2.269009958956758,-2.69375058696113] False 59690.99999055518 59691.99999055518
1709.9759409858673 1970.7884119509856 2271.3810595726877 2.4137048306365726e-14 1.13761715854771e-14 1.6570672982717548e-14 9.356668796922809e-12 1.829844723227398e-08 0.0013053787448639997 6.212204660273578e-11 2.872634335846031e-11 3.195643382424375e-11 2.5496252892676884e-11 1.2157501243335958e-10 0.00024128246166521915 0.00011157331767405717 0.0001241190115397074 9.902762380840693e-05 0.0004721981950222612 3748.915126593002 1733.5652805664906 1928.493420730277 1538.6371404027045 7336.757689935512 30.48648435135314 -115.82872442200322 [0.0,966.6021726837818,1314.3912919224342,1662.1804111610857,2009.969530399739,2357.758649638391,2705.5477688770434,3053.3368881156975,3401.1260073543494,3748.915126593002,4304.459758377015,4860.004390161029,5415.549021945041,5971.093653729055,6526.6382855130705,7082.182917297082,7637.727549081098,8193.272180865113,8748.816812649125,9304.361444433136] [-15.24324217567657,-2.699796608670738,-1.780235212050414,-1.1572155314844395,-0.7239809708399605,-0.42292446159873975,-0.219319665278789,-0.0905830883130676,-0.0211891039064227,0.0,-0.046343083825817644,-0.17104239189767156,-0.3575789386335799,-0.5941697273722752,-0.8721131470909995,-1.184799603043487,-1.5270900560688574,-1.894909543895281,-2.2849721600308186,-2.6945895437723664] False 59690.99999055518 59691.99999055518
4007.6519721450045 4618.915317184078 5323.411028602609 1.904509767811548e-15 8.471751425590231e-16 1.270217829370539e-15 1.6849857059698083e-12 7.712561724717808e-09 0.000244061243235838 5.095403211779378e-12 5.226895110988549e-12 6.557154912228432e-12 3.8966353097486656e-12 1.891728713139992e-11 0.00010870726178658414 0.00011151255976125703 0.00013989282614002986 8.31322933824842e-05 0.0004035885677763534 4011.4404741936446 4114.959647180165 5162.228682837694 3067.690611522637 14892.947252027196 9.849256589032336 -27.12994439114209 [0.0,445.7156082437385,891.431216487477,1337.146824731216,1782.862432974954,2228.578041218692,2674.293649462432,3120.0092577061673,3565.724865949908,4011.4404741936446,5790.017226449669,7568.593978705699,9347.170730961729,11125.747483217754,12904.324235473778,14682.900987729801,16461.477739985843,18240.054492241856,20018.631244497872,21797.207996753903] [-4.924628294516168,-1.3058199730253222,-0.7334958747341567,-0.4408206318881902,-0.2639017754489039,-0.15070780816355622,-0.07792819010362351,-0.033086203858939456,-0.008717593359868658,0.0,-0.06770553514402167,-0.2341297977207084,-0.45719048069995694,-0.7170411420026248,-1.0027279959356576,-1.3075612652748205,-1.6271541190590995,-1.9584736116749042,-2.299335165667138,-2.6481129787568314] False 59690.99999055518 59691.99999055518
100.0 115.25240587974294 132.83117061068992 7.702018701483714e-12 4.508024062087172e-12 5.892443095434518e-12 1.9331712829434194e-10 2.2222500329145164e-08 0.007096856536183416 3.029366354709881e-08 7.285825353679526e-09 7.682886461061193e-09 6.88876424629786e-09 4.33498203762727e-08 0.0004023942791047523 9.677847105942962e-05 0.00010205268022917799 9.150426188968128e-05 0.0005758207386343447 5141.104132269075 1236.4693618042072 1303.8541631422652 1169.0845604661495 7356.850066122873 29.474763739895934 -613.179388764421 [0.0,2532.0724489544073,2858.2014093687408,3184.330369783075,3510.4593301974082,3836.588290611743,4162.717251026075,4488.846211440409,4814.975171854744,5141.104132269075,5462.168323599253,5783.232514929428,6104.2967062596035,6425.360897589785,6746.425088919957,7067.489280250134,7388.553471580315,7709.617662910487,8030.681854240666,8351.746045570844] [-14.737381869947967,-2.7067021334607944,-2.0065976776729713,-1.4296576775266203,-0.9640832842335385,-0.5998440366163322,-0.3283253011391025,-0.14206171533442102,-0.03453220948620128,0.0,-0.032371848827779104,-0.12624862193524677,-0.27775812093136665,-0.4834124549271337,-0.7400565643351911,-1.0448253180759366,-1.395107495077923,-1.7885153417556694,-2.2228586820010605,-2.6961227716700478] False 59691.99999055518 59692.99999055518
