data_LC/1d/PKS1830-211_allsed_1d_2_min11.ecsv
# %ECSV 1.0
# ---
# datatype:
# - {name: e_min, unit: MeV, datatype: float64}
# - {name: e_ref, unit: MeV, datatype: float64}
# - {name: e_max, unit: MeV, datatype: float64}
# - {name: ref_dnde_e_min, unit: ph / (cm2 MeV s), datatype: float64}
# - {name: ref_dnde_e_max, unit: ph / (cm2 MeV s), datatype: float64}
# - {name: ref_dnde, unit: ph / (cm2 MeV s), datatype: float64}
# - {name: ref_flux, unit: ph / (cm2 s), datatype: float64}
# - {name: ref_eflux, unit: MeV / (cm2 s), datatype: float64}
# - {name: ref_npred, datatype: float64}
# - {name: dnde, unit: ph / (cm2 MeV s), datatype: float64}
# - {name: dnde_err, unit: ph / (cm2 MeV s), datatype: float64}
# - {name: dnde_errp, unit: ph / (cm2 MeV s), datatype: float64}
# - {name: dnde_errn, unit: ph / (cm2 MeV s), datatype: float64}
# - {name: dnde_ul, unit: ph / (cm2 MeV s), datatype: float64}
# - {name: e2dnde, unit: MeV / (cm2 s), datatype: float64}
# - {name: e2dnde_err, unit: MeV / (cm2 s), datatype: float64}
# - {name: e2dnde_errp, unit: MeV / (cm2 s), datatype: float64}
# - {name: e2dnde_errn, unit: MeV / (cm2 s), datatype: float64}
# - {name: e2dnde_ul, unit: MeV / (cm2 s), datatype: float64}
# - {name: norm, datatype: float64}
# - {name: norm_err, datatype: float64}
# - {name: norm_errp, datatype: float64}
# - {name: norm_errn, datatype: float64}
# - {name: norm_ul, datatype: float64}
# - {name: ts, datatype: float64}
# - {name: loglike, datatype: float64}
# - {name: norm_scan, datatype: string, subtype: 'float64[20]'}
# - {name: dloglike_scan, datatype: string, subtype: 'float64[20]'}
# - {name: ShowUL, datatype: bool}
# - {name: tstart, datatype: float64}
# - {name: tend, datatype: float64}
# meta: !!omap
# - {UL_CONF: 0.95}
# - {EXTNAME: SED}
# - {CONFIG: '{"bin_index": 2.0, "use_local_index": true, "free_background": false, "free_radius": null, "free_pars": [], "ul_confidence":
#     0.95, "cov_scale": 3.0, "make_plots": false, "write_fits": true, "write_npy": true, "optimizer": {"optimizer": "MINUIT", "tol":
#     0.001, "max_iter": 100, "init_lambda": 0.0001, "retries": 3, "min_fit_quality": 2, "verbosity": 0}, "prefix": "", "outfile": null,
#     "loge_bins": []}'}
# - {SRCNAME: 4FGL J1833.6-2103}
# - {CREATOR: fermipy 1.2.0}
# - {STVER: 2.2.0}
# schema: astropy-2.0
e_min e_ref e_max ref_dnde_e_min ref_dnde_e_max ref_dnde ref_flux ref_eflux ref_npred dnde dnde_err dnde_errp dnde_errn dnde_ul e2dnde e2dnde_err e2dnde_errp e2dnde_errn e2dnde_ul norm norm_err norm_errp norm_errn norm_ul ts loglike norm_scan dloglike_scan ShowUL tstart tend
[from data line 157]
311.3149665447022 358.7979888064861 413.52331434760555 1.3360188785838159e-12 7.110698322153441e-13 9.74680829723825e-13 9.978504203647636e-11 3.562974445948535e-08 0.004564023920384772 2.6284378385630793e-09 9.82801718016248e-10 1.062638384144771e-09 9.029650518877248e-10 4.505998104270588e-09 0.00033837456509955353 0.00012652195879764232 0.00013679981159061752 0.0001162441060046671 0.000580084157404121 2696.71646184715 1008.3318436607848 1090.2424175572107 926.4212697643588 4623.049891673112 16.768241770078248 -293.5739253905414 [0.0,795.8751736787568,1033.4803346998058,1271.0854957208553,1508.6906567419046,1746.2958177629541,1983.900978784003,2221.5061398050534,2459.111300826103,2696.71646184715,2984.615853825087,3272.515245803022,3560.414637780957,3848.314029758896,4136.21342173683,4424.112813714768,4712.012205692703,4999.911597670641,5287.810989648577,5575.710381626509] [-8.384120885039124,-2.698470218166392,-1.9082681855957162,-1.3075018846651005,-0.8529693379299488,-0.5157598104475483,-0.27536680763660115,-0.11660704420262391,-0.02786102848273231,0.0,-0.037417575364543154,-0.14307646388652984,-0.3086080058331504,-0.5271972576668418,-0.793208325971932,-1.1019183923058335,-1.4493241766559777,-1.8319980826819915,-2.2469792712893195,-2.6916898268279965] False 59879.99999055518 59880.99999055518
413.52331434760555 476.5900816815941 549.2752115212968 7.233775487910382e-13 3.8290490908404944e-13 5.262934680891218e-13 7.157478943188701e-11 3.394268003126173e-08 0.003762101500461735 9.154610009829175e-10 4.6177633775209906e-10 5.098473129003576e-10 4.137053626038404e-10 1.8497221681985645e-09 0.00020793607784100503 0.0001048870027328957 0.00011580575297959008 9.396825248620132e-05 0.00042014238983179405 1739.4496730251922 877.4122533360085 968.7509798506957 786.0735268213211 3514.621176877945 9.693830390304242 -261.9067376234884 [0.0,260.41864743554197,445.2975256342482,630.1764038329544,815.0552820316606,999.9341602303667,1184.8130384290732,1369.6919166277794,1554.5707948264858,1739.4496730251922,2010.2666676068943,2281.083662188597,2551.9006567703,2822.717651352002,3093.5346459337043,3364.3516405154064,3635.1686350971086,3905.9856296788103,4176.802624260515,4447.619618842216] [-4.846915195152121,-2.697895360872394,-1.8124531275691425,-1.1965675640063296,-0.7589219972383034,-0.4491002866329268,-0.2360432002728885,-0.09914381664805205,-0.023972406686311842,0.0,-0.041213967330804735,-0.15716166880440596,-0.3346074937451817,-0.5637104739458891,-0.836936843638739,-1.1483789542214708,-1.4933101967656626,-1.8678837080881294,-2.268922239138192,-2.693767811251746] False 59879.99999055518 59880.99999055518
549.2752115212968 633.0528961793416 729.6086933380817 3.8738940798448555e-13 2.0391777502140825e-13 2.8106153444229374e-13 5.078493034715672e-11 3.1985931828608386e-08 0.0029886393985652515 1.4159361404818957e-09 4.1319823268541777e-10 4.5472910076830155e-10 3.71667364602534e-10 2.1946354744847926e-09 0.0005674448605321692 0.00016559165827811825 0.0001822354015750803 0.00014894791498115616 0.000879513266971306 5037.815449529642 1470.1344084857465 1617.8987340641038 1322.3700829073891 7808.380747794519 52.01580061206374 -249.24062918077172 [0.0,2267.8811009469473,2614.1228945197845,2960.3646880926217,3306.6064816654593,3652.848275238295,3999.090068811132,4345.33186238397,4691.573655956806,5037.815449529642,5450.201912264957,5862.588375000267,6274.974837735575,6687.361300470883,7099.747763206199,7512.134225941512,7924.52068867682,8336.90715141213,8749.293614147442,9161.68007688275] [-26.00790030603187,-2.696737459333036,-1.9253122836658179,-1.3277371367788078,-0.8701190396418212,-0.5278634753937581,-0.28251922029724597,-0.11986510768247172,-0.028692621798484197,0.0,-0.037241087845956145,-0.14263732662050188,-0.30797873121525754,-0.5265048678724895,-0.7925775582170616,-1.101441741684738,-1.4490473232007446,-1.8319141580203109,-2.247028156052039,-2.6917602336909283] False 59879.99999055518 59880.99999055518
729.6086933380817 840.8915725798939 969.1477682383326 2.0517093661723053e-13 1.0740560039626575e-13 1.4844698592843806e-13 3.563499413620391e-11 2.980878585753266e-08 0.0023085626033069184 3.0393886459090976e-10 1.5401123123926474e-10 1.7245558896568382e-10 1.3556687351284565e-10 6.280748741570159e-10 0.0002149147568336796 0.0001089011316667007 0.0001219431118723651 9.58591514610363e-05 0.00044411088734729737 2047.4572972295296 1037.4830467323131 1161.731832324434 913.2342611401922 4230.970876429868 17.370420400667683 -128.5483271687097 [0.0,428.51346719167606,630.8814459464074,833.2494247011392,1035.6174034558708,1237.9853822106036,1440.3533609653343,1642.7213397200665,1845.0893184747974,2047.4572972295296,2384.9463538431655,2722.435410456799,3059.924467070434,3397.4135236840684,3734.9025802977026,4072.3916369113354,4409.880693524971,4747.369750138606,5084.858806752242,5422.347863365876] [-8.685210200333842,-2.703413081397656,-1.757835563264507,-1.1354845181527367,-0.7094062333645468,-0.41568777895184894,-0.21753914489596582,-0.09180385105810274,-0.022940418742280144,0.0,-0.043020242110458184,-0.1660851289558991,-0.35179432862011595,-0.5879792162816102,-0.8657817324101416,-1.1785437986637817,-1.5211281192228796,-1.8894833863104736,-2.2803552047341213,-2.691087668956584] False 59879.99999055518 59880.99999055518
1287.3303254983532 1483.6791717563765 1709.9759409858673 5.5676830593483017e-14 2.882657730450288e-14 4.0062107547815716e-14 1.697407445953046e-11 2.504612927507311e-08 0.0012646378501216249 1.5252815116915194e-10 7.358287462069301e-11 8.195893242172852e-11 6.52068168196575e-11 3.0513067998206346e-10 0.0003357608116953254 0.0001619782677501959 0.00018041651632611798 0.00014354001917427382 0.0006716853511867939 3807.2922396083027 1836.7200111194581 2045.7968249400578 1627.6431972988587 7616.441037653295 25.436049497693602 -91.20415392556203 [0.0,896.3628428269728,1260.2290174246396,1624.0951920223058,1987.961366619972,2351.8275412176367,2715.693715815306,3079.559890412971,3443.4260650106366,3807.2922396083027,4396.908232578637,4986.524225548974,5576.140218519307,6165.756211489641,6755.372204459977,7344.98819743031,7934.604190400651,8524.22018337098,9113.836176341314,9703.452169311653] [-12.718024748846801,-2.7019647389317925,-1.7611961757017411,-1.1375072339931052,-0.7089036107322357,-0.41310678849137616,-0.21388537288626708,-0.08823798840299446,-0.020616328522407912,0.0,-0.04641946162875854,-0.1711180311936431,-0.35752136833137627,-0.5938920573690751,-0.8716013860775433,-1.1841127284527602,-1.5263507958394342,-1.8942929432961932,-2.2846946371270462,-2.6948993423652894] False 59879.99999055518 59880.99999055518
1709.9759409858673 1970.7884119509856 2271.3810595726877 2.852758907767559e-14 1.4688836248063815e-14 2.047039531894852e-14 1.15226848320502e-11 2.258144184839715e-08 0.0008820781855518184 5.945929363368152e-11 3.917425152608748e-11 4.500443612030466e-11 3.33440669318703e-11 1.469242415572043e-10 0.00023094031058818926 0.00015215306576346114 0.00017479754333277238 0.0001295085881941499 0.0005706547774885504 2904.648039632275 1913.7027358639061 2198.5132880480373 1628.8921836797751 7177.401279652043 16.31137309736883 -61.649785598357425 [0.0,327.7234312578481,649.8390073046519,971.9545833514551,1294.0701593982583,1616.1857354450617,1938.3013114918642,2260.4168875386686,2582.5324635854713,2904.648039632275,3579.6147982031707,4254.581556774069,4929.548315344967,5604.515073915864,6279.481832486758,6954.448591057664,7629.415349628558,8304.382108199457,8979.348866770348,9654.315625341253] [-8.155686548684415,-2.6912193610804422,-1.5475793673014664,-0.9397758939605296,-0.5643266024163864,-0.3209517609174668,-0.16356119189329377,-0.06696365635587398,-0.015806068687908237,0.0,-0.05283843983565362,-0.19085389967137445,-0.39027177138760294,-0.6361738953959559,-0.918551316106722,-1.2303469617864948,-1.5663904554670083,-1.9227760850438997,-2.296478864542202,-2.685106702998368] False 59879.99999055518 59880.99999055518
2271.3810595726877 2617.821317854317 3017.1020504598932 1.4456498781956127e-14 7.402683600371265e-15 1.0344896638051735e-14 7.73623843429797e-12 2.0135912238229324e-08 0.0005953084667568789 5.921326889761566e-11 3.5065255402062745e-11 3.9505070641690134e-11 3.062544016243535e-11 1.3398798240946855e-10 0.0004057878479731144 0.0002403017903442184 0.00027072779291134207 0.00020987578777709474 0.0009182180961873412 5723.911119596006 3389.6187297881615 3818.798004842141 2960.4394547341817 12952.08517759561 12.30690201298276 -67.67396921192743 [0.0,705.5916070842337,1332.8815461482052,1960.1714852121765,2587.461424276148,3214.75136334012,3842.041302404091,4469.331241468067,5096.621180532035,5723.911119596006,6853.158293341833,7982.405467087658,9111.652640833488,10240.899814579307,11370.14698832514,12499.394162070965,13628.64133581679,14757.888509562616,15887.135683308441,17016.38285705426] [-6.15345100649138,-2.692293047602405,-1.662140411910869,-1.0456329736795027,-0.6414190958349906,-0.36979840599822467,-0.1899689207024693,-0.07790013456690303,-0.01811433606305002,0.0,-0.04935667951249911,-0.1797619078189996,-0.37188083464484123,-0.6126347265938108,-0.8927449879902412,-1.2053814008771724,-1.5453653578150153,-1.9086742917820345,-2.2921197684698456,-2.693130748743229] False 59879.99999055518 59880.99999055518
3017.1020504598932 3477.2827010020824 4007.6519721450045 7.245505099276475e-15 3.689763023671452e-15 5.170512237983122e-15 5.137059454820104e-12 1.7758224450754986e-08 0.0003946074436229352 1.4869746768986018e-11 1.4847779061447606e-11 1.862218351811866e-11 1.1073374604776554e-11 5.32517933012814e-11 0.00017979746845104056 0.0001795318460255587 0.00022517003857603322 0.00013389365347508416 0.0006438937915216004 2875.874978063355 2871.6263259903485 3601.6128888194403 2141.639763161257 10299.133016277996 9.580688978452216 -48.77192741337114 [0.0,319.54166422926176,639.0833284585235,958.6249926877847,1278.166656917047,1597.7083211463082,1917.2499853755694,2236.7916496048315,2556.333313834094,2875.874978063355,4047.846454694799,5219.817931326243,6391.789407957687,7563.760884589132,8735.732361220576,9907.70383785202,11079.67531448346,12251.646791114907,13423.618267746353,14595.589744377796] [-4.790344489226108,-1.2950825734497116,-0.7244661406736554,-0.43270541241137295,-0.2566894231654473,-0.14453987596684215,-0.0729927357572322,-0.029587264901813626,-0.006863876468834462,0.0,-0.06625890261477707,-0.22227544458863235,-0.4321990632786168,-0.6783720460654123,-0.950751138632917,-1.243055569230485,-1.5510826183673103,-1.8718735181540112,-2.2032611438730285,-2.543607049931289] False 59879.99999055518 59880.99999055518
12476.13311942254 14379.0435808939 16572.19366947696 1.9419371851954363e-16 9.620195591962942e-17 1.3668143820170338e-16 5.620612051479122e-13 8.029270887654692e-09 4.311793465022057e-05 3.1675724137237166e-12 3.184869189588927e-12 3.991778090915273e-12 2.3779602882625816e-12 1.1532312597607826e-11 0.0006549174347358174 0.0006584936623951331 0.0008253276408173989 0.0004916596839728673 0.0023843851367925297 23174.854284524496 23301.402381272543 29204.97577018856 17397.828992356524 84373.65562827466 15.827472348812645 -3.338943070880006 [0.0,2574.983809391612,5149.967618783224,7724.951428174835,10299.935237566448,12874.919046958059,15449.90285634967,18024.886665741276,20599.870475132895,23174.854284524496,33263.59385841768,43352.333432310865,53441.07300620404,63529.81258009723,73618.5521539904,83707.29172788362,93796.0313017767,103884.77087566994,113973.51044956312,124062.25002345626] [-7.913736174406322,-1.3079242563095277,-0.726410421074744,-0.43217516528435196,-0.2556220260844877,-0.14356703306087448,-0.07231384503881477,-0.029219996366837808,-0.0067382235595867535,0.0,-0.07365074942740124,-0.2437811839317474,-0.46958130671409304,-0.731666514955911,-1.0192910832904576,-1.3258727754805189,-1.6470859448258683,-1.9799350215715052,-2.322259549623656,-2.6724499905974075] False 59879.99999055518 59880.99999055518
100.0 115.25240587974294 132.83117061068992 3.0542609514783685e-12 2.0036285562421876e-12 2.4737834304153398e-12 8.100902764710244e-11 9.337431843286834e-09 0.002010824527927185 2.1187572903930943e-08 7.8126620770697e-09 8.286224990073124e-09 7.339099164066276e-09 3.545997653060562e-08 0.00028143701112284846 0.00010377650492829133 0.00011006689653749664 9.748611331908602e-05 0.0004710190192387939 8564.845508878523 3158.183526097101 3349.616174234741 2966.750877959461 14334.309177845858 11.670843160606637 -373.7021918008363 [0.0,2233.223119026173,3024.6759177577164,3816.1287164892624,4607.581515220804,5399.034313952351,6190.4871126838925,6981.939911415434,7773.392710146983,8564.845508878523,9413.508698632286,10262.171888386045,11110.835078139813,11959.498267893572,12808.161457647333,13656.824647401105,14505.487837154851,15354.151026908617,16202.814216662371,17051.47740641614] [-5.8354215803033185,-2.6975321880433967,-1.9658725356107425,-1.3798153003962739,-0.918192177884066,-0.5645223059978548,-0.30566567619996476,-0.1309396222609962,-0.03151652504828917,0.0,-0.03453570875240075,-0.13335953345728058,-0.2908281545902014,-0.5020663159381229,-0.7628279794423634,-1.0693882548961824,-1.4184581336389783,-1.8071163923232234,-2.232754611385758,-2.6930323409774246] False 59889.99999055518 59890.99999055518
132.83117061068992 153.091119887046 176.4411988580621 2.8176114271217814e-12 1.7618474970120148e-12 2.2280488415712454e-12 9.697881784096353e-11 1.4831269186078339e-08 0.003321735916822426 1.546532499189389e-08 4.4849396910364e-09 4.778587024320029e-09 4.1912923577527725e-09 2.367540973092731e-08 0.00036245913593318304 0.00010511304262778498 0.00011199522316694953 9.823086208862043e-05 0.0005548779969663676 6941.196576726551 2012.944962137172 2144.7406965056093 1881.1492277687348 10626.073041662381 19.984068473740876 -394.17621327195957 [0.0,2779.674396573825,3299.864669092916,3820.0549416120066,4340.245214131098,4860.435486650189,5380.625759169281,5900.816031688372,6421.006304207457,6941.196576726551,7479.229210855966,8017.261844985375,8555.29447911479,9093.3271132442,9631.359747373612,10169.392381503027,10707.425015632434,11245.457649761844,11783.490283891253,12321.522918020668] [-9.992034236870438,-2.701337542827389,-1.9837966384975516,-1.4011825519721697,-0.937218165921422,-0.5785739922202424,-0.3141758553187515,-0.1347082601974421,-0.03224978693555158,0.0,-0.03424853939065997,-0.1316398830011849,-0.2872145321622952,-0.49660680946163893,-0.7559509746926096,-1.0618055118768552,-1.4110914754323858,-1.8010418386783158,-2.2291595425573973,-2.6931824901275263] False 59889.99999055518 59890.99999055518
176.4411988580621 203.35272664697808 234.36890988269914 2.361610885315419e-12 1.4075754924266045e-12 1.823223959040105e-12 1.0550079026031569e-10 2.1407435954226642e-08 0.004596960795293873 1.1609453049138168e-08 2.6983064121082264e-09 2.875892826879697e-09 2.5207199973367555e-09 1.6550615624882477e-08 0.00048007795026425355 0.0001115812610660391 0.00011892487334797982 0.00010423764878409836 0.0006844065427694675 6367.540856171254 1479.964322939699 1577.3667368839338 1382.5619089954641 9077.664618665982 41.68935078414984 -428.97004638339115 [0.0,3308.0710929055303,3690.5048133137457,4072.938533721964,4455.372254130178,4837.8059745383935,5220.239694946609,5602.673415354823,5985.107135763041,6367.540856171254,6762.96107440517,7158.381292639084,7553.801510872992,7949.221729106911,8344.64194734083,8740.062165574744,9135.482383808654,9530.902602042568,9926.322820276488,10321.743038510402] [-20.84467539207492,-2.693065743533907,-1.9775892465281686,-1.396670253628315,-0.934078860569457,-0.576522493851428,-0.31295749488793945,-0.13409456457191027,-0.032035336434944384,0.0,-0.03427372149013763,-0.1314913410697045,-0.2867151307839322,-0.4955990578814635,-0.7542952024395504,-1.0593782844883322,-1.4077842051420362,-1.7967595560912741,-2.223819803151059,-2.686714395029867] False 59889.99999055518 59890.99999055518
