data_LC/1d/PKS1830-211_allsed_1d_2_min11.ecsv
# %ECSV 1.0
# ---
# datatype:
# - {name: e_min, unit: MeV, datatype: float64}
# - {name: e_ref, unit: MeV, datatype: float64}
# - {name: e_max, unit: MeV, datatype: float64}
# - {name: ref_dnde_e_min, unit: ph / (cm2 MeV s), datatype: float64}
# - {name: ref_dnde_e_max, unit: ph / (cm2 MeV s), datatype: float64}
# - {name: ref_dnde, unit: ph / (cm2 MeV s), datatype: float64}
# - {name: ref_flux, unit: ph / (cm2 s), datatype: float64}
# - {name: ref_eflux, unit: MeV / (cm2 s), datatype: float64}
# - {name: ref_npred, datatype: float64}
# - {name: dnde, unit: ph / (cm2 MeV s), datatype: float64}
# - {name: dnde_err, unit: ph / (cm2 MeV s), datatype: float64}
# - {name: dnde_errp, unit: ph / (cm2 MeV s), datatype: float64}
# - {name: dnde_errn, unit: ph / (cm2 MeV s), datatype: float64}
# - {name: dnde_ul, unit: ph / (cm2 MeV s), datatype: float64}
# - {name: e2dnde, unit: MeV / (cm2 s), datatype: float64}
# - {name: e2dnde_err, unit: MeV / (cm2 s), datatype: float64}
# - {name: e2dnde_errp, unit: MeV / (cm2 s), datatype: float64}
# - {name: e2dnde_errn, unit: MeV / (cm2 s), datatype: float64}
# - {name: e2dnde_ul, unit: MeV / (cm2 s), datatype: float64}
# - {name: norm, datatype: float64}
# - {name: norm_err, datatype: float64}
# - {name: norm_errp, datatype: float64}
# - {name: norm_errn, datatype: float64}
# - {name: norm_ul, datatype: float64}
# - {name: ts, datatype: float64}
# - {name: loglike, datatype: float64}
# - {name: norm_scan, datatype: string, subtype: 'float64[20]'}
# - {name: dloglike_scan, datatype: string, subtype: 'float64[20]'}
# - {name: ShowUL, datatype: bool}
# - {name: tstart, datatype: float64}
# - {name: tend, datatype: float64}
# meta: !!omap
# - {UL_CONF: 0.95}
# - {EXTNAME: SED}
# - {CONFIG: '{"bin_index": 2.0, "use_local_index": true, "free_background": false, "free_radius": null, "free_pars": [], "ul_confidence":
#     0.95, "cov_scale": 3.0, "make_plots": false, "write_fits": true, "write_npy": true, "optimizer": {"optimizer": "MINUIT", "tol":
#     0.001, "max_iter": 100, "init_lambda": 0.0001, "retries": 3, "min_fit_quality": 2, "verbosity": 0}, "prefix": "", "outfile": null,
#     "loge_bins": []}'}
# - {SRCNAME: 4FGL J1833.6-2103}
# - {CREATOR: fermipy 1.2.0}
# - {STVER: 2.2.0}
# schema: astropy-2.0
e_min e_ref e_max ref_dnde_e_min ref_dnde_e_max ref_dnde ref_flux ref_eflux ref_npred dnde dnde_err dnde_errp dnde_errn dnde_ul e2dnde e2dnde_err e2dnde_errp e2dnde_errn e2dnde_ul norm norm_err norm_errp norm_errn norm_ul ts loglike norm_scan dloglike_scan ShowUL tstart tend
[from data line 230]
413.52331434760555 476.5900816815941 549.2752115212968 7.339177927857766e-13 3.8668170304377413e-13 5.32721861770786e-13 7.245897492410985e-11 3.435821321799681e-08 0.003361145702616721 1.5700849849908206e-09 5.638377179447377e-10 6.136198158294704e-10 5.14055620060005e-10 2.666255102566609e-09 0.00035662612968276135 0.0001280690313212363 0.00013937644274535384 0.00011676161989711879 0.0006056081339958823 2947.288440109822 1058.4091970067109 1151.8577701875736 964.9606238258484 5004.966557414941 24.591071452841334 -174.49862270855786 [0.0,1020.1935472574073,1261.080408863959,1501.967270470511,1742.8541320770632,1983.7409936836161,2224.627855290167,2465.5147168967183,2706.4015785032707,2947.288440109822,3257.5732279407757,3567.858015771729,3878.142803602681,4188.427591433633,4498.712379264589,4808.997167095539,5119.281954926495,5429.566742757447,5739.8515305884,6050.136318419353] [-12.295535726420667,-2.6996364370274364,-1.8913490506383255,-1.2846645716256262,-0.8313816276224486,-0.49903325298205914,-0.2646593201867802,-0.1113967734834489,-0.026479541082352398,0.0,-0.03951162733224578,-0.14989737802901004,-0.32091328635735294,-0.544440225846273,-0.8139285314010749,-1.1240138297636122,-1.4702442401022324,-1.8488822092563453,-2.256757673736473,-2.691157329499646] False 59902.99999055518 59903.99999055518
549.2752115212968 633.0528961793416 729.6086933380817 4.146697672316183e-13 2.113514884142664e-13 2.9604234917457277e-13 5.354547187139613e-11 3.369896002578207e-08 0.0027580305827227744 1.5769499781630952e-09 4.664228999886297e-10 5.118097973789868e-10 4.2103600259827263e-10 2.457050612863016e-09 0.0006319721171326414 0.00018692176141713642 0.00020511083147709957 0.00016873269135717328 0.0009846777001270856 5326.771600617134 1575.5276273449158 1728.839805541397 1422.2154491484343 8299.659220087196 48.856884042227705 -211.61129547383547 [0.0,2366.1604868737027,2736.2368760916306,3106.3132653095595,3476.3896545274883,3846.466043745417,4216.542432963344,4586.618822181274,4956.695211399203,5326.771600617134,5768.86000443533,6210.948408253529,6653.036812071726,7095.125215889922,7537.213619708121,7979.302023526321,8421.390427344519,8863.478831162714,9305.567234980912,9747.655638799115] [-24.428442021113852,-2.696828486499612,-1.9271586413173623,-1.3306241713909515,-0.8734244510643805,-0.5310889076612568,-0.2852837216006492,-0.12188745517588018,-0.029772275999221165,0.0,-0.03605719385137718,-0.14058729509847012,-0.3053585713115581,-0.5235905393824964,-0.7896259528097289,-1.0986914115002833,-1.4467191569636952,-1.8302120807845483,-2.2461398719910903,-2.691858007127422] False 59902.99999055518 59903.99999055518
729.6086933380817 840.8915725798939 969.1477682383326 2.1926737252406398e-13 1.0811741933949621e-13 1.5396955043986404e-13 3.703307761429169e-11 3.0934602422955405e-08 0.0020842124392610323 9.112298187572093e-10 2.8134353703474676e-10 3.108064703383061e-10 2.518806037311874e-10 1.4475807131474739e-09 0.0006443293626874352 0.0001989376315198564 0.0002197708314959899 0.00017810443154372293 0.0010235823489765004 5918.246927096852 1827.2673800176565 2018.6229644133302 1635.9117956219827 9401.733713010068 54.09044856298965 -168.98354155335176 [0.0,2554.3380312525182,2974.826643233061,3395.315255213603,3815.8038671941435,4236.292479174682,4656.781091155228,5077.269703135767,5497.758315116311,5918.246927096852,6439.326976005288,6960.407024913722,7481.487073822148,8002.567122730586,8523.64717163902,9044.727220547453,9565.807269455881,10086.887318364315,10607.96736727275,11129.047416181184] [-27.045224281494825,-2.694760418288041,-1.9094030899768484,-1.308589078913883,-0.8531336813386474,-0.5153462231928074,-0.27489816436366254,-0.11640379333124429,-0.027924149974410284,0.0,-0.038114906470923415,-0.14595100675751382,-0.3142366259732796,-0.5354680314809457,-0.8034827656909158,-1.113155045561797,-1.460173447547902,-1.840875478489778,-2.2521223541889412,-2.6912027603463855] False 59902.99999055518 59903.99999055518
969.1477682383326 1116.9661194245136 1287.3303254983532 1.0851333062251483e-13 5.1763480843807443e-14 7.494683256133159e-14 2.397362139097659e-11 2.6579675542413323e-08 0.0014525831437810569 2.5866841776384847e-10 1.3400713337121426e-10 1.4920549374359522e-10 1.188087729988333e-10 5.360243290546968e-10 0.0003227181613812183 0.00016718908348914834 0.00018615076020942652 0.00014822740676887018 0.0006687510884535563 3451.3589023548275 1788.0293107991133 1990.8178724096874 1585.2407491885392 7152.06114435923 13.893538722508367 -162.09344175766066 [0.0,583.7906146916315,942.236650649531,1300.6826866074307,1659.1287225653307,2017.57475852323,2376.02079448113,2734.466830439029,3092.912866396929,3451.3589023548275,4019.986895612572,4588.614888870316,5157.242882128065,5725.8708753858045,6294.498868643554,6863.126861901289,7431.754855159038,8000.382848416782,8569.010841674526,9137.638834932273] [-6.946769361254184,-2.763305010477353,-1.8013319701722992,-1.1684839438796928,-0.7329281053673924,-0.4308728962502357,-0.22598498400583367,-0.09540054091741013,-0.02371195203764387,0.0,-0.0417929003069446,-0.16168182569452938,-0.34393950220245983,-0.5772991503863238,-0.8533897353851216,-1.1658073588031073,-1.5095342945688799,-1.8805595824566979,-2.275622267015592,-2.6920323333646365] False 59902.99999055518 59903.99999055518
1287.3303254983532 1483.6791717563765 1709.9759409858673 5.026082538019562e-14 2.319469768258339e-14 3.414358870960631e-14 1.4526273081273656e-11 2.1376268084233124e-08 0.0009292543180563217 2.4437882195677184e-10 1.0629459915647498e-10 1.1695974905683468e-10 9.562944925611531e-11 4.583599308289298e-10 0.0005379520501127527 0.00023398671404616965 0.0002574639499527786 0.00021050947813956077 0.0010089894963262365 7157.385359671226 3113.1642329843603 3425.525947245493 2800.802518723228 13424.480207025517 20.909131238294776 -137.78251496376376 [0.0,1786.081622805884,2457.4945899140516,3128.907557022221,3800.3205241303876,4471.733491238554,5143.14645834672,5814.559425454888,6485.972392563056,7157.385359671226,8133.4040313512605,9109.422703031292,10085.441374711329,11061.46004639136,12037.4787180714,13013.497389751423,13989.516061431465,14965.534733111492,15941.553404791528,16917.57207647156] [-10.454565619147388,-2.791321956508682,-1.8822394263398508,-1.2447453030135023,-0.789714922210635,-0.4668539017417004,-0.24469968408405407,-0.10213221177150444,-0.02422400484016407,0.0,-0.043880924372814434,-0.16492224411504708,-0.3493545250607042,-0.5868786850689673,-0.8695759119817126,-1.1912177585496693,-1.546811234524256,-1.9322884514131715,-2.3442886985847053,-2.7800015984344384] False 59902.99999055518 59903.99999055518
1709.9759409858673 1970.7884119509856 2271.3810595726877 2.1787810058141722e-14 9.727279644652939e-15 1.455802600904827e-14 8.238562296313868e-12 1.6091300696265825e-08 0.0005428443343108297 6.576015292688854e-11 4.465489174946119e-11 5.1426572888742214e-11 3.788321061018018e-11 1.659031027433644e-10 0.00025541289196647583 0.00017343991056195158 0.00019974116726951318 0.00014713865385438996 0.0006443688065172965 4517.106432288042 3067.372713972813 3532.5237677676205 2602.2216601780055 11395.988895764467 11.720364798318286 -51.206941936377724 [0.0,438.9676735430413,948.7350183861662,1458.5023632292914,1968.269708072417,2478.037052915541,2987.8043977586667,3497.571742601791,4007.339087444916,4517.106432288042,5603.766547043211,6690.426661798377,7777.086776553544,8863.74689130872,9950.407006063884,11037.067120819052,12123.727235574219,13210.38735032939,14297.047465084552,15383.707579839724] [-5.860182399159143,-2.657406408435321,-1.5181526802182859,-0.9186583677879341,-0.5502746877281197,-0.31230400612209763,-0.15880693448309557,-0.06481644540071585,-0.015185869325073043,0.0,-0.05350165487083558,-0.1921631294374393,-0.3919108495079513,-0.6377612982188126,-0.9197172768370478,-1.230757284907206,-1.5657511444585381,-1.9208311338440538,-2.29300591916045,-2.679912407041442] False 59902.99999055518 59903.99999055518
4007.6519721450045 4618.915317184078 5323.411028602609 1.1928617776726841e-15 4.821965581758662e-16 7.584153503017427e-16 1.0106538125006298e-12 4.6156294289678286e-09 6.693264295007384e-05 1.1198550878867364e-11 1.1379149573470758e-11 1.4269130262557072e-11 8.48916888438444e-12 4.119098358106498e-11 0.0002389141254229217 0.0002427670863676377 0.0003044230288454401 0.0001811111438898353 0.0008787840430453453 14765.722864670277 15003.849235044432 18814.40065378419 11193.297816304674 54311.90648327036 11.076714183191504 -5.447062497574488 [0.0,1640.6358738522533,3281.2717477045067,4921.907621556759,6562.543495409013,8203.179369261266,9843.815243113519,11484.451116965769,13125.086990818027,14765.722864670277,21250.08596887773,27734.449073085194,34218.812177292646,40703.1752815001,47187.53838570756,53671.90148991501,60156.26459412247,66640.62769832995,73124.99080253739,79609.35390674484] [-5.538357091595752,-1.3070848324900508,-0.7302822372397424,-0.4368162385285199,-0.2600415646088381,-0.14736786679002112,-0.07529715119347902,-0.03127207444954383,-0.007787972444266877,0.0,-0.07040988679041416,-0.2383490525344083,-0.462412144978706,-0.7229978761004388,-1.0092627475354723,-1.3145739325625563,-1.6345769792977443,-1.966258711324394,-2.307447304448033,-2.656525552457709] False 59902.99999055518 59903.99999055518
100.0 115.25240587974294 132.83117061068992 1.5250999477713358e-11 8.2053597186542e-12 1.118659630019986e-11 3.677625721044615e-10 4.219157576147009e-08 0.00468837245928014 5.465288478878262e-08 1.4434673600111555e-08 1.542840964004877e-08 1.3440937560174342e-08 8.128214267253593e-08 0.0007259606663745171 0.00019173745916860414 0.00020493737131489328 0.000178537547022315 0.001079680216093807 4885.568704021811 1290.354385976516 1379.1871294911325 1201.5216424618993 7266.029853163088 27.855631542199376 -275.55200139398124 [0.0,2230.156995429839,2562.0834590038367,2894.0099225778335,3225.936386151828,3557.862849725824,3889.7893132998197,4221.715776873818,4553.6422404478135,4885.568704021811,5233.992247097632,5582.415790173454,5930.839333249279,6279.262876325105,6627.686419400925,6976.109962476748,7324.533505552573,7672.957048628394,8021.3805917042155,8369.80413478004] [-13.927815771099688,-2.7072446769441854,-1.9845298556974171,-1.3996941551066016,-0.9352744057684959,-0.5771071183172012,-0.3135210594566047,-0.13476712901672272,-0.032605491722506486,0.0,-0.033982242097579274,-0.1318604424089358,-0.2883548429131224,-0.49884254833881414,-0.7592498971828832,-1.0659664136745164,-1.4157752824038994,-1.8057966310590814,-2.2334408546753366,-2.6963698941385132] False 59903.99999055518 59904.99999055518
132.83117061068992 153.091119887046 176.4411988580621 8.591104866513699e-12 4.592427978242442e-12 6.2812443315789245e-12 2.743433422563908e-10 4.18009732127656e-08 0.005280472338725542 2.776493288649296e-08 7.38805359888623e-09 7.902615348517762e-09 6.873491849254696e-09 4.141558518147416e-08 0.0006507237053573653 0.00017315300681259164 0.0001852127344454393 0.00016109327917974398 0.000970652555113616 4420.291811752158 1176.2085995831792 1258.1289520592923 1094.2882471070661 6593.53194927596 28.98338177469941 -328.6033739600602 [0.0,2013.017538128343,2313.9268223313184,2614.836106534296,2915.745390737272,3216.654674940248,3517.5639591432264,3818.4732433462023,4119.38252754918,4420.291811752158,4738.608215213007,5056.924618673856,5375.241022134706,5693.557425595554,6011.873829056405,6330.190232517255,6648.506635978106,6966.823039438956,7285.139442899805,7603.455846360653] [-14.491690887349705,-2.7048124103197893,-1.97747592727643,-1.3914510305884846,-0.9277623517270399,-0.5712575537174871,-0.3096136326585679,-0.13265194533352087,-0.031852342517026955,0.0,-0.034517363625980124,-0.13301015255200355,-0.2900541168821178,-0.5009287215116274,-0.7614965648272687,-1.0681080509259004,-1.4175251466365921,-1.806859758568578,-2.233523448603137,-2.6951860419626996] False 59903.99999055518 59904.99999055518
176.4411988580621 203.35272664697808 234.36890988269914 4.777357749502006e-12 2.5373192436004977e-12 3.481620563958022e-12 2.0202766979148104e-10 4.088241868804133e-08 0.0052729085697357445 1.3994522040912648e-08 3.7764630740475885e-09 4.028273616419076e-09 3.524652531676101e-09 2.097560588377415e-08 0.0005787061137068821 0.00015616555268915073 0.00016657850569606333 0.00014575259968223814 0.0008673902065507432 4019.5425618130002 1084.685422972795 1157.0110936613958 1012.3597522841945 6024.667392223921 32.23369793918664 -292.81879796246255 [0.0,1838.0583592062042,2110.7438845320544,2383.4294098579035,2656.114935183752,2928.8004605096016,3201.485985835451,3474.171511161301,3746.8570364871493,4019.5425618130002,4315.818788115981,4612.095014418964,4908.371240721944,5204.647467024926,5500.923693327906,5797.199919630887,6093.476145933868,6389.752372236854,6686.028598539837,6982.304824842813] [-16.11684896959332,-2.7019785199459534,-1.9653364451858693,-1.3768274405756529,-0.914504127553414,-0.5612280380263428,-0.30332351570410765,-0.12967892137680792,-0.031126142513983268,0.0,-0.03507445700262224,-0.13504842461225053,-0.29390807084593007,-0.5064843962516647,-0.7682976960243764,-1.075436814272848,-1.4244641549038874,-1.8123400572915216,-2.2363619353635613,-2.694114815016235] False 59903.99999055518 59904.99999055518
234.36890988269914 270.1158072739371 311.3149665447022 2.622494212945869e-12 1.3838719366633774e-12 1.90504491951185e-12 1.4686449492267716e-10 3.947083472504871e-08 0.00476412322032066 1.3006292972679133e-08 2.69367338287397e-09 2.8651002794984514e-09 2.5222464862494886e-09 1.791851064985576e-08 0.0009489722927398513 0.00019653727710176847 0.00020904502050480683 0.00018402953369873012 0.0013073802173759908 6827.289393266319 1413.9684346992715 1503.9541850974342 1323.9826843011087 9405.820548550222 64.7742139577283 -373.18332202810166 [0.0,3905.1654336874067,4270.430928634769,4635.696423582137,5000.961918529498,5366.227413476858,5731.492908424227,6096.758403371595,6462.023898318955,6827.289393266319,7202.470272385129,7577.65115150395,7952.832030622762,8328.012909741583,8703.193788860393,9078.374667979208,9453.555547098022,9828.736426216841,10203.917305335654,10579.09818445447] [-32.38710697886415,-2.6915112235278116,-1.981537795133704,-1.4028824917230054,-0.9405399731856505,-0.5820718795390576,-0.31703657174330147,-0.13657151047061689,-0.03308121984071022,0.0,-0.03331985129364057,-0.12946537086997978,-0.2836621118731273,-0.49168501136182385,-0.7497749508524407,-1.0545708489902381,-1.4030539014606802,-1.7925014206379046,-2.220448334795151,-2.6846548530197083] False 59903.99999055518 59904.99999055518
