data_LC/1d/PKS1830-211_allsed_1d_2_min11.ecsv
# %ECSV 1.0
# ---
# datatype:
# - {name: e_min, unit: MeV, datatype: float64}
# - {name: e_ref, unit: MeV, datatype: float64}
# - {name: e_max, unit: MeV, datatype: float64}
# - {name: ref_dnde_e_min, unit: ph / (cm2 MeV s), datatype: float64}
# - {name: ref_dnde_e_max, unit: ph / (cm2 MeV s), datatype: float64}
# - {name: ref_dnde, unit: ph / (cm2 MeV s), datatype: float64}
# - {name: ref_flux, unit: ph / (cm2 s), datatype: float64}
# - {name: ref_eflux, unit: MeV / (cm2 s), datatype: float64}
# - {name: ref_npred, datatype: float64}
# - {name: dnde, unit: ph / (cm2 MeV s), datatype: float64}
# - {name: dnde_err, unit: ph / (cm2 MeV s), datatype: float64}
# - {name: dnde_errp, unit: ph / (cm2 MeV s), datatype: float64}
# - {name: dnde_errn, unit: ph / (cm2 MeV s), datatype: float64}
# - {name: dnde_ul, unit: ph / (cm2 MeV s), datatype: float64}
# - {name: e2dnde, unit: MeV / (cm2 s), datatype: float64}
# - {name: e2dnde_err, unit: MeV / (cm2 s), datatype: float64}
# - {name: e2dnde_errp, unit: MeV / (cm2 s), datatype: float64}
# - {name: e2dnde_errn, unit: MeV / (cm2 s), datatype: float64}
# - {name: e2dnde_ul, unit: MeV / (cm2 s), datatype: float64}
# - {name: norm, datatype: float64}
# - {name: norm_err, datatype: float64}
# - {name: norm_errp, datatype: float64}
# - {name: norm_errn, datatype: float64}
# - {name: norm_ul, datatype: float64}
# - {name: ts, datatype: float64}
# - {name: loglike, datatype: float64}
# - {name: norm_scan, datatype: string, subtype: 'float64[20]'}
# - {name: dloglike_scan, datatype: string, subtype: 'float64[20]'}
# - {name: ShowUL, datatype: bool}
# - {name: tstart, datatype: float64}
# - {name: tend, datatype: float64}
# meta: !!omap
# - {UL_CONF: 0.95}
# - {EXTNAME: SED}
# - {CONFIG: '{"bin_index": 2.0, "use_local_index": true, "free_background": false, "free_radius": null, "free_pars": [], "ul_confidence":
#     0.95, "cov_scale": 3.0, "make_plots": false, "write_fits": true, "write_npy": true, "optimizer": {"optimizer": "MINUIT", "tol":
#     0.001, "max_iter": 100, "init_lambda": 0.0001, "retries": 3, "min_fit_quality": 2, "verbosity": 0}, "prefix": "", "outfile": null,
#     "loge_bins": []}'}
# - {SRCNAME: 4FGL J1833.6-2103}
# - {CREATOR: fermipy 1.2.0}
# - {STVER: 2.2.0}
# schema: astropy-2.0
e_min e_ref e_max ref_dnde_e_min ref_dnde_e_max ref_dnde ref_flux ref_eflux ref_npred dnde dnde_err dnde_errp dnde_errn dnde_ul e2dnde e2dnde_err e2dnde_errp e2dnde_errn e2dnde_ul norm norm_err norm_errp norm_errn norm_ul ts loglike norm_scan dloglike_scan ShowUL tstart tend
[from data line 97]
176.4411988580621 203.35272664697808 234.36890988269914 2.423370680866432e-12 1.4382962567735971e-12 1.866956073148232e-12 1.0804030551378253e-10 2.1920545528343073e-08 0.007049419889967032 7.808168029899803e-09 1.8772942265442696e-09 2.0014713621596312e-09 1.7531170909289078e-09 1.1248489276328575e-08 0.00032288595227071836 7.763049305662118e-05 8.276550712520684e-05 7.249547898803553e-05 0.00046515125669508963 4182.298738680529 1005.5374379422889 1072.050591305326 939.0242845792518 6025.042280379069 37.83121000038045 -595.4111258189099 [0.0,2100.901187519795,2361.0758814148867,2621.250575309978,2881.4252692050695,3141.5999631001605,3401.774656995252,3661.9493508903442,3922.1240447854366,4182.298738680529,4451.902589015902,4721.506439351273,4991.110289686646,5260.714140022015,5530.31799035739,5799.921840692766,6069.525691028136,6339.12954136351,6608.73339169888,6878.337242034254] [-18.915605000190226,-2.709450454482635,-1.9869793523588442,-1.4016186553360512,-0.9363204764949842,-0.577229848576053,-0.3129112432349075,-0.13379972410939445,-0.031801955585478936,0.0,-0.034740398384315085,-0.13269611971395534,-0.28884742561501753,-0.4987886526929515,-0.7586289085523958,-1.0649124177518843,-1.4145539756996186,-1.8047861576452533,-2.2331157740510434,-2.6972876718784846] False 59845.99999055518 59846.99999055518
234.36890988269914 270.1158072739371 311.3149665447022 1.6960223116586808e-12 9.746583965941053e-13 1.2857069599520265e-12 9.889853070112087e-11 2.6633254483381476e-08 0.007451685548329805 3.2350588571668883e-09 9.591147431380625e-10 1.0270455267615685e-09 8.911839595145563e-10 5.0238131135395685e-09 0.00023603814148141918 6.997945676821368e-05 7.49358599199977e-05 6.502305361642965e-05 0.0003665502121678056 2516.1712255859607 745.9823840215113 798.8177389969877 693.1470290460347 3907.4324632473185 26.075499266000975 -467.19317495571966 [0.0,1037.8590141281995,1222.6480405604204,1407.43706699264,1592.22609342486,1777.01511985708,1961.8041462893004,2146.5931727215193,2331.3821991537397,2516.1712255859607,2722.6910169383777,2929.210808290797,3135.7305996432165,3342.2503909956363,3548.7701823480543,3755.2899737004736,3961.809765052892,4168.32955640531,4374.849347757733,4581.36913911015] [-13.037749633000487,-2.7040958873622003,-1.9536604414724366,-1.3607112041843266,-0.8991493117505911,-0.5491913893998799,-0.2954397773602295,-0.12564624422782344,-0.029887989225585443,0.0,-0.036208784444170306,-0.1382611653988306,-0.2994966864603157,-0.5142743022234413,-0.77776914519103,-1.0858182483604537,-1.4348015981063327,-1.8215491464916909,-2.243267206753103,-2.6974795326079857] False 59845.99999055518 59846.99999055518
311.3149665447022 358.7979888064861 413.52331434760555 1.1128279015786322e-12 6.192146742490673e-13 8.30108045118998e-13 8.488210255681976e-11 3.03402747565674e-08 0.007230392410244438 2.1933714942102166e-09 6.344879826390955e-10 6.791887168235982e-10 5.897872484545927e-10 3.376352571780654e-09 0.0002823658655975206 8.168144288463247e-05 8.743603645629585e-05 7.592684931296909e-05 0.00043465811378046783 2642.272300704895 764.3438542366374 818.1931506593637 710.4945578139111 4067.365196173524 29.76166240343798 -468.3633759450216 [0.0,1128.9253120431702,1318.0936856258857,1507.2620592086014,1696.4304327913171,1885.5988063740324,2074.7671799567465,2263.935553539462,2453.103927122178,2642.272300704895,2853.643062285614,3065.013823866335,3276.384585447057,3487.7553470277753,3699.1261086084965,3910.496870189217,4121.867631769938,4333.238393350657,4544.609154931379,4755.979916512098] [-14.88083120171899,-2.7050615116876315,-1.9557430875525483,-1.363393912045808,-0.9019523580108739,-0.5517439086640366,-0.29748945036715213,-0.1270471434673368,-0.03058234845644847,0.0,-0.03549864374099343,-0.1369530614858263,-0.29774567889541004,-0.5122648371079777,-0.77570476302418,-1.0839138001267088,-1.4332774018706118,-1.8206266356460787,-2.243165720886452,-2.6984139818876542] False 59845.99999055518 59846.99999055518
413.52331434760555 476.5900816815941 549.2752115212968 6.845535341369852e-13 3.688377540815712e-13 5.024830226780686e-13 6.830200897495632e-11 3.240420302678383e-08 0.006497829972388534 1.5279321833428092e-09 4.004491158557943e-10 4.296225992336321e-10 3.712756324779566e-10 2.280301041891083e-09 0.00034705162215563964 9.095725370774792e-05 9.758366346636584e-05 8.433084394913e-05 0.0005179432596675266 3040.7637957585803 796.9405886024423 854.9992334942691 738.8819437106155 4538.065842976806 46.96657174929658 -398.7173601514737 [0.0,1483.7471711301018,1678.374249208662,1873.0013272872216,2067.628405365781,2262.2554834443413,2456.8825615229007,2651.5096396014615,2846.136717680021,3040.7637957585803,3262.359366071978,3483.9549363853757,3705.550506698774,3927.146077012171,4148.741647325571,4370.337217638968,4591.932787952364,4813.528358265762,5035.123928579161,5256.719498892555] [-23.48328587464829,-2.699860133422476,-1.9572415366035898,-1.3683490225633363,-0.908485417485565,-0.5586346587868434,-0.30382182771035104,-0.1320294754886504,-0.033457022297341155,0.0,-0.032589324604316516,-0.1324424856937867,-0.29254324979496005,-0.5069585559215284,-0.7706232706639753,-1.0791762718727114,-1.4288337743180932,-1.8162901382787595,-2.2386392702767353,-2.6933116664687304] False 59845.99999055518 59846.99999055518
549.2752115212968 633.0528961793416 729.6086933380817 3.948167929277002e-13 2.0596561314168e-13 2.8516430848545074e-13 5.1540233328147767e-11 3.245475216712401e-08 0.005353292670070425 6.296483130010939e-10 2.0943360540235215e-10 2.2673502451585238e-10 1.921321862888519e-10 1.0313336795874871e-09 0.0002523353200333046 8.393176754979975e-05 9.086541453795236e-05 7.699812056164713e-05 0.00041331312849778425 2208.0193567885394 734.4313407055904 795.1030958961 673.7595855150807 3616.629602298586 32.499589416406025 -335.5049331255821 [0.0,849.1999416357851,1019.0523685298791,1188.9047954239736,1358.7572223180687,1528.6096492121628,1698.4620761062567,1868.314503000351,2038.1669298944448,2208.0193567885394,2419.4017663296218,2630.784175870704,2842.1665854117873,3053.548994952869,3264.9314044939533,3476.3138140350347,3687.696223576117,3899.0786331172003,4110.46104265828,4321.843452199364] [-16.249794708203012,-2.6993815944254607,-1.9065688258447722,-1.3036200674642942,-0.8483703661450477,-0.5116897576410224,-0.2725369790245509,-0.11517583021242217,-0.027504442452880085,0.0,-0.03840019055422772,-0.1464936129912644,-0.3149664910391152,-0.5363084850171731,-0.8043689877700899,-1.114043093815269,-1.4610440216540042,-1.841734759210965,-2.2530012500774887,-2.6921553306469264] False 59845.99999055518 59846.99999055518
729.6086933380817 840.8915725798939 969.1477682383326 2.1347574205040858e-13 1.0783009823671676e-13 1.5172050038294637e-13 3.646208303429999e-11 3.0474949076017826e-08 0.0040739086361665094 5.252315382972104e-10 1.4998077214434448e-10 1.6509944978589506e-10 1.3486209450279392e-10 8.087360715716146e-10 0.0003713905047531736 0.00010605119953485979 0.0001167415958859614 9.536080318375819e-05 0.0005718561737682992 3461.836317251211 988.5333344260613 1088.181553377295 888.8851154748277 5330.433722076742 63.21823127148423 -227.2929210846504 [0.0,1610.896763050375,1842.264207325479,2073.6316516005827,2304.9990958756894,2536.3665401507924,2767.733984425898,2999.1014287010025,3230.4688729761074,3461.836317251211,3740.6431808926172,4019.450044534016,4298.256908175416,4577.0637718168155,4855.87063545822,5134.677499099619,5413.48436274102,5692.291226382423,5971.098090023821,6249.904953665225] [-31.609115635742114,-2.69869212589154,-1.9250488980051728,-1.3261776960096654,-0.868109929989771,-0.526018880539965,-0.28118954758193127,-0.11915285545825327,-0.02848410995835593,0.0,-0.03775151403993959,-0.14431436392865749,-0.31105676935223414,-0.5308966731000453,-0.7979496870134142,-1.107271958921217,-1.454668751099888,-1.8365495138792198,-2.2498165005623036,-2.691778000484504] False 59845.99999055518 59846.99999055518
969.1477682383326 1116.9661194245136 1287.3303254983532 1.082146801268608e-13 5.2926114923022404e-14 7.567947275683364e-14 2.4185700098672257e-11 2.683057902456105e-08 0.002861209881872967 7.792437225364737e-11 4.97018821907898e-11 5.6635490472213086e-11 4.276827390936652e-11 1.8715113082607345e-10 9.721948414839429e-05 6.200872984981514e-05 7.06591918415119e-05 5.3358267858118376e-05 0.00023349224216365606 1029.6632549757155 656.7419193112952 748.3600031700679 565.1238354525226 2472.9444327315855 10.96951889495972 -186.4414861021795 [0.0,108.65956271875991,223.78502425087936,338.910485782999,454.0359473151183,569.1614088472379,684.2868703793577,799.412331911477,914.5377934435968,1029.6632549757155,1257.49629520972,1485.3293354437249,1713.1623756777276,1940.9954159117324,2168.8284561457353,2396.6614963797406,2624.4945366137435,2852.327576847748,3080.160617081754,3307.993657315756] [-5.48475944747986,-2.6909981109657792,-1.6018201608546576,-0.9868280719944948,-0.5967887952497506,-0.34045823453737967,-0.1734650062017522,-0.07066270752716264,-0.01634217027253726,0.0,-0.05264083799727359,-0.18920259271749273,-0.38729561020173264,-0.6325244873943348,-0.9150709133339774,-1.227931324271566,-1.5659305175297504,-1.925133593312239,-2.3024772665805244,-2.695528998781924] False 59845.99999055518 59846.99999055518
1287.3303254983532 1483.6791717563765 1709.9759409858673 5.14290569861811e-14 2.4354810958326075e-14 3.539131193758467e-14 1.50417336241335e-11 2.2148251735511195e-08 0.0018558007769326201 5.5013328212652976e-11 3.4331551863907066e-11 3.908408139311298e-11 2.957902233470115e-11 1.304318754126542e-10 0.00012110105310499195 7.557417848592475e-05 8.60359402007347e-05 6.511241677111477e-05 0.0002871201940350631 1554.4303163915838 970.0559257157075 1104.3411293156014 835.7707221158134 3685.4207507955903 12.141589312357297 -110.68081426279409 [0.0,183.7366140891058,355.0733268769157,526.4100396647252,697.7467524525351,869.0834652403446,1040.4201780281549,1211.7568908159642,1383.0936036037742,1554.4303163915838,1890.9572207694653,2227.4841251473467,2564.0110295252293,2900.5379339031083,3237.0648382809886,3573.59174265887,3910.118647036751,4246.645551414631,4583.172455792513,4919.699360170394] [-6.0707946561786486,-2.6983922621533054,-1.620803046690881,-1.0015222033957087,-0.6063806481383978,-0.34607584503692124,-0.17634051631654302,-0.07182741773826251,-0.01660902682411347,0.0,-0.05269324606183545,-0.1894092160223977,-0.3877000393308947,-0.633106613617727,-0.9157597900451719,-1.228618795188055,-1.5664821894764458,-1.9253970384958592,-2.3022880061812145,-2.694714837095745] False 59845.99999055518 59846.99999055518
3017.1020504598932 3477.2827010020824 4007.6519721450045 3.7487294762083146e-15 1.6115263169984951e-15 2.457880429601421e-15 2.4583702132632044e-12 8.464504618787956e-09 0.000324332790270776 1.7698592233308033e-11 1.2543787124768167e-11 1.461955568343903e-11 1.0468018566097304e-11 4.658621458855102e-11 0.00021400243918969086 0.00015167313908304487 0.00017677228419543577 0.00012657399397065394 0.000563296979959907 7200.753958636666 5103.497702206089 5948.033723434541 4258.961680977637 18953.816478414134 16.526968698996413 -50.671066097317585 [0.0,764.9710033949052,1569.4438728001255,2373.9167422053456,3178.3896116105648,3982.862481015785,4787.335350421007,5591.808219826224,6396.281089231444,7200.753958636666,9044.191680627458,10887.629402618244,12731.067124609039,14574.504846599822,16417.942568590628,18261.380290581405,20104.818012572206,21948.255734562994,23791.69345655378,25635.131178544587] [-8.263484349498206,-2.6113117281959575,-1.476714613653371,-0.891050269061445,-0.5348082301567487,-0.3058060430264149,-0.15805277927732675,-0.06684608999191255,-0.017363062128609386,0.0,-0.04901334380224398,-0.18595854400811618,-0.38437294983710757,-0.6284233889103277,-0.907849171090767,-1.215600164384803,-1.5466102873341327,-1.8971079440708252,-2.2642035372690685,-2.6456301070761725] False 59845.99999055518 59846.99999055518
4007.6519721450045 4618.915317184078 5323.411028602609 1.3764023752708412e-15 5.729161712491077e-16 8.880107988861115e-16 1.1816098791820723e-12 5.400078984943112e-09 0.00015703856898680035 5.622702606740643e-12 5.697215957857648e-12 7.145348790979539e-12 4.249083124735756e-12 2.0610328829519287e-11 0.00011995686677082726 0.00012154656282230878 0.0001524415771026321 9.065154854198544e-05 0.0004397085605313123 6331.795304509311 6415.705715520609 8046.466101473547 4784.945329567671 23209.547513805166 10.066743502061854 -37.891667594657996 [0.0,703.5328116121459,1407.0656232242918,2110.5984348364373,2814.1312464485836,3517.6640580607286,4221.1968696728745,4924.729681285021,5628.262492897167,6331.795304509311,9093.48342728478,11855.171550060246,14616.859672835712,17378.54779561118,20140.235918386647,22901.924041162114,25663.61216393759,28425.30028671306,31186.98840948852,33948.67653226398] [-5.033371751030927,-1.296704580066752,-0.7244585378814676,-0.43276637976087784,-0.2570608049024017,-0.14517285336614805,-0.0737458109179201,-0.030283083890964235,-0.007310449312072365,0.0,-0.07122986308437618,-0.2388862829516185,-0.4621896132546297,-0.7217663246585246,-1.0068756956111287,-1.310938081397019,-1.6296293117772294,-1.9599547198024467,-2.299754432407518,-2.6474193044727414] False 59845.99999055518 59846.99999055518
9392.473966813408 10825.05221838098 12476.13311942254 4.626802808977671e-17 1.748255460323973e-17 2.8440874238738604e-17 8.914941193545171e-14 9.526923782289823e-10 1.211947364065935e-05 2.242570796428155e-12 2.3541110701380337e-12 2.9554583569625196e-12 1.7527637833135483e-12 8.528830202268877e-12 0.00026278838282727527 0.0002758588679129709 0.00034632579866667254 0.0002053919371592693 0.0009994232957249093 78850.27645787364 82772.10645415245 103915.87586773137 61628.33704057355 299879.3261654373 10.227704407024351 -14.560280360731502 [0.0,8761.141828652633,17522.283657305266,26283.425485957887,35044.56731461053,43805.70914326313,52566.850971915774,61327.99280056839,70089.13462922107,78850.27645787364,114904.63675329155,150958.99704870943,187013.35734412723,223067.7176395452,259122.07793496305,295176.43823038106,331230.79852579883,367285.15882121667,403339.51911663444,439393.87941205245] [-5.113852203512176,-1.330318929896407,-0.7535207776382435,-0.4575754025612966,-0.27769251034932374,-0.16165778397951946,-0.08609928299424219,-0.03851386175238858,-0.011424012577354148,0.0,-0.06067928375686904,-0.22465792939954632,-0.4472243755280978,-0.707592057792855,-0.9943874495286629,-1.3007051249437822,-1.6220360950111026,-1.9552730366212838,-2.2981834952065814,-2.6491094545484355] False 59845.99999055518 59846.99999055518
